net profit / total assets,total liabilities / total assets,working capital / total assets,current assets / short-term liabilities,[(cash + short-term securities + receivables - short-term liabilities) / (operating expenses - depreciation)] * 365,retained earnings / total assets,EBIT / total assets,book value of equity / total liabilities,sales / total assets,equity / total assets,(gross profit + extraordinary items + financial expenses) / total assets,gross profit / short-term liabilities,(gross profit + depreciation) / sales,(gross profit + interest) / total assets,(total liabilities * 365) / (gross profit + depreciation),(gross profit + depreciation) / total liabilities,total assets / total liabilities,gross profit / total assets,gross profit / sales,(inventory * 365) / sales,sales (n) / sales (n-1),profit on operating activities / total assets,net profit / sales,gross profit (in 3 years) / total assets,(equity - share capital) / total assets,(net profit + depreciation) / total liabilities,profit on operating activities / financial expenses,working capital / fixed assets,logarithm of total assets,(total liabilities - cash) / sales,(gross profit + interest) / sales,(current liabilities * 365) / cost of products sold,operating expenses / short-term liabilities,operating expenses / total liabilities,profit on sales / total assets,total sales / total assets,(current assets - inventories) / long-term liabilities,constant capital / total assets,profit on sales / sales,(current assets - inventory - receivables) / short-term liabilities,total liabilities / ((profit on operating activities + depreciation) * (12/365)),profit on operating activities / sales,rotation receivables + inventory turnover in days,(receivables * 365) / sales,net profit / inventory,(current assets - inventory) / short-term liabilities,(inventory * 365) / cost of products sold,EBITDA (profit on operating activities - depreciation) / total assets,EBITDA (profit on operating activities - depreciation) / sales,current assets / total liabilities,short-term liabilities / total assets,(short-term liabilities * 365) / cost of products sold),equity / fixed assets,constant capital / fixed assets,working capital,(sales - cost of products sold) / sales,(current assets - inventory - short-term liabilities) / (sales - gross profit - depreciation),total costs /total sales,long-term liabilities / equity,sales / inventory,sales / receivables,(short-term liabilities *365) / sales,sales / short-term liabilities,sales / fixed assets,class
0.005535,0.79209,0.07554,1.1679,-277.84,0,0.003254,0.26248,0.70665,0.20791,0.052946,0.007231,0.029778,0.003254,13740,0.026565,1.2625,0.003254,0.004605,212.36,0.57455,0.050601,0.007832,-0.20361,0.040117,0.029445,1.0183,0.15921,4.096,1.0989,0.031615,340.06,1.1937,0.67811,0.22367,0.70665,0.40761,0.48856,0.31652,0.086711,0.38607,0.071607,251.29,38.935,0.013462,0.25422,279.38,0.032813,0.046434,0.66346,0.44998,0.83777,0.43818,1.0297,1.1679,0.31652,0.02662,0.57787,1.3499,1.7188,9.3747,232.43,1.5704,1.4893,0
0.041918,0.61151,0.21559,1.4311,-40.237,0.1346,0.058759,0.57558,1.0619,0.35197,0.058759,0.1175,0.06211,0.058759,2450.9,0.14893,1.6353,0.058759,0.040074,81.023,1.1541,0.088631,0.028589,0.18609,0.35197,0.12139,0.64187,0.75823,5.0361,0.4154,0.040074,132.19,2.7612,0.14494,0.088631,1.4781,3.5014,0.46341,0.060447,0.086492,0.16623,0.060447,167.39,86.363,0.12879,0.78025,86.036,0.05632,0.038411,1.1703,0.50007,0.36216,1.2379,1.6298,23427,0.058263,0.11909,0.94174,0.3166,4.5049,4.2263,124.49,2.9321,5.1568,0
0.10692,0.27122,0.41297,4.8715,54.833,0,0.10692,2.6871,1.3426,0.72878,0.10741,1.0023,0.080043,0.10692,921.18,0.39623,3.6871,0.10692,0.079636,15.023,1.1739,0,0.079636,0.33964,0.7207,0.39623,0,0.85969,4.0293,0.20093,0.17391,35.773,10.203,4.0129,0.006572,1.3426,12.419,0.76618,0.004895,1.8137,16.548,0,88.673,73.65,1.9349,4.3535,18.532,-0.000546,-0.000407,1.9159,0.10667,0.098008,1.5171,1.595,4417.5,0.18935,0.14671,0.81788,0.05131,24.297,4.9559,28.999,12.587,2.7949,0
0.23612,0.1913,0.62895,4.3059,228.51,0,0.23612,4.2274,1.2226,0.8087,0.25971,1.2411,0.25521,0.23612,223.78,1.6311,5.2274,0.23612,0.19313,51.432,1.1843,0,0.19313,0.63227,0.53515,1.6311,0,3.4786,5.5989,0.003086,0.38626,87.337,4.1792,4.1562,0.037162,1.2226,11552,0.80876,0.030396,0.9866,0.084014,0,188.53,137.1,1.3706,3.4004,79.087,-0.0759,-0.06208,4.2822,0.19025,0.23928,4.4728,4.4731,249730,0.34968,0.29198,0.67315,0.000069,7.0968,2.6624,56.797,6.4264,6.762,0
0.011962,0.33577,0.25518,1.9275,38.751,0,0.011962,1.9782,1.8039,0.66423,0.012228,0.043475,0.011307,0.011962,6008.5,0.060747,2.9782,0.011962,0.006631,12.92,1.5908,0,0.006631,0.02453,0.65094,0.060747,0,0.54332,3.8764,0.005396,0.013895,60.952,5.9883,4.9071,0.016076,1.8039,,0.66423,0.008912,1.2391,1.3269,0,38.325,25.404,0.18733,1.6954,14.146,-0.008435,-0.004676,1.5794,0.27514,0.16699,1.4142,1.4142,1919.6,0.08663,0.018009,0.91432,0,28.25,14.368,55.672,6.5563,3.8408,0
0.003163,0.52381,0.036373,1.0814,-684.18,0,0.003163,0.9091,0.94691,0.47619,0.006868,0.007078,0.32512,0.003163,621.03,0.58773,1.9091,0.003163,0.003341,75.685,1.391,0.002917,0.003341,0.0217,0.41152,0.58773,0.78741,0.070395,4.3188,0.55313,0.028522,343.66,1.0621,0.90621,0.05585,0.94691,16.517,0.49357,0.058981,0.36497,0.056761,0.003081,123.42,47.735,0.016111,0.64206,150.98,-0.30178,-0.3187,0.92267,0.44693,0.94154,0.92161,0.95523,757.83,0.49871,0.006643,0.50829,0.036484,4.8226,7.6464,172.27,2.1187,1.8326,0
-0.11783,0.74164,-0.094029,0.82238,-27.373,-0.11783,-0.12317,0.3404,0.97169,0.25246,-0.12317,-0.23267,-0.021712,-0.12317,-4486.3,-0.081358,1.3484,-0.12317,-0.044321,15.554,0.81739,-0.10438,-0.0424,-0.12317,0.25246,-0.074158,,-0.16653,4.6823,0.26447,-0.044321,67.561,5.4025,-0.14074,-0.10438,2.7918,1.4933,0.4647,-0.037558,0.013014,-0.58692,-0.037558,56.275,40.721,-0.99499,0.59868,15.114,-0.16721,-0.060168,0.58703,0.52939,0.1851,0.44712,0.82302,-4524,-0.02914,-0.46674,1.0291,0.84073,23.467,8.9633,69.53,5.2495,4.9219,1
0.038648,0.70358,0.001784,1.0057,-74.098,0.000953,0.048175,0.4213,1.1016,0.29642,0.078132,0.15269,0.06564,0.048175,3551.7,0.10277,1.4213,0.048175,0.043734,67.127,1.3022,0.077196,0.035085,0.1331,0.28145,0.089227,2.5769,0.002613,3.9711,0.63415,0.070929,111.43,3.2756,1.4689,0.068045,1.1016,0.29997,0.67885,0.061772,0.038005,0.23146,0.07008,101.16,34.038,0.19077,0.36358,71.546,0.053066,0.048173,0.45098,0.31552,0.30529,0.43418,0.99436,16.688,0.061772,0.13038,0.95678,1.2902,5.4375,10.723,104.55,3.4912,1.6135,0
0.024794,0.57998,0.017729,1.0444,-36.863,0,0.024794,0.7242,1.4392,0.42002,0.02621,0.062104,0.021088,0.024794,6975.3,0.052327,1.7242,0.024794,0.017228,33.22,1.0177,0,0.017228,0.14557,0.37606,0.052327,0,0.030409,3.8469,0.40242,0.034456,127.57,2.8612,1.9696,0.003698,1.4392,3.8116,0.49505,0.00257,0.009944,3.4806,0,104.74,71.524,0.18929,0.71632,41.853,-0.005555,-0.00386,0.71894,0.39924,0.3495,0.72041,0.8491,124.62,0.20627,0.059031,0.79555,0.17863,10.987,5.1032,101.26,3.6048,2.4684,0
0.037693,0.42027,0.14212,1.4435,9.6027,0,0.047699,1.3794,2.1769,0.57973,0.062328,0.14884,0.039973,0.047699,1762.9,0.20705,2.3794,0.047699,0.021912,14.47,1.1547,0.059505,0.017315,0.10324,0.36152,0.18324,4.0676,0.26444,5.0758,0.14011,0.022034,54.94,6.6436,5.0658,0.047838,2.1769,4.0464,0.67272,0.021976,0.35997,0.14176,0.027335,58.219,43.75,0.43678,1.1742,14.795,0.020189,0.009274,1.1007,0.32046,0.15052,1.0787,1.2518,16923,0.021976,0.065018,0.97824,0.16041,25.225,8.3429,53.733,6.7929,4.0506,0
0.090516,0.31429,0.42465,3.2071,24.874,0.055652,0.10528,2.1499,1.0488,0.67569,0.10528,0.54719,0.069037,0.10528,761.48,0.47933,3.1818,0.10528,0.048246,47.339,1.2102,0.1112,0.041481,0.076551,0.67569,0.43236,0.53447,1.1089,4.4784,0.059976,0.048246,33.754,10.814,0.3538,0.1112,2.2146,2.7404,0.79758,0.050957,0.95864,0.065997,0.050957,72.361,25.023,0.31983,1.7362,49.651,0.065826,0.030166,1.9633,0.1924,0.092477,1.7644,2.0827,12778,0.046572,0.13396,0.95343,0.1804,7.7104,14.587,32.182,11.342,5.6981,0
0,0.50112,0.1767,1.3573,34259,0.04277,0.029327,0.99554,1.7835,0.49888,0.044345,0.059298,0.035367,0.029327,2899.8,0.12587,1.9955,0.029327,0.016444,92.369,1.2238,0.043653,0,0.20309,0.35733,0.067348,2.9069,0.53752,6.1164,0.26443,0.016444,111.94,3.2638,3.2212,0.03902,1.7835,33.616,0.50542,0.021878,0.061047,0.21581,0.024476,131.2,38.83,0,0.44468,102.06,0.009904,0.005553,1.3395,0.49458,0.30639,1.5176,1.5375,231030,0.095794,0,0.91348,0.013114,3.9515,9.3999,101.22,3.6061,5.4255,0
-0.052152,0.95045,-0.72869,0.22921,-290.53,-0.080422,-0.048509,0.02181,1.0541,0.020729,-0.048509,-0.051312,0.002399,-0.048509,137620,0.002652,1.0521,-0.048509,-0.046168,10.25,1.0639,0.055188,-0.049635,-0.059795,0.020729,-0.00118,0.55367,-0.93027,4.0143,0.82461,-0.046168,346.19,1.0543,0.058064,0.055188,1.0574,36.872,0.025806,0.052524,0.094188,0.29419,0.052524,44.343,34.093,-1.7675,0.198,10.805,0.004157,0.003957,0.22799,0.94538,0.94846,0.026464,0.032945,-7530,0.051356,-2.5158,0.94864,0.2449,35.61,10.706,328.41,1.1114,1.3414,0
0.010146,0.57715,0.24791,1.7566,-21.892,0,0.010146,0.73266,1.6495,0.42285,0.020154,0.030966,0.012924,0.010146,9882.3,0.036935,1.7327,0.010146,0.006151,69.081,1.1177,0,0.006151,0.068592,0.25669,0.036935,0,0.58408,3.779,0.34475,0.020815,94.404,3.8664,2.195,0.071468,1.6495,1.0557,0.67235,0.043329,0.06281,1.7222,0,122.81,53.728,0.0325,0.80384,89.946,-0.011171,-0.006772,0.99725,0.32765,0.25864,0.99627,1.5841,1490.5,0.23197,0.023994,0.76926,0.59002,5.2836,6.7935,72.505,5.0341,3.8862,0
-0.11643,0.84466,-0.093854,0.88889,-209.05,-0.19079,-0.11643,0.18391,1.1345,0.15534,-0.020561,-0.13785,-0.054742,-0.11643,-4964.3,-0.073525,1.1839,-0.11643,-0.10263,177.25,1.2346,-0.026519,-0.10263,,0.01178,-0.073525,-0.27661,-0.37663,3.445,0.73429,-0.10263,264.52,1.3799,1.3799,-0.031029,1.1345,,0.15534,-0.027351,0.014305,1.0124,-0.023376,237.67,60.418,-0.21134,0.23663,172.54,-0.080849,-0.071266,0.88889,0.84466,0.72472,0.62337,0.62337,-261.51,-0.027351,-0.74954,1.1015,0,2.0592,6.0412,271.76,1.3431,4.5526,0
0.027707,0.71194,0.16838,1.2414,-46.573,0,0.040157,0.40461,1.7935,0.28806,0.089028,0.057579,0.034241,0.040157,4231.4,0.086259,1.4046,0.040157,0.02239,62.36,1.079,0.086805,0.015449,0.068793,0.2052,0.068772,1.7762,1.2547,4.1608,0.33367,0.031648,148.81,2.4528,2.4028,0.082877,1.7935,,0.28806,0.046209,0.27817,0.21961,0.048399,136.72,74.358,0.090422,0.80206,65.381,0.065551,0.036549,1.2161,0.69743,0.4077,2.1466,2.1466,2438.4,0.046209,0.096186,0.9779,0,5.8531,4.9087,141.93,2.5716,13.365,0
-0.18669,1.0578,-0.07059,0.93219,-76.934,-1.1532,-0.18669,-0.054652,3.0939,-0.057812,-0.06693,-0.17935,-0.057517,-0.18669,-2169.7,-0.16823,0.94535,-0.18669,-0.060342,70.914,1.0087,-0.073047,-0.060342,-0.15677,-0.12932,-0.16823,-0.60994,-2.3796,3.3217,0.33139,-0.057096,119.7,3.0492,3.0005,-0.080127,3.0939,,-0.057812,-0.025899,0.035812,-0.54832,-0.02361,110.08,39.164,-0.31059,0.35473,69.124,-0.081787,-0.026435,0.9173,1.0409,0.32795,-1.9489,-1.9489,-148.08,-0.025899,3.2293,1.0596,0,5.1471,9.3198,122.8,2.9722,104.3,0
0.10096,0.56655,0.18909,1.4071,-66.471,0,0.12857,0.76507,1.47,0.43345,0.15382,0.27682,0.10793,0.12857,1303.4,0.28004,1.7651,0.12857,0.087466,110.9,1.1312,0.1509,0.068682,0.060739,0.42726,0.2313,5.977,0.54579,4.1347,0.37891,0.10265,118.42,3.0822,2.5268,0.038438,1.47,3.6294,0.49046,0.026149,0.023222,0.10435,0.10266,159.6,48.699,0.22605,0.4455,113.88,0.12082,0.082192,1.1536,0.46446,0.32445,1.2511,1.4157,2578.7,0.026149,0.23293,0.91926,0.13153,3.2913,7.4949,115.33,3.1649,4.243,0
0.039864,0.93521,-0.14506,0.46071,-200.6,0,0.039864,0.06928,0.7257,0.064791,0.043715,0.1482,0.13715,0.039864,3429.7,0.10642,1.0693,0.039864,0.054933,54.823,1.4743,0,0.054933,0.067823,0.064382,0.10642,0,-0.16558,5.0873,1.2883,0.10987,188.06,1.9409,0.55824,0.001603,0.7257,0.02241,0.73075,0.002209,0.01458,0.5225,0,60.356,5.5339,0.36573,0.055484,76.205,-0.059663,-0.082215,0.13251,0.26898,0.51522,0.073956,0.83411,-17734,0.28059,0.61528,0.72479,10.278,6.6578,65.957,135.29,2.6979,0.82835,0
0.006027,0.098735,0.55531,6.6243,118.17,0.011631,0.011715,9.1282,1.485,0.90127,0.011715,0.11865,0.046253,0.011715,524.69,0.69565,10.128,0.011715,0.007889,21.251,1.0697,0.007595,0.004058,0.022045,0.84951,0.63804,,1.6052,3.4444,-0.19355,0.007889,24.389,14.966,14.966,0.007345,1.485,,0.90127,0.004946,3.9366,0.050975,0.005114,65.227,43.976,0.069707,5.7486,21.357,-0.049375,-0.033249,6.6243,0.098735,0.066819,2.6052,2.6052,1544.9,0.004946,0.006687,0.99218,0,17.176,8.3001,24.268,15.04,4.2925,0
-0.10838,0.99704,0.050793,1.0665,-68.511,-0.10617,-0.10838,0.002822,2.4958,0.002814,-0.050269,-0.14201,-0.031937,-0.10838,-4565.6,-0.079946,1.003,-0.10838,-0.043426,75.932,,-0.055133,-0.043426,-0.12862,-0.010623,-0.079946,-0.94867,0.2733,3.5707,0.39727,-0.023243,107.77,3.4379,2.6317,-0.08907,2.5735,1.2609,0.23662,-0.035688,0.040634,-1.2561,-0.02209,114.51,38.579,-0.20875,0.72092,72.225,-0.083808,-0.033579,0.81644,0.76324,0.29087,0.01514,1.2732,189,-0.035749,-38.52,1.0196,83.095,4.8069,9.4611,111.62,3.2701,13.429,1
0.13243,0.47586,0.024983,1.0884,-10.853,0.28788,0.13243,0.85309,0.98325,0.40596,0.13243,0.4686,0.18756,0.13243,628.34,0.5809,2.1014,0.13243,0.089851,11.805,1.1763,0.13805,0.089851,0.28788,0.40596,0.5809,0.92101,0.036081,4.1984,0.27641,0.089851,68.814,5.3041,0.29011,0.13805,1.6711,1.3448,0.59922,0.093669,0.30658,0.055467,0.093669,54.717,42.912,2.7782,0.91973,11.607,-0.005951,-0.004038,0.64636,0.2826,0.18853,0.58628,0.8654,394.5,-0.017033,0.32621,1.017,0.47608,30.919,8.5057,69.986,5.2153,2.1285,0
-0.12024,0.28104,0.18436,1.656,-60.537,-0.40421,-0.12133,2.5289,0.89139,0.71072,-0.12133,-0.4317,-0.090084,-0.12133,-1098.7,-0.3322,3.5582,-0.12133,-0.11707,130.23,0.78803,-0.11807,-0.11602,-0.40489,0.71072,-0.32835,-1.0155,0.34485,3.9222,0.25985,-0.11707,88.227,4.1371,-0.42014,-0.11807,1.054,,0.71072,-0.11393,0.060955,-0.10254,-0.11393,157.87,27.645,-0.32518,0.34026,116.08,-0.14604,-0.14091,1.656,0.28104,0.24172,1.3294,1.3294,1541.2,-0.12185,-0.16918,1.1218,0,2.8028,13.203,98.977,3.6877,1.9386,0
0.12124,0.14962,0.55918,4.7703,63.283,0,0.14994,5.6838,2.8882,0.85038,0.15595,1.011,0.072305,0.14994,261.5,1.3958,6.6838,0.14994,0.051917,11.154,1.2166,0.15321,0.041979,0.41462,0.3251,1.2039,25.507,1.9117,4.1827,-0.053425,0.053479,19.786,18.448,18.287,0.15213,2.8882,,0.85038,0.052673,2.0513,0.023513,0.053049,50.964,39.81,1.3737,4.1752,11.774,0.094328,0.03266,4.7287,0.14831,0.054207,2.9072,2.9072,8516.2,0.052673,0.14258,0.94816,0,32.724,9.1686,18.744,19.473,9.8739,0
0.013835,0.31909,0.22632,3.0611,107.09,0.57662,0.012391,2.1339,0.72235,0.68091,0.012396,0.11285,0.072886,0.012391,2212.1,0.165,3.1339,0.012391,0.017154,0,0.85112,0.008752,0.019153,0.17681,0.59045,0.16953,1935,0.34091,2.8217,0.19533,0.017154,56.165,6.4987,2.2364,0.008752,0.72235,1.6705,0.88213,0.012116,1.8579,0.21702,0.012116,66.759,66.759,,3.0611,0,-0.031506,-0.043616,1.0534,0.10981,0.15388,1.0257,1.3288,150.12,0.012118,0.020319,0.98293,0.29551,,5.4674,55.484,6.5784,1.0881,0
0.12027,0.52447,0.24626,1.4732,26.587,0.058377,0.12027,0.9067,2.6533,0.47553,0.13028,0.2311,0.057132,0.12027,1262.8,0.28904,1.9067,0.12027,0.045329,7.7578,2.226,0.1301,0.045329,0.13626,0.17865,0.28904,13.002,1.0556,3.6131,0.10523,0.0491,74.466,4.9016,4.864,0.10235,2.6533,,0.47553,0.038574,0.47851,0.1083,0.049033,71.212,63.454,2.1327,1.3648,8.069,0.098783,0.03723,1.4619,0.52044,0.20402,2.0383,2.0383,1010.4,0.038574,0.25292,0.95595,0,47.05,5.7522,71.593,5.0982,11.373,0
0.004544,0.20043,0.48632,7.0347,42.276,0.017572,0.006604,3.9884,1.0089,0.79941,0.006604,0.081948,0.085676,0.006604,1048.6,0.3481,4.9892,0.006604,0.00811,168.29,0.90361,-0.007838,0.00558,0.026514,0.79941,0.33782,-0.097101,1.1229,4.3854,0.19612,0.00811,36.441,10.016,-0.039105,-0.007838,0.84583,1.5975,0.91925,-0.009625,0.79674,0.1191,-0.009625,225.32,57.029,0.012103,2.3756,169.78,-0.071004,-0.087191,2.8284,0.080588,0.099839,1.8458,2.1225,11813,0.008806,0.005685,0.99119,0.14992,2.1689,6.4002,36.12,10.105,1.8803,0
0.071966,0.2192,0.48077,3.1933,31.309,0.10445,0.088674,3.3863,1.1263,0.74228,0.088674,0.40453,0.1321,0.088674,528.5,0.69063,4.5621,0.088674,0.07738,124.56,1.1187,0.094533,0.0628,0.12122,0.74228,0.61441,0.92913,1.6024,4.641,0.17936,0.07738,78.637,4.6416,0.43127,0.094533,1.1646,,0.74228,0.082493,0.092699,0.04583,0.082493,216.48,91.912,0.18402,1.4092,140.3,0.031821,0.027768,3.1933,0.2192,0.21544,2.474,2.474,21036,0.11215,0.096952,0.88785,0,2.9302,3.9712,69.817,5.2279,3.8195,0
0.013712,0.99867,-0.13471,0.77116,-34.106,-0.89975,0.013712,0.001332,2.1474,0.001331,0.060595,0.023294,0.053512,0.013712,3172.2,0.11506,1.0013,0.013712,0.006386,8.994,1.1368,0.026239,0.006386,,-0.87544,0.11506,0.55967,-0.24671,3.5043,0.46402,0.028218,100.47,3.633,2.1415,0.008719,2.1474,0.9782,0.41132,0.00406,0.012975,0.26122,0.012219,75.865,66.871,0.25915,0.68127,9.0307,-0.074959,-0.034907,0.45457,0.58868,0.27526,0.002437,0.75329,-430.21,0.00406,10.306,0.99379,308.15,40.582,5.4583,100.06,3.6478,3.9327,0
0.25869,0.63926,0.11603,1.1834,-4.0065,0,0.25869,0.5643,3.568,0.36073,0.31364,0.40882,0.079675,0.25869,820.78,0.4447,1.5643,0.25869,0.072504,15.572,1.6695,0.29468,0.072504,0.31874,0.25869,0.4447,5.3625,0.46193,3.4566,0.14559,0.078098,70.483,5.1785,5.126,0.2911,3.568,,0.36073,0.081587,0.18935,0.066535,0.08259,64.345,48.774,1.6995,0.94282,16.955,0.26909,0.075418,1.1714,0.63278,0.1931,1.4361,1.4361,332.03,0.081587,0.71712,0.92812,0,23.44,7.4835,64.733,5.6386,14.204,0
0.22901,0.33498,0.64709,2.9546,139.24,0.50261,0.28474,1.9728,1.2051,0.66087,0.28474,0.86009,0.18266,0.28474,421.35,0.86627,2.9852,0.28474,0.17923,5.8969,1.1093,0.27063,0.14415,0.6231,0.66087,0.69992,2.0529,29.609,4.3078,-0.10067,0.17923,91.661,3.9821,0.80788,0.27063,1.6089,242.45,0.6648,0.17035,1.8383,0.039892,0.17035,84.911,79.014,8.9226,2.8771,7.1064,0.26518,0.16692,2.92,0.33106,0.25113,30.239,30.419,13144,0.1702,0.34653,0.8298,0.005945,61.896,4.6194,76.061,4.7988,72.693,0
-0.19769,2.0569,-1.4069,0.30958,-473.45,-1.3328,-0.1921,-0.51384,1.0274,-1.0569,-0.12122,-0.094269,-0.15902,-0.1921,-4595.2,-0.07943,0.48616,-0.1921,-0.18697,30.015,1.0047,-0.12283,-0.19242,-1.3992,-1.5305,-0.082151,-1.7329,-3.8111,4.8421,2.0015,-0.16247,664.04,0.57082,0.5655,-0.092646,1.042,29.395,-1.0383,-0.090173,0.000586,-0.72853,-0.11955,223.69,193.67,-2.3399,0.042048,27.532,-0.15154,-0.1475,0.30669,2.0377,1.8193,-2.8631,-2.8127,-97797,-0.090187,0.18704,1.1163,-0.017586,12.16,1.8846,723.93,0.50419,2.7831,1
0.035253,0.7097,0.28103,1.4023,-73.594,0,0.044142,0.40904,2.0186,0.2903,0.080279,0.063185,0.026793,0.044142,4789.6,0.076207,1.409,0.044142,0.021868,120.52,1.0721,0.080219,0.017464,0.098516,0.060042,0.063682,2.2199,13.815,4.7098,0.34341,0.03623,131.48,2.7903,2.7467,0.079231,2.0186,,0.2903,0.03925,0.03634,0.26238,0.03974,172.55,52.023,0.052888,0.44816,124.81,0.070277,0.034814,1.3804,0.69862,0.35839,14.27,14.27,1.4023,0.03925,0.12144,0.97825,0,3.0284,7.0162,126.32,2.8894,99.229,0
0.004465,2.314,-1.8749,0.16398,-747.79,0.004465,0.004465,-0.72185,0.97938,-1.6703,0.004465,0.001991,0.049919,0.004465,17050,0.021407,0.43215,0.004465,0.004499,50.039,1.1681,0.015798,0.004499,0.004465,-1.6703,0.021407,,-2.9654,3.4426,2.3015,0.004499,807.88,0.4518,0.006827,0.015798,1.0347,3.2475,-1.599,0.015921,0.013468,1.2498,0.015921,124.16,74.116,0.03282,0.10332,49.008,-0.029272,-0.029499,0.15892,2.2426,2.2134,-2.6419,-2.529,-5194.4,-0.021053,-0.002673,1.0211,-0.042714,7.2943,4.9247,824.89,0.44248,1.5695,1
0.015037,0.27358,0.39581,2.4862,13.629,0.05834,0.016843,1.9719,1.0132,0.53948,0.016843,0.063243,0.026086,0.016843,2452.6,0.14882,3.6553,0.016843,0.010791,72.44,1.0888,0.02676,0.009634,0.068563,0.53948,0.14222,0.17371,1.1714,4.6327,0.062046,0.010791,63.1,5.7845,0.097814,0.02676,1.5799,48.49,0.54675,0.017145,0.77115,0.17764,0.017145,106.81,34.375,0.048544,1.3231,73.394,0.002888,0.00185,2.4202,0.26631,0.17288,1.5967,1.6182,16989,0.013001,0.027873,0.987,0.01347,5.0387,10.618,62.279,5.8607,4.6193,0
-0.615,1.1808,-0.18084,0.84686,-19.317,0,-0.615,-0.15314,4.7228,-0.18084,-0.53485,-0.52082,-0.11918,-0.615,-765.75,-0.47666,0.84686,-0.615,-0.13022,1.5435,1.2335,-0.59562,-0.13022,-0.53679,-0.2947,-0.47666,-7.4313,,2.6426,0.20801,-0.12539,85.447,4.2717,4.2717,-0.3213,4.7228,,-0.18084,-0.068032,0.22482,-0.072426,-0.12611,56.767,55.223,-30.793,0.82994,1.4452,-0.64777,-0.13716,0.84686,1.1808,0.2341,,,-79.408,-0.068033,3.4009,1.1286,0,236.47,6.6095,91.26,3.9996,,0
0.071895,1.0385,-0.038529,0.9629,-3.6417,-0.13389,0.089904,-0.0371,5.4607,-0.038529,0.090053,0.086569,0.016464,0.089904,4216.3,0.086569,0.9629,0.089904,0.016464,1.333,1.8015,0.090031,0.013166,0.071436,-0.061996,0.069228,605.76,,2.7087,0.16813,0.016491,63.35,5.7617,5.7617,-0.52292,5.4607,,-0.038529,-0.095759,0.11795,0.38451,0.016487,58.653,57.32,3.605,0.9437,1.2165,0.090031,0.016487,0.9629,1.0385,0.17356,,,-19.702,-0.095759,-1.866,0.98532,0,273.82,6.3677,69.416,5.2581,,0
-0.063586,1.4293,-0.78805,0.26497,-190.31,-0.47303,-0.063586,-0.30037,1.5018,-0.42933,0.001675,-0.059308,-0.021133,-0.063586,-16438,-0.022204,0.69963,-0.063586,-0.04234,0,1.0175,0.001675,-0.04234,0.044115,-0.50085,-0.022204,0.025667,-1.1008,2.8445,0.88226,0.001115,257.02,1.4201,1.0652,-0.020772,1.5018,1.7294,-0.26506,-0.013831,0.097331,1.4212,0.001115,43.684,43.684,,0.26497,0,-0.030174,-0.020092,0.19876,1.0721,0.70417,-0.5997,-0.37024,-550.91,-0.013831,0.14811,1.0417,-0.38262,,8.3555,260.58,1.4007,2.0977,0
0.08396,0.15929,0.33606,3.1312,52.141,0,0.10526,5.278,1.7163,0.84071,0.10528,0.66752,0.079164,0.10526,427.9,0.853,6.278,0.10526,0.061326,20.13,1.0651,0.091622,0.048918,0.18361,0.6992,0.71931,3437.7,0.6638,3.6273,-0.10021,0.061342,35.436,10.3,10.197,0.092167,1.7163,0,0.84071,0.0537,2.1682,0.043436,0.053383,32.294,12.164,0.88698,2.5309,21.273,0.061007,0.035545,3.0997,0.15768,0.097085,1.6606,1.6606,1424.8,0.0537,0.099867,0.93919,0,18.132,30.007,33.533,10.885,3.3902,0
0.002199,0.064503,0.38984,7.0438,122.85,0.053516,0.002999,14.172,0.99716,0.91414,0.002999,0.046489,0.052235,0.002999,685.01,0.53284,15.503,0.002999,0.004557,93.598,0.96224,-0.001983,0.003342,0.068316,0.91414,0.52044,-0.030053,0.71444,4.4994,-0.095318,0.004557,35.68,10.23,-0.030744,-0.001983,0.66732,,0.91414,-0.003014,2.0754,0.07216,-0.003014,177.78,84.178,0.013031,4.4279,93.332,-0.033354,-0.050691,7.0438,0.064503,0.097753,1.6753,1.6753,12310,-0.00285,0.002405,1.0029,0,3.8997,4.3361,35.781,10.201,1.2059,0
5.53,0,1,,24.725,-4.532,5.53,,-3.496,1,6.388,,-1.5818,5.53,0,,,5.53,-1.5818,0,-0.005694,6.39,-1.5818,5.634,1,,7.4476,,0.69897,0.28604,-1.8272,0,,,-5.772,20.948,,1,1.651,,0,-1.8278,0,0,,,0,6.39,-1.8278,,0,0,,,5,1.651,5.53,0.69505,0,,,0,,,1
0.020162,0.54586,0.23918,1.6191,-5.6023,0,0.020162,0.83196,1.4655,0.45414,0.020162,0.052187,0.014465,0.020162,9398.4,0.038836,1.832,0.020162,0.013758,30.016,1.0125,0,0.013758,0.16319,0.42404,0.038836,,0.6387,4.8798,0.33763,0.035596,103.19,3.5373,2.5036,0.054487,1.4655,3.6936,0.59086,0.037179,0.4943,17.545,0,108.23,78.212,0.1673,1.3071,32.188,-0.001037,-0.000708,1.1459,0.38634,0.2827,1.2127,1.5778,18137,0.067497,0.044397,0.93681,0.30107,12.16,4.6668,96.22,3.7934,3.9136,0
0.19434,0.46537,0.21358,1.505,-8.5512,0.53608,0.24155,1.1488,1.1381,0.53463,0.24155,0.57113,0.13154,0.24155,616.98,0.59159,2.1488,0.24155,0.11541,44.11,1.2004,0.25692,0.092856,0.67423,0.53463,0.49014,1.3971,0.58761,4.5492,0.22025,0.11541,83.946,4.348,0.55207,0.25692,2.1059,9.0403,0.57706,0.12275,0.018744,0.052636,0.12275,109.62,65.514,0.76837,0.90696,50.202,0.22317,0.10663,1.3678,0.42294,0.22999,1.4709,1.5876,7563.6,0.12135,0.36351,0.87865,0.079367,8.2748,5.5714,73.759,4.9486,5.7582,0
0.046783,0.1841,0.77223,5.1947,23.721,0,0.058976,4.4319,2.3701,0.8159,0.058976,0.32035,0.02572,0.058976,1102.3,0.33113,5.4319,0.058976,0.024884,95.232,0.8516,0.049834,0.019739,0.19095,0.77928,0.26489,,17.685,3.1353,0.041697,0.024884,28.753,12.694,12.694,0.033124,2.3701,,0.8159,0.013976,0.46319,0.11843,0.021026,134.15,38.913,0.075654,1.8357,96.582,0.047851,0.020189,5.1947,0.1841,0.078776,18.685,18.685,1054.4,0.013975,0.057339,0.97551,0,3.8327,9.3799,28.352,12.874,54.276,0
-0.010807,2.0546,-0.060113,0.90302,-25.727,-1.4267,-0.010807,-0.5133,2.5996,-1.0546,0.14721,-0.017435,0.006314,-0.010807,45690,0.007989,0.4867,-0.010807,-0.004157,15.544,0.90807,0.14584,-0.004157,-2.3288,-1.3159,0.007989,0.92294,-0.13654,3.4077,0.76076,0.00689,90.34,4.0403,1.2189,0.095199,2.5996,0.32397,0.33137,0.036621,0.13422,0.39574,0.056103,66.91,51.365,-0.097617,0.72441,16.135,0.11862,0.045632,0.27242,0.61985,0.24751,-2.3955,0.75265,-153.7,0.036621,0.010247,1.004,-1.3142,23.481,7.106,87.031,4.1939,5.9045,0
0.003224,0.68744,-0.21183,0.6726,-75.317,0.005316,0.005846,0.31421,1.0309,0.216,0.005846,0.009035,0.023027,0.005846,6230.4,0.058584,1.4547,0.005846,0.003342,25.612,1.1642,0.072831,0.001843,0.019429,0.216,0.05477,0.42928,-0.37503,5.1689,0.39245,0.003342,139.2,2.6222,0.10595,0.072831,1.778,7.7271,0.25643,0.041642,0.022021,0.21071,0.041642,87.846,62.233,0.026266,0.48292,26.403,0.038403,0.021958,0.63304,0.647,0.38136,0.38242,0.45401,-31253,0.029959,0.014924,0.97004,0.18721,14.251,5.865,135.03,2.7032,3.0965,0
0.097561,0.68404,0.00488,1.0097,-29.632,-0.45191,0.10408,0.46191,1.5867,0.31596,0.12746,0.20688,0.081533,0.10408,1929.9,0.18913,1.4619,0.10408,0.065596,28.343,1.613,0.12746,0.061485,0.0356,-0.1067,0.17959,5.4532,0.009918,3.7451,0.37434,0.069614,123.87,2.9466,2.1672,0.10428,1.5867,2.3019,0.48312,0.065722,0.1822,0.14928,0.080326,95.766,67.424,0.79181,0.7648,30.336,0.10217,0.064389,0.74263,0.50311,0.33937,0.64218,0.98191,27.132,0.065722,0.30878,0.93575,0.52903,12.878,5.4135,115.73,3.1539,3.225,0
0.037938,0.080153,0.8805,13.979,183.65,0,0.042864,11.476,1.0962,0.91985,0.044422,0.63186,0.048776,0.042864,547.16,0.66708,12.476,0.042864,0.039102,109.14,1.0579,0.000988,0.034609,0.098873,0.70052,0.60563,0.63426,17.042,3.6669,-0.054544,0.040523,22.722,16.064,13.596,0.006477,1.0962,,0.91985,0.005909,2.0954,0.23048,0.000901,268.43,159.29,0.11574,9.1474,109.79,-0.009617,-0.008773,11.831,0.067838,0.062252,17.804,17.804,4088.9,0.005908,0.041244,0.96254,0,3.3442,2.2914,22.588,16.159,21.217,0
0.026569,0.11458,0.06327,1.5527,7.968,0.10146,0.029717,7.5574,0.97051,0.86591,0.029717,0.25959,0.10027,0.029717,795.97,0.45856,8.7277,0.029717,0.056715,29.138,1.0963,-0.021401,0.050708,0.11086,0.86591,0.43109,-0.39639,0.076947,6.0732,0.21527,0.056715,77.392,4.7162,-0.18678,-0.021401,0.57816,1351.8,0.86601,-0.040843,0.10287,2.6477,-0.040843,115.62,86.477,0.63519,1.1873,28.279,-0.044224,-0.084402,1.5513,0.11448,0.21203,1.0531,1.0532,74884,-0.03039,0.030684,1.0304,0.000116,12.527,4.2208,79.744,4.5771,0.63724,0
0.027982,0.062611,0.23026,4.6776,98.418,0.16324,0.051905,14.823,1.1179,0.9281,0.051905,0.82901,0.15141,0.051905,292.78,1.2467,15.972,0.051905,0.10068,78.733,0.89057,0.051942,0.054279,0.23033,0.9281,0.86459,1.1263,0.32562,5.766,0.11501,0.10068,49.554,7.3657,0.82959,0.051942,0.5173,,0.9281,0.10075,0.055018,0.026359,0.10075,204.91,126.18,0.25163,2.9015,88.012,0.025791,0.050028,4.6776,0.062611,0.13576,1.3125,1.3125,134350,0.10543,0.03015,0.89457,0,4.6359,2.8926,44.329,8.2338,0.72904,0
-0.34347,0.74735,0.21947,1.295,-38.463,-0.68706,-0.34347,0.33806,2.75,0.25265,-0.30136,-0.46167,-0.11388,-0.34347,-871.05,-0.41904,1.3381,-0.34347,-0.1249,71.189,1.4074,-0.30152,-0.1249,-0.75962,0.12153,-0.41904,-7.1592,6.0045,2.7821,0.25491,-0.1249,88.777,4.1114,4.0929,-0.30864,2.7589,,0.25265,-0.11223,0.071306,-0.091852,-0.10965,120.84,49.647,-0.64039,0.79223,64.001,-0.33183,-0.12067,1.2892,0.74398,0.24322,6.9123,6.9123,132.88,-0.11231,-1.3595,1.1087,0,5.1272,7.352,98.747,3.6963,75.237,1
0.063171,0.35541,0.13097,1.3797,-41.466,0,0.080731,1.8137,1.9224,0.64459,0.082386,0.23406,0.051328,0.080731,1314.7,0.27764,2.8137,0.080731,0.041994,64.072,0.99348,0.071529,0.03286,0.26689,0.36079,0.22823,43.217,0.2499,4.0772,0.16713,0.042681,67.854,5.3932,5.2341,0.067062,1.9426,13.196,0.65508,0.034884,0.11547,0.13241,0.037208,82.793,18.721,0.1872,1.0939,66.388,0.053586,0.027874,1.339,0.34492,0.1859,1.2299,1.2499,1564.5,0.034884,0.098001,0.95759,0.016274,5.6967,19.497,65.487,5.5736,3.668,0
0.007764,0.34263,0.33815,1.9869,105.13,0,0.007764,1.9186,1.081,0.65737,0.009396,0.022661,0.044999,0.007764,2571,0.14197,2.9186,0.007764,0.007183,12.176,0.75639,0.007906,0.007183,0.06184,0.63759,0.14197,4.8454,1.0593,4.1016,0.19673,0.008135,116.55,3.1316,3.1316,0.007987,1.081,,0.65737,0.007389,0.38133,0.23412,0.007314,185.76,173.58,0.21532,1.8817,12.267,-0.032971,-0.030502,1.9869,0.34263,0.31933,2.0593,2.0593,4272.6,0.007389,0.011811,0.99286,0,29.977,2.1028,115.69,3.1549,3.3862,0
0.11302,0.61059,0.30801,3.3365,19.846,-0.077487,0.12355,0.63775,1.776,0.38941,0.13266,0.93725,0.11221,0.12355,1118.3,0.32638,1.6378,0.12355,0.069569,42.4,1.2103,0.13218,0.063636,0.038466,0.37464,0.30912,14.511,0.54985,3.751,0.31626,0.069577,25.932,14.076,3.0389,-0.079516,1.776,0.51351,0.84418,-0.044773,0.39821,0.097895,0.074424,79.605,37.206,0.54781,1.7715,40.583,0.056446,0.031783,0.72034,0.13183,0.071045,0.69516,1.507,1735.9,-0.044773,0.29023,0.93791,1.1679,8.6086,9.8103,27.093,13.472,3.1705,0
0.081834,0.28177,0.24028,1.8591,-0.84561,0.32003,0.10241,2.17,1.0332,0.61143,0.10241,0.36615,0.067807,0.10241,718.69,0.50787,3.549,0.10241,0.048524,41.578,1.3893,0.11526,0.038776,0.39699,0.61143,0.43486,0.56428,0.50053,4.3458,0.0887,0.048524,49.976,7.3034,0.40907,0.11526,2.1609,134,0.61352,0.054616,0.35451,0.059398,0.054616,72.779,31.201,0.3404,0.99954,42.957,0.074567,0.035333,1.8453,0.27969,0.13692,1.2737,1.2781,5327.7,0.032112,0.13384,0.96789,0.003412,8.7787,11.698,48.372,7.5457,4.3964,0
-0.11544,0.4381,0.39586,1.9341,-40.615,-0.12496,-0.11544,1.2826,3.9652,0.5619,-0.10674,-0.2724,-0.008675,-0.11544,-4649,-0.078512,2.2826,-0.11544,-0.029115,77.227,0.74339,-0.10878,-0.029115,,-0.2404,-0.078512,-12.491,2.1951,2.6378,0.12233,-0.026919,37.943,9.6197,9.3058,-0.11172,3.9652,-4.3258,0.56636,-0.028175,-0.09257,-0.52663,-0.027434,79.063,1.8353,-0.13761,-0.045524,75.111,-0.18983,-0.047874,1.8709,0.42381,0.10395,3.1158,3.1405,171.92,-0.028175,-0.20546,1.0291,0.007938,4.7263,198.87,39.012,9.3561,21.987,0
0.083001,0.28832,0.004468,1.0157,-33.752,0.25587,0.089162,2.3226,1.09,0.66967,0.089162,0.31312,0.143,0.089162,659.1,0.55378,3.4683,0.089162,0.079854,30.32,1.0438,0.099,0.074336,0.27847,0.66967,0.53241,0.96643,0.006287,5.8675,0.25635,0.079854,101.46,3.5974,0.34336,0.099,1.1253,55.093,0.67324,0.088665,0.011371,0.055922,0.088665,93.488,63.169,0.89489,0.68998,33.048,0.028493,0.025519,1.0031,0.28476,0.27798,0.94218,0.94719,3293.4,0.082557,0.12394,0.91744,0.005325,12.038,5.7782,93.086,3.9211,1.5709,0
0.017398,0.22884,0.34687,2.9628,-103.22,0.03755,0.020094,2.3602,1.0324,0.54013,0.020094,0.1137,0.21144,0.020094,931.79,0.39172,4.3698,0.020094,0.047394,180.14,1.1217,0.033681,0.041037,0.044518,0.54013,0.37994,0.82018,0.72811,5.1733,0.47822,0.047394,157.07,2.3238,0.14718,0.033681,0.44665,6.0308,0.59225,0.079444,1.4799,0.072882,0.079444,225.62,45.476,0.083147,1.7788,185.98,-0.035867,-0.084599,2.288,0.17672,0.43033,1.1338,1.2432,51698,0.031382,0.032212,0.96862,0.096503,2.0262,8.0262,152.14,2.3991,0.88993,0
0.003834,0.35315,0.30659,1.8837,-12.094,0,0.005975,1.8316,2.3302,0.64685,0.02921,0.017223,0.033583,0.005975,1647.2,0.22159,2.8316,0.005975,0.002564,52.743,0.75948,0.02921,0.001645,0.054581,0.46797,0.21553,1.2572,0.88489,3.3818,0.11303,0.012535,55.13,6.6208,6.504,0.033286,2.3302,,0.64685,0.014285,0.38737,0.11599,0.012535,81.316,28.573,0.011385,0.91317,53.507,-0.043071,-0.018484,1.8505,0.34693,0.15104,1.8669,1.8669,738.58,0.014285,0.005927,0.99745,0,6.9204,12.774,54.342,6.7167,6.7254,0
0.17442,0.12815,0.32349,3.6239,46.584,0.001293,0.2163,6.8035,1.3409,0.87185,0.21961,1.7544,0.21749,0.2163,160.38,2.2759,7.8035,0.2163,0.1613,28.248,1.1529,0.21384,0.13007,0.57507,0.75439,1.9491,64.562,0.58474,5.0827,0.034848,0.1613,39.875,9.1537,8.8066,0.2124,1.3409,,0.87185,0.15839,1.3371,0.014771,0.15947,76.741,48.493,1.6807,2.7821,33.565,0.13849,0.10328,3.4864,0.12329,0.10925,1.576,1.576,39133,0.15839,0.20006,0.83993,0,12.921,7.5269,33.559,10.876,2.4239,0
0.10712,0.53728,0.13943,1.3312,-16.925,0.14299,0.13316,0.73991,1.0809,0.39754,0.13316,0.31633,0.098638,0.13316,1018.2,0.35847,1.8612,0.13316,0.068198,41.279,1.4439,0.14854,0.054863,0.17948,0.39754,0.31,0.82229,0.31718,4.4216,0.27398,0.068198,85.059,4.2912,0.27647,0.14854,1.9826,2.9193,0.51386,0.076075,0.007278,0.084933,0.076075,104.18,62.904,0.4851,0.80665,44.619,0.089105,0.045635,1.043,0.42096,0.23304,0.90431,1.1689,3681.2,0.074851,0.26947,0.92515,0.29259,8.8422,5.8025,78.692,4.6383,4.4416,0
0.052976,0.33697,0.33549,2.0574,-50.584,0.28502,0.067309,1.9613,1.0624,0.66089,0.067309,0.21214,0.10514,0.067309,1197,0.30492,2.9676,0.067309,0.068875,170.83,1.147,0.063494,0.054209,0.35655,0.66089,0.26239,0.69023,0.9662,4.6911,0.25522,0.068875,125.89,2.8993,0.18843,0.063494,0.9894,9.9232,0.68058,0.064971,0.28349,0.11198,0.064971,210.21,39.384,0.11583,0.61584,181.48,0.028052,0.028705,1.9372,0.31728,0.34491,1.9033,1.96,16472,0.058695,0.080159,0.94131,0.029794,2.1367,9.2677,118.5,3.0801,2.8145,0
0.13011,0.49785,0.3163,1.6353,60.35,0.15872,0.16225,0.87593,1.1547,0.43608,0.16225,0.3259,0.13526,0.16225,1032.9,0.35338,2.0087,0.16225,0.12474,35.472,1.2273,0.17012,0.10003,0.20029,0.43608,0.28882,1.5104,1.7019,5.2415,0.38086,0.12474,161.33,2.2625,0.34172,0.17012,1.3197,,0.43608,0.1308,0.011734,0.08905,0.1308,226.83,191.36,1.0293,1.3814,40.961,0.15644,0.12028,1.6353,0.49785,0.44199,2.3464,2.3464,55156,0.13401,0.29836,0.86599,0,10.29,1.9074,139.71,2.6126,6.9984,0
0.17814,0.35756,0.3265,2.1012,44.529,0.18725,0.22385,1.7309,1.1479,0.61889,0.22385,0.755,0.15418,0.22385,492.71,0.7408,2.7967,0.22385,0.1303,29.699,1.6586,0.22368,0.10369,0.23117,0.61889,0.61295,1.4946,0.86602,4.3527,0.18186,0.1303,72.31,5.0477,0.62556,0.22368,1.7487,7.9118,0.67997,0.1302,0.17475,0.044409,0.1302,121.35,91.654,1.2744,1.6298,34.092,0.18265,0.10632,1.7423,0.29649,0.19811,1.6416,1.8036,7355.1,0.12887,0.28783,0.87113,0.098683,12.29,3.9824,62.992,5.7944,4.5567,0
-0.053059,1.1775,-0.26808,0.77003,-127.42,0,-0.045425,-0.15079,1.6243,-0.17755,0.11382,-0.038967,-0.024539,-0.045425,-10782,-0.033852,0.84927,-0.045425,-0.027965,81.06,0.92563,0.10547,-0.032665,-0.1681,-0.28941,-0.040336,0.66232,-2.6229,3.7295,0.68247,-0.027019,237.23,1.6152,1.5991,-0.1692,1.9966,47.588,-0.16627,-0.10417,0.089717,0.35349,0.064931,178.21,97.146,-0.14709,0.39917,73.41,0.099905,0.061505,0.76235,1.1657,0.64993,-1.7372,-1.6268,-1438,-0.10421,0.29884,0.94307,-0.063545,4.5028,3.7572,261.95,1.3934,15.893,1
0.0398,0.52423,-0.067182,0.80004,-72.546,0,0.041702,0.90755,1.1547,0.47577,0.061502,0.12412,0.092959,0.041702,1782.7,0.20475,1.9075,0.041702,0.036116,43.938,1.1238,0.058861,0.034469,0.16584,0.23268,0.20112,2.9727,-0.091879,3.9653,0.44842,0.049735,109.85,3.3227,2.1296,0.038278,1.1547,0.69263,0.66317,0.033151,0.035806,0.14036,0.050977,81.167,37.229,0.28634,0.38634,45.445,-0.006774,-0.005866,0.51275,0.33598,0.30096,0.65067,0.90696,-620.19,0.033151,0.083654,0.96461,0.3939,8.3072,9.8041,106.21,3.4367,1.5791,0
0.055856,0.25325,0.29249,3.0117,43.18,0.2407,0.068065,2.9486,0.63847,0.74675,0.082473,0.46813,0.13147,0.068065,1101.3,0.33143,3.9486,0.068065,0.10661,11.047,0.89775,0.061017,0.087484,0.21326,0.66946,0.28323,4.2349,0.52034,5.1669,0.39666,0.10661,101.48,3.6324,2.0854,0.11554,0.63847,3.8807,0.8546,0.18096,1.4605,0.10979,0.095568,128.94,117.89,2.8904,2.8788,13.355,0.045145,0.070708,1.729,0.1454,0.2753,1.3285,1.5203,3.0117,0.18096,0,0.81548,0.14444,33.039,3.0961,83.12,4.3912,1.1358,0
0.07932,0.81294,0.34157,2.6751,113.08,0,0.08369,0.2301,0.9585,0.18706,0.13668,0.41042,0.16904,0.08369,1831.3,0.19931,1.2301,0.08369,0.087314,25.756,1.3477,0.13073,0.082754,0.21989,0.1813,0.19393,2.4673,0.75151,3.9392,0.74993,0.10528,78.712,4.6371,1.1632,0.012907,0.9585,1.3419,0.54317,0.013466,0.46915,0.12962,0.13639,171.29,145.54,1.1727,2.3434,26.108,0.052396,0.054665,0.671,0.20392,0.21565,0.41155,1.1951,2969.6,0.013466,0.42404,0.92314,1.9038,14.171,2.5079,77.652,4.7004,2.1088,0
0.16873,0.62369,0.29469,2.2087,266.46,0.44591,0.16873,0.49509,1.1474,0.30878,0.16873,0.69205,0.45595,0.16873,1261.5,0.28933,1.6034,0.16873,0.42634,40.011,0.98729,0.16807,0.42634,0.51897,0.30878,0.28933,4.8727,0.63856,4.2046,1.0419,0.42634,258,1.4147,0.26948,0.16807,0.51971,1.3034,0.68866,0.42468,0.88601,0.11405,0.42468,297.42,257.41,3.8892,2.0308,45.909,0.15635,0.39506,0.86342,0.24381,0.70685,0.66909,1.4922,4720.2,0.12846,0.54644,0.87154,1.2302,9.1224,1.418,224.86,1.6232,0.85757,0
0.11067,0.31539,0.56419,2.7889,27.981,0,0.11673,2.1707,5.9265,0.68461,0.14005,0.37012,0.040276,0.11673,482.28,0.75682,3.1707,0.11673,0.019697,5.4088,0.98138,0.14005,0.018674,-0.025044,0.29317,0.73761,6.0071,4.6858,2.1063,0.057944,0.023631,19.894,18.347,18.347,0.13997,5.9265,,0.68461,0.023617,0.025616,0.040125,0.023631,53.675,48.266,1.2602,2.5104,5.5396,0.018084,0.003051,2.7889,0.31539,0.054505,5.6859,5.6859,72.068,0.023617,0.16166,0.98037,0,67.483,7.5623,19.424,18.791,49.221,0
0.1262,0.10931,0.85953,24.884,818.92,0,0.1262,8.1483,0.51703,0.89069,0.1262,3.5068,0.24409,0.1262,316.14,1.1545,9.1483,0.1262,0.24409,0,0.93901,0,0.24409,,0.71013,1.1545,,8.2266,3.7434,0.034427,0.52626,34.784,10.493,3.4547,0.036218,0.51703,,0.89069,0.07005,2.5566,,0,567.25,567.25,,24.884,0,0,0,8.1925,0.035988,0.095297,8.5248,8.5248,4760.3,0.26961,0.14169,0.73223,0,,0.64346,25.406,14.367,4.9485,0
-0.28338,0.97794,-0.12514,0.64902,-56.126,-1.3298,-0.28338,0.022514,1.3943,0.022018,-0.28338,-0.79478,-0.20324,-0.28338,-1259.6,-0.28977,1.0226,-0.28338,-0.20324,37.196,,-0.26922,-0.20324,-0.28338,-1.6133,-0.28977,-6.1342,-0.16283,4.1774,0.6978,-0.17565,96.479,4.8215,1.7579,-0.2354,1.4796,0.16297,0.5701,-0.16883,0.016216,-0.12108,-0.19309,59.065,21.869,-1.9944,0.41473,30.168,-0.26922,-0.19309,0.23663,0.35655,0.20741,0.028649,0.74181,-1883,0.032555,-12.871,0.97208,24.893,9.8129,16.691,93.338,3.9105,1.8143,1
0.013758,0.25672,0.47092,3.528,-72.556,0.043045,0.018413,2.8891,1.1101,0.74169,0.018413,0.098845,0.093082,0.018413,1405,0.25979,3.8952,0.018413,0.025698,298.97,1.0374,0.075671,0.019202,0.057044,0.74169,0.24166,1.1724,1.3738,4.9362,0.35029,0.025698,105.34,3.4649,0.29475,0.075671,0.73407,0.99829,0.81214,0.10561,0.05443,0.068093,0.10561,329.63,30.659,0.023443,0.37752,331.88,0.02739,0.038227,2.56,0.18628,0.28861,2.1636,2.3692,40663,0.099188,0.01855,0.90081,0.094979,1.2209,11.905,94.894,3.8464,2.0902,0
0.089741,0.29319,0.26723,1.9114,-27.743,0.061186,0.11798,2.3954,1.1638,0.70233,0.11798,0.4024,0.15389,0.11798,748.86,0.48741,3.4107,0.11798,0.12705,128.12,2.2835,0.13287,0.096641,0.081719,0.70233,0.39108,1.6653,0.60793,5.0079,0.18142,0.12705,134.13,2.7213,0.45318,0.13287,0.93263,,0.70233,0.14309,0.42826,0.061089,0.14309,170.93,42.804,0.27531,0.79969,149.12,0.10795,0.11625,1.9114,0.29319,0.36747,1.5977,1.5977,27214,0.14078,0.12778,0.85922,0,2.8488,8.5271,115.24,3.1672,2.1125,0
0.004044,0.27003,0.26812,2.5107,50.117,0,0.005984,2.7034,1.4981,0.72997,0.00934,0.033715,0.08276,0.005984,794.96,0.45914,3.7034,0.005984,0.003994,16.208,1.1992,0.008795,0.0027,0.083314,0.041774,0.45196,2.6203,0.48363,4.2959,0.11365,0.005393,41.655,8.7624,5.7593,-0.057083,1.4981,67.373,0.7356,-0.038104,0.57073,0.070989,0.005871,83.89,67.682,0.060795,2.1359,15.613,-0.1092,-0.072895,1.6502,0.17748,0.11412,1.3167,1.3269,5299,-0.038104,0.00554,0.99619,0.007708,22.52,5.3929,43.242,8.4408,2.7022,0
0.091267,0.21622,0.24279,2.8728,15.309,0,0.091267,3.6249,3.0481,0.78378,0.099235,0.704,0.044508,0.091267,581.74,0.62743,4.6249,0.091267,0.029943,14.34,1.3547,0.09741,0.029943,0.18433,0.7834,0.62743,12.226,0.38688,4.2622,0.035491,0.031936,16.107,22.662,13.587,0.11022,3.0481,3.9323,0.84804,0.036162,0.83339,0.050825,0.031958,31.66,17.321,0.76215,1.9491,14.878,0.053015,0.017393,1.7225,0.12964,0.044128,1.2489,1.3513,4440.4,0.036162,0.11644,0.97015,0.081984,25.454,21.073,15.524,23.512,4.857,0
0.080596,0.41231,0.3879,1.988,7.1385,0,0.095936,1.4254,8.8349,0.58769,0.10222,0.24436,0.010859,0.095936,1568.7,0.23268,2.4254,0.095936,0.010859,8.7737,1.021,0.099782,0.009122,0.3074,0.56814,0.19547,25.834,1.7685,3.8193,0.035901,0.011296,17.974,22.266,21.202,0.11849,8.8418,,0.58769,0.013411,0.24788,0.13774,0.011294,28.225,19.451,0.37951,0.7888,8.8671,0.099782,0.011294,1.893,0.3926,0.044911,2.6793,2.6793,2559,0.097591,0.13714,0.9046,0,41.602,18.765,16.22,22.503,40.279,1
0.009821,0.47304,0.34491,1.7349,5.8332,0,0.012955,1.114,2.3265,0.52696,0.017155,0.027605,0.019686,0.012955,3770,0.096816,2.114,0.012955,0.005569,9.7282,0.88232,0.014264,0.004221,0.91814,0.51795,0.09019,3.3968,1.8565,4.2259,0.14087,0.007365,73.852,4.9423,4.9033,0.007005,2.3265,,0.52696,0.003011,0.8335,0.33473,0.006131,66.372,56.644,0.15838,1.6028,9.7576,-0.018579,-0.007986,1.7212,0.46931,0.20234,2.8364,2.8364,5802.5,0.003011,0.018637,0.99446,0,37.52,6.4438,73.63,4.9572,12.523,0
0.02008,0.84889,0.091043,1.1072,-12.541,0,0.027834,0.178,2.8209,0.15111,0.051114,0.032789,0.024415,0.027834,4499,0.08113,1.178,0.027834,0.009867,23.685,1.2302,0.050414,0.007118,0.043305,0.061879,0.071995,2.1656,1.5158,3.7669,0.26516,0.012826,112.22,3.2526,3.2526,0.059725,2.8209,,0.15111,0.021172,0.12212,0.30942,0.017872,108.21,84.522,0.1097,0.89162,24.197,0.009378,0.003324,1.1072,0.84889,0.30744,2.5158,2.5158,532.27,0.021172,0.13289,0.99095,0,15.411,4.3184,109.84,3.323,46.966,0
0.031745,0.12482,0.55509,5.4471,51.198,0,0.039786,7.0115,2.4405,0.87518,0.039786,0.31875,0.043783,0.039786,426.37,0.85606,8.0115,0.039786,0.016302,23.923,1.4934,0.039605,0.013007,0.24209,0.83107,0.79164,,1.7342,2.7909,-0.050742,0.016302,18.849,19.365,19.365,0.023432,2.4405,,0.87518,0.009601,2.4802,0.039004,0.016228,55.386,31.463,0.19845,4.1656,24.155,-0.027464,-0.011253,5.4471,0.12482,0.051641,2.7342,2.7342,342.95,0.009601,0.036273,0.98381,0,15.257,11.601,18.668,19.552,7.6246,0
0.024212,0.1656,0.042116,1.3389,-7.669,0,0.033915,5.0386,0.8358,0.8344,0.033967,0.27294,0.1158,0.033915,624.51,0.58446,6.0386,0.033915,0.040578,3.7317,1.167,0.027196,0.028969,0.11205,0.75929,0.52587,517.93,0.050521,5.4165,0.19578,0.04064,56.235,6.4906,4.8701,0.029298,0.8358,,0.8344,0.035054,0.41354,0.061287,0.032539,50.216,46.484,2.8334,1.2702,3.8673,-0.035677,-0.042686,1.0046,0.12426,0.15407,1.0009,1.0009,10988,0.035054,0.029017,0.95981,0,97.811,7.8521,54.264,6.7264,1.0026,0
-0.34226,0.99933,-0.11864,0.88128,-243.06,0.33468,-0.34226,0.00073,0.84058,0.00073,-0.3063,-0.3425,-0.37112,-0.34226,-1169.2,-0.31217,1.0007,-0.34226,-0.40718,286.12,0.38243,-0.30637,-0.40718,-0.66907,-0.007696,-0.31217,-8.5184,-0.99397,3.7733,1.1785,-0.38269,317.41,1.1888,1.1888,-0.30856,0.88162,,0.00073,-0.36708,0.012816,-0.12066,-0.36447,376.85,90.738,-0.51944,0.67218,209.29,-0.33668,-0.40053,0.88128,0.99933,0.86963,0.006114,0.006114,-704,-0.36708,-469.05,1.3475,0,1.2757,4.0226,433.93,0.84115,7.0425,1
0.089644,0.63272,0.18301,1.2903,-7.9102,0.042253,0.089644,0.58049,1.0206,0.36728,0.089644,0.14219,0.019803,0.089644,1825.1,0.19998,1.5805,0.089644,0.01403,18.513,1.0146,0.12429,0.01403,0.042253,0.36728,0.19998,0.19851,0.98104,4.6102,0.09801,0.01403,36.753,9.931,0.19643,0.12429,6.407,214.6,0.36956,0.019451,0.003424,0.12906,0.019451,46.344,27.831,0.27661,0.77624,18.894,0.087396,0.013678,1.2856,0.63044,0.10069,1.9688,1.981,7458.3,0.020148,0.24407,0.97985,0.006209,19.716,13.115,36.013,10.135,34.252,0
-0.042076,0.81647,-0.11812,0.82519,-119.23,0.035687,-0.042218,0.1885,1.0007,0.1539,-0.042218,-0.06248,0.018123,-0.042218,14036,0.026004,1.2248,-0.042218,-0.036037,77.068,0.91847,0.010376,-0.035916,0.062652,0.1539,0.026178,0.088631,-0.26698,4.8168,0.62409,-0.036037,210.67,1.7326,0.012709,0.010376,1.2028,2.2037,0.29468,0.008857,0.12811,0.3636,0.008857,146.75,69.682,-0.1701,0.45911,77.12,-0.053074,-0.045303,0.68292,0.6757,0.57717,0.34787,0.66606,-7746.9,0.000683,-0.2734,0.99932,0.91468,4.7361,5.2381,210.52,1.7338,2.648,0
0.024517,0.88351,-0.23171,0.64974,-63.639,0,0.024517,0.13185,1.4952,0.11649,0.03148,0.037061,0.088304,0.024517,2442.5,0.14944,1.1318,0.024517,0.016397,3.301,0.80531,0.031177,0.016397,0.1281,0.024517,0.14944,4.4775,-0.40639,3.6859,0.56772,0.021008,160.26,2.2776,1.7054,-0.011545,1.4952,,0.11649,-0.007722,0.055594,0.21235,0.020852,95.952,92.651,1.8131,0.6293,3.2757,-0.076336,-0.051055,0.48651,0.66154,0.43906,0.20431,0.20431,-1124.1,-0.007722,0.21046,0.98416,0,110.57,3.9395,161.49,2.2602,2.6224,0
0.063718,0.27648,0.066849,1.2903,0.69055,0.19983,0.081665,2.2767,1.0456,0.62947,0.081665,0.35469,0.18809,0.081665,750.1,0.4866,3.6169,0.081665,0.11417,30.868,1.012,0.074303,0.089083,0.25186,0.62947,0.42169,1.0862,0.095104,4.992,0.34481,0.11417,122.85,2.9712,0.26874,0.074303,0.78708,5.1166,0.67571,0.10388,0.15201,0.071475,0.10388,133.75,102.88,1.0534,1.0276,32.275,0.021431,0.029962,1.0745,0.23024,0.33656,0.89552,0.96131,6562.4,0.043585,0.10123,0.95642,0.073462,11.824,3.5479,117.49,3.1066,1.0176,0
0.22497,0.4855,0.18984,1.4227,27.686,0,0.22497,1.0598,1.3055,0.5145,0.24405,0.50094,0.21455,0.22497,632.68,0.57691,2.0598,0.22497,0.17233,17.064,0.85746,0.23884,0.17233,1.1287,0.3802,0.57691,12.522,0.52579,3.4038,0.041166,0.18153,95.938,3.8045,3.5194,-0.40317,1.3055,,0.5145,-0.30883,0.96503,0.055053,0.18295,57.469,40.405,3.6862,1.2868,13.037,0.18373,0.14074,1.3161,0.44911,0.26284,1.425,1.425,481.01,-0.30883,0.43726,1.3234,0,21.39,9.0335,125.57,2.9068,3.6157,1
0.018283,0.47326,0.012127,1.026,-61.231,0,0.02267,1.113,2.0093,0.52674,0.035079,0.048515,0.025569,0.02267,3362.3,0.10856,2.113,0.02267,0.011283,61.011,0.71609,0.035079,0.009099,1.22,0.092894,0.099286,2.8268,0.023294,2.0926,0.23393,0.017459,86.63,4.2361,4.1826,0.040476,2.0093,,0.52674,0.020145,0.024171,0.24732,0.017459,85.036,24.025,0.054437,0.3072,61.93,0.006374,0.003173,1.013,0.46728,0.23607,1.0118,1.0118,1.501,0.020145,0.03471,0.99133,0,5.9825,15.192,84.885,4.2999,3.8595,1
0.037705,0.23064,0.57897,3.5452,-6.3397,0.071418,0.046967,3.0292,1.0279,0.69866,0.046967,0.20647,0.035808,0.046967,1222.7,0.29852,4.3357,0.046967,0.024425,115.34,1.334,0.052168,0.019609,0.092801,0.69866,0.25837,0.27886,2.9913,4.4676,0.11799,0.024425,44.383,8.2239,0.22618,0.052168,1.9331,62.756,0.70183,0.02713,0.033827,0.1024,0.02713,151.62,36.286,0.062057,0.87417,118.55,0.030281,0.015748,3.4965,0.22747,0.1216,3.6097,3.6261,16993,0.027107,0.053968,0.97289,0.004535,3.1647,10.059,43.18,8.4531,9.9346,0
0.042021,0.64519,0.17294,1.2692,1152.9,0,0.0525,0.54993,4.347,0.35481,0.05353,0.081724,0.012077,0.0525,4485.6,0.081371,1.5499,0.0525,0.012077,0,0.89628,0.053535,0.009667,-0.15917,0.11067,0.06513,51.962,0.93654,2.3113,0.022655,0.012314,54.614,6.6835,6.6546,0.053623,4.347,,0.35481,0.012336,0.85798,0.40172,0.012315,22.182,22.182,,1.2692,0,0.053535,0.012315,1.2637,0.6424,0.14962,1.9214,1.9214,35.418,0.012336,0.11843,0.98793,0,,16.455,53.94,6.7668,23.541,0
0.000266,0.65037,0.063386,1.1493,-14.475,0.006137,0.002881,0.50429,1.0392,0.32798,0.002881,0.006786,0.04027,0.002881,3639.2,0.1003,1.5376,0.002881,0.001779,14.545,1.1122,0.05393,0.000164,0.017637,0.32798,0.096276,0.34598,0.12378,5.2562,0.37685,0.001779,99.411,3.6716,0.082922,0.05393,1.6372,1.8747,0.55381,0.033294,0.23309,0.18389,0.033294,87.649,73.104,0.004127,0.99726,15.115,-0.008419,-0.005197,0.75023,0.42454,0.27236,0.64049,1.0815,11435,0.037686,0.000812,0.96231,0.68856,25.094,4.9929,95.664,3.8154,3.1632,0
0,0.34247,0.55861,2.6347,-15.601,0.035822,0.043715,1.9199,1.6181,0.65753,0.061461,0.12793,0.033938,0.043715,2276.3,0.16035,2.9199,0.043715,0.027017,140.13,0.92336,0.046661,0,0.099992,0.61448,0.032702,2.6295,5.604,3.3661,0.10833,0.034504,79.398,4.6452,4.6349,0.047188,1.6488,,0.65753,0.029163,0.50597,0.1973,0.028838,164.09,23.962,0,0.81683,142.84,0.035462,0.021916,2.6289,0.34171,0.21527,6.5963,6.5963,1297.7,0.029163,0,0.97349,0,2.6048,15.233,77.082,4.7352,16.233,0
0.45888,0.23124,0.61695,4.1502,56.842,0,0.45888,3.3245,1.8545,0.76876,0.46228,2.343,0.27962,0.45888,162.77,2.2425,4.3245,0.45888,0.24744,75.993,1.0504,0.45856,0.24744,1.3112,0.74847,2.2425,134.84,3.2957,3.3262,0.017569,0.24927,50.375,7.2457,6.1366,0.43546,1.8545,18.946,0.79128,0.23481,1.0971,0.014874,0.24727,117.68,41.691,1.1885,2.1787,99.313,0.39889,0.21509,3.5149,0.19585,0.13801,4.1066,4.2269,1307.5,0.23481,0.59691,0.75609,0.029295,4.8031,8.7549,38.546,9.4692,9.9065,0
0.013685,0.38706,0.13673,1.3533,-1.4646,0.020173,0.02421,1.3323,1.0193,0.51568,0.02421,0.062549,0.035722,0.02421,1482.7,0.24617,2.5836,0.02421,0.009077,18.848,1.035,0.031643,0.005131,0.039998,0.51568,0.21898,0.12092,0.28712,4.5788,0.14456,0.009077,53.987,6.7609,0.081751,0.031643,2.6785,,0.51568,0.011863,0.027966,0.12389,0.011863,70.194,51.346,0.099354,0.99739,19.212,-0.039431,-0.014783,1.3533,0.38706,0.14791,1.0829,1.0829,5183.5,0.018922,0.026538,0.98108,0,19.365,7.1086,52.966,6.8913,5.6013,0
0.091582,0.52143,0.034666,1.0704,-31.128,0.19812,0.1132,0.79696,1.0474,0.41556,0.1132,0.22999,0.085605,0.1132,1094.6,0.33345,1.9178,0.1132,0.055735,34.635,1.2799,0.1487,0.04509,0.24627,0.41556,0.29199,0.76681,0.07327,4.3864,0.2476,0.055735,92.646,3.9397,0.28517,0.1487,2.0958,11.436,0.44478,0.073211,0.0465,0.08188,0.073211,90.57,55.936,0.47519,0.67887,36.276,0.08803,0.043341,1.0104,0.49221,0.25383,0.87833,0.94009,843.92,0.045255,0.22038,0.95474,0.07031,10.539,6.5254,88.454,4.1265,4.2929,0
0.31511,0.17202,0.63507,4.6918,160.53,0,0.31511,4.8132,1.2321,0.82798,0.31511,1.8318,0.25575,0.31511,199.26,1.8318,5.8132,0.31511,0.25575,28.62,1.9325,0,0.25575,0.35275,0.7825,1.8318,,3.2921,3.0412,-0.12475,0.56153,51.996,7.0198,7.0198,0.025248,1.2321,,0.82798,0.020491,1.8935,,0,142.6,113.98,3.2617,4.1302,29.202,0,0,4.6918,0.17202,0.14245,4.2921,4.2921,698.21,0.019924,0.38058,0.98013,0,12.753,3.2024,50.96,7.1625,6.387,0
0.11806,0.20987,0.17792,1.9303,83.777,0,0.1182,3.7649,0.89095,0.79013,0.13124,0.618,0.1846,0.1182,465.74,0.7837,4.7649,0.1182,0.13266,2.0916,1.1007,0.13086,0.13251,0.16832,0.45087,0.78303,10.033,0.28204,3.8119,0.22931,0.1473,88.491,4.1247,3.7589,0.10207,0.89095,,0.79013,0.11457,0.029097,0.039493,0.14687,148.96,146.87,23.123,1.9036,2.3622,0.084581,0.094933,1.7591,0.19126,0.24244,1.2525,1.2525,1153.8,0.11457,0.14941,0.8731,0,174.51,2.4852,78.353,4.6584,1.4124,0
0.069413,0.48833,0.19308,1.4098,7.6475,0.30967,0.088953,0.98903,1.0608,0.48297,0.088953,0.1888,0.073244,0.088953,1411.4,0.2586,2.0478,0.088953,0.051592,32.93,1.1008,0.099985,0.040259,0.39089,0.48297,0.21859,0.61519,0.57505,5.0493,0.28234,0.051592,105.81,3.4496,0.20475,0.099985,1.7612,29.609,0.50015,0.057991,0.011303,0.11692,0.057991,139.49,106.56,0.44623,1.0797,34.934,0.062654,0.036339,1.3602,0.47115,0.28989,1.4384,1.4896,21629,0.057356,0.14372,0.94264,0.035571,11.084,3.4254,99.741,3.6595,5.135,0
-0.033672,0.65339,0.13696,1.3042,-117.91,0,-0.031321,0.53048,0.72907,0.34661,-0.010726,-0.069569,0.04644,-0.031321,7043.7,0.051819,1.5305,-0.031321,-0.042961,178.14,1.1434,-0.017693,-0.046185,-0.021305,0.34129,0.048221,-0.85909,0.33177,4.2743,0.8893,-0.028614,216.22,1.6881,1.1632,-0.030936,0.72907,1.4968,0.50117,-0.042433,0.030519,0.45865,-0.024268,287.09,108.95,-0.09463,0.51387,170.89,-0.082873,-0.11367,0.89867,0.45022,0.5924,0.83963,1.214,2575.9,-0.042433,-0.097147,1.0406,0.44593,2.0489,3.3503,225.4,1.6193,1.7661,0
0.22133,0.47823,0.080464,1.1683,-15.495,0,0.22133,1.0911,1.753,0.52177,0.26985,0.46281,0.15471,0.22133,643.62,0.5671,2.0911,0.22133,0.12626,25.164,1.0901,0.23885,0.12626,0.6923,0.39239,0.5671,4.9226,0.18233,3.9917,0.26926,0.13424,115.57,3.1582,3.1582,0.24262,1.753,,0.52177,0.13841,0.060015,0.055211,0.13626,110.35,85.19,1.8314,0.91555,29.206,0.18898,0.1078,1.1683,0.47823,0.31664,1.1823,1.1823,789.48,0.13841,0.42419,0.87595,0,14.505,4.2845,99.576,3.6655,3.9722,0
0.17995,0.23222,0.74656,4.2148,55.062,0,0.22084,3.3062,2.4542,0.76778,0.22097,0.951,0.091546,0.22084,377.28,0.96746,4.3062,0.22084,0.089987,40.22,1.3045,0.17329,0.073325,0.78069,0.7621,0.79137,1411.9,35.19,3.9453,0.034606,0.090037,38.186,9.5584,9.5584,0.23448,2.4542,,0.76778,0.095542,1.2251,0.043706,0.070609,103.26,63.038,0.66543,3.0503,44.469,0.16946,0.06905,4.2148,0.23222,0.10462,36.19,36.19,6581.7,0.095542,0.23438,0.91189,0,9.0751,5.7902,34.538,10.568,115.68,0
0.035883,0.038585,0.25317,8.7974,154.17,0.13844,0.043081,20.18,1.0434,0.77865,0.043081,1.3269,0.19247,0.043081,103.37,3.531,25.917,0.043081,0.06086,1.2993,0.97404,0.036317,0.050691,0.17332,0.77865,3.3445,0.53529,0.3544,4.4266,-0.19483,0.06086,17.468,20.896,0.94121,0.036317,0.78832,46.287,0.78477,0.051304,5.436,0.009797,0.051304,56.276,54.977,14.24,8.7198,1.3557,-0.056846,-0.080306,7.4028,0.032468,0.047856,1.09,1.0986,6761.5,0.041554,0.046083,0.95845,0.007855,280.91,6.6392,16.742,21.802,0.9909,0
0.030069,0.58084,0.004893,1.0101,-9.063,0,0.03983,0.72163,4.6379,0.41916,0.044012,0.082162,0.017624,0.03983,2593.8,0.14072,1.7216,0.03983,0.008588,8.1848,1.3614,0.044012,0.006483,0.30611,0.26247,0.12391,10.523,0.009587,3.5039,0.10499,0.008588,38.504,9.4795,7.9115,0.042511,4.6379,4.1023,0.51317,0.009166,0.22572,0.22535,0.00949,29.925,21.74,0.28912,0.79556,8.2605,0.002105,0.000454,0.84302,0.48477,0.10549,0.82133,1.0055,15.613,0.009166,0.071737,0.99141,0.22429,44.595,16.789,38.151,9.5672,9.0879,0
0.11599,0.2445,0.24948,2.5102,-0.50147,0,0.11599,3.09,1.2059,0.7555,0.13009,0.70211,0.12721,0.11599,581.77,0.6274,4.09,0.11599,0.096187,75.433,1.0486,0.1278,0.096187,0.34511,0.28287,0.6274,9.0588,0.42624,4.2821,0.10642,0.099683,55.488,6.578,4.4445,0.11918,1.2059,2.3239,0.82671,0.098831,0.71374,0.049332,0.10598,89.831,14.398,0.46542,1.0017,83.706,0.090386,0.074956,1.696,0.1652,0.15202,1.2908,1.4124,4777.2,0.098831,0.15352,0.90532,0.094251,4.8387,25.351,50.004,7.2994,2.0602,0
0.11513,0.37927,0.26031,1.8833,129.18,0,0.11777,1.6366,0.66398,0.62073,0.14577,0.39962,0.19778,0.11777,1054.2,0.34625,2.6366,0.11777,0.17736,35.013,0.93974,0.10663,0.1734,0.38991,0.61706,0.3393,3.8071,0.58499,5.0374,0.15446,0.18979,193.22,1.8959,1.4731,0.10728,0.70447,6.0392,0.70208,0.16157,0.94236,0.10519,0.16059,152.43,117.42,1.8076,1.6672,41.612,0.093073,0.14017,1.4634,0.2947,0.52747,1.3949,1.5777,28374,0.16157,0.18548,0.83283,0.13106,10.425,3.1085,162,2.2531,1.4921,0
0.10037,0.16492,0.53255,5.9175,238.78,0.30858,0.1205,5.0634,1.166,0.83508,0.1205,1.1127,0.21151,0.1205,397.47,0.9183,6.0634,0.1205,0.16829,73.876,0.91313,0.097931,0.14018,0.30448,0.83508,0.79626,1.5947,1.4828,5.2682,-0.29413,0.16829,64.365,5.6708,0.5938,0.097931,0.74855,8.7575,0.8917,0.13677,3.4752,0.042071,0.13677,134.82,60.947,0.69257,4.5793,86.138,0.066983,0.093545,3.8857,0.1083,0.17634,2.3251,2.4828,98747,0.14235,0.1202,0.85765,0.067811,4.9407,5.9888,55.203,6.612,1.9937,0
0.023544,0.75126,0.088327,1.1253,-45.718,0.04653,0.029613,0.32989,1.0438,0.24783,0.029613,0.042016,0.021399,0.029613,6005.9,0.060774,1.3311,0.029613,0.01388,58.753,1.2438,0.073655,0.011035,0.059046,0.24783,0.052695,0.36034,0.42697,5.1872,0.35063,0.01388,125.86,2.9002,0.098043,0.073655,2.1551,9.6804,0.29429,0.034522,0.007956,0.27535,0.034522,134.72,75.972,0.068554,0.63804,61.326,0.057612,0.027002,1.0557,0.7048,0.34481,1.198,1.4226,13593,0.041966,0.094998,0.95803,0.18744,6.2125,4.8044,120.57,3.0272,10.314,0
-0.81819,0.4469,0.51312,2.1482,-6.9947,-1.8389,-0.81915,1.2376,0.81047,0.55306,-0.81915,-1.833,-0.30546,-0.81915,-207.69,-1.7574,2.2377,-0.81915,-0.31859,80.007,0.79977,-0.84674,-0.31822,-1.8245,0.55306,-1.7553,-2.669,12.834,2.8055,0.17252,-0.31859,51.417,7.0988,-1.8947,-0.84674,2.6203,,0.55306,-0.32932,0.030955,-0.018073,-0.32932,134.32,54.313,-1.4518,0.88707,64.843,-0.88051,-0.34245,2.1482,0.4469,0.14087,13.832,13.832,327.9,-0.23385,-1.4794,1.2339,0,4.5621,6.7203,63.441,5.7534,64.307,0
0.025527,0.289,0.075241,1.3781,12.15,0,0.025527,2.4602,1.2643,0.711,0.026603,0.12829,0.046432,0.025527,1796.9,0.20313,3.4602,0.025527,0.02019,10.777,1.018,0,0.02019,0.095351,0.61369,0.20313,0,0.10367,3.5423,0.21879,0.04038,64.393,5.6683,3.9027,0.013852,1.2643,,0.711,0.010956,0.067046,0.29035,0,75.314,64.537,0.6838,1.1905,12.081,-0.033179,-0.026242,0.94887,0.19899,0.17642,0.97964,0.97964,262.25,0.10791,0.035904,0.89299,0,33.868,5.6557,57.445,6.3539,1.7421,0
0.03022,0.54552,0.18012,1.5443,-39.349,0,0.052245,0.83312,1.7231,0.45448,0.13459,0.15789,0.042864,0.052245,2695.9,0.13539,1.8331,0.052245,0.030321,53.334,1.2704,0.069196,0.017538,0.15546,0.43143,0.095018,0.84029,0.36835,7.6615,0.31659,0.030321,75.551,4.8544,2.9445,0.12447,1.7231,1.2079,0.6691,0.072238,0.30434,0.20024,0.040158,86.915,33.58,0.12002,0.78342,57.213,0.047582,0.027614,0.93675,0.3309,0.206,0.92944,1.3684,1.5443,0.072238,0.066493,0.93918,0.47223,6.8436,10.87,70.093,5.2074,3.5238,0
0.045908,0.61688,0.44307,2.8943,42.92,0,0.06148,0.62105,1.2764,0.38312,0.081816,0.26285,0.10309,0.06148,1711.2,0.2133,1.6211,0.06148,0.048165,86.572,1.2621,0.055468,0.035965,0.10821,0.3657,0.18806,2.7275,1.3716,3.7367,0.47518,0.052448,68.457,5.3318,2.0216,0.029363,1.2764,,0.38312,0.023003,0.044187,0.16375,0.043455,190.62,104.05,0.15164,1.5999,88.61,-0.014636,-0.011466,1.0974,0.2339,0.18755,1.186,1.186,2416.6,0.023003,0.11983,0.95503,0,4.2162,3.5079,66.883,5.4573,3.9515,0
0.058661,0.11337,0.52527,6.1714,99.643,0,0.058661,7.8209,1.0233,0.88663,0.058661,0.57754,0.07003,0.058661,577.42,0.63213,8.8209,0.058661,0.057325,103.83,0.86208,0,0.057325,0.19316,0.79767,0.63213,,1.4076,3.9725,-0.010642,0.131,43.691,8.3542,7.4849,0.004752,1.0233,,0.88663,0.004644,1.2518,0.29065,0,178.23,74.398,0.20151,3.3054,125.22,-0.013002,-0.012705,5.5292,0.10157,0.1197,2.376,2.376,4930.2,0.17078,0.066161,0.85612,0,3.5152,4.9061,36.229,10.075,2.7423,0
-0.21721,0.13811,0.2562,2.8641,70.784,-0.36104,-0.21516,5.1977,0.91392,0.71783,-0.21516,-1.5655,-0.27994,-0.21516,-308.19,-1.1843,7.2408,-0.21516,-0.36826,85.887,1.9524,-0.10674,-0.37177,-0.38417,0.71783,-1.1992,-1.6696,0.42251,4.8021,0.18241,-0.36826,78.471,4.6514,-0.77286,-0.10674,0.6051,384.86,0.71849,-0.18269,0.25242,-0.08235,-0.18269,224.24,138.35,-1.5799,1.8638,78.494,-0.15834,-0.271,2.8503,0.13744,0.21499,1.1838,1.1849,16244,-0.094187,-0.30259,1.0942,0.000927,4.2498,2.6382,85.861,4.251,0.96355,0
0.057099,0.41573,0.20483,1.5208,-47.314,-0.000296,0.057099,1.4054,1.7705,0.58427,0.065658,0.14517,0.05372,0.057099,1595.4,0.22878,2.4054,0.057099,0.03225,87.159,0.89628,0.065404,0.03225,0.98237,0.085726,0.22878,7.6416,0.50971,4.713,0.22871,0.037012,84.845,4.3755,4.1396,0.078456,1.7705,13.144,0.59761,0.044313,0.035638,0.134,0.036941,120.42,33.263,0.13506,0.44586,89.668,0.027391,0.015471,1.4388,0.39332,0.22855,1.4539,1.4871,10577,0.044313,0.097728,0.97685,0.022836,4.1877,10.973,81.085,4.5014,4.4059,0
-0.034547,0.20379,0.44192,13.281,276.62,-0.032334,-0.033575,3.907,0.58391,0.79621,-0.025596,-0.93307,0.25821,-0.033575,493.34,0.73985,4.907,-0.033575,-0.0575,71.159,1.0486,-0.037001,-0.059165,,-0.066881,0.73508,-4.6372,0.84643,4.4398,-0.011717,-0.043835,21.497,16.979,2.9981,-0.027066,0.58391,3.1002,0.91364,-0.046352,5.8608,0.046102,-0.063368,166.91,95.748,-0.30348,10.118,68.007,-0.22135,-0.37908,2.3451,0.035983,0.058895,1.525,1.7499,12166,-0.046352,-0.043389,1.0553,0.14749,5.1294,3.8121,22.493,16.227,1.1184,0
0.041855,0.69899,-0.008758,0.98429,-44.002,0.089817,0.052868,0.3973,1.042,0.27771,0.052868,0.094829,0.033667,0.052868,3046.6,0.1198,1.4306,0.052868,0.021255,36.054,1.2344,0.087063,0.016827,0.10844,0.27771,0.10405,0.36471,-0.019409,5.2327,0.25882,0.021255,85.244,4.2818,0.12456,0.087063,2.5107,2.142,0.41919,0.035002,0.15921,0.19485,0.035002,67.501,31.446,0.17035,0.54359,37.567,0.056189,0.02259,0.78506,0.55751,0.23355,0.61542,0.92896,-1496.6,0.040275,0.15072,0.95973,0.50946,10.124,11.607,81.811,4.4615,5.5122,0
0.039104,0.44589,0.18544,1.5338,-4.6849,0.070655,0.043606,1.1294,1.0058,0.5036,0.043606,0.12552,0.051023,0.043606,1666,0.21909,2.2427,0.043606,0.022776,39.887,1.1756,0.046508,0.020424,0.082293,0.5036,0.20899,0.24432,0.39695,4.8121,0.22316,0.022776,66.609,5.4797,0.10431,0.046508,1.9799,3.2856,0.60209,0.024292,0.054469,0.14573,0.024292,97.974,58.086,0.1869,0.93154,40.117,-0.007573,-0.003955,1.195,0.34739,0.18249,1.078,1.2888,12030,0.005731,0.077649,0.99427,0.19558,9.1508,6.2837,66.228,5.5113,4.0983,0
0.12713,0.2228,0.59975,3.7056,54.832,0,0.15912,3.4883,1.6051,0.7772,0.21635,0.71783,0.11308,0.15912,448.06,0.81463,4.4883,0.15912,0.099136,82.843,1.1882,0.16078,0.079205,0.3742,0.66256,0.67104,2.8096,3.3585,3.8511,-0.042145,0.09924,55.875,6.536,6.5029,0.15703,1.6652,,0.7772,0.097835,1.3923,0.040549,0.10017,116.61,33.767,0.34897,2.0621,91.776,0.1384,0.086224,3.6868,0.22167,0.153,4.3522,4.3522,4256.3,0.097835,0.16358,0.90444,0,4.4059,10.809,50.409,7.2408,8.9884,0
0.012544,0.66273,0.009859,1.0153,-23.911,0.12124,0.012544,0.38133,0.94874,0.25272,0.012544,0.019479,0.019138,0.012544,4534,0.080503,1.5089,0.012544,0.0045,25.677,1.0298,0.017773,0.0045,0.12516,0.25272,0.080503,0.060486,0.028481,4.3071,0.22991,0.0045,79.998,4.5626,0.026817,0.017773,2.9694,24.432,0.27146,0.006375,0.043486,0.37194,0.006375,81.944,56.267,0.063966,0.71079,24.361,-0.023035,-0.008263,0.98661,0.644,0.21917,0.7301,0.78422,199.93,-0.054025,0.049637,1.054,0.074134,14.215,6.487,84.32,4.3288,8.0536,0
-0.088121,0.91395,0.18762,1.2917,-65.825,0,-0.088121,0.094156,2.4679,0.086054,-0.082349,-0.13699,-0.022333,-0.088121,-6052.7,-0.060303,1.0942,-0.088121,-0.035708,94.358,0.86941,-0.082565,-0.035708,-0.066378,-0.072877,-0.060303,-14.304,1.1095,3.6739,0.36296,-0.033369,91.416,3.9927,2.8103,-0.10062,2.4679,0.7594,0.3401,-0.040772,0.048912,-0.61474,-0.033456,118.24,23.88,-0.13813,0.29991,90.662,-0.11557,-0.046831,0.90914,0.64329,0.25046,0.50891,2.0113,885.37,-0.040772,-1.024,1.0353,2.9522,3.8682,15.284,95.143,3.8363,14.594,0
0.055642,0.18549,0.27778,2.7523,33.661,0.082191,0.069882,4.3188,1.0828,0.80107,0.069882,0.44082,0.082973,0.069882,652,0.55982,5.3912,0.069882,0.05584,34.951,1.0793,0.067893,0.044461,0.10263,0.80107,0.48305,0.58743,0.49279,4.0748,0.11249,0.05584,50.064,7.2907,0.36603,0.067893,1.2663,11.738,0.82803,0.05425,0.6167,0.059874,0.05425,98.739,63.788,0.46431,1.9963,37.845,0.033936,0.027117,2.3522,0.15853,0.13716,1.4211,1.4689,3300.2,0.076472,0.069459,0.92353,0.033656,10.443,5.7221,46.235,7.8944,2.2201,0
-0.11585,0.69773,-0.037674,0.93798,-91.318,0,-0.11585,0.43322,1.393,0.30227,-0.091837,-0.19072,-0.036849,-0.11585,-4961.3,-0.073569,1.4332,-0.11585,-0.083169,87.588,0.76018,-0.094215,-0.083169,1.1302,0.2553,-0.073569,-3.9227,-0.087573,3.6861,0.49598,-0.06727,145.25,2.5317,2.2042,-0.13349,1.393,5.0987,0.34846,-0.095831,0.014186,-0.78331,-0.067635,147.04,59.454,-0.34659,0.38771,79.334,-0.15874,-0.11395,0.81664,0.60747,0.39499,0.70262,0.80999,-182.88,-0.095831,-0.38328,1.1213,0.15282,4.1672,6.1392,159.17,2.2931,3.238,1
-0.060726,0.87236,-0.089456,0.62328,-152.29,0.003879,-0.060726,0.14631,0.35923,0.12764,0.025209,-0.25573,-0.053893,-0.060726,-16447,-0.022192,1.1463,-0.060726,-0.16905,13.165,1.1615,0.025009,-0.16905,-0.031385,0.11072,-0.022192,0.29102,-0.105,4.094,2.4041,-0.092448,248.93,1.4662,0.39912,0.011051,0.35923,0.35314,0.51006,0.030762,0.15211,0.4381,0.069619,113.68,100.52,-4.6867,0.56872,13.583,-0.016357,-0.045535,0.16966,0.23746,0.68201,0.14981,0.59867,-1110.7,0.030763,-0.47577,1.1619,2.9962,27.725,3.6312,241.28,1.5128,0.42163,0
0.20413,0.29823,0.36336,2.3386,47.553,0,0.25387,2.3531,2.3484,0.70177,0.25708,0.93524,0.12828,0.25387,361.35,1.0101,3.3531,0.25387,0.1081,10.914,1.3987,0.23709,0.086926,0.70129,0.5569,0.84333,73.828,0.99499,3.237,0.1206,0.10899,46.929,7.7777,7.0792,0.23713,2.3484,50.535,0.71294,0.10098,0.13096,0.034947,0.10096,93.142,82.227,2.907,2.0799,12.14,0.18972,0.080788,2.1286,0.27145,0.12857,1.9216,1.9522,627.06,0.10098,0.29088,0.89281,0.01592,33.442,4.4389,42.19,8.6513,6.4305,0
0.10613,0.24896,0.44018,2.7681,7.6042,0.56955,0.10613,2.9479,1.0304,0.7339,0.10613,0.42631,0.033497,0.10613,586.32,0.62253,4.0167,0.10613,0.022939,27.159,1.1402,0.14815,0.022939,0.56955,0.7339,0.62253,0.32994,1.416,4.4917,0.036505,0.022939,20.238,18.036,0.59506,0.14815,4.7029,,0.7339,0.032019,0.33,0.041548,0.032019,47.884,20.725,0.30828,1.3852,27.986,0.099295,0.021461,2.7681,0.24896,0.055446,2.3609,2.3609,13656,0.02954,0.14462,0.97046,0,13.439,17.612,19.64,18.585,14.884,0
-0.074377,0.97524,0.023251,1.0239,-33.567,-0.093208,-0.074377,0.025385,3.5082,0.024757,0.049151,-0.076485,-0.0207,-0.074377,-4901.7,-0.074464,1.0254,-0.074377,-0.021201,35.099,1.283,0.04795,-0.021201,0.16326,-0.16291,-0.074464,0.38817,5.4063,3.3987,0.25408,-0.019423,102.56,3.5588,3.5486,0.047436,3.5082,,0.024757,0.013521,0.094917,0.654,0.013668,93.992,58.892,-0.22047,0.67699,35.581,0.046193,0.013167,1.021,0.97245,0.28099,5.7564,5.7564,58.231,0.013521,-3.0043,1.0211,0,10.399,6.1978,101.18,3.6076,815.72,0
0.13599,0.28416,0.65055,4.3716,55.603,0,0.17377,2.5191,3.1288,0.71584,0.18326,0.90061,0.069194,0.17377,479.09,0.76187,3.5191,0.17377,0.05554,22.565,1.0731,0.17843,0.043464,0.51415,0.62166,0.6289,18.818,4.1568,3.7543,0.023282,0.055546,23.835,15.313,10.398,0.17407,3.1288,,0.71584,0.055633,1.1333,0.042831,0.057028,72.892,50.327,0.70306,3.3691,23.894,0.13571,0.043374,2.9684,0.19295,0.065302,4.574,4.574,3695,0.055633,0.18998,0.94477,0,16.176,7.2526,22.509,16.216,19.992,0
0.002292,0.61729,0.29721,1.5869,66.284,-0.12135,0.012684,0.62,1.6666,0.38271,0.038992,0.025047,0.022611,0.012684,5979.1,0.061046,1.62,0.012684,0.007611,0.92176,1.2577,0.023691,0.001375,0.089341,0.37832,0.044211,0.90051,1.5133,4.0571,0.31323,0.007611,115.08,3.1717,2.6019,0.060473,1.6666,35.569,0.40519,0.036286,0.19188,0.4226,0.014215,154.72,153.8,0.54449,1.5786,0.95646,-0.001309,-0.000785,1.3018,0.50638,0.31529,1.9486,2.063,3389.5,0.036286,0.005988,0.99247,0.058723,395.98,2.3733,110.9,3.2911,8.4854,0
0.33175,0.18919,0.37526,2.9835,65.665,0.45693,0.42734,4.2857,2.071,0.81081,0.43654,2.2588,0.22653,0.42734,147.19,2.4797,5.2857,0.42734,0.20634,16.639,2.3619,0.43033,0.16018,0.82601,0.78868,1.9745,46.765,0.86159,3.6551,0.086964,0.20819,43.764,8.3401,8.3401,0.49316,2.071,,0.81081,0.23812,0.051552,0.013357,0.20778,97.761,81.122,3.5139,2.4845,21.839,0.38852,0.1876,2.9835,0.18919,0.1199,1.8616,1.8616,1695.9,0.23812,0.40916,0.79524,0,21.936,4.4994,33.343,10.947,4.755,0
0.15132,0.63282,0.10034,1.2023,-21.426,0,0.18831,0.58024,2.1476,0.36719,0.23539,0.37967,0.11445,0.18831,939.75,0.3884,1.5802,0.18831,0.087683,35.189,1.4601,0.23506,0.07046,0.35317,0.36386,0.32995,4.9929,0.24856,4.1768,0.28483,0.097947,94.297,3.8707,3.0338,0.22778,2.1476,4.2092,0.45967,0.10606,0.050895,0.072107,0.10945,97.059,61.869,0.73084,0.78485,39.364,0.17758,0.082687,0.94234,0.49599,0.25835,0.90961,1.1387,1507.7,0.10606,0.41211,0.91274,0.25187,10.372,5.8995,84.296,4.33,5.3202,0
-0.42984,1.9583,-1.4403,0.26437,-198.32,-1.1621,-0.45058,-0.48934,2.9375,-0.95825,-0.3881,-0.23012,-0.11547,-0.45058,-2107.2,-0.17321,0.51066,-0.45058,-0.15339,42.233,,-0.3881,-0.14633,-0.38273,-1.4783,-0.16262,-6.2115,-2.986,3.5697,0.66662,-0.14083,215.72,1.7086,1.7083,-0.37517,2.9569,,-0.95825,-0.12772,0.000684,-0.23589,-0.13212,64.153,21.92,-1.2647,0.17427,37.084,-0.49948,-0.17003,0.26434,1.958,0.58529,-1.9866,-1.9866,-5348,-0.12781,0.44857,1.1314,0,8.6426,16.651,243.29,1.5003,6.0899,1
0.06234,0.33072,0.60316,2.8814,114.8,0,0.073628,2.0237,1.7962,0.66928,0.088713,0.22966,0.049978,0.073628,1344.7,0.27144,3.0237,0.073628,0.040991,13.053,1.1365,0.088713,0.034707,0.17431,0.65753,0.23731,5.8806,7.9102,3.7208,0.15154,0.043311,68.585,5.3218,5.1588,0.090087,1.7962,,0.66928,0.050154,0.18257,0.10514,0.049389,175.82,162.77,0.97051,2.6811,13.742,0.07257,0.040402,2.7931,0.32059,0.18791,8.7773,8.7773,3171.1,0.050154,0.093146,0.95904,0,27.963,2.2425,65.146,5.6028,23.557,0
0.10393,0.35831,0.59408,3.3017,104.85,0.36904,0.131,1.7909,1.0672,0.64169,0.131,0.50754,0.088526,0.131,777.16,0.46966,2.7909,0.131,0.068913,11.561,0.76896,0.11853,0.054671,0.46732,0.64169,0.3941,0.66544,4.019,4.1556,0.096328,0.068913,52.891,6.9009,0.33079,0.11853,1.9233,7.9036,0.74189,0.062351,0.77938,0.075606,0.062351,125,113.44,1.7261,3.0684,12.338,0.081243,0.042738,2.3783,0.25811,0.14491,4.3411,5.019,8500,0.063001,0.16196,0.937,0.15616,31.572,3.2175,49.559,7.3649,12.86,0
0.043642,0.27586,0.5175,2.9172,-29.065,0,0.056042,2.625,1.671,0.72414,0.073841,0.20763,0.081253,0.056042,741.58,0.49219,3.625,0.056042,0.033538,135.04,1.2783,0.066967,0.026117,0.097227,0.54517,0.44724,3.7623,2.4343,3.0482,0.15038,0.041883,61.741,5.9118,5.7844,0.075337,1.671,,0.72414,0.045084,0.17128,0.062681,0.040075,161.9,26.856,0.070591,0.62679,141.42,-0.012766,-0.00764,2.8544,0.26992,0.16915,3.4063,3.4063,578.28,0.045084,0.060267,0.96661,0,2.7029,13.591,58.958,6.1909,7.8604,0
0.11742,0.54376,0.04685,1.112,-15.581,0,0.11742,0.83903,1.8975,0.45624,0.13556,0.28061,0.10489,0.11742,997.22,0.36602,1.839,0.11742,0.061882,19.118,1.1262,0.13551,0.061882,0.3921,0.44967,0.36602,7.4694,0.087619,3.829,0.2328,0.067033,85.587,4.2647,3.2818,0.11296,1.8975,29.228,0.46876,0.059531,0.29442,0.083483,0.071415,65.806,46.688,1.1814,0.87445,20.328,0.053904,0.028408,0.8557,0.41845,0.23448,0.85325,0.87666,316.05,0.059531,0.25737,0.93886,0.02744,19.092,7.8179,80.492,4.5346,3.5487,0
0.10229,0.2344,0.24756,2.7541,52.318,0.015222,0.10229,3.2662,1.0343,0.7656,0.10644,0.72477,0.10773,0.10229,767.81,0.47538,4.2662,0.10229,0.098895,47.808,1.008,0,0.098895,0.33351,0.73254,0.47538,0,0.40497,4.7189,0.18221,0.22356,69.695,5.2371,3.1533,0.006079,1.0343,3.5068,0.83781,0.005878,0.36796,0.85493,0,118.84,71.031,0.75504,1.7942,66.901,-0.009139,-0.008836,1.6582,0.14113,0.19094,1.2524,1.3705,12960,0.2854,0.13361,0.7341,0.094316,7.6348,5.1386,49.804,7.3287,1.692,0
0.056638,0.46905,0.13447,1.3793,16.967,0,0.078674,1.132,2.9627,0.53095,0.093062,0.2219,0.17569,0.078674,328.9,1.1098,2.132,0.078674,0.026555,0.34062,0.98123,0.081593,0.019117,0.13451,0.14858,1.0628,5.6708,0.26316,3.4346,0.061884,0.031227,42.438,8.6007,6.5012,-0.086694,2.9627,,0.53095,-0.029262,0.83067,0.029869,0.02754,23.963,23.622,20.486,1.3715,0.33093,-0.36027,-0.1216,1.0426,0.35455,0.11627,1.0391,1.0391,365.74,-0.029262,0.10667,0.97521,0,1071.6,15.452,43.68,8.3562,5.7982,0
0.15816,0.37167,0.68286,3.795,92.658,0,0.19787,1.6905,1.7959,0.62833,0.20256,0.8099,0.12727,0.19787,593.55,0.61494,2.6905,0.19787,0.11018,57.286,1.0482,0.1991,0.088071,0.44372,0.55398,0.50811,42.464,9.3773,3.4632,0.12746,0.11279,56.13,6.5027,4.2745,0.20715,1.7959,,0.62833,0.11535,0.58442,0.053916,0.11086,159.43,102.14,0.56114,2.6414,64.755,0.16841,0.093776,2.4946,0.24431,0.15378,8.6284,8.6284,1984,0.11535,0.25172,0.89019,0,6.3715,3.5735,49.656,7.3506,24.661,0
-0.33254,1.5364,-0.54944,0.64198,-159.63,-0.55058,-0.33136,-0.34914,2.0275,-0.53642,-0.12034,-0.21592,-0.16179,-0.33136,-1709.6,-0.2135,0.65086,-0.33136,-0.16344,71.153,1.22,-0.13129,-0.16401,-0.64981,-0.83632,-0.21426,-0.62218,-37.147,3.9124,0.70622,-0.13377,262,1.3931,1.3915,-0.11049,2.0275,,-0.53642,-0.054498,0.069369,-0.40025,-0.064757,158.2,87.045,-0.84136,0.38444,67.476,-0.13463,-0.066404,0.64124,1.5346,0.7178,-36.267,-36.267,-4490.4,-0.054498,0.61992,1.1549,0,5.1298,4.1932,276.28,1.3211,137.08,0
0.44958,0.51478,0.22428,1.4357,31.032,0,0.44958,0.94258,3.1164,0.48522,0.45139,0.87334,0.15694,0.44958,384.16,0.95012,1.9426,0.44958,0.14426,0,1.1256,0.45001,0.14426,1.3396,0.44958,0.95012,247.62,0.85949,3.863,0.15635,0.14426,71.135,5.1311,5.1311,0.47504,3.1164,,0.48522,0.15243,0.053505,0.035052,0.1444,83.334,83.334,,1.4357,0,0.41049,0.13172,1.4357,0.51478,0.19489,1.8595,1.8595,1635.9,0.15243,0.92654,0.85626,0,,4.38,60.292,6.0539,11.943,0
0.046239,0.72392,0.15971,1.2238,16.155,0.15973,0.059748,0.33237,1.0293,0.24061,0.059748,0.083737,0.040121,0.059748,2816.8,0.12958,1.3814,0.059748,0.025555,8.5803,0.99111,0.054705,0.019777,0.20184,0.24061,0.11092,0.24082,1.2599,4.5875,0.29957,0.025555,114.65,3.1836,0.075567,0.054705,2.3794,78.68,0.25101,0.023398,0.039054,0.26813,0.023398,131.97,123.39,0.84129,1.1468,8.8313,0.020647,0.008831,1.2063,0.71352,0.31411,1.8981,1.9801,6178.2,0.028428,0.19217,0.97157,0.043223,42.54,2.958,111.39,3.2768,18.444,0
-0.025302,0.21729,0.1052,1.8337,65.645,0.037196,-0.024722,3.6021,0.96273,0.78271,-0.024722,-0.19592,0.13989,-0.024722,900.72,0.40523,4.6021,-0.024722,-0.039275,3.7925,0.94625,-0.027499,-0.040197,0.035125,0.78271,0.40256,-0.42059,0.13687,4.5977,0.3428,-0.039275,70.443,5.1815,-0.12655,-0.027499,0.66632,2.4678,0.87382,-0.043688,0.012007,0.083774,-0.043688,133.29,129.5,-3.8687,1.7819,3.6511,-0.14027,-0.22285,1.0648,0.12618,0.19299,1.0183,1.1369,4166,-0.038713,-0.032327,1.0387,0.1164,96.243,2.8185,73.17,4.9884,0.81894,0
0.052163,0.36261,0.53086,2.464,32.641,-0.008712,0.064612,1.7578,3.3322,0.63739,0.080546,0.17819,0.022343,0.064612,1777.6,0.20533,2.7578,0.064612,0.01939,0,1.2735,0.080546,0.015654,0.14672,0.043439,0.171,5.0551,4.9829,1.9202,0.021608,0.019653,40.703,8.9675,8.9675,0.080582,3.3322,,0.63739,0.024182,1.4548,0.13372,0.024172,40.083,40.083,,2.464,0,0.070704,0.021218,2.464,0.36261,0.11151,5.9829,5.9829,44.178,0.024182,0.081838,0.98061,0,,9.1061,39.718,9.1897,31.278,0
-0.31826,1.1167,-0.40999,0.52375,-74.748,-0.058793,-0.3175,-0.10447,2.6389,-0.11666,-0.27956,-0.36882,-0.12032,-0.3175,-1283.7,-0.28433,0.89553,-0.3175,-0.12032,24.793,1.0588,-0.2384,-0.1206,-0.30491,-0.27588,-0.28501,-2.9756,-0.74663,5.0533,0.42019,-0.10529,135.24,3.3831,2.6081,-0.18315,2.675,1.5077,0.063499,-0.069402,0.027033,-0.15613,-0.090341,59.144,34.351,-1.7754,0.23526,22.465,-0.2384,-0.090341,0.40378,0.86087,0.29559,-0.21244,0.11564,-46352,0.11956,2.7281,0.90233,-1.5443,14.722,10.626,119.07,3.0654,4.8057,1
0.036908,0.70615,0.44532,2.1563,78.377,0,0.044273,0.41613,1.4055,0.29385,0.045464,0.11496,0.044286,0.044273,4140.9,0.088145,1.4161,0.044273,0.0315,4.4078,1.8506,0.032869,0.02626,0.17277,0.2485,0.077715,27.594,2.6266,5.2185,0.44979,0.03172,108.88,3.3979,1.8532,0.11439,1.4055,579.9,0.29525,0.081388,0.58462,0.46299,0.023386,157.19,152.79,2.1746,2.1122,4.734,0.014899,0.0106,1.176,0.38513,0.2943,1.7332,1.7414,2.1563,0.081388,0.1256,0.91668,0.004774,82.808,2.3889,100.02,3.6494,8.2897,0
0.17519,0.71708,0.33908,2.1195,-114.02,0,0.17519,0.39454,1.9525,0.28292,0.18121,0.57843,0.57228,0.17519,234.24,1.5582,1.3945,0.17519,0.089727,23.02,1.1056,0,0.089727,0.35001,0.17519,1.5582,0,0.94701,3.4448,0.31356,0.20486,381.29,0.95727,0.40432,0.034183,1.9525,1.2525,0.69713,0.017507,0.37706,0.025369,0,98.656,75.636,1.4227,1.7129,155.03,-0.94219,-0.48255,0.89522,0.30287,1.0446,0.79016,1.947,944.29,0.85151,0.61924,0.15559,1.4641,15.856,4.8257,56.619,6.4466,5.4532,0
0.07784,0.52314,0.12779,1.4661,-67.646,0.09737,0.09069,0.91153,1.1237,0.47686,0.09069,0.33076,0.19159,0.09069,1214,0.30066,1.9115,0.09069,0.11047,102.21,1.7796,0.12983,0.094815,0.11251,0.47686,0.2761,1.777,0.21368,4.8107,0.62735,0.11047,136.98,2.6646,0.24817,0.12983,0.86776,0.69118,0.72581,0.15814,0.11217,0.087561,0.15814,165.04,62.828,0.33858,0.62757,114.86,0.063228,0.077016,0.76838,0.27419,0.37529,0.79739,1.2137,8264,0.11007,0.16323,0.88993,0.52207,3.571,5.8095,121.9,2.9942,1.3728,0
0.007663,0.52087,0.27815,1.534,-3.9682,0,0.027588,0.91986,2.6656,0.47913,0.040412,0.052965,0.039261,0.027588,1816.6,0.20092,1.9199,0.027588,0.01035,40.278,1.0309,0.040229,0.002875,0.31996,0.008405,0.16267,3.1368,1.384,3.2692,0.19411,0.0136,72.271,5.0505,5.0505,0.034935,2.6656,,0.47913,0.013106,0.029959,0.14802,0.015092,107.27,66.996,0.026053,0.96929,40.813,-0.036836,-0.013819,1.534,0.52087,0.198,2.384,2.384,517.04,0.013106,0.015994,0.98967,0,9.062,5.448,71.323,5.1175,13.263,0
0.006987,0.32185,0.20655,1.8461,-91.528,-0.30066,0.006987,1.8466,1.054,0.59433,0.006987,0.028623,0.069765,0.006987,1988.2,0.18358,3.107,0.006987,0.00825,170.77,1.2938,0.044863,0.00825,-0.30066,0.59433,0.18358,0.55835,0.37599,4.4104,0.3639,0.00825,110.89,3.2915,0.13939,0.044863,0.86068,0.70001,0.67207,0.052972,0.061434,0.10913,0.052972,187.76,16.99,0.017634,0.22292,180,-0.007235,-0.008543,1.4002,0.24411,0.30382,1.0819,1.2234,5313.9,0.051276,0.011756,0.94872,0.1308,2.1374,21.484,105.21,3.4694,1.5417,0
-0.052197,0.49841,0.38519,1.7728,40.561,0.12155,-0.054729,0.29992,1.015,0.14948,-0.054729,-0.10981,-0.023661,-0.054729,-5060.5,-0.072127,2.0064,-0.054729,-0.036023,52.511,0.9899,0.007673,-0.034356,0.12603,0.14948,-0.067046,0.051256,3.3089,5.6298,0.30368,-0.036023,121.53,3.0033,0.015394,0.007673,1.5374,,0.14948,0.00505,0.07444,0.61943,0.00505,203.36,150.85,-0.23881,1.3343,53.297,-0.011108,-0.007312,1.7728,0.49841,0.33296,1.2841,1.2841,164240,0.014749,-0.34918,0.98525,0,6.951,2.4196,119.74,3.0483,13.051,0
0.054798,0.62187,0.33973,1.6408,-6.7967,-0.000028,0.070933,0.60806,2.9179,0.37813,0.083358,0.1338,0.033317,0.070933,2334.8,0.15633,1.6081,0.070933,0.024309,48.093,1.1576,0.083356,0.018779,0.19912,0.36193,0.13038,6.7085,2.6108,3.4936,0.20436,0.025282,68.451,5.3323,4.5459,0.091022,2.9179,5.2924,0.46985,0.031194,0.063551,0.18906,0.028567,104.6,56.503,0.14252,0.91559,49.642,0.057072,0.019559,1.3988,0.53015,0.18754,2.906,3.6108,1058.7,0.031194,0.14492,0.97581,0.24255,7.5894,6.4598,66.315,5.504,22.425,0
0.16618,0.30569,0.31523,2.0515,53.467,0.14886,0.16695,2.2361,1.1284,0.68357,0.16695,0.55688,0.1537,0.16695,536.67,0.68012,3.2713,0.16695,0.12343,38.411,1.566,0.15514,0.12286,0.15045,0.68357,0.67759,1.2942,0.81884,5.121,0.2001,0.12343,91.291,3.9982,0.50749,0.15514,1.3978,80.263,0.68946,0.11469,0.11995,0.051253,0.11469,156.26,117.85,1.1674,1.5767,43.345,0.11418,0.084414,2.0119,0.2998,0.25011,1.7756,1.7909,41650,0.11383,0.24311,0.88617,0.008615,9.5025,3.0972,80.899,4.5118,3.5136,0
0.00672,0.69082,0.022071,1.0589,-172.34,0,0.00672,0.44755,0.68536,0.30918,0.006917,0.017941,0.011908,0.00672,30896,0.011814,1.4476,0.00672,0.009805,115.83,1.0645,0,0.009805,0.014555,0.026694,0.011814,0,0.03658,4.1121,0.95196,0.02545,294.19,1.2407,0.67271,0.004852,0.68536,0.57693,0.61968,0.00708,0.17285,15.98,0,176.76,60.923,0.030897,0.47826,170.83,-0.001441,-0.002103,0.57415,0.37457,0.806,0.51243,1.027,285.73,0.32193,0.021735,0.67927,1.0043,3.1511,5.9912,199.48,1.8297,1.1359,0
0.2066,0.30115,0.26844,1.8991,72.217,0.40817,0.25565,2.1257,1.2574,0.64016,0.25565,0.8563,0.23527,0.25565,403.21,0.90523,3.3206,0.25565,0.22063,26.854,1.6031,0.23554,0.1783,0.50579,0.64016,0.74236,2.5559,0.61994,4.9219,-0.03652,0.22063,118.25,3.0868,0.78213,0.23554,1.2213,185.22,0.64276,0.20327,1.1562,0.039211,0.20327,69.866,43.012,2.4235,1.6136,33.765,0.21858,0.18864,1.8827,0.29855,0.32396,1.4784,1.4844,22425,0.20468,0.32273,0.79532,0.004063,13.592,8.4859,94.044,3.8812,2.676,0
0.33476,0.82396,0.10129,1.1238,9.9138,-0.4884,0.33476,0.1666,1.1259,0.13727,0.33476,0.40902,0.11851,0.33476,816.89,0.44682,1.2137,0.33476,0.10775,0.10096,0.26005,0.36686,0.10775,-0.34768,0.13727,0.44682,1.3295,1.2616,3.8461,0.2056,0.10775,108.26,3.3715,0.44524,0.36686,3.1401,166.13,0.1428,0.11809,0.25731,0.067677,0.11809,83.314,83.213,389.54,1.1227,0.11367,0.33346,0.10734,1.1162,0.81843,0.2966,1.7097,1.7786,710.72,0.1118,2.4387,0.8882,0.040293,3615.2,4.3863,96.155,3.7959,38.696,0
-0.12616,0.44327,0.5365,2.2756,41.922,0,-0.12616,1.256,1.7174,0.55673,-0.12109,-0.29995,-0.055297,-0.12616,-1703.6,-0.21425,2.256,-0.12616,-0.073457,65.81,0.38602,-0.12536,-0.073457,0.75655,0.53444,-0.21425,-24.717,12.505,3.3508,0.15945,-0.071306,83.088,4.3929,4.1682,-0.13019,1.7174,29.043,0.57902,-0.075804,0.43925,-0.15689,-0.072995,164.14,98.334,-0.40741,1.5394,61.173,-0.15655,-0.091155,2.1592,0.42059,0.22764,12.976,13.496,1203.3,-0.075804,-0.2266,1.073,0.040041,5.5462,3.7118,89.387,4.0834,40.029,0
0.01178,0.7981,0.10693,1.134,-115.66,0.15282,0.014647,0.25297,1.0216,0.2019,0.014647,0.018352,0.011708,0.014647,12185,0.029955,1.253,0.014647,0.007173,132.43,0.80566,0.042846,0.005769,0.18979,0.2019,0.026364,0.21436,1.126,4.4374,0.37803,0.007173,145.74,2.5044,0.053685,0.042846,2.0454,,0.2019,0.020983,0.039348,0.50356,0.020983,156.16,23.728,0.0159,0.20567,135.3,0.033585,0.016448,1.134,0.7981,0.3993,2.126,2.126,2927.3,0.021146,0.058349,0.97885,0,2.7561,15.383,142.66,2.5585,21.502,0
0.037203,0.40149,0.11045,1.6438,-7.9265,0.078481,0.047148,1.3437,1.1113,0.53949,0.047148,0.27483,0.092243,0.047148,1688.1,0.21622,2.4907,0.047148,0.050098,45.61,0.95005,0.069113,0.039531,0.10071,0.53949,0.19145,0.8161,0.15384,4.6232,0.42602,0.050098,73.938,4.9366,0.17214,0.069113,0.94595,0.71499,0.76943,0.073438,0.065197,0.12135,0.073438,105.03,59.425,0.31635,0.95834,50.685,0.029449,0.031292,0.70239,0.17155,0.20257,0.75138,1.0716,4638.7,0.10014,0.068959,0.89986,0.42622,8.0027,6.1422,66.534,5.4859,1.3107,0
0.026185,0.57763,0.002927,1.0074,-40.108,-0.000441,0.026185,0.72723,1.0661,0.42007,0.026185,0.06595,0.042116,0.026185,4449.1,0.082039,1.7312,0.026185,0.023273,36.595,1.0783,0.066619,0.023273,-0.000441,0.42007,0.082039,0.63124,0.004878,6.5213,0.50064,0.023273,137.32,2.658,0.11533,0.066619,1.1347,1.5903,0.60065,0.059209,0.049514,0.21624,0.059209,123.37,86.779,0.23212,0.72325,39.016,0.045417,0.040365,0.69245,0.39705,0.37622,0.7001,1.001,9722.4,0.062034,0.062336,0.93797,0.42987,9.974,4.2061,128.8,2.8338,1.8752,0
0.16864,0.12732,0.80914,10.007,128.83,0,0.2082,6.8545,1.676,0.87268,0.21122,2.3175,0.1294,0.2082,214.27,1.7034,7.8545,0.2082,0.12423,59.64,0.57233,0.18951,0.10063,1.1886,0.81386,1.3927,62.804,8.0092,2.938,-0.25808,0.12423,21.972,16.612,11.722,0.18352,1.676,,0.87268,0.1095,6.2797,0.021413,0.11308,72.918,13.278,0.61584,6.9583,66.974,0.18084,0.1079,7.061,0.089839,0.060196,8.6383,8.6383,701.47,0.1095,0.19325,0.87782,0,6.1201,27.489,19.566,18.655,16.589,0
0.013078,0.79769,-0.40881,0.4875,-195.74,0.001194,0.01996,0.25362,0.95844,0.20231,0.032106,0.025022,0.029026,0.01996,10466,0.034875,1.2536,0.01996,0.020826,32.969,0.696,0.031934,0.013645,0.13611,0.15719,0.026248,2.6291,-0.66895,4.0446,0.80271,0.021405,315.75,1.156,1.156,0.036317,0.95844,,0.20231,0.037892,0.037679,0.66819,0.033318,136.65,103.68,0.15107,0.37897,34.267,0.024074,0.025118,0.4875,0.79769,0.86506,0.33105,0.33105,-4530.6,0.037892,0.064644,0.97929,0,11.071,3.5205,303.78,1.2015,1.5683,0
0.12503,0.17128,0.39372,3.2987,-5.2923,0.33821,0.1565,4.8055,1.0796,0.82306,0.1565,0.91374,0.087993,0.1565,303.92,1.201,5.8385,0.1565,0.066948,66.221,1.081,0.17845,0.053484,0.42262,0.82306,1.0172,0.82412,0.90509,4.3403,0.059939,0.066948,28.87,12.643,1.0419,0.17845,2.3666,,0.82306,0.076339,0.18614,0.024735,0.076339,83.241,17.02,0.2948,0.82257,71.488,0.12926,0.055294,3.2987,0.17128,0.079097,1.8921,1.8921,8619.7,0.073688,0.1519,0.92631,0,5.5119,21.445,26.743,13.648,5.3738,0
0.062999,0.33625,0.24201,3.3714,-1.6832,0.29704,0.062853,1.749,1.0868,0.58809,0.062853,0.61587,0.10949,0.062853,1095,0.33334,2.974,0.062853,0.061397,83.619,1.4663,0.082564,0.06154,0.34271,0.58809,0.33378,0.87654,0.36896,4.6992,0.32126,0.061397,39.547,9.2296,0.24554,0.082564,1.0332,0.46774,0.82229,0.080651,0.18646,0.083877,0.080651,115.89,32.272,0.26862,1.0734,90.88,0.03333,0.032557,1.0233,0.10205,0.10835,0.89658,1.2536,12109,0.079899,0.10713,0.9201,0.39823,4.365,11.31,36.387,10.031,1.5607,0
0.011461,0.50778,0.074423,1.2397,-70.809,-0.093347,0.01066,0.9538,1.051,0.48432,0.01066,0.034331,0.056396,0.01066,4009.7,0.09103,1.9694,0.01066,0.013006,97.521,1.0495,0.03917,0.013984,-0.08545,0.48432,0.092608,0.50227,0.121,4.5415,0.59668,0.013006,145.32,2.5117,0.077139,0.03917,0.82207,0.84108,0.68161,0.047791,0.066239,0.22338,0.047791,162.26,64.736,0.052337,0.53441,102.49,0.003607,0.0044,0.75804,0.3105,0.39814,0.78741,1.1082,2589.2,0.048507,0.023664,0.95149,0.40734,3.7428,5.6383,138.27,2.6397,1.3325,0
0.19853,0.26604,0.25665,1.9647,26.675,0.55189,0.19853,2.4209,1.0726,0.64405,0.19853,0.74625,0.088422,0.19853,391.54,0.93221,3.7588,0.19853,0.070783,7.2804,1.1832,0.2031,0.070783,0.55189,0.64405,0.93221,0.77667,0.53771,4.5753,0.070128,0.070783,37.134,9.8293,0.76341,0.2031,2.8204,,0.64405,0.072412,0.30054,0.03463,0.072412,57.616,50.335,3.5487,1.7544,7.8088,0.15362,0.054772,1.9647,0.26604,0.10174,1.3493,1.3493,9653.5,0.067666,0.30825,0.93233,0,50.134,7.2514,34.621,10.543,5.8762,0
0.096078,0.65478,0.29195,1.8115,14.31,0,0.11731,0.52724,2.3272,0.34522,0.13685,0.32607,0.073851,0.11731,1390.6,0.26248,1.5272,0.11731,0.050407,31.6,1.328,0.13684,0.041285,0.16366,0.22728,0.23006,7.0037,0.83825,3.7065,0.2533,0.057085,58.853,6.2019,3.4075,0.096015,2.3272,2.0243,0.56764,0.041258,0.19248,0.11403,0.058802,91.355,59.755,0.47687,1.2515,32.96,0.082285,0.035358,0.99532,0.35976,0.16124,0.9912,1.6298,1485.2,0.041258,0.27831,0.9505,0.64426,11.551,6.1083,56.425,6.4687,6.6818,0
0.022155,0.54875,0.54093,2.8668,14.402,0,0.022155,0.82231,0.61232,0.45125,0.055542,0.07646,0.074853,0.022155,4370,0.083524,1.8223,0.022155,0.036181,304.95,0.84651,0.041818,0.036181,0.058765,0.02013,0.083524,1.2525,3.1947,3.9112,0.77436,0.084626,185.12,1.9717,1.0411,0.041017,0.61232,1.2666,0.70319,0.066985,0.2831,0.27927,0.068294,446.26,141.32,0.043306,1.1013,326.84,0.018139,0.029623,1.5138,0.28976,0.50718,2.6651,4.1531,4408.8,0.066985,0.049097,0.96466,0.55833,1.1969,2.5829,172.72,2.1132,3.6164,0
-0.43904,1.5057,-1.1286,0.17978,-415.89,-0.45943,-0.43904,-0.33585,1.098,-0.50568,-0.3692,-0.31909,0.14923,-0.43904,3354,0.10883,0.66415,-0.43904,-0.39986,58.924,1.7528,-0.37011,-0.39986,-0.85285,-0.59271,0.10883,-5.2992,-1.4995,3.4067,1.366,-0.35945,301.31,1.26,1.1514,-0.5684,1.364,,-0.50568,-0.51767,0.004578,0.2156,-0.33708,80.137,21.213,-2.4769,0.1334,38.816,-0.97301,-0.88617,0.16429,1.3759,0.82549,-0.67188,-0.67188,-2879,-0.51803,0.86822,1.271,0,6.1944,17.206,457.39,0.79801,1.4589,1
0.013513,0.31571,0.52817,2.6729,-74.125,0,0.013513,2.1674,1.1647,0.68429,0.014905,0.0428,0.069889,0.013513,1415.7,0.25782,3.1674,0.013513,0.011602,206.35,0.81887,0,0.011602,-0.011414,0.63474,0.25782,0,3.3831,3.131,0.26944,0.023815,164.48,2.2191,2.2191,0.001243,1.1647,,0.68429,0.001067,0.006027,0.15503,0,263.87,57.518,0.020522,0.58735,343.04,-0.067884,-0.058286,2.6729,0.31571,0.45063,4.3831,4.3831,714.16,0.39845,0.019747,0.60374,0,1.7688,6.3458,98.943,3.689,7.46,0
0.32046,0.1597,0.29583,2.8615,67.523,0,0.32046,5.2619,1.0004,0.8403,0.32046,2.0164,0.37929,0.32046,153.62,2.376,6.2619,0.32046,0.32033,80.484,1.3033,0,0.32033,0.69558,0.092672,2.376,,0.54256,3.8611,0.043132,0.64067,145.89,2.5019,2.4898,0.003499,1.0004,,0.8403,0.003498,0.80715,0.090262,0,119.12,38.635,1.4527,1.4735,202.5,-0.058975,-0.058952,2.8476,0.15892,0.3997,1.5411,1.5411,2148.8,0.60255,0.38136,0.41079,0,4.5351,9.4474,57.984,6.2948,1.8347,0
0.015435,0.38429,0.078858,1.4644,-43.621,0.15098,0.018756,1.5701,1.1108,0.60339,0.018756,0.11045,0.090873,0.018756,3923.6,0.093028,2.6022,0.018756,0.047677,97.278,1.0917,0.038665,0.039234,0.15995,0.60339,0.084385,1.0917,0.10496,5.2954,0.94425,0.047677,175,2.0857,0.10061,0.038665,0.39341,0.67058,0.81787,0.098282,0.16302,0.227,0.098282,205.03,107.75,0.14721,0.84695,108.05,0.021671,0.055086,0.64709,0.16982,0.47947,0.8031,1.0886,15568,0.099717,0.02558,0.90028,0.35545,3.7521,3.3873,157.55,2.3167,0.52361,0
-0.25214,0.8703,0.068475,1.0923,4.5323,0,-0.25214,0.14887,1.3904,0.12956,-0.21816,-0.33996,-0.16915,-0.25214,-1350.6,-0.27025,1.149,-0.25214,-0.18134,10.98,0.69031,-0.23387,-0.18134,-0.23835,0.12868,-0.27025,-6.8826,0.36077,3.571,0.62408,-0.18134,173.55,2.1946,1.8703,-0.16945,1.4096,8.5769,0.21914,-0.12187,0.012035,-0.13373,-0.1682,210.33,199.35,-6.0282,0.068429,9.3791,-0.25081,-0.18038,0.93089,0.74168,0.45565,0.68262,1.1546,255,-0.12186,-1.9461,1.1548,0.69141,33.243,1.831,194.69,1.8747,7.3258,1
0.056384,0.39,0.25975,1.666,-276.31,0,0.056384,1.5641,2.0807,0.61,0.057282,0.14457,0.33883,0.056384,201.92,1.8077,2.5641,0.056384,0.027098,65.448,1.2019,0,0.027098,0.098784,0.2762,1.8077,0,0.74164,3.4283,0.18744,0.060104,167.4,2.1804,2.1804,0.000006,2.0807,,0.61,0.000003,0.10642,0.020043,0,106.7,41.252,0.15113,0.70939,160.14,-0.64862,-0.31173,1.666,0.39,0.45864,1.7416,1.7416,696.47,0.59132,0.092433,0.40958,0,5.577,8.848,68.414,5.3352,5.9408,0
0.05602,0.45806,0.23512,2.0577,24.869,0,0.068829,1.1831,0.92019,0.54194,0.10114,0.30963,0.1388,0.068829,1309.1,0.27882,2.1831,0.068829,0.074799,69.52,1.2949,0.096195,0.060879,0.20602,0.52619,0.25086,2.9773,0.43332,4.821,0.41997,0.082022,96.992,3.8086,1.8482,0.08366,0.92019,1.2943,0.75992,0.090916,0.34975,0.098455,0.10454,150.6,81.076,0.31963,1.2693,75.561,0.037305,0.040541,0.99857,0.22229,0.26256,0.99879,1.4005,2.0577,0.090916,0.10337,0.92738,0.40224,5.2503,4.5019,88.174,4.1396,1.6959,0
0.10392,0.45715,0.008823,1.0193,-27.754,0.37566,0.10476,1.0819,1.0838,0.49459,0.10476,0.22916,0.10464,0.10476,952.53,0.38319,2.1874,0.10476,0.062576,21.194,0.92817,0.11778,0.062071,0.39613,0.49459,0.38134,0.76248,0.016521,5.2365,0.27234,0.062576,108.02,3.3789,0.25763,0.11778,1.6903,,0.49459,0.070351,0.05792,0.079863,0.070351,95.82,74.626,1.069,0.80666,22.97,0.047362,0.02829,1.0193,0.45715,0.29596,0.92616,0.92616,1520.7,0.077346,0.2101,0.92265,0,17.222,4.891,99.669,3.6621,3.135,0
0.10611,0.087783,0.65467,9.2762,248.87,0,0.13139,10.392,0.91358,0.91222,0.1314,1.6611,0.22007,0.13139,159.36,2.2903,11.392,0.13139,0.14382,50.343,1.1586,0.081486,0.11615,0.33483,0.86054,2.0023,26458,2.459,4.632,-0.19976,0.14383,34.735,10.508,9.469,0.082365,0.91358,,0.91222,0.090156,3.4445,0.019359,0.089194,184.3,133.96,0.84211,7.6833,55.331,0.011824,0.012943,8.3589,0.079102,0.095164,3.4264,3.4264,28059,0.090156,0.11632,0.86479,0,7.2503,2.7247,31.603,11.549,3.4315,0
0.083251,0.33711,0.63834,3.0645,17.248,0,0.1087,1.9661,1.6057,0.66281,0.11969,0.35157,0.067696,0.1087,1131.9,0.32245,2.9664,0.1087,0.067696,122.95,0.8972,0.077601,0.051846,0.47898,0.60476,0.24696,7.061,12.173,4.0856,0.096738,0.07454,84.145,4.9492,4.5394,0.10369,1.65,174.52,0.66514,0.064577,0.66596,0.1448,0.048327,168.58,45.63,0.15392,2.4153,129.01,0.077601,0.048327,2.8108,0.3092,0.20205,12.639,12.684,7775,0.16474,0.1256,0.82997,0.003515,2.9687,7.9992,70.283,5.1933,30.62,1
0.15886,0.39272,0.51247,2.3761,53.941,0,0.2003,1.5463,2.0578,0.60728,0.20125,0.53784,0.11474,0.2003,607.1,0.60121,2.5463,0.2003,0.097338,32.951,1.0108,0.19302,0.077202,0.65141,0.60175,0.49571,203.23,4.4517,3.9564,0.002874,0.097799,70.884,5.1492,4.883,0.14013,2.0578,684.19,0.6083,0.068096,1.1588,0.057208,0.093799,80.413,47.462,0.85517,1.8772,35.359,0.15721,0.076397,2.2532,0.37241,0.1942,5.2753,5.2842,4635.6,0.068096,0.2616,0.9061,0.001683,11.077,7.6904,66.057,5.5255,17.875,0
0.10083,0.35954,0.46568,2.5121,-221.42,0,0.10083,1.7813,2.6418,0.64046,0.11194,0.32741,0.37767,0.10083,131.53,2.775,2.7813,0.10083,0.038167,51.36,0.98388,0,0.038167,0.4133,0.62074,2.775,0,2.0572,4.2662,0.13561,0.086507,148.3,2.4613,2.1082,0.038522,2.6418,,0.64046,0.014582,0.031844,0.013362,0,105.53,54.175,0.27124,1.3051,179,-0.8969,-0.33951,2.1517,0.30796,0.40629,2.8293,2.8293,8595,0.71308,0.15743,0.29164,0,7.1067,6.7375,42.549,8.5783,11.67,0
0.053701,0.77599,-0.30275,0.55114,-81.358,0.11872,0.069936,0.26966,1.0577,0.20926,0.069936,0.10369,0.056389,0.069936,2663.9,0.13702,1.2887,0.069936,0.037091,16.865,1.278,0.12692,0.028481,0.1545,0.20926,0.1161,0.71196,-0.48189,4.3658,0.38188,0.037091,138.1,2.6429,0.16355,0.12692,1.9142,2.8042,0.31075,0.067311,0.090011,0.15622,0.067311,60.208,43.343,0.6164,0.42197,17.838,0.090528,0.048012,0.47905,0.67449,0.37837,0.33307,0.49462,-7029.3,0.054569,0.25663,0.94543,0.48504,21.643,8.4212,130.57,2.7955,3.0012,0
0.075234,0.26586,0.43292,3.4085,28.797,0.032114,0.093129,2.5971,1.0886,0.69045,0.093129,0.51811,0.1204,0.093129,617.39,0.5912,3.7614,0.093129,0.071337,93.918,1.6878,0.11268,0.057629,0.057479,0.69045,0.52389,0.93959,1.1177,4.2271,0.19029,0.071337,54.707,6.6719,0.42384,0.11268,1.3465,3.2141,0.77656,0.086315,0.13155,0.049457,0.086315,164.69,70.769,0.22397,1.5397,102.23,0.048635,0.037255,2.3045,0.17975,0.14988,1.7826,2.0049,7302.5,0.081353,0.10896,0.91865,0.12472,3.8864,5.1576,50.256,7.2628,3.3705,0
0.057905,0.14196,0.72398,6.0999,335.47,0.028618,0.0733,5.895,1.0306,0.83683,0.0733,0.51635,0.13065,0.0733,552.93,0.66013,7.0443,0.0733,0.1022,42.018,1.0128,0.016083,0.080733,0.041544,0.83683,0.55167,0.23109,5.4002,4.7312,-0.49955,0.1022,74.451,4.9025,0.11329,0.016083,0.78222,,0.83683,0.022423,3.6078,0.12789,0.022423,180.04,138.02,0.7013,5.5183,43.303,-0.004327,-0.006033,6.0999,0.14196,0.20398,6.242,6.242,38984,0.029673,0.069195,0.97033,0,8.6867,2.6445,72.242,5.0525,5.3499,0
-0.002132,0.25065,0.35125,2.4799,31.862,0.12415,0.005896,2.337,1.0637,0.58577,0.005896,0.024839,0.042382,0.005896,1674.2,0.21802,3.9896,0.005896,0.004572,69.139,1.1063,0.027578,-0.001653,0.16666,0.58577,0.18599,0.22751,0.85381,4.6293,0.13751,0.004572,71.472,5.1069,0.11002,0.027578,1.312,25.891,0.59907,0.021388,0.3261,0.10796,0.021388,144.71,75.574,-0.008727,1.4509,73.545,-0.021174,-0.016422,2.3483,0.23735,0.19581,1.4238,1.4562,14961,0.059913,-0.003639,0.94009,0.022707,5.2793,4.8297,67.19,5.4324,3.1342,0
0.059089,0.62806,0.012014,1.0228,-68.515,0.091116,0.074453,0.48404,1.0745,0.30401,0.074453,0.1414,0.08325,0.074453,2113.9,0.17267,1.5922,0.074453,0.057154,61.661,1.2793,0.10444,0.04536,0.11631,0.30401,0.14821,0.86145,0.026035,4.853,0.47153,0.057154,158.52,2.3026,0.16629,0.10444,1.3199,3.1367,0.40554,0.080174,0.057047,0.14916,0.080174,142.48,80.82,0.26851,0.60486,66.253,0.070446,0.054078,0.85747,0.52653,0.43429,0.6588,0.87882,856.38,0.069308,0.19437,0.93069,0.33399,5.9195,4.5162,147.53,2.4741,2.8229,0
0.36297,0.46607,0.21854,1.4689,23.902,0,0.36297,1.1456,2.6957,0.53393,0.36297,0.77878,0.15921,0.36297,396.38,0.92082,2.1456,0.36297,0.13465,8.0943,1.2551,0,0.13465,1.0118,0.49208,0.92082,,0.69292,3.9159,0.10473,0.2693,70.522,5.1757,5.1757,0.001618,2.6957,,0.53393,0.0006,0.40067,0.23467,0,67.413,59.319,6.0718,1.3406,9.0453,-0.066203,-0.024559,1.4689,0.46607,0.19321,1.6929,1.6929,1800.5,0.10513,0.6798,0.89596,0,45.094,6.1532,63.107,5.7838,8.5471,0
0.094388,0.49632,0.1078,1.2172,8.8527,0,0.11653,1.0148,2.3905,0.50368,0.11916,0.23479,0.081851,0.11653,925.86,0.39423,2.0148,0.11653,0.048747,7.3665,0.84662,0.11916,0.039485,0.47659,0.38604,0.34962,45.261,0.27231,2.6284,0.19189,0.048747,79.453,4.5939,4.5939,0.11042,2.3905,,0.50368,0.046193,0.086752,0.08343,0.04985,85.668,78.302,1.9564,1.12,7.7232,0.040031,0.016746,1.2172,0.49632,0.21768,1.2723,1.2723,45.818,0.046193,0.1874,0.95143,0,49.549,4.6614,75.783,4.8164,6.0384,0
-0.14367,1.0853,-0.52453,0.51669,-247.18,0,-0.14367,-0.078449,0.6505,-0.085139,-0.044036,-0.13238,-0.21654,-0.14367,-2812.2,-0.12979,0.92142,-0.14367,-0.22086,0,,-0.11585,-0.22086,-0.14367,-0.087926,-0.12979,-1.1628,-1.1938,3.2538,1.5158,-0.17795,516.84,0.70621,0.70621,-0.11585,0.72232,,-0.085139,-0.1781,0.091253,-0.32002,-0.1781,259.07,259.07,,0.091253,0,-0.11866,-0.18242,0.51669,1.0853,1.416,-0.19377,-0.19377,-941,-0.17823,1.6874,1.0611,0,,1.4089,608.96,0.59938,1.4805,1
0.005782,0.033062,0.75168,23.736,675.6,0.31089,0.007599,28.674,0.94224,0.94803,0.007599,0.22984,0.11096,0.007599,336.16,1.0858,30.246,0.007599,0.023488,163.32,0.66318,-0.01837,0.017871,0.38265,0.94803,1.0308,-0.53503,3.4919,4.6455,-1.7061,0.023488,35.147,10.385,-0.55563,-0.01837,0.35417,,0.94803,-0.056782,18.169,0.10948,-0.056782,207.65,44.331,0.03994,19.357,153.89,-0.046669,-0.14425,23.736,0.033062,0.096292,4.4041,4.4041,33228,-0.061295,0.006099,1.0613,0,2.2348,8.2334,37.301,9.7853,1.5029,0
0.11906,0.43441,-0.002071,0.99372,-43.255,0.27885,0.14735,1.302,1.1453,0.56559,0.14735,0.44684,0.1758,0.14735,797.46,0.45771,2.302,0.14735,0.13028,35.068,1.1152,0.14371,0.10527,0.34563,0.56559,0.39259,1.4552,-0.00308,5.0688,0.38386,0.13028,121.87,2.9949,0.33082,0.14371,1.1385,2.0926,0.67025,0.12706,0.006025,0.073168,0.12706,105.1,70.037,1.0956,0.66418,40.162,0.092225,0.081539,0.75431,0.32975,0.3339,0.84125,0.99692,-242.61,0.12684,0.21051,0.87316,0.18505,10.408,5.2116,106.41,3.43,1.6823,0
0.072823,0.64147,0.47476,2.1248,137.87,0,0.092507,0.55893,1.2725,0.35853,0.11737,0.21917,0.087386,0.092507,2105.5,0.17336,1.5589,0.092507,0.072695,7.856,1.474,0.11727,0.057227,0.13028,0.29342,0.14267,4.7173,4.602,3.6468,0.45784,0.086722,130.62,2.7944,1.8387,0.093057,1.2725,4.0238,0.57461,0.073127,0.14613,0.15727,0.092151,239.55,231.69,2.6588,2.0599,8.4758,0.098571,0.07746,1.3981,0.42208,0.35786,3.4754,5.57,2105.3,0.073127,0.20311,0.92895,0.60267,46.461,1.5754,121.07,3.0149,12.335,0
0.048446,0.90255,-0.29977,0.66379,-96.802,-0.60203,0.049284,0.10798,1.4959,0.097455,0.094451,0.055274,0.041764,0.049284,5273,0.069221,1.108,0.049284,0.032946,17.255,1.1255,0.082152,0.032386,0.073207,-0.47433,0.068292,1.8189,-0.73448,3.6407,0.59087,0.043976,231.98,1.5734,1.5544,0.092992,1.4959,,0.097455,0.062165,0.024516,0.31554,0.054918,139.08,121.83,0.68506,0.58448,18.399,0.068961,0.0461,0.65577,0.89163,0.63556,0.23878,0.23878,-1310.7,0.062165,0.49711,0.97058,0,21.153,2.9961,217.56,1.6777,3.6652,0
0.14606,0.11787,0.51549,5.9752,270.09,0.47968,0.18208,7.3372,1.2703,0.86486,0.18208,1.7573,0.2488,0.18208,210.1,1.7372,8.4837,0.18208,0.22123,18.579,1.0219,0.18147,0.17746,0.59712,0.86486,1.4317,2.8007,1.3533,4.4872,-0.3155,0.22123,58.369,6.2533,1.5395,0.18147,0.84173,40.474,0.87912,0.22048,3.6875,0.018982,0.22048,105.12,86.539,3.4864,5.5708,23.601,0.15877,0.19291,5.2522,0.10361,0.15991,2.2706,2.308,15828,0.21278,0.16888,0.78722,0.01649,19.646,4.2177,45.949,7.9436,2.1608,0
0.15381,0.27182,0.45319,3.014,46.922,0,0.19547,2.6789,2.2719,0.72818,0.21352,0.86869,0.10303,0.19547,423.87,0.86111,3.6789,0.19547,0.086039,29.681,1.2728,0.1981,0.067703,0.35318,0.70945,0.70787,10.972,1.4083,4.7275,0.048828,0.089066,39.55,9.2288,7.6396,0.19524,2.2719,18.038,0.75553,0.08594,0.7275,0.03828,0.087196,82.661,52.979,0.83256,2.193,32.472,0.15949,0.070204,2.495,0.22502,0.10836,2.2628,2.3478,24196,0.08594,0.21123,0.9148,0.037569,12.297,6.8895,36.151,10.096,7.0598,0
0,0.34247,0.55861,2.6347,-15.765,0.035822,0.043715,1.9199,1.6181,0.65753,0.061461,0.12793,0.033938,0.043715,2276.3,0.16035,2.9199,0.043715,0.027017,140.13,0.92336,0.046661,0,0.099992,0.61448,0.032702,2.6295,5.604,3.3661,0.10833,0.034504,79.398,4.5971,4.5869,0.047188,1.6181,,0.65753,0.029163,0.50597,0.1973,0.028838,164.09,23.962,0,0.81683,144.34,0.035462,0.021916,2.6289,0.34171,0.21753,6.5963,6.5963,1297.7,0.029163,0,0.97349,0,2.6048,15.233,77.082,4.7352,16.233,0
0.43514,1.0978,-0.27204,0.7522,-25.458,0.55952,0.58205,-0.08912,1.0736,-0.097839,0.58205,0.53018,0.11546,0.58205,688.45,0.53018,0.91088,0.58205,0.11546,4.3316,3.5653,0.53776,0.08632,0.70643,-0.097839,0.39636,1.1453,-1.5616,3.2838,0.12348,0.11546,85.338,4.2771,0.48984,0.53776,5.501,,-0.097839,0.10668,0.4332,0.067118,0.10668,25.358,21.026,7.2737,0.69771,4.6503,0.53776,0.10668,0.7522,1.0978,0.2338,-0.56164,-0.56164,-522.9,0.068531,-4.4475,0.93147,0,84.264,17.359,79.49,4.5918,28.938,0
0.053733,0.53351,0.33598,1.6715,11.223,0,0.053733,0.87436,2.4683,0.46649,0.053733,0.10739,0.02177,0.053733,3624.1,0.10072,1.8744,0.053733,0.02177,34.964,0.98203,0,0.02177,0.4867,0.25934,0.10072,,2.0527,3.2278,0.13968,0.047807,88.667,4.1165,3.8605,0.011781,2.4683,18.082,0.49966,0.004773,0.44784,,0,90.538,55.573,0.22726,1.1989,41.901,0,0,1.5676,0.50034,0.24292,2.85,3.0527,567.7,0.16555,0.11519,0.83445,0.071119,10.439,6.5679,73.989,4.9332,15.08,0
0.058754,0.11628,0.88372,8.6,302.12,-0.038405,0.065615,7.6,1.1377,0.88372,0.069219,0.56429,0.061749,0.065615,604.16,0.60414,8.6,0.065615,0.057675,0,1.1985,0.063422,0.051645,-0.085498,0.020349,0.54514,17.594,,1.7796,-0.77283,0.057675,40.129,9.0957,9.0957,0.080017,1.1377,,0.88372,0.070335,8.5613,0.056952,0.055748,1.4443,1.4443,,8.6,0,0.058787,0.051674,8.6,0.11628,0.10994,,,53.2,0.070335,0.066485,0.94262,0,,252.72,37.306,9.7839,,0
0.15237,0.44427,0.038712,1.1143,-21.624,0,0.20171,1.2509,1.9389,0.55573,0.22546,0.59552,0.14478,0.20171,577.67,0.63185,2.2509,0.20171,0.10403,14.097,1.2916,0.22517,0.078584,0.35746,0.55573,0.52078,9.4791,0.062181,4.3386,0.20745,0.11279,72.052,5.0658,3.8622,0.22305,1.9389,2.8662,0.66129,0.11504,0.30759,0.048687,0.11613,51.438,37.34,2.0347,0.8932,15.93,0.14617,0.075389,0.84954,0.33871,0.1974,0.89263,1.0622,844.29,0.11504,0.27417,0.89678,0.18994,25.892,9.7749,63.763,5.7243,3.1143,0
0.058276,0.67786,0.01042,1.0299,-25.993,-0.13375,0.062974,0.47522,1.3211,0.32214,0.093162,0.18086,0.069654,0.062974,2688.9,0.13575,1.4752,0.062974,0.04767,25.695,1.1929,0.093161,0.044113,-0.11874,0.236,0.12881,3.0861,0.016246,3.7607,0.46348,0.070518,105.19,3.4699,1.7823,0.11289,1.3211,0.84144,0.6378,0.085451,0.19572,0.1849,0.07052,80.253,54.558,0.62664,0.76284,28.095,0.064118,0.048535,0.52902,0.34819,0.28819,0.50224,0.99439,60.065,0.085451,0.1809,0.95268,0.9799,14.205,6.6901,96.202,3.7941,2.0597,0
0.048311,0.46977,0.014489,1.031,-74.654,0.16732,0.062697,1.1131,1.0885,0.52292,0.062697,0.13393,0.083016,0.062697,1476.4,0.24722,2.1287,0.062697,0.044817,69.022,1.1148,0.084517,0.034534,0.21952,0.52292,0.21659,0.65762,0.028004,4.6452,0.31295,0.044817,132.95,2.7454,0.17991,0.084517,1.4255,133.05,0.52456,0.060414,0.079774,0.11195,0.060414,116.18,47.154,0.18262,0.46584,75.132,0.031079,0.022216,1.0274,0.46813,0.36425,1.0107,1.0139,640.08,0.081319,0.092387,0.91868,0.003135,5.2881,7.7406,122.14,2.9884,2.7039,0
0.13262,0.72791,0.20901,1.2957,-37.259,0,0.1645,0.37379,2.6333,0.27209,0.21804,0.23274,0.070077,0.1645,1439.8,0.25351,1.3738,0.1645,0.06247,64.187,3.0969,0.14181,0.050365,0.27104,0.26933,0.20972,2.6486,2.4826,4.2583,0.27632,0.062543,103.56,3.5246,3.4223,0.14209,2.6333,,0.27209,0.053958,0.002825,0.14992,0.053853,126.67,62.479,0.2864,0.64055,67.848,0.12178,0.046246,1.2581,0.7068,0.28372,3.2318,3.2318,3788.9,0.053958,0.48743,0.93929,0,5.6865,5.842,97.971,3.7256,31.278,0
0.080908,0.65588,-0.003491,0.99313,-65.399,0.13634,0.084219,0.51772,1.15,0.33956,0.084219,0.16573,0.080183,0.084219,2151.2,0.16967,1.5247,0.084219,0.060682,52.078,1.3178,0.12325,0.058296,0.14198,0.33956,0.16462,1.0212,-0.007048,4.8849,0.46013,0.060682,153.69,2.3749,0.18792,0.12325,1.4198,2.0763,0.48726,0.088807,0.059218,0.14345,0.088807,124.82,72.737,0.40858,0.60346,59.887,0.096188,0.069306,0.76948,0.50818,0.42106,0.68556,0.98375,-267.79,0.1304,0.23827,0.8696,0.43497,7.0087,5.0181,133.65,2.7311,2.802,0
0.093098,0.22433,0.35433,3.4935,56.52,0,0.11494,3.4577,2.0688,0.77567,0.13009,0.80884,0.083609,0.11494,473.38,0.77106,4.4577,0.11494,0.055556,10.231,0.99484,0.12329,0.045,0.40779,0.70416,0.67371,8.1371,0.70363,3.4467,0.092276,0.062879,26.659,13.691,8.6726,0.12329,2.0688,5.3318,0.8579,0.059593,0.23524,0.041239,0.059593,81.687,71.455,1.6054,3.0854,10.88,0.065251,0.03154,2.2129,0.1421,0.073039,1.5403,1.7036,991.05,0.059593,0.12002,0.94463,0.10601,35.675,5.1081,25.07,14.559,4.1083,0
0.23223,0.66179,0.28615,1.5511,43.928,0,0.23223,0.51106,1.8894,0.33821,0.23223,0.44727,0.12291,0.23223,1040.2,0.35091,1.5111,0.23223,0.12291,15.568,1.1676,0,0.12291,0.67923,0.23223,0.35091,,1.4701,3.5171,0.347,0.24583,114.78,3.1801,2.4949,0.005386,1.8894,5.0832,0.4808,0.002851,0.019798,,0,153.6,138.03,2.8818,1.3959,17.814,0,0,1.2169,0.5192,0.31446,1.7376,2.4701,941.16,0.12609,0.68662,0.87521,0.42158,23.446,2.6443,100.3,3.6389,9.7067,0
0.006867,0.5032,0.2606,1.5267,2.8458,0,0.011957,0.98728,0.86749,0.4968,0.021732,0.024168,0.039682,0.011957,5335.5,0.06841,1.9873,0.011957,0.013784,106.91,0.94788,0.021756,0.007916,0.041432,0.47863,0.058293,2.2258,1.0653,3.7345,0.57857,0.013784,213.31,1.7111,1.6824,0.020888,0.86749,59.427,0.50524,0.024078,0.00262,0.37929,0.025079,317.28,210.37,0.027025,1.0132,109.55,-0.00071,-0.000819,1.5011,0.49476,0.58441,2.0308,2.0653,1414.1,0.024078,0.013822,0.98617,0.016979,3.4141,1.735,208.17,1.7533,3.5461,0
0.006657,0.29195,0.67022,5.7369,4.6662,0,0.006657,2.4252,1.0218,0.70805,0.025022,0.047051,0.023591,0.006657,4420.9,0.082562,3.4252,0.006657,0.006515,230.99,0.68951,0.024725,0.006515,0.068661,0.10541,0.082562,1.3463,3.5596,3.7267,0.27574,0.021162,51.57,7.0777,3.4301,0.020336,1.0218,1.0999,0.85815,0.019903,0.14891,0.23077,0.024198,282.44,51.452,0.010296,1.1669,235.68,0.007278,0.007123,2.7803,0.14149,0.14129,3.7605,4.5577,3572.1,0.019903,0.009402,0.99352,0.212,1.5802,7.094,50.544,7.2214,5.4266,0
-0.033909,0.50085,0.29853,2.0084,-20.214,0.092405,-0.03847,0.93667,1.015,0.46913,-0.03847,-0.12994,0.018198,-0.03847,8743.2,0.041747,1.9966,-0.03847,-0.033482,109.32,0.8775,0.003401,-0.029512,0.12922,0.46913,0.050853,0.03004,0.73635,4.6046,0.42764,-0.033482,95.454,3.8238,0.00679,0.003401,1.1582,1.223,0.67393,0.00296,0.081578,0.26229,0.00296,181.21,71.894,-0.09854,0.84602,110.95,-0.055978,-0.04872,1.1871,0.29605,0.26152,1.1571,1.6623,12011,0.014736,-0.07228,0.98526,0.43655,3.3389,5.0769,94.047,3.881,2.834,0
0.001708,0.40585,0.39265,2.2562,-21.02,-0.007782,0.001568,1.3949,1.0274,0.56612,0.001568,0.005018,0.049296,0.001568,3544.1,0.10299,2.464,0.001568,0.00185,187.09,1.3844,0.0217,0.002014,0.001176,0.56612,0.10333,0.26294,1.3321,4.171,0.45938,0.00185,138.24,2.6403,0.053468,0.0217,0.854,2.9016,0.65939,0.025593,0.064728,0.21546,0.025593,294.88,107.79,0.00393,0.86579,192.21,-0.018529,-0.021853,1.7377,0.31258,0.37875,1.9206,2.237,5820.7,0.02666,0.003017,0.97334,0.16475,1.951,3.3862,134.56,2.7126,2.8765,0
0.027934,0.53464,0.25092,1.4877,15.678,0.037005,0.03791,0.86894,1.0102,0.46457,0.03791,0.073686,0.013937,0.03791,3013.3,0.12113,1.8704,0.03791,0.008159,4.0026,1.2726,0.039603,0.006012,0.05183,0.46457,0.10247,0.086099,1.0696,4.0036,0.079648,0.008159,40.825,8.9405,0.074075,0.039603,4.6588,35.451,0.48472,0.008523,0.32141,0.2645,0.008523,47.135,43.132,0.54821,1.3887,4.0433,0.012753,0.002745,1.4316,0.51449,0.11185,1.9803,2.0662,2529.9,0.010073,0.060129,0.98993,0.043381,91.191,8.4624,40.414,9.0315,19.807,0
0.15124,0.039957,0.25855,7.4706,172.78,0.35455,0.15124,23.862,1.1807,0.95346,0.15124,3.7852,0.16527,0.15124,82.579,4.42,25.027,0.15124,0.14153,60.002,1.2594,0.16345,0.14153,0.35455,0.95346,4.42,1.806,0.36856,5.4623,-0.39253,0.14153,16.114,22.651,4.0908,0.16345,1.0852,,0.95346,0.15296,3.0053,0.006957,0.15296,60.941,0.93955,0.86095,3.0741,70.846,0.13809,0.12922,7.4706,0.039957,0.044148,1.3592,1.3592,74965,0.15306,0.15863,0.84694,0,6.0831,388.49,13.648,26.745,1.5234,0
0.010641,0.424,0.43297,2.9886,86.087,0.037746,0.013223,1.3585,1.0429,0.576,0.013223,0.06073,0.051823,0.013223,4061.7,0.089865,2.3585,0.013223,0.017984,134.2,0.97,0.028156,0.014473,0.047584,0.576,0.083775,0.39936,1.2396,5.7764,0.54288,0.017984,112.72,3.2381,0.066406,0.028156,0.74746,1.8441,0.78227,0.038295,0.11414,0.26284,0.038295,310.69,176.49,0.039363,1.747,139.95,0.003277,0.004456,1.5347,0.21773,0.30883,1.649,2.2396,258740,0.041097,0.018474,0.9589,0.3581,2.7198,2.0681,108.09,3.3768,2.1049,0
0.075982,0.76035,-0.037773,0.92445,-32.053,0,0.075982,0.31519,1.8714,0.23965,0.10228,0.15196,0.074902,0.075982,1979.9,0.18435,1.3152,0.075982,0.040602,23.371,1.2507,0.10202,0.040602,0.13158,0.11627,0.18435,3.8794,-0.070241,4.2414,0.39238,0.047354,98.785,3.6949,2.4298,0.023952,1.8714,2.216,0.39417,0.012799,0.054416,0.15249,0.054514,84.847,61.476,0.63409,0.6848,23.674,0.037829,0.020214,0.60793,0.50001,0.27065,0.44565,0.73298,-658.57,0.012799,0.31705,0.96128,0.64475,15.617,5.9373,97.521,3.7428,3.48,0
-0.075067,6.3895,-0.27004,0.056355,-96.41,-5.3937,-0.075067,-0.84349,1.3038,-5.3895,0.044402,-0.26232,-0.057576,-0.075067,-31068,-0.011749,0.15651,-0.075067,-0.057576,0,1.1626,0,-0.057576,-0.067969,-5.4688,-0.011749,0,-0.27447,2.7997,4.9006,-0.11515,102.23,3.5704,0.15991,0.00007,1.3038,0.002642,0.71383,0.000054,0.012807,,0,3.4888,3.4888,,0.056355,0,0,0,0.002524,0.28617,0.28008,-5.4778,0.72553,-170.28,0.21632,0.013928,0.87531,-1.1324,,104.62,80.114,4.556,1.3252,0
0.075972,0.064006,0.82829,13.941,386.9,0,0.093813,14.624,0.72882,0.93599,0.093896,1.4657,0.18733,0.093813,171.12,2.133,15.624,0.093813,0.12872,63.576,1.3873,0.088722,0.10424,0.25588,0.90033,1.8543,1063.2,7.6908,3.1468,-0.37142,0.12872,33.602,10.862,10.862,0.033564,0.72882,,0.93599,0.046053,5.2301,0.016232,0.12174,279.23,215.65,0.59846,11.958,66.645,0.046009,0.063129,13.941,0.064006,0.092061,8.6908,8.6908,1161.3,0.046053,0.081167,0.88119,0,5.7411,1.6926,32.055,11.387,6.7671,0
0.082426,0.51273,0.21383,1.6235,-64.022,0.15313,0.18147,0.82446,1.291,0.42272,0.18147,0.52915,0.22726,0.18147,944.35,0.38651,1.9503,0.18147,0.2081,137.71,1.3831,0.19822,0.094522,0.27618,0.42272,0.19334,2.9346,0.48246,4.192,0.47182,0.2081,185.32,1.9695,0.38659,0.19822,0.87923,1.3417,0.59251,0.22731,0.30116,0.078433,0.22731,189.82,52.115,0.25054,0.66421,177.78,0.18152,0.20815,1.0859,0.34295,0.50774,0.95377,1.3368,3327.3,0.22543,0.19499,0.77457,0.40163,2.6506,7.0038,143.55,2.5427,1.9675,0
-0.19917,0.5391,0.22376,1.4792,41.977,0,-0.19917,0.85495,1.4581,0.4609,-0.17785,-0.42657,-0.11552,-0.19917,-1168.2,-0.31245,1.8549,-0.19917,-0.1366,8.4381,0.67549,-0.17875,-0.1366,-0.063436,0.42778,-0.31245,-8.3817,0.7234,3.1791,0.18493,-0.1366,104.48,3.4934,3.0257,-0.17307,1.4581,9.1022,0.53308,-0.1187,0.58443,-0.1214,-0.12259,104.59,96.148,-5.9087,1.407,7.5428,-0.20948,-0.14367,1.2812,0.46692,0.28625,1.4901,1.7234,337.98,-0.1187,-0.43214,1.1361,0.1566,43.256,3.7962,116.88,3.1228,4.7139,0
0.12009,0.63072,-0.10501,0.81336,-43.226,-0.17492,0.15424,0.5855,3.199,0.36928,0.18953,0.27414,0.063461,0.15424,1134,0.32188,1.5855,0.15424,0.048216,28.461,1.063,0.18783,0.03754,0.089204,-0.054824,0.26773,5.3234,-0.19362,3.7705,0.19327,0.058056,68.218,5.3505,4.773,0.18863,3.199,,0.36928,0.058965,0.024185,0.088857,0.058716,50.661,22.2,0.48144,0.37001,30.244,0.13906,0.04347,0.72556,0.56264,0.1869,0.68086,0.68086,-619.03,0.058965,0.3252,0.04347,0,12.825,16.441,64.195,5.6858,5.8982,0
-0.026111,1.0217,-0.034903,0.96584,-128.59,-0.059802,-0.026111,-0.021118,1.3388,-0.021577,-0.020566,-0.025556,-0.019503,-0.026111,-14282,-0.025556,0.97873,-0.026111,-0.019503,91.385,1.084,-0.045407,-0.019503,-0.082766,-0.038041,-0.025556,-8.1888,-2.6329,3.4824,0.74912,-0.019503,268.32,1.3668,1.3668,-0.051258,1.3761,,-0.021577,-0.038286,0.14438,-0.75006,-0.033915,228.82,137.44,-0.077898,0.47245,87.612,-0.045407,-0.033915,0.96584,1.0217,0.73165,-1.6277,-1.6277,-106,-0.038121,1.2101,1.0148,0,3.9941,2.6558,278.55,1.3103,100.99,1
0.072838,0.080384,0.21017,3.6145,209.78,0.29887,0.091076,8.0054,1.2274,0.64351,0.091076,1.133,0.27315,0.091076,240.41,1.5182,12.44,0.091076,0.20385,10.049,1.0233,0.073332,0.16303,0.36977,0.64351,1.2913,2.0146,0.29624,4.6666,-0.31886,0.20385,80.606,4.5282,0.91227,0.073332,0.53153,,0.64351,0.16413,2.8194,0.025339,0.16413,52.213,42.164,5.9215,3.4615,12.335,0.042368,0.094829,3.6145,0.080384,0.22084,0.90705,0.90705,9752.5,0.18529,0.11319,0.81471,0,36.322,8.6568,65.67,5.5581,0.62976,0
0.016801,0.62464,-0.27512,0.54507,-61.251,0.14335,0.023376,0.4603,1.0306,0.28752,0.023376,0.038654,0.034166,0.023376,3208.7,0.11375,1.6009,0.023376,0.01124,9.5957,0.90668,0.05156,0.008079,0.17658,0.28752,0.10323,0.25551,-0.41041,3.8214,0.28227,0.01124,109.39,3.3367,0.082543,0.05156,2.1015,13.833,0.3074,0.024792,0.071128,0.20694,0.024792,50.305,40.709,0.30729,0.45467,9.8895,0.003881,0.001866,0.52773,0.60476,0.2997,0.42891,0.45856,-1823.4,0.02971,0.058433,0.97029,0.069133,38.038,8.9661,106.14,3.4388,3.1023,0
-3.0463,6.9069,-5.997,0.13174,-137.27,-3.7376,-3.0463,-0.85496,13.477,-5.9051,-2.7181,-0.44105,-0.22412,-3.0463,-834.66,-0.4373,0.14478,-3.0463,-0.22604,4.2117,0.64009,-2.7204,-0.22604,-6.5612,-6.7838,-0.4373,-8.2886,-66.559,2.5333,0.51219,-0.20168,157.06,2.3474,2.3474,-2.5744,13.493,,-5.9051,-0.19103,0.003473,-0.085444,-0.20186,23.994,19.782,-19.589,0.025988,3.5008,-2.7463,-0.20378,0.13174,6.9069,0.426,-65.54,-65.54,-2047.4,-0.19105,0.51587,1.2016,0,86.664,18.451,187.06,1.9512,149.58,1
0.13707,0.3644,0.036205,1.0994,1.212,0.21359,0.17661,1.6339,1.0672,0.59537,0.17661,0.48467,0.14317,0.17661,408.22,0.89413,2.7443,0.17661,0.077604,4.4889,1.1411,0.18892,0.060229,0.28501,0.59537,0.78561,0.88589,0.060402,4.1524,0.064978,0.077604,62.369,5.8522,0.51845,0.18892,2.3384,,0.59537,0.083013,0.59841,0.035431,0.083013,29.277,24.788,4.8973,1.0225,4.7904,0.039714,0.01745,1.0994,0.3644,0.17087,0.99329,0.99329,514.23,0.062949,0.23022,0.93705,0,81.312,14.725,58.443,6.2454,3.7968,0
0.086164,0.45647,0.18086,1.402,16.546,0.27095,0.10909,1.169,1.0381,0.53361,0.10909,0.2425,0.069001,0.10909,815.53,0.44756,2.1907,0.10909,0.036845,5.7744,1.8725,0.10804,0.029102,0.34156,0.53361,0.39733,0.3788,0.48978,4.3724,0.078668,0.036845,57.572,6.3399,0.23668,0.10804,2.967,88.445,0.54021,0.036489,0.51318,0.073839,0.036489,49.295,43.521,1.8396,1.2979,5.9943,0.012831,0.004334,1.3818,0.44987,0.15773,1.445,1.4629,4263.7,0.036698,0.16147,0.9633,0.012372,63.211,8.3868,55.459,6.5814,8.0178,0
-0.019769,0.82302,-0.017142,0.93665,-81.034,0,-0.019769,0.21504,0.73397,0.17698,0.04275,-0.073057,-0.021446,-0.019769,-19085,-0.019125,1.215,-0.019769,-0.026934,55.792,1.0309,0,-0.026934,0.029705,0.15299,-0.019125,0,-0.022962,4.6613,1.1055,-0.057415,167.08,2.1846,0.71827,0.010843,0.73397,0.27224,0.69586,0.014774,0.053386,6.8104,0,118.86,63.064,-0.17621,0.52204,69.271,-0.004028,-0.005488,0.30795,0.27059,0.45774,0.23707,0.9321,-785.95,0.19459,-0.1117,0.89105,2.9318,6.5422,5.7878,134.56,2.7124,0.98314,0
0.13306,0.4691,0.50532,2.0781,43.187,0,0.16319,1.1318,3.0261,0.5309,0.16677,0.34817,0.066013,0.16319,857.11,0.42585,2.1318,0.16319,0.053929,18.689,1.0151,0.15316,0.043971,0.33783,0.5013,0.36161,42.818,19.468,3.2276,0.026804,0.053929,58.927,6.2134,6.2085,0.12277,3.0791,,0.5309,0.040571,0.83923,0.082415,0.050613,70.039,51.35,0.85875,1.7475,19.419,0.11659,0.038528,2.0764,0.46872,0.16094,20.454,20.454,853.4,0.040571,0.25063,0.947,0,19.53,7.1081,56.536,6.4561,116.58,0
0.035089,0.50273,0.50501,2.1203,39.811,0,0.050416,0.98915,2.1681,0.49727,0.13084,0.11184,0.025054,0.050416,3378.1,0.10805,1.9892,0.050416,0.023254,46.182,1.2644,0.13069,0.016184,0.28032,0.48185,0.07756,1.6251,11.424,4.113,0.21287,0.023278,80.58,4.5297,4.0617,0.1262,2.1681,,0.49727,0.058209,0.1032,0.1245,0.060279,153.08,106.89,0.12791,1.5117,49.036,0.12679,0.058479,1.9012,0.45078,0.22077,11.249,11.249,6550.6,0.058209,0.070563,0.97686,0,7.9035,3.4146,75.889,4.8096,49.045,0
0.007613,0.80335,-0.12592,0.83359,-94.796,0,0.021218,0.24479,2.163,0.19665,0.10928,0.028041,0.022313,0.021218,6075.2,0.06008,1.2448,0.021218,0.009809,66.472,0.92213,0.080783,0.00352,0.03798,0.10583,0.043144,0.91735,-0.34101,2.7408,0.35804,0.026367,132.66,2.7513,2.5914,0.081216,2.163,,0.19665,0.037547,0.066254,0.24834,0.037347,97.976,31.505,0.019326,0.313,69.065,0.053736,0.024843,0.78516,0.75667,0.36346,0.53258,0.53258,-69.319,0.037547,0.038712,0.99032,0,5.4911,11.585,127.68,2.8586,5.858,0
0.22539,0.15285,0.81362,17.201,186.77,0.47349,0.22539,5.5424,1.822,0.84715,0.22593,4.488,0.13406,0.22539,228.41,1.598,6.5424,0.22539,0.1237,11.748,1.5848,0,0.1237,0.71987,0.83666,1.598,0,5.9754,3.9791,-0.23994,0.27358,12.502,29.195,9.5926,0.001037,1.822,12.94,0.90938,0.000569,11.83,0.27011,0,54.031,42.283,3.8432,16.033,14.6,-0.018862,-0.010352,5.6516,0.050221,0.034252,6.2216,6.6786,7753.8,0.19529,0.26606,0.84617,0.073452,31.068,8.6324,10.061,36.28,13.381,0
0.011333,0.34098,0.19548,1.6629,-68.6,-0.14323,0.015047,1.4523,0.94399,0.49519,0.015047,0.05103,0.089139,0.015047,1452.3,0.25133,2.9328,0.015047,0.015652,133.89,1.1556,0.023891,0.011788,-0.1367,0.49519,0.24044,0.23458,0.38356,4.2898,0.34456,0.015652,105.68,3.4538,0.070065,0.023891,1.0553,2.9867,0.54129,0.02485,0.1124,0.11857,0.02485,173.58,39.694,0.032136,0.46697,126.39,-0.04676,-0.048637,1.4381,0.29487,0.28953,0.97164,1.0621,3809.6,-0.059331,0.022886,1.0593,0.093103,2.7262,9.1952,111.95,3.2604,1.8864,0
0.041654,0.17394,0.3861,3.6129,30.691,0.20805,0.041654,4.6661,1.0911,0.81164,0.041654,0.28189,0.084019,0.041654,876.89,0.41624,5.749,0.041654,0.048337,135.04,0.94962,0.043409,0.048337,0.20805,0.81164,0.41624,0.54962,0.82831,4.4901,0.16038,0.048337,68.29,5.3449,0.24956,0.043409,0.87329,8.2147,0.83782,0.050373,0.25919,0.077115,0.050373,209.9,74.86,0.13065,1.4553,147.35,0.01266,0.014691,3.0692,0.14777,0.1871,1.7412,1.7974,11934,0.083493,0.051321,0.91651,0.032252,2.7028,4.8758,62.588,5.8318,1.8487,0
-0.084362,0.22484,0.097131,1.432,-137.57,-0.32978,-0.084362,2.7421,0.73099,0.61653,-0.084362,-0.37522,-0.2158,-0.084362,-1259.8,-0.28974,4.4477,-0.084362,-0.27946,245.51,0.52335,-0.084978,-0.27946,-0.32978,0.61653,-0.28974,-2.0578,0.14325,3.518,0.63443,-0.27946,198.72,1.8367,-0.37795,-0.084978,0.33178,,0.61653,-0.2815,0.34633,-0.11241,-0.2815,295.15,49.634,-0.41547,0.5289,179.47,-0.1042,-0.34517,1.432,0.22484,0.54445,0.90929,0.90929,320.17,-0.368,-0.13683,1.368,0,1.4867,7.3539,271.85,1.3426,0.44522,0
0.012508,0.65345,0.12598,1.5503,-7.0679,-0.045359,0.012508,0.53033,1.1388,0.34655,0.031667,0.054634,0.072818,0.012508,2876.3,0.1269,1.5303,0.012508,0.010984,37.345,1.3271,0,0.010984,0.15733,-0.032851,0.1269,0,0.1953,4.3299,0.53915,0.026535,100.23,3.6417,1.2759,0.006698,1.1388,0.75739,0.66133,0.005882,0.27924,0.30933,0,93.27,55.925,0.10735,1.0414,51.008,-0.070416,-0.061834,0.54316,0.22895,0.2746,0.53722,1.0252,2693,0.26786,0.036094,0.7496,0.90835,9.7737,6.5266,73.381,4.9741,1.7654,0
0.12432,0.076958,0.62825,9.1635,67.288,0,0.15577,11.994,1.4907,0.92304,0.15683,2.0241,0.13391,0.15577,140.71,2.5939,12.994,0.15577,0.10449,91.651,1.2193,0.1354,0.083394,0.31711,0.78118,2.1852,128.1,2.1311,3.7318,-0.051124,0.1052,20.805,17.544,17.544,0.14058,1.4907,,0.92304,0.094303,2.1173,0.014311,0.090833,132.77,41.122,0.33212,4.2996,101.19,0.091551,0.061415,9.1635,0.076958,0.057001,3.1311,3.1311,3387.8,0.094303,0.13468,0.89703,0,3.9825,8.8761,18.843,19.37,5.0567,0
0.11387,0.50954,0.35437,1.8371,-20.914,0,0.11387,0.96257,2.1123,0.49046,0.11924,0.26897,0.071858,0.11387,1225.3,0.29789,1.9626,0.11387,0.053907,79.983,1.6211,0.11861,0.053907,0.42219,0.43105,0.29789,22.055,1.5941,4.0575,0.23732,0.056453,77.536,4.7075,3.9111,0.11942,2.1123,4.8607,0.55524,0.056538,0.031459,0.10851,0.056152,132.08,52.102,0.246,0.7437,84.776,0.08069,0.0382,1.5263,0.42334,0.21243,2.2064,2.4977,4045.4,0.056538,0.23216,0.94642,0.13206,4.5635,7.0055,73.152,4.9896,9.5022,0
0.053792,0.093204,0.7933,10.277,228.71,0.40045,0.11867,8.7503,1.3165,0.81557,0.11867,1.3877,0.10755,0.11867,230.45,1.5838,10.729,0.11867,0.08646,39.456,0.95577,0.075165,0.039192,0.61278,0.81557,0.88776,0.72097,6.5463,4.3088,-0.13941,0.08646,29.938,12.192,0.80646,0.075165,1.4193,94.976,0.82326,0.054765,3.3392,0.029431,0.054765,157.77,118.32,0.36256,8.542,51.943,0.046214,0.033671,9.429,0.085513,0.082023,6.7301,6.7935,16153,0.24041,0.065956,0.75959,0.00943,9.2509,3.085,22.741,16.05,11.326,0
0.10046,0.61988,-0.12013,0.76165,-154.93,0,0.10046,0.61321,1.2038,0.38012,0.12345,0.19932,0.15739,0.10046,1194.2,0.30564,1.6132,0.10046,0.083453,39.239,1.3935,0.004829,0.083453,0.17102,0.21642,0.30564,0.21005,-0.19498,5.1847,0.50965,0.18494,221.26,1.6496,1.3412,0.002408,1.2038,3.2705,0.45792,0.002001,0.15149,0.22022,0.004011,93.245,54.006,0.77628,0.50488,56.812,-0.084172,-0.069924,0.61927,0.50401,0.6062,0.61695,0.74323,-18380,0.30932,0.26428,0.75114,0.20469,9.302,6.7585,152.82,2.3884,1.9538,0
-0.049813,3.6858,0.1102,1.8834,35.228,-3.2385,-0.049813,-0.72869,1.0803,-2.6858,0.069177,-0.39929,-0.026494,-0.049813,-47004,-0.007765,0.27131,-0.049813,-0.04611,3.605,1.0157,0.069014,-0.04611,-0.25784,-2.8215,-0.007765,0.58,0.14405,3.2653,3.395,0.039825,45.216,8.0723,0.27323,0.073232,1.0803,0.062984,0.87525,0.067789,0.17048,1.362,0.063885,72.2,68.595,-4.6686,1.7978,3.8672,0.047823,0.044269,0.063747,0.12475,0.12388,-3.5106,1.144,203.01,0.067789,0.018547,1.0461,-1.3259,101.25,5.3211,42.151,8.6593,1.4121,0
0.061792,0.18206,0.25383,2.54,-24.07,0.20598,0.07699,4.3365,1.1353,0.7895,0.07699,0.46711,0.17234,0.07699,454.2,0.80361,5.4926,0.07699,0.09069,127.69,1.1076,0.10087,0.072787,0.2629,0.7895,0.72013,1.349,0.43661,4.6385,0.18654,0.09069,80.455,4.5367,0.55407,0.10087,0.86566,7.0575,0.80674,0.11882,0.15715,0.03517,0.11882,168.86,41.173,0.20806,0.73815,144.97,0.031558,0.037173,2.2995,0.16482,0.22043,1.358,1.3877,11043,0.1192,0.078267,0.8808,0.021835,2.8586,8.8651,70.865,5.1507,1.4603,0
0.10988,0.21065,0.46788,3.2211,200.36,0,0.10988,3.7471,1.3154,0.78935,0.12244,0.52163,0.19391,0.10988,301.45,1.2108,4.7471,0.10988,0.083537,30.563,1.0202,0,0.083537,0.41955,0.76758,1.2108,0,1.4555,3.6708,0.029993,0.18586,99.645,3.663,3.663,0.009576,1.3154,,0.78935,0.00728,0.85585,0.048367,0,138.26,107.69,0.99763,2.6982,52.101,-0.14518,-0.11037,3.2211,0.21065,0.273,2.4555,2.4555,2192.4,0.41338,0.13921,0.59878,0,11.942,3.3892,58.454,6.2443,4.0919,0
0.13426,0.47403,0.45481,1.9889,25.97,0.002001,0.15978,1.1096,3.4685,0.52597,0.17011,0.34742,0.052631,0.15978,947.8,0.3851,2.1096,0.15978,0.046067,22.925,1.1559,0.1678,0.038708,0.30163,0.48192,0.33126,16.237,5.3329,4.1342,0.090484,0.04776,50.851,7.1779,6.9641,0.16728,3.4685,133.37,0.5312,0.048229,0.3493,0.082913,0.04838,79.354,56.429,0.61629,1.5152,24.087,0.14503,0.041815,1.9297,0.45991,0.13932,6.1674,6.2287,6194.3,0.048229,0.25525,0.95406,0.009934,15.922,6.4683,48.398,7.5416,40.67,0
0.006643,1.218,-0.13335,0.75674,-50.52,-0.01885,0.009747,-0.17898,1.4161,-0.218,0.075763,0.017781,0.050151,0.009747,6260.1,0.058306,0.82102,0.009747,0.006883,11.005,1.0668,0.075208,0.004691,0.043829,-0.2683,0.055758,1.1392,-0.22788,5.5419,0.82699,0.050301,149.41,2.443,1.0995,0.076863,1.4161,0.56609,0.43937,0.054279,0.091611,0.29748,0.053111,93.98,82.975,0.15559,0.67885,11.637,0.013938,0.009843,0.34058,0.54817,0.40933,-0.37254,0.75084,-46443,0.054279,-0.030473,0.99313,-3.0155,33.167,4.3989,141.3,2.5832,2.4199,0
0.23534,0.080099,0.52988,7.8473,306.22,0.40405,0.2954,8.5663,1.5326,0.68615,0.2954,3.8172,0.79231,0.2954,61.686,5.9171,12.485,0.2954,0.49382,47.298,1.2118,0.27356,0.39343,0.50468,0.68615,5.1673,7.0087,1.3492,5.4306,-0.025013,0.49382,72.367,5.0437,3.4153,0.27356,0.73953,195.24,0.68886,0.45731,4.7465,0.005825,0.45731,146.42,99.121,3.0361,6.8457,72.488,0.095005,0.15882,7.5815,0.077385,0.19827,1.7471,1.754,142810,0.34751,0.34299,0.65249,0.003954,7.7171,3.6824,47.219,7.73,1.5231,0
0.13452,0.55973,0.42,1.7504,31.527,0,0.16814,0.78657,4.9523,0.44027,0.1707,0.3004,0.033953,0.16814,1215,0.3004,1.7866,0.16814,0.033953,0,1.1681,0.17069,0.027163,0.80718,0.21595,0.24033,66.866,20.721,2.3481,0.11248,0.034468,42.782,8.5316,8.5316,0.17695,4.9523,,0.44027,0.035731,0.008031,0.10931,0.034467,71.877,71.877,,1.7504,0,0.17069,0.034467,1.7504,0.55973,0.11721,21.721,21.721,93.617,0.035731,0.30554,0.96605,0,,5.0781,41.254,8.8477,244.33,0
0.091914,0.36615,0.1534,1.6114,-28.647,0,0.11368,1.7311,1.0536,0.63385,0.13089,0.4531,0.13534,0.11368,937.23,0.38945,2.7311,0.11368,0.1079,77.591,1.4513,0.1308,0.087238,0.18916,0.60031,0.32999,7.6028,0.25751,4.753,0.3294,0.11283,98.828,3.6933,2.5308,0.12696,1.0536,2.3979,0.70905,0.1205,0.079522,0.076418,0.12415,133.15,55.558,0.41038,0.71871,88.223,0.10189,0.096705,1.1042,0.2509,0.27076,1.064,1.1903,8685.6,0.1205,0.14501,0.89324,0.11864,4.7041,6.5697,86.919,4.1993,1.7687,0
0.047164,0.38443,-0.023131,0.93983,-39.637,0,0.059057,1.6012,1.144,0.61557,0.059061,0.15362,0.10784,0.059057,1137.4,0.32092,2.6012,0.059057,0.051621,28.171,1.0195,0.058484,0.041226,0.18473,0.54049,0.28998,12232,-0.036216,3.7518,0.28919,0.051626,128.84,2.8329,2.8329,0.054989,1.144,,0.61557,0.048066,0.14303,0.10435,0.051121,97.729,69.559,0.53416,0.71015,29.593,-0.00583,-0.005096,0.93983,0.38443,0.353,0.96378,0.96378,-130.63,0.048066,0.076619,0.94865,0,12.957,5.2474,122.65,2.9759,1.7912,0
0.04298,0.29313,0.40104,2.6731,22.681,0,0.051637,2.4114,1.6976,0.70687,0.062632,0.21542,0.08038,0.051637,784.1,0.4655,3.4114,0.051637,0.030417,62.788,0.93397,0.059096,0.025318,0.44809,0.2293,0.43597,5.3747,1.1163,3.923,0.13632,0.036182,53.621,6.807,5.5662,0.065991,1.6976,6.526,0.7603,0.038872,0.30569,0.067896,0.034811,122.01,59.221,0.14718,1.4548,65.327,-0.025722,-0.015151,2.1858,0.2397,0.14691,1.9676,2.1163,3359.1,0.038872,0.060804,0.96986,0.075594,5.8132,6.1633,51.537,7.0823,4.7254,0
0.032179,0.52019,0.36279,1.6974,23.348,0.16522,0.047993,0.80316,1.0084,0.4178,0.047993,0.09226,0.010305,0.047993,3374,0.10818,1.9224,0.047993,0.008789,0.27295,1.1313,0.047264,0.005893,0.19375,0.4178,0.077781,0.087278,3.1002,3.9822,0.093082,0.008789,35.062,10.41,0.090858,0.047264,5.4722,,0.4178,0.008655,0.03827,0.3079,0.008655,57.687,57.414,7.8801,1.6896,0.27524,0.038982,0.007139,1.6974,0.52019,0.09606,3.5704,3.5704,3482.5,0.008337,0.077021,0.99166,0,1337.3,6.3573,34.769,10.498,46.666,0
0.23516,0.14972,0.43472,4.2231,70.572,0.59411,0.23583,5.5974,1.1503,0.83805,0.23583,1.7485,0.18654,0.23583,185.91,1.9633,6.679,0.23583,0.14966,40.257,1.3032,0.22768,0.14924,0.59839,0.83805,1.9588,1.6621,1.01,5.1118,-0.000751,0.14966,35.939,10.156,1.5207,0.22768,1.6178,26.663,0.85289,0.14449,1.1469,0.017223,0.14449,96.106,55.849,1.3531,2.9346,46.309,0.16956,0.10761,3.8044,0.13488,0.098463,1.9471,1.9816,56237,0.13069,0.28061,0.86931,0.017714,9.0667,6.5355,31.242,11.683,3.6611,0
0.14453,0.36541,0.59122,3.2576,-109.04,0,0.17983,1.7367,0.9329,0.63459,0.19216,0.68669,0.20853,0.17983,685.61,0.53237,2.7367,0.17983,0.19276,315.47,1.0718,0.18641,0.15492,0.50143,0.58629,0.43578,15.111,4.0244,5.6171,0.37013,0.20536,128.53,2.8531,2.0447,0.18926,0.93933,0.45661,0.73702,0.20287,0.10258,0.060563,0.19982,323.26,7.7887,0.17925,0.17859,393.9,0.1717,0.18405,2.3346,0.26187,0.35049,4.3197,5.0169,244810,0.20287,0.22775,0.80856,0.16141,1.157,46.863,102.46,3.5624,6.3503,0
-0.019935,0.60532,0.060509,1.1372,-2.5589,0.082182,-0.02559,0.63323,0.99056,0.38331,-0.02559,-0.058017,0.028222,-0.02559,6646.9,0.054912,1.652,-0.02559,-0.021727,21.038,1.045,0.015481,-0.016925,0.097991,0.38331,0.064255,0.1302,0.1214,4.7838,0.48934,-0.021727,135.4,2.6957,0.025575,0.015481,1.2142,2.6406,0.54755,0.013144,0.067172,0.26781,0.013144,146.26,125.22,-0.29365,0.98327,20.84,-0.043348,-0.036804,0.82863,0.44108,0.37096,0.76905,1.0986,3678.2,-0.009528,-0.052007,1.0095,0.42849,17.349,2.9149,136.69,2.6703,2.3631,0
0.016314,0.34677,0.22341,1.8339,1.294,0,0.016314,1.8837,2.029,0.65323,0.044627,0.060896,0.090172,0.016314,691.81,0.5276,2.8837,0.016314,0.00804,37.376,1.0374,0.035459,0.00804,0.08076,0.016314,0.5276,1.2524,0.43917,3.8702,0.15742,0.013356,48.78,7.4826,5.7807,0.024403,2.029,3.6259,0.73143,0.012027,0.13588,0.057194,0.017476,81.833,44.458,0.07852,1.0584,37.831,-0.13119,-0.064655,1.4168,0.2679,0.13364,1.2841,1.4378,1657,0.012027,0.024974,0.9921,0.11971,9.7657,8.21,48.193,7.5737,3.9886,0
-0.20629,0.26839,0.43236,3.9732,33.581,0,-0.20629,2.7259,1.0751,0.73161,-0.19313,-1.4186,-0.1472,-0.20629,-619.03,-0.58963,3.7259,-0.20629,-0.19189,107.02,0.35258,-0.19842,-0.19189,0.5428,0.20763,-0.58963,-15.074,1.024,3.6345,0.17643,-0.18185,40.879,8.9289,4.8378,-0.22335,1.0751,,0.73161,-0.20776,0.54492,-0.059492,-0.18456,169.26,62.246,-0.65447,1.8057,88.607,-0.24646,-0.22925,2.1528,0.14542,0.112,1.7328,1.7328,1863.5,-0.20776,-0.28197,1.1828,0,3.4107,5.8639,49.371,7.3929,2.5462,0
0.33619,0.14431,0.3117,5.7619,125.43,0,0.41092,5.9294,1.211,0.85569,0.42379,6.2778,0.3731,0.41092,116.58,3.1309,6.9294,0.41092,0.33933,15.416,1.1047,0.42379,0.27761,0.88149,0.84283,2.613,32.939,0.50044,3.6645,0.10644,0.34995,30.291,12.05,5.4654,0.42227,1.211,4.1342,0.93454,0.34869,0.2355,0.010352,0.34995,109.03,93.614,6.573,4.9805,23.669,0.38288,0.31617,2.6135,0.065457,0.08299,1.3738,1.5004,1439.5,0.34869,0.39289,0.6611,0.092155,23.677,3.899,19.729,18.501,1.9443,0
-0.006258,0.31059,0.19139,1.6168,-31.808,0.1093,-0.004551,2.2196,1.0034,0.68941,-0.004551,-0.014666,0.011142,-0.004551,8816,0.041402,3.2196,-0.004551,-0.003943,90.663,1.1919,0.008769,-0.005422,0.11124,0.68941,0.035906,0.07624,0.38406,5.2118,0.26511,-0.003943,98.461,3.7071,0.028234,0.008769,1.1782,686.43,0.68972,0.007598,0.030301,0.39006,0.007598,155.68,65.014,-0.021828,0.69287,90.974,-0.00864,-0.007486,1.6152,0.31028,0.26976,1.3834,1.3841,31166,0.003416,-0.009077,0.99658,0.000454,4.0259,5.6142,98.124,3.7198,2.3161,0
-0.29909,0.21364,0.29599,2.6941,11.36,0,-0.29909,3.6807,2.9422,0.78636,-0.29898,-1.7118,-0.092196,-0.29909,-287.47,-1.2697,4.6807,-0.29909,-0.10165,22.528,1.121,-0.29925,-0.10165,-0.22499,-0.11929,-1.2697,-2805,0.55923,3.0401,0.045943,-0.10162,19.654,18.571,15.188,-0.30248,2.9422,,0.78636,-0.10281,0.5229,-0.026237,-0.10171,47.061,24.533,-1.647,1.6547,20.428,-0.32708,-0.11117,2.2033,0.17472,0.053847,1.4857,1.4857,324.61,-0.10281,-0.38035,1.0892,0,16.202,14.878,21.675,16.84,5.5588,0
0.10636,0.65733,0.21928,1.4396,-34.322,0.065393,0.1315,0.52132,1.3194,0.34267,0.17,0.26362,0.12431,0.1315,1462.8,0.24952,1.5213,0.1315,0.099661,62.933,1.343,0.16548,0.080612,0.29301,0.17176,0.21129,4.2971,0.77787,4.8919,0.49502,0.1143,159.32,2.291,1.7385,0.17663,1.3194,3.927,0.46761,0.13387,0.20413,0.11066,0.12542,170.48,107.55,0.46754,0.98354,72.66,0.13296,0.10077,1.0925,0.49881,0.43649,1.2156,1.6587,17095,0.13387,0.31039,0.90102,0.36457,5.7998,3.3938,137.99,2.6451,4.6804,0
0.050453,0.24135,0.29359,2.2344,10.608,0.20972,0.067663,2.6602,1.0405,0.64203,0.067663,0.28448,0.059339,0.067663,589.77,0.61889,4.1434,0.067663,0.026881,21.327,1.0313,0.093374,0.020043,0.26492,0.64203,0.54758,0.38596,0.62657,4.5873,0.06326,0.026881,35.885,10.171,0.38689,0.093374,2.5267,109.84,0.64553,0.037095,0.6716,0.045321,0.037095,53.898,32.57,0.34303,1.616,22.19,0.01167,0.004636,2.202,0.23785,0.098314,1.3702,1.3777,11350,0.038894,0.078583,0.96111,0.00545,17.114,11.206,34.489,10.583,5.3721,0
0.20645,0.30952,0.35101,3.562,64.243,0,0.20645,2.2308,1.4665,0.69048,0.23774,1.5069,0.20738,0.20645,371.48,0.98255,3.2308,0.20645,0.14078,34.845,1.6485,0.19639,0.14078,0.25238,0.67893,0.98255,6.2772,0.6856,3.9375,0.14247,0.14672,39.277,9.2931,4.1136,0.19326,1.4665,2.0174,0.86299,0.13178,0.7431,0.035086,0.13392,96.125,61.28,1.4747,2.5401,40.134,0.098731,0.067325,1.5767,0.13701,0.10761,1.3487,1.6856,3039.4,0.13178,0.299,0.86379,0.24984,10.475,5.9563,34.101,10.704,2.8644,0
0.039379,0.19807,0.24874,2.7106,-11.241,0.26636,0.051006,3.7986,1.0524,0.7524,0.051006,0.35078,0.10306,0.051006,571.41,0.63877,5.0486,0.051006,0.041545,82.439,0.9467,0.062918,0.032075,0.3372,0.7524,0.58007,0.53934,0.41056,4.3063,0.14321,0.041545,45.495,8.0228,0.31765,0.062918,1.2518,2.2188,0.80506,0.051248,0.19097,0.04704,0.051248,108.92,26.485,0.14201,0.80364,86.76,-0.012599,-0.010262,1.9899,0.14541,0.12464,1.2419,1.3288,5035.4,0.049802,0.052337,0.9502,0.069997,4.4275,13.781,43.23,8.4433,2.0264,0
0.13392,0.12496,0.63756,6.2914,112.91,0.34113,0.16677,6.7318,1.1352,0.84119,0.16677,1.3841,0.17955,0.16677,204.77,1.7825,8.0027,0.16677,0.13444,88.025,1.0181,0.14702,0.10795,0.42478,0.84119,1.5196,1.3454,2.635,4.9888,-0.098509,0.13444,40.244,9.0697,1.1766,0.14702,1.2676,102.72,0.84566,0.11852,2.1607,0.020239,0.11852,146.44,58.415,0.44764,3.8084,99.923,0.091064,0.073407,6.0664,0.12049,0.11026,3.4767,3.4952,62138,0.11908,0.1592,0.88092,0.005311,4.1466,6.2483,35.452,10.296,5.1271,0
0.031875,0.32708,0.24904,1.7745,11.546,0.072783,0.043062,1.8946,1.0315,0.61968,0.043062,0.13392,0.044213,0.043062,1297.3,0.28134,3.0574,0.043062,0.02069,32.098,1.3157,0.062841,0.015315,0.095401,0.61968,0.24714,0.31145,0.57996,4.4724,0.13228,0.02069,58.168,6.275,0.19213,0.062841,2.0933,70.134,0.62521,0.030193,0.16986,0.096183,0.030193,90.486,58.388,0.17415,1.2053,33.11,0.013882,0.00667,1.7445,0.32155,0.15936,1.4431,1.456,7391,0.030549,0.051438,0.96945,0.008917,11.371,6.2513,56.391,6.4727,4.8469,0
0.072912,0.42105,0.2009,1.5914,-14.462,0,0.091119,1.375,1.4526,0.57895,0.096396,0.26825,0.096872,0.091119,1092.2,0.33419,2.375,0.091119,0.06273,62.88,1.1696,0.08284,0.050196,0.3377,0.57672,0.29095,15.697,0.43728,5.3469,0.28308,0.066363,89.307,4.1258,3.3284,0.064282,1.4978,4.9099,0.63808,0.044254,0.043649,0.10598,0.05703,132.11,69.23,0.29137,0.85474,65.174,0.033245,0.022887,1.2839,0.33968,0.24238,1.2602,1.3889,44660,0.044254,0.12594,0.93917,0.10214,5.8047,5.2723,85.355,4.2763,3.1617,0
0.27562,0.42947,0.099596,1.3535,-13.681,0.63161,0.33713,1.3044,1.1906,0.56019,0.33713,1.1965,0.2016,0.33713,388.22,0.9402,2.3284,0.33713,0.16832,25.867,1.5947,0.32481,0.13761,0.77758,0.56019,0.79696,1.9307,0.16099,5.5117,0.20356,0.16832,61.132,5.9707,0.75629,0.32481,2.0403,1.6208,0.7079,0.16217,0.14485,0.036069,0.16217,62.059,36.193,1.9418,0.84971,30.796,0.25815,0.12889,0.88796,0.28176,0.16748,0.90551,1.1443,32352,0.16007,0.492,0.83993,0.26368,14.111,10.085,51.347,7.1085,3.2376,0
-0.043616,0.90959,-0.29691,0.67314,-176.29,-0.045548,-0.042983,0.037813,1.0155,0.034394,-0.042983,-0.047318,0.004791,-0.042983,64958,0.005619,1.0994,-0.042983,-0.040292,47.252,1.1981,0.01635,-0.040885,-0.044915,0.034394,0.004923,0.15563,-0.76419,5.0371,0.74115,-0.040292,315.6,1.1565,0.017975,0.01635,1.0882,391.54,0.035603,0.015326,0.19245,0.46403,0.015326,149.4,102.15,-0.31582,0.5211,47.982,-0.031744,-0.029756,0.67224,0.90838,0.86466,0.088522,0.091633,-32339,0.015217,-1.2681,0.98478,0.035151,7.7245,3.5733,310.8,1.1744,2.7457,0
-0.12283,0.71949,0.065162,1.0906,-78.53,-0.37768,-0.12283,0.38988,2.4092,0.28051,-0.071807,-0.17072,-0.034995,-0.12283,-3114.8,-0.11718,1.3899,-0.12283,-0.050982,92.809,1.0575,-0.071805,-0.050982,-0.50051,0.040846,-0.11718,-1.4073,0.30258,2.6996,0.29753,-0.029805,100.78,3.6219,3.6219,-0.19667,2.4092,,0.28051,-0.08163,0.021239,-0.72047,-0.029804,116.56,23.751,-0.2005,0.23913,85.805,-0.11032,-0.045791,1.0906,0.71949,0.2761,1.3026,1.3026,32.626,-0.08163,-0.43787,1.0484,0,3.9328,15.368,109,3.3485,11.187,0
-0.096551,0.91133,-0.040992,0.95499,-83.41,-0.17341,-0.10992,-0.10525,0.9575,-0.095921,-0.10992,-0.1207,-0.044189,-0.10992,-3662.1,-0.099671,1.0973,-0.10992,-0.053476,80.161,1.5525,-0.086436,-0.04697,-0.19146,-0.095921,-0.084997,-0.40263,-0.31464,5.0004,0.44296,-0.053476,154.84,2.3573,-0.094846,-0.086436,2.1103,673.66,-0.0953,-0.04205,0.001464,-0.44489,-0.04205,154.2,74.034,-0.21387,0.45928,76.754,-0.10553,-0.051337,0.95434,0.91071,0.42421,-0.73626,-0.73149,-4103.2,-0.044389,1.0066,1.0444,-0.006473,4.5533,4.9301,161.71,2.2571,15.778,0
0.14394,0,0.41299,,63.962,0.30062,0.14394,,1.0686,0,0.14394,,0.099148,0.14394,0,,,0.14394,0.072518,16.103,1.4718,0.14595,0.072518,0.30062,0,,0.7857,0.70355,4.3293,-0.050599,0.072518,0,,,0.14595,2.0105,,0,0.073527,,0,0.073527,56.595,40.493,1.6438,,17.207,0.093088,0.046898,,0,0,0,0,8815,0.064178,,0.93582,,22.667,9.014,0,,3.3814,0
0.046509,0.39058,0.078802,1.2771,3.8593,0.18389,0.05436,1.5603,0.48551,0.60942,0.063772,0.19118,0.14184,0.05436,2070.1,0.17632,2.5603,0.05436,0.11197,52.532,0.96998,0.056547,0.095793,0.14651,0.48826,0.15622,6.0083,0.12374,5.2855,0.80447,0.11197,261.17,1.4211,1.0346,0.08812,0.48551,2.7605,0.71566,0.1815,0.016951,0.18323,0.11647,269.38,216.85,0.66558,1.0314,63.118,0.042041,0.086592,0.92975,0.28434,0.70367,0.95692,1.1237,1.2771,0.1815,0.076317,0.82961,0.17433,6.9481,1.6832,213.77,1.7075,0.76236,0
0.043364,0.66177,0.83744,6.1514,-31.721,0.1847,0.049992,0.51109,0.74908,0.33823,0.054284,0.30752,0.069988,0.049992,4607.3,0.079222,1.5111,0.049992,0.066738,405.49,0.78122,0.050382,0.05789,0.37065,0.22807,0.069206,11.739,,2.958,0.88345,0.066751,84.764,4.3061,1.0578,0.049075,0.74908,0.33615,0.83744,0.065513,0.41038,0.41765,0.067259,454.76,49.261,0.052109,1.0323,433.92,0.047948,0.064009,1.5111,0.16256,0.23223,,,760.22,0.065512,0.12821,0.93373,1.476,0.90014,7.4095,79.211,4.6079,,0
0.175,0.25188,0.36257,3.0535,103.69,0,0.175,2.9701,2.4325,0.74812,0.17756,0.99118,0.31144,0.175,121.36,3.0076,3.9701,0.175,0.071945,24.277,1.2281,0,0.071945,,0.50269,3.0076,0,0.78672,4.2478,0.051306,0.16254,51.342,7.1092,4.9833,0.072895,2.4325,,0.74812,0.029967,0.75968,0.014412,0,60.772,36.495,1.0817,2.1372,47.046,-0.58257,-0.2395,2.1404,0.17656,0.14066,1.6233,1.6233,6415.6,0.48397,0.23393,0.51761,0,15.035,10.001,26.494,13.777,5.2781,0
0.001043,0.58535,0.031428,1.1049,-52.002,0,0.001043,0.70837,1.1112,0.41465,0.015236,0.003482,0.087851,0.001043,2188.6,0.16677,1.7084,0.001043,0.000939,60.088,1.1474,0.01373,0.000939,-0.22531,0.3314,0.16677,0.96732,0.04697,3.7786,0.52039,0.013697,94.208,3.8744,1.9822,-0.049069,1.1112,0.89336,0.58028,-0.044159,0.030854,0.17689,0.012356,105.66,45.568,0.005701,0.4941,57.547,-0.082848,-0.074557,0.5653,0.29947,0.2581,0.61971,0.86725,188.77,-0.044159,0.002515,0.99908,0.39945,6.0744,8.0099,98.368,3.7106,1.6607,0
1.0959,0.31859,0.6746,3.1175,34.44,0,1.0959,2.1388,3.391,0.68141,1.1541,3.4398,0.32534,1.0959,105.41,3.4628,3.1388,1.0959,0.32318,48.874,1.0623,1.134,0.32318,3.3827,0.67954,3.4628,19.477,99.07,3.1256,0.070971,0.32318,51.073,7.1466,7.1466,1.1142,3.391,,0.68141,0.32856,0.25535,0.009304,0.33443,98.149,49.275,2.4135,1.6923,72.79,1.1267,0.33226,3.1175,0.31859,0.13993,100.07,100.07,900.94,0.32856,1.6083,0.68059,0,7.4682,7.4075,34.292,10.644,497.99,0
0.15106,0.34657,0.59414,2.9029,36.693,0,0.18449,1.8854,4.4963,0.65343,0.19096,0.59089,0.044533,0.18449,631.76,0.57775,2.8854,0.18449,0.041032,9.6496,1.2112,0.14406,0.033597,0.44589,0.61564,0.48129,22.28,6.3453,3.4226,0.040821,0.04247,26.18,13.942,12.56,0.14332,4.4963,,0.65343,0.031875,0.62848,0.072292,0.03204,57.648,47.998,1.2708,2.5222,9.9673,0.12832,0.028539,2.6153,0.31223,0.071727,6.9785,6.9785,1572.2,0.031875,0.23118,0.95942,0,37.825,7.6045,25.346,14.401,48.019,0
0.36112,0.074337,0.5727,8.7041,317.99,0.834,0.35263,12.393,1.5968,0.92123,0.35263,4.7437,0.45591,0.35263,68.178,5.3536,13.452,0.35263,0.40397,53.259,1.207,0.32483,0.4137,0.82578,0.92123,5.4678,5.942,1.6226,6.0971,-0.18754,0.40397,49.634,7.3539,4.3697,0.32483,0.90322,,0.92123,0.37212,3.2359,0.006602,0.37212,169.97,116.71,2.8352,6.9907,85.044,0.27949,0.32018,8.7041,0.074337,0.13598,2.61,2.61,716160,0.37375,0.392,0.62625,0,6.8533,3.1274,31.083,11.743,2.4731,0
-0.38079,3.4177,-1.6374,0.079053,-1338.2,-3.6641,-0.38079,-0.70712,0.52585,-2.4167,0.078676,-0.21417,-0.71232,-0.38079,-3330.3,-0.1096,0.29259,-0.38079,-0.72414,0,0.52534,0.078656,-0.72414,-0.41621,-2.8267,-0.1096,0.17119,-1.9034,3.0116,6.3684,-0.4986,1489.2,0.25153,0.13085,0.090058,0.52589,0.086853,-0.79844,0.17126,0.039792,1.3424,0.14958,48.453,48.453,,0.039792,0,0.072444,0.13777,0.041125,1.778,4.0799,-2.8092,-0.92812,-1681.7,0.17126,0.15756,0.85041,-0.66962,,7.5331,1234.1,0.29576,0.61126,1
0.07338,0.54294,0.2023,1.3827,-12.009,0.20983,0.07338,0.84183,1.056,0.45706,0.07338,0.13882,0.058586,0.07338,1700,0.2147,1.8418,0.07338,0.03688,47.954,1.3958,0.10286,0.03688,0.20983,0.45706,0.2147,0.54594,0.75183,4.7057,0.27134,0.03688,102.4,3.5643,0.18946,0.10286,2.025,32.784,0.47138,0.051697,0.010092,0.12222,0.051697,133.1,85.148,0.2807,0.88817,50.642,0.059674,0.029991,1.3462,0.52862,0.28056,1.6986,1.7518,10273,0.053066,0.16055,0.94693,0.031333,7.6114,4.2866,96.971,3.764,7.3946,0
-0.040417,0.75554,0.7793,8.5375,153.26,-2.2766,-0.040417,0.32355,1.5257,0.24446,-0.002256,-0.39092,0.09087,-0.040417,1989.1,0.1835,1.3235,-0.040417,-0.02649,45.107,1.5227,-0.00664,-0.02649,-1.0018,-1.4781,0.1835,-0.17401,6.6429,3.7638,0.17218,-0.015783,24.478,14.912,2.0405,-0.015954,1.5257,1.0927,0.87972,-0.010456,4.8699,0.14607,-0.004352,90.714,45.607,-0.21435,6.7138,44.641,-0.1857,-0.12171,1.1683,0.10339,0.067062,2.0838,7.4989,4524.2,-0.010456,-0.16533,1.025,2.5987,8.0918,8.0032,24.734,14.757,13.006,0
0.31583,0.67118,0.22773,1.5253,5.1233,0.49431,0.31583,0.43863,1.2288,0.2944,0.31583,0.72855,0.18863,0.31583,702.11,0.51986,1.4899,0.31583,0.17074,39.259,1.2183,0.33442,0.17074,0.49301,0.2944,0.51986,2.2215,0.67223,4.3639,0.2977,0.17074,105.11,3.4725,0.49826,0.33442,1.8761,1.9451,0.53206,0.18079,0.29603,0.060042,0.18079,105.15,65.896,1.5874,1.0664,48.24,0.30133,0.1629,0.98519,0.43351,0.28798,0.86904,1.5706,5263.9,0.18618,1.0728,0.81382,0.8073,9.2972,5.539,85.542,4.2669,5.4603,0
-0.18458,0.6364,0.008791,1.02,-44.568,-0.18458,-0.20222,0.55321,0.95099,0.35206,-0.20222,-0.45952,-0.11584,-0.20222,-1439.4,-0.25357,1.5713,-0.20222,-0.14517,48.494,0.94647,-0.15067,-0.1325,-0.20222,0.35206,-0.22585,,0.01595,4.4803,0.45659,-0.14517,109.65,3.3286,-0.23676,-0.15067,1.41,1.3436,0.54839,-0.10816,0.000777,-0.19052,-0.10816,117.52,69.026,-0.99729,0.59941,46.117,-0.19152,-0.13748,0.70532,0.44008,0.30042,0.6388,0.99503,265.65,-0.051537,-0.52428,1.0515,0.55765,7.5268,5.2879,115.31,3.1655,2.5276,1
-0.22034,0.99269,-0.090167,0.66467,-112,-0.52898,-0.22859,-0.21169,0.78975,-0.21014,-0.22859,-0.85013,-0.41937,-0.22859,-2065.6,-0.17671,1.0074,-0.22859,-0.5465,31.443,1.3768,-0.18347,-0.52678,-0.53723,-0.21014,-0.1684,-3.4641,-0.10979,4.8052,2.3627,-0.5465,185.3,1.9697,-0.18482,-0.18347,0.42519,0.19714,0.51366,-0.43863,0.09843,-0.25048,-0.43863,132.86,101.42,-6.1151,0.53066,24.832,-0.23664,-0.56576,0.18004,0.26889,0.50768,-0.25587,0.62544,-5757.9,-0.26623,1.0485,1.2662,-3.4443,11.608,3.599,234.64,1.5556,0.5093,0
-0.155,8.5525,0.4131,3.2197,57.772,-7.7668,-0.155,-0.88307,2.1994,-7.5525,0.048629,-0.83284,-0.068932,-0.155,-20590,-0.017727,0.11693,-0.155,-0.070472,7.1582,0.7357,0.043468,-0.070472,-7.4729,-7.8721,-0.017727,0.21347,1.0307,3.0899,3.8863,-0.070472,29.751,12.268,0.26697,-0.083822,2.1994,0.066465,0.81389,-0.03811,0.047739,6.0845,0.019763,97.965,90.807,-3.5934,2.9879,6.8954,0.040082,0.018224,0.070063,0.18611,0.08151,-18.844,2.0307,508.16,-0.038111,0.020523,1.0665,-1.1078,50.991,4.0195,30.885,11.818,5.4877,0
0.11039,0.1491,0.61083,7.5116,179.02,0,0.13702,5.707,1.0183,0.8509,0.14331,1.4607,0.16315,0.13702,327.56,1.1143,6.707,0.13702,0.13456,48.961,0.85958,0.10435,0.10841,0.57406,0.84184,0.93573,16.589,2.0681,4.1185,0.14642,0.13456,36.778,9.9245,6.2441,0.087329,1.0183,12.407,0.89669,0.085759,0.27459,0.037236,0.10247,243.34,194.37,0.80818,6.0555,53.554,0.075231,0.073878,4.726,0.093806,0.10076,2.8809,3.0359,8024.1,0.085759,0.12974,0.87246,0.053807,7.4548,1.8778,33.624,10.855,3.4477,0
0.45943,0.48356,0.20483,2.2936,21.131,0.50262,0.45943,1.0539,1.2815,0.50961,0.45943,2.9015,0.23143,0.45943,355.38,1.0271,2.068,0.45943,0.21409,18.166,2.2422,0.48001,0.21409,0.50262,0.50961,1.0271,2.8666,0.32164,4.1887,0.22447,0.21409,34.515,10.575,0.99266,0.48001,2.1679,0.78833,0.83482,0.22368,0.023923,0.030737,0.22368,61.128,42.962,4.3018,1.6191,23.28,0.4428,0.20634,0.75105,0.15835,0.094562,0.80024,1.3109,3162.7,0.21969,0.90154,0.78031,0.63816,20.093,8.4958,26.933,13.552,3.3698,0
0.090458,0.29988,0.33717,2.3154,30.825,0,0.11368,2.3347,1.2699,0.70012,0.15605,0.4435,0.11348,0.11368,759.49,0.48058,3.3347,0.11368,0.089516,68.148,0.98113,0.15412,0.071231,0.70253,0.62667,0.40315,3.6377,0.82944,4.1344,0.17036,0.093728,83.315,4.381,3.7446,0.147,1.2699,21.055,0.71705,0.11575,0.35134,0.054163,0.12136,144.7,76.548,0.38151,1.3904,77.069,0.12368,0.097391,1.9791,0.25632,0.22826,1.7223,1.7639,4594.7,0.11575,0.1292,0.91158,0.024177,5.356,4.7682,73.671,4.9545,3.124,0
0.03085,0.4512,0.1854,1.7139,4.068,0.063977,0.038733,0.95255,1.0162,0.42979,0.038733,0.14915,0.051817,0.038733,1185.7,0.30783,2.2163,0.038733,0.01445,21.327,1.2379,0.053859,0.011509,0.080326,0.42979,0.29036,0.20418,0.3341,5.0675,0.15088,0.01445,35.933,10.158,0.11937,0.053859,2.7068,1.5063,0.6213,0.020093,0.1805,0.096313,0.020093,54.225,32.898,0.19697,1.1108,21.672,-0.0463,-0.017273,0.98645,0.25969,0.098448,0.77452,1.1196,21659,0.015897,0.071779,0.9841,0.44559,17.114,11.095,35.362,10.322,4.8304,0
-0.55123,1.3356,-0.611,0.53767,-89.033,-0.55123,-0.55123,-0.38409,0.95329,-0.51299,-0.55123,-0.41711,-0.14565,-0.55123,-1021.9,-0.35717,0.74873,-0.55123,-0.16831,23.84,0.88221,-0.54473,-0.16831,-0.55123,-0.51299,-0.35717,,-2.1109,3.5027,0.40585,-0.16831,140.4,2.5997,-0.40786,-0.54473,3.9201,35.352,-0.49894,-0.16632,0.009665,-0.093318,-0.16632,77.763,53.923,-2.5768,0.37579,22.727,-0.61893,-0.18898,0.53201,1.3215,0.38466,-1.7723,-1.7237,-1944.2,-0.048998,1.0746,1.049,-0.027385,15.31,6.7689,147.28,2.4783,11.315,1
0.036712,0.64268,0.46166,2.758,27.384,-0.32395,0.02524,0.55599,1.7025,0.35732,0.043369,0.096113,0.028932,0.02524,4762.3,0.076644,1.556,0.02524,0.014825,71.252,0.99414,0.031177,0.021563,0.075131,-0.18605,0.094495,1.7197,1.6743,3.9028,0.22239,0.025473,58.311,6.2596,2.5577,0.05874,1.7025,1.3754,0.64226,0.034502,1.0287,0.38813,0.018312,97.356,26.104,0.11046,1.4924,73.798,0.007159,0.004205,1.127,0.2626,0.15975,1.2959,2.3293,3690.8,0.034502,0.10274,0.98535,0.79744,5.1226,13.983,56.299,6.4833,6.1746,0
0.032677,0.65465,0.21638,1.3428,-69473,0,0.034133,0.52754,4.6143,0.34535,0.064576,0.054077,0.016787,0.034133,3084.7,0.11833,1.5275,0.034133,0.007397,26.329,1.4155,0.064574,0.007082,0.20893,0.2033,0.1161,2.1211,1.4197,2.9615,0.14102,0.013078,50.507,7.2424,6.983,0.052731,4.6143,25.918,0.36521,0.011428,0.034551,0.20223,0.013994,65.321,38.992,0.098174,0.81549,26.575,0.021246,0.004604,1.2947,0.6312,0.13807,2.2658,2.3961,198.02,0.011428,0.094619,0.99731,0.057507,13.863,9.3609,49.929,7.3103,30.274,0
-0.10606,0.28965,0.085645,1.3573,86.627,-0.054102,-0.10985,2.4525,0.33806,0.71035,-0.1007,-0.45833,-0.26812,-0.10985,-1166.4,-0.31293,3.4525,-0.10985,-0.32495,31.212,1.0011,-0.10119,-0.31372,-0.018692,0.45461,-0.29983,-11.062,0.12694,3.4525,0.79311,-0.29789,353.37,1.2984,1.0744,0.090496,0.33806,,0.71035,0.26769,0.097286,-0.11778,-0.29932,326.07,294.86,-3.6687,1.2367,33.907,-0.1204,-0.35615,1.1232,0.23968,0.77018,1.0529,1.0529,1.3573,0.26769,-0.1493,0.90242,0,11.694,1.2379,258.78,1.4105,0.50107,0
0.14422,0.40042,0.27385,1.7295,-103.64,0,0.14422,1.4974,1.2561,0.59958,0.17407,0.38422,0.69868,0.14422,166.53,2.1918,2.4974,0.14422,0.11482,16.232,1.0497,0,0.11482,0.35662,0.58902,2.1918,0,0.78068,3.9762,0.26748,0.25854,,0,0,0.001214,1.2561,,0.59958,0.000966,0.18994,0.018199,0,167.93,151.7,2.5818,1.5807,,-0.7334,-0.58387,1.6213,0.37537,,1.7093,1.7093,2592.4,1,0.24054,0.02684,0,22.486,2.4061,109.07,3.3463,3.5809,0
0.005915,0.8251,0.067253,1.1249,-108.42,0,0.010292,0.21197,1.5465,0.1749,0.10233,0.019109,0.018151,0.010292,10728,0.034023,1.212,0.010292,0.006655,102.67,0.96594,0.099261,0.003825,0.070898,0.083216,0.028718,1.0785,0.17063,3.1169,0.52791,0.022511,136.15,2.681,1.75,0.10259,1.5465,0.62419,0.44859,0.066336,0.13075,0.23499,0.064183,126.37,23.698,0.013598,0.31719,109.96,0.081482,0.052686,0.73427,0.53859,0.373,0.44374,1.1381,88.024,0.066336,0.03382,0.99336,1.5648,3.5552,15.402,127.11,2.8714,3.9237,0
0.12497,0.16027,0.77686,5.8473,96.28,0,0.15428,5.2396,2.3613,0.83973,0.15428,0.96265,0.073026,0.15428,339.25,1.0759,6.2396,0.15428,0.065338,28.415,0.85959,0.14973,0.052924,0.56387,0.8098,0.89301,,12.355,3.9041,-0.034203,0.065338,26.344,13.855,13.855,0.14078,2.3613,,0.83973,0.059618,1.5291,0.031822,0.063409,106.98,78.563,0.67983,4.7003,30.216,0.13157,0.055722,5.8473,0.16027,0.072176,13.355,13.355,6229.3,0.059618,0.14882,0.93549,0,12.845,4.646,24.774,14.733,37.555,0
0.031975,0.071267,0.44945,9.9972,142.06,0.40133,0.048434,12.827,1.044,0.91415,0.048434,0.96955,0.068343,0.048434,314.25,1.1615,14.032,0.048434,0.039989,0.19088,0.59314,0.029814,0.026399,0.51334,0.91415,0.93054,0.25698,0.89784,4.3887,-0.15399,0.039989,15.716,23.224,0.41834,0.029814,1.2622,23.404,0.93546,0.024615,5.2514,0.036521,0.024615,71.444,71.253,50.481,9.9845,0.19928,-0.004529,-0.003739,7.0076,0.049955,0.043059,1.8261,1.8687,10999,0.042131,0.034977,0.95787,0.023313,1912.2,5.1226,15.054,24.246,2.4195,0
-0.66083,0.042639,0.92063,22.591,562.5,-0.73101,-0.65671,22.415,0.936,0.95575,-0.65671,-15.402,-1.4244,-0.65671,-23.975,-15.224,23.452,-0.65671,-1.441,134.71,1.19,-0.68288,-1.4501,-0.72952,0.95575,-15.321,-14.025,25.064,4.8841,-1.0097,-1.441,31.965,11.419,-16.015,-0.68288,0.48375,,0.95575,-1.4984,11.873,-0.002076,-1.4984,366.02,231.31,-3.929,18.647,126.09,-0.69044,-1.515,22.591,0.042639,0.087575,26.02,26.02,70501,-0.068379,-0.69142,1.0684,0,2.7096,1.5779,34.151,10.688,12.407,0
0.016456,0.71694,-0.28988,0.59531,-95.305,0,0.018408,0.39482,1.6832,0.28306,0.037259,0.025699,0.018581,0.018408,8367.3,0.043622,1.3948,0.018408,0.010936,30.734,1.1368,0.037259,0.009777,0.063829,0.09534,0.040899,1.9765,-0.50539,2.7265,0.41478,0.022136,159.11,2.294,2.292,0.039983,1.6832,,0.28306,0.023754,0.02622,0.47676,0.022136,88.398,57.664,0.11611,0.39745,31.482,0.024393,0.014492,0.59479,0.7163,0.43592,0.49351,0.49351,-154.42,0.023756,0.058135,0.98906,0,11.876,6.3297,155.33,2.3498,2.9345,0
0.099814,0.21895,0.67907,4.1014,50.425,0,0.10942,3.5672,5.061,0.78105,0.10942,0.49973,0.042175,0.10942,374.41,0.97487,4.5672,0.10942,0.02162,0,1.1646,0.10942,0.019722,-0.00528,0.55328,0.93101,,6.659,2.3415,0.008537,0.02162,16.138,22.617,22.617,0.10887,5.061,,0.78105,0.021512,0.80268,0.034193,0.02162,52.091,52.091,,4.1014,0,0.005385,0.001064,4.1014,0.21895,0.044214,7.659,7.659,149.07,0.021513,0.1278,0.97838,0,,7.007,15.791,23.115,49.628,0
-0.37463,0.89531,-0.18929,0.78858,-35.509,0,-0.37463,0.11638,3.2234,0.1042,-0.36373,-0.41844,-0.10853,-0.37463,-934.09,-0.39075,1.1169,-0.37463,-0.11622,18.416,0.81918,-0.36374,-0.11622,-0.54769,-0.12181,-0.39075,-33.368,-0.64505,3.2156,0.27525,-0.11395,91.25,4.0067,4.0067,-0.35771,3.2234,,0.1042,-0.11097,0.008443,-0.088047,-0.11284,79.091,60.675,-2.3035,0.1901,16.548,-0.38852,-0.12053,0.78858,0.89531,0.24958,0.35509,0.35509,-311,-0.11103,-3.5953,1.1129,0,19.82,6.0157,101.38,3.6003,10.985,1
0.42219,0.34501,0.73904,3.8401,111.8,0,0.52787,1.8984,2.7116,0.65499,0.57463,2.0286,0.19505,0.52787,238.1,1.533,2.8984,0.52787,0.19467,8.5776,1.0225,0.54679,0.1557,1.5541,0.51601,1.2267,11.692,991.93,3.5595,-0.083963,0.19467,43.837,8.3262,6.2799,0.54498,2.7116,,0.65499,0.20098,2.2114,0.020993,0.20165,57.049,48.471,6.6253,3.5952,10.735,0.54576,0.20127,2.8963,0.26022,0.1201,879.12,879.12,2680.2,0.20098,0.64457,0.80763,0,42.553,7.5303,35.027,10.421,3639.5,0
-0.093555,0.91779,-0.08251,0.8442,-99.747,0.046919,-0.094967,0.064154,1.0072,0.05888,-0.094967,-0.17933,-0.029625,-0.094967,-8065.8,-0.045253,1.0896,-0.094967,-0.06774,74.548,1.1189,-0.01469,-0.066732,0.074202,0.05888,-0.043713,-0.10554,-0.14922,4.4389,0.64801,-0.06774,138.86,2.6285,-0.016006,-0.01469,1.4269,0.41401,0.4471,-0.010479,0.021441,0.7788,-0.010479,113.44,38.89,-0.32673,0.30351,75.083,-0.068125,-0.048594,0.48711,0.52957,0.38045,0.10649,0.80859,-2266.9,0.007119,-1.5889,0.99288,6.5934,4.8962,9.3854,137.88,2.6473,2.5354,0
0.15595,0.70048,0.064593,1.0922,6.0111,0.51706,0.15595,0.41679,1.0887,0.29196,0.15595,0.22264,0.088785,0.15595,1374.2,0.2656,1.4276,0.15595,0.074422,5.6421,1.1912,0.19033,0.074422,0.51706,0.29196,0.2656,0.98885,0.27495,4.4213,0.11862,0.074422,132.84,2.7477,0.27171,0.19033,2.1281,,0.29196,0.090826,0.64595,0.10448,0.090826,54.45,48.808,4.8146,1.046,6.1427,0.16023,0.076463,1.0922,0.70048,0.36394,1.2428,1.2428,1704,0.081506,0.53416,0.91849,0,64.693,7.4783,122.01,2.9915,8.92,0
1.1735,0.084431,0.63231,564.48,239.72,0,1.1788,10.844,0.046517,0.91557,1.1788,1050.5,25.469,1.1788,26.012,14.032,11.844,1.1788,25.342,0,0.83725,0.018917,25.228,1.9733,0.67279,13.969,,1.7249,3.5419,1.5833,25.342,14.855,24.57,0.32655,0.018946,0.046517,,0.91557,0.40728,560.23,0.11338,0.40666,37.413,37.413,,564.48,0,0.013011,0.27971,7.5023,0.001122,0.0407,2.4977,2.4977,2202.1,0.40728,1.2817,0.022878,0,,9.7561,8.8051,41.453,0.1269,0
0.00045,0.976,0.024004,1.0246,-66.619,0,0.00045,0.024595,2.5768,0.024004,0.025477,0.000461,0.000175,0.00045,791930,0.000461,1.0246,0.00045,0.000175,71.477,1.0371,-0.002038,0.000175,0.01398,0.006054,0.000461,-0.081449,,3.4449,0.34714,0.000184,137.17,2.661,2.661,-0.020322,2.5768,,0.024004,-0.007887,0.083499,-15.96,-0.000791,130.11,58.631,0.000891,0.50759,70.917,-0.002038,-0.000791,1.0246,0.976,0.37581,,,66.862,-0.007887,0.01874,0.99983,0,5.1066,6.2254,138.25,2.6401,,0
-0.72406,8.457,-7.457,0.11825,-761.13,-7.0605,-0.72406,-0.88175,3.6717,-7.457,0.016247,-0.085617,-0.1929,-0.72406,-4358.1,-0.083752,0.11825,-0.72406,-0.1972,0,1.2789,0.001699,-0.1972,-1.8399,-7.5684,-0.083752,0.002294,,2.6519,2.0629,0.004425,866.53,0.42122,0.42122,0.10947,3.6717,,-7.457,0.029815,0.10922,16.139,0.000463,7.5899,7.5899,,0.11825,0,-0.01407,-0.003832,0.11825,8.457,2.374,,,-3345.4,0.029815,0.097098,1.1908,0,,48.09,840.69,0.43417,,0
-0.25487,0.74512,-0.092301,0.87613,-34.191,0.1295,-0.25487,0.34207,2.9631,0.25488,-0.25487,-0.34205,-0.086015,-0.25487,-1067.1,-0.34205,1.3421,-0.25487,-0.086015,26.279,,-0.25487,-0.086015,-0.25487,0.1861,-0.34205,,-0.26586,2.8511,0.24534,-0.086015,84.513,4.3189,4.3189,-0.25487,2.9631,,0.25488,-0.086015,0.024374,-0.097451,-0.086015,78.179,51.9,-1.1947,0.31068,24.196,-0.25487,-0.086015,0.87613,0.74512,0.23154,0.73414,0.73414,-65.51,-0.086068,-0.99994,1.0861,0,13.889,7.0327,91.786,3.9766,8.5346,1
-0.10008,0.41021,-0.12137,0.67502,-127.28,-0.32172,-0.10144,1.3766,0.95151,0.56468,-0.10144,-0.27161,-0.010104,-0.10144,-18384,-0.019854,2.4378,-0.10144,-0.12585,63.598,1.2072,-0.081656,-0.12416,-0.32491,0.56468,-0.016529,-0.96395,-0.16229,4.1305,0.48644,-0.12585,160.93,2.2681,-0.19906,-0.081656,0.81697,3.0405,0.60141,-0.10131,0.061108,1.1586,-0.10131,103.83,40.231,-0.71258,0.29898,60.514,-0.17495,-0.21706,0.61458,0.37348,0.44089,0.75503,0.80414,-1639.3,-0.050961,-0.17723,1.051,0.065038,5.7392,9.0726,169.13,2.1581,1.0777,0
0.079606,0.36457,0.30875,2.2042,-16.957,0,0.099033,1.7429,1.402,0.63543,0.1019,0.38623,0.097217,0.099033,976.28,0.37387,2.7429,0.099033,0.070634,95.543,1.3509,0.1019,0.056778,0.33167,0.16288,0.32058,35.589,0.71004,3.7649,0.2451,0.072541,71.488,5.1058,3.5909,0.092897,1.402,1.8319,0.74359,0.066258,0.088111,0.087324,0.072677,141.25,45.706,0.21691,0.77283,102.32,0.064626,0.046094,1.5502,0.25641,0.19586,1.4613,1.71,1797,0.066258,0.12528,0.92983,0.17023,3.8203,7.9859,66.751,5.4681,3.2243,0
0.11386,0.24785,0.71669,5.5011,41.579,-0.003366,0.13607,3.0347,1.3661,0.75215,0.1619,0.85459,0.12374,0.13607,535.13,0.68207,4.0347,0.13607,0.099604,146.69,1.0266,0.13388,0.083346,0.26024,0.69293,0.59246,5.1839,5.7757,3.6289,-0.000215,0.11851,39.408,9.2621,5.9503,-0.10861,1.3661,10.11,0.78448,-0.079504,1.5655,0.049512,0.098,167.43,20.735,0.20738,2.0529,135.89,0.10091,0.073862,3.5341,0.15923,0.10797,6.0615,6.3221,3049.8,-0.079504,0.15138,0.9184,0.042985,2.4882,17.603,42.541,8.5799,11.01,0
1.7939,0.34708,0.19523,1.5503,20.756,0,1.8499,1.8812,4.147,0.65292,1.8591,5.2146,0.46613,1.8499,65.537,5.5693,2.8812,1.8499,0.44608,5.5465,0.66434,1.8591,0.43259,,0.15784,5.4081,201.28,0.43382,3.3053,0.074611,0.44824,56.575,6.4517,6.5941,1.8582,4.147,,0.65292,0.4481,0.12044,0.005957,0.44831,44.646,39.1,28.468,1.3727,10.05,1.776,0.42826,1.5846,0.35475,0.155,1.4509,1.4509,394.34,0.4481,2.7475,0.55465,0,65.808,9.3351,31.224,11.69,9.215,0
0.051509,0.38722,0.22677,1.6007,14.441,0.22971,0.064347,1.5257,1.0228,0.59076,0.064347,0.17046,0.075033,0.064347,999.16,0.36531,2.5825,0.064347,0.034132,30.169,0.98679,0.055397,0.027323,0.24389,0.59076,0.33215,0.30056,0.57302,5.1032,0.15051,0.034132,74.756,4.8826,0.14306,0.055397,1.9255,46.122,0.60048,0.029385,0.27436,0.096077,0.029385,96.94,66.771,0.33057,1.1879,30.857,-0.021709,-0.011516,1.5605,0.37749,0.20481,1.4928,1.5174,28757,0.022316,0.087191,0.97768,0.016458,12.099,5.4664,73.087,4.994,4.7638,0
0.19666,0.18217,0.40154,3.2043,123.2,0,0.19666,4.4895,1.3451,0.81783,0.19689,1.0796,0.19322,0.19666,255.84,1.4267,5.4895,0.19666,0.14621,8.2818,1.3533,0.19055,0.14621,0.43389,0.81682,1.4267,825.58,0.96458,3.855,0.013929,0.14624,58.071,6.2854,6.2854,0.20009,1.3451,,0.81783,0.14876,0.90173,0.023927,0.14166,113.82,105.54,6.4439,3.0367,9.729,0.12731,0.094652,3.2043,0.18217,0.1591,1.9646,1.9646,2875.9,0.14876,0.24047,0.8547,0,44.073,3.4584,49.433,7.3838,3.2311,0
0.009626,0.48416,0.13418,1.3166,-62.432,0.51339,0.009626,1.0654,1.6663,0.51584,0.033375,0.022715,0.03743,0.009626,2833.5,0.12882,2.0654,0.009626,0.005777,88.813,1.4433,0.026898,0.005777,0.042765,0.51521,0.12882,1.1326,0.30354,3.976,0.28952,0.02003,95.562,3.8195,3.3431,0.047688,1.6663,2.5252,0.57623,0.02862,0.004802,0.20264,0.016143,121.77,32.961,0.023741,0.35988,91.429,-0.025844,-0.01551,1.1524,0.42377,0.26181,1.1669,1.3035,1269.7,0.02862,0.01866,0.99427,0.11708,4.1098,11.074,92.827,3.932,3.7694,0
0.35268,0.24481,0.53472,3.3881,146.53,0,0.43682,3.0848,1.5879,0.75519,0.43931,1.9509,0.28958,0.43682,194.33,1.8783,4.0848,0.43682,0.27509,16.713,1.4188,0.42781,0.2221,0.70099,0.60824,1.5346,172.24,2.2154,4.0444,-0.16784,0.2764,70.844,5.1522,4.7124,0.43426,1.5879,,0.75519,0.27348,2.2917,0.018101,0.26942,56.428,39.715,4.8506,3.0634,23.004,0.40481,0.25494,3.0989,0.22391,0.19409,3.1288,3.1288,5922.1,0.27348,0.467,0.729,0,21.839,9.1904,51.469,7.0916,6.5787,0
0.065692,0.61529,0.10358,1.1748,-57.568,0.10829,0.065692,0.6044,0.94976,0.37188,0.065692,0.11084,0.10318,0.065692,2387.5,0.15288,1.6252,0.065692,0.072062,84.07,0.95331,0.085678,0.072062,0.10829,0.37188,0.15288,0.89264,0.34101,4.4796,0.43052,0.072062,225.39,1.6194,0.13925,0.085678,1.0784,21.513,0.39448,0.093986,0.44777,0.17737,0.093986,172.52,88.45,0.31287,0.82049,79.847,0.057307,0.062864,1.1316,0.59269,0.61749,1.2244,1.2988,3125,-0.052901,0.17665,1.0529,0.060784,4.3416,4.1266,237.31,1.5381,3.0013,0
0.13681,0.37967,0.27418,1.7222,3.8971,0.32644,0.17043,1.5163,1.1087,0.57571,0.17043,0.4489,0.1217,0.17043,556.61,0.65576,2.6339,0.17043,0.08331,44.553,1.1688,0.1873,0.066873,0.406,0.57571,0.56719,1.015,0.79211,4.6925,0.10277,0.08331,75.101,4.8601,0.49331,0.1873,2.0966,,0.57571,0.091551,0.4603,0.046956,0.091551,85.477,40.924,0.54786,1.0644,49.395,0.10876,0.053162,1.7222,0.37967,0.20576,1.6632,1.6632,13505,0.098029,0.23763,0.90197,0,8.1925,8.919,67.739,5.3883,5.9102,0
0.052122,0.55342,0.44658,1.807,24.685,0.21767,0.067787,0.80695,2.4694,0.44658,0.0757,0.12249,0.036613,0.067787,2234.2,0.16337,1.807,0.067787,0.02745,39.77,1.1099,0.073334,0.021107,0.23047,0.38563,0.13507,9.2681,,2.914,0.19495,0.028051,84.495,4.3198,4.3198,0.078795,2.4694,,0.44658,0.031908,0.15744,0.19224,0.029696,134.93,95.158,0.19371,1.3208,41.08,0.050708,0.020534,1.807,0.55342,0.23149,,,366.35,0.031908,0.11671,0.97258,0,9.1779,3.8357,81.799,4.4622,,0
-0.22723,0.59823,-0.26272,0.56084,-196.78,-0.22723,-0.22723,0.49599,0.79454,0.29672,-0.22723,-0.37983,-0.18717,-0.22723,-1339.3,-0.27253,1.6716,-0.22723,-0.26086,123.31,0.77875,-0.21676,-0.26086,-0.22723,0.29672,-0.27253,,-0.39536,4.0484,0.68167,-0.26086,199.17,1.8326,-0.36233,-0.21676,0.92088,,0.29672,-0.24884,0.019443,-0.12892,-0.24884,135.72,12.401,-0.77213,0.068915,97.978,-0.28095,-0.32254,0.56084,0.59823,0.54567,0.44653,0.44653,-2936.7,-0.25859,-0.76581,1.2586,0,2.9599,29.432,250.67,1.4561,1.3109,1
0.034914,0.47685,0.087669,1.2015,-1.9627,0.089767,0.0448,1.0631,1.0056,0.50693,0.0448,0.10296,0.02957,0.0448,1330.7,0.27429,2.0971,0.0448,0.010128,7.4056,1.2064,0.043906,0.007893,0.11342,0.50693,0.25356,0.09982,0.18371,3.9266,0.097654,0.010128,36.107,10.109,0.092075,0.043906,4.4486,10.377,0.54866,0.009926,0.15244,0.12069,0.009926,37.666,30.26,0.38903,0.99522,7.4474,-0.04209,-0.009515,1.0963,0.43512,0.098923,1.0623,1.1497,740.41,0.005604,0.068874,0.9944,0.082319,49.287,12.062,35.905,10.166,9.2691,0
0.093262,0.35182,0.17921,1.5094,-52.922,0.38028,0.11703,1.723,1.0847,0.60617,0.11703,0.33264,0.14509,0.11703,750.17,0.48656,2.8424,0.11703,0.099193,33.251,1.202,0.10938,0.079049,0.47336,0.60617,0.41901,1.0057,0.38214,5.4079,0.208,0.099193,118.07,3.0915,0.31092,0.10938,1.2086,,0.60617,0.092714,0.93821,0.070728,0.092714,62.169,28.919,0.86774,1.2039,36.068,0.055233,0.046816,1.5094,0.35182,0.32347,1.2925,1.2925,45842,0.078116,0.15386,0.92188,0,10.977,12.622,108.84,3.3535,2.5157,0
0.027765,0.60201,0.29704,1.5626,-986.49,0,0.027765,0.6611,1.098,0.39799,0.027765,0.052585,0.37975,0.027765,526.99,0.69261,1.6611,0.027765,0.025287,164.52,1.1882,0,0.025287,0.060587,0.22661,0.69261,,1.6979,3.0671,0.54829,0.057433,348.78,1.0465,0.91785,0.024608,1.098,4.461,0.47199,0.022412,0.47309,0.051561,0,191.23,26.708,0.056102,0.62526,326.92,-0.38919,-0.35446,1.3705,0.52801,0.95557,2.2749,2.6979,346.65,0.49675,0.069764,0.50698,0.18595,2.2186,13.666,175.52,2.0795,6.276,0
0.024862,0.66132,0.30729,1.6842,-22.282,0.028281,0.031858,0.33511,1.0777,0.22161,0.031858,0.070937,0.087279,0.031858,3919,0.093135,1.5121,0.031858,0.045144,176.13,1.3369,0.047397,0.035231,0.038078,0.22161,0.082557,0.72385,1.2614,4.437,0.93298,0.045144,250.35,1.458,0.071671,0.047397,0.70983,1.9597,0.43382,0.067164,0.018604,0.28188,0.067164,386.9,210.77,0.073008,0.92596,189.83,0.017663,0.025029,1.1438,0.44911,0.68588,0.90972,1.7808,8405.1,0.072129,0.11219,0.92787,0.95756,2.0723,1.7318,232.29,1.5713,2.8969,0
0.23012,0.21182,0.33715,2.5917,41.55,0,0.27796,3.7211,3.1409,0.78818,0.27813,1.3123,0.096309,0.27796,255.58,1.4281,4.7211,0.27796,0.088498,0.2039,1.1484,0.25539,0.073265,0.42278,0.76028,1.2022,1561.9,0.7475,3.2533,-0.021775,0.088498,26.896,13.571,13.571,0.26637,3.1409,,0.78818,0.084807,1.3534,0.025223,0.081312,30.481,30.277,131.15,2.5834,0.22279,0.23086,0.073501,2.5917,0.21182,0.073688,1.7475,1.7475,604.14,0.084807,0.29196,0.91826,0,1790.1,12.055,24.615,14.828,6.9637,0
0.42974,0.45221,0.32643,2.4637,43.402,-0.064128,0.50326,1.2114,2.0888,0.54779,0.51494,2.2566,0.28064,0.50326,281.58,1.2963,2.2114,0.50326,0.24094,25.104,1.2878,0.50959,0.20574,0.86012,0.35792,1.1337,43.625,0.72451,3.9507,0.18052,0.24653,50.912,7.1692,3.5357,0.48989,2.0888,2.7727,0.69414,0.23454,0.33691,0.025441,0.24396,82.883,57.779,2.9913,1.8195,32.796,0.42666,0.20426,1.215,0.22302,0.13949,1.2158,1.5406,2914,0.23454,0.7845,0.76225,0.26717,14.539,6.3172,38.971,9.3658,4.636,0
0.092293,0.52139,0.41421,1.7944,4.29,0,0.11351,0.91796,1.4359,0.47861,0.13448,0.2177,0.08623,0.11351,1537,0.23747,1.918,0.11351,0.07905,101.2,1.0481,0.13448,0.064276,0.32061,0.44301,0.19679,6.4107,6.4318,3.1475,0.34731,0.092271,146.32,2.4945,2.4945,0.13527,1.4359,,0.47861,0.09421,0.044935,0.12003,0.09366,231.87,130.68,0.23184,1.0309,111.72,0.12417,0.086479,1.7944,0.52139,0.40088,7.4318,7.4318,581.75,0.09421,0.19283,0.92095,0,3.6069,2.7931,132.54,2.754,22.296,0
0.091949,0.26224,0.29287,4.4303,-71.902,0.34235,0.091949,2.2052,1.2041,0.57829,0.091949,1.077,0.28149,0.091949,637.28,0.57275,3.8133,0.091949,0.17232,252.67,0.97981,0.09797,0.17232,0.34235,0.57829,0.57275,2.2107,0.47104,4.5305,0.48544,0.17232,70.318,5.1907,0.37359,0.09797,0.54131,0.050203,0.75516,0.1836,0.042122,0.055189,0.1836,256.28,3.6138,0.24893,0.104,304.22,0.03972,0.074439,1.4424,0.085377,0.19265,0.9301,1.2146,9935.5,0.16947,0.159,0.83053,0.30584,1.4446,101,58.402,6.2498,0.85821,0
0.22729,0.5065,0.16538,1.4176,-24.897,0,0.22729,0.97434,1.5257,0.4935,0.23638,0.57392,0.15945,0.22729,759.92,0.48031,1.9743,0.22729,0.14897,60.31,1.1277,0.23632,0.14897,0.60806,0.49329,0.48031,26.002,0.37709,3.7849,0.33011,0.15373,110.85,3.2927,2.5746,0.22171,1.5257,2.8001,0.60397,0.14531,0.013127,0.066915,0.15489,133.06,72.753,0.90159,0.78103,70.564,0.22034,0.14442,1.1084,0.39603,0.3037,1.1252,1.3771,1007.9,0.14531,0.46057,0.85251,0.22384,6.052,5.0169,94.743,3.8525,3.4788,0
0.001071,0.39366,0.22172,1.7329,-16.248,0.001071,0.002112,1.4459,1.0088,0.56918,0.002112,0.006982,0.020762,0.002112,2937.7,0.12425,2.5403,0.002112,0.000897,50.237,0.99861,0.018636,0.000454,0.002112,0.56918,0.1216,,0.46606,4.4294,0.1573,0.000897,47.283,7.7195,0.047341,0.018636,2.3913,2.1943,0.66032,0.007911,0.078824,0.19779,0.007911,77.528,27.291,0.003302,0.66109,50.678,-0.028163,-0.011954,1.3317,0.30252,0.12954,1.1964,1.388,5960,0.008717,0.001881,0.99128,0.16013,7.2656,13.374,46.871,7.7874,4.9521,1
0.16993,0.70748,0.028535,1.0757,-13.208,0,0.16993,0.41347,1.286,0.29252,0.17149,0.45069,0.15512,0.16993,1294.5,0.28197,1.4135,0.16993,0.13213,16.378,1.1279,0,0.13213,0.43275,0.2467,0.28197,0,0.048004,4.1737,0.4988,0.26426,153.68,2.3751,1.2657,0.018062,1.286,1.434,0.5351,0.014044,0.18194,0.79769,0,95.638,79.26,2.9446,0.92263,23.521,-0.029564,-0.022988,0.57326,0.37703,0.42104,0.4921,0.90019,425.73,0.30368,0.5809,0.69944,0.82928,22.286,4.6051,107.01,3.4109,2.1635,0
0.15648,0.1043,0.47901,6.2899,100.44,0,0.15648,8.588,1.4454,0.8957,0.16575,1.7281,0.14332,0.15648,183.76,1.9863,9.588,0.15648,0.10826,8.0712,1.1952,0.15806,0.10826,0.5372,0.84071,1.9863,17.04,1.1128,3.8814,0.072156,0.11159,25.25,14.455,12.55,0.13649,1.4454,39.108,0.90945,0.094428,1.0599,0.016655,0.10935,119.59,111.52,4.8956,5.937,8.9128,0.10737,0.074282,5.4609,0.09055,0.069178,2.0809,2.1128,3645.2,0.094428,0.1747,0.89472,0.015347,45.222,3.2731,22.866,15.963,3.358,0
0.15129,0.09142,0.85358,10.337,97.107,0,0.18868,9.9386,2.2282,0.90858,0.19901,2.0639,0.097309,0.18868,153.9,2.3717,10.939,0.18868,0.084679,50.637,1.2939,0.18321,0.067897,0.66177,0.8819,1.9627,17.738,15.521,3.9717,-0.14299,0.084696,16.362,22.308,22.308,0.18877,2.2282,,0.90858,0.084717,4.5062,0.014418,0.082226,87.318,36.681,0.48941,6.9557,55.324,0.15507,0.069596,10.337,0.09142,0.044826,16.521,16.521,7998.2,0.084717,0.16651,0.91594,0,7.2082,9.9506,14.975,24.373,40.515,0
0.039632,0.35188,0.04096,1.1679,-198.39,0,0.046606,1.8419,0.20618,0.64812,0.055923,0.19108,0.26918,0.046606,2314.1,0.15773,2.8419,0.046606,0.22604,28.875,1.0658,0.013183,0.19222,0.19469,0.55812,0.13791,1.415,0.057277,3.4437,1.1644,0.27123,439.41,0.83066,0.57579,0.003576,0.20618,3.5173,0.72448,0.017342,0.99706,0.53127,0.063938,73.779,44.904,2.4297,1.1011,29.384,0.004288,0.020799,0.80958,0.24391,1.2039,0.9063,1.0131,113.78,0.017342,0.061149,0.82097,0.11781,12.641,8.1284,431.79,0.84532,0.28832,0
-0.51038,1.7909,-0.79093,0.55837,-138.15,-0.95719,-0.51038,-0.44193,1.4914,-0.79146,-0.4765,-0.28498,-0.30564,-0.51038,-1434,-0.25453,0.55837,-0.51038,-0.34221,0,,-0.4765,-0.34221,-0.35042,-1.4145,-0.25453,-14.065,,2.7495,1.027,-0.31949,339.68,1.1813,1.1813,-0.43394,1.6401,,-0.79146,-0.29095,0.14475,-0.14147,-0.31949,181.29,181.29,,0.14475,0,-0.53103,-0.35605,0.55837,1.7909,0.84649,,,-444.28,-0.29033,0.64486,1.29,0,,2.0134,438.29,0.83277,,1
0.046842,0.0769,0.53885,8.0072,87.551,0.24487,0.057498,10.146,1.0283,0.78019,0.057498,0.7477,0.11742,0.057498,228.65,1.5963,13.004,0.057498,0.054997,101.54,0.96354,0.052841,0.044805,0.30231,0.78019,1.4578,0.51974,1.4024,4.185,-0.067558,0.054997,27.608,13.221,0.68714,0.052841,1.128,,0.78019,0.050543,2.1345,0.021407,0.050543,157.67,56.122,0.16105,4.2249,104.42,-0.012419,-0.011879,8.0072,0.0769,0.075638,2.0304,2.0304,8250.8,0.027542,0.06004,0.97246,0,3.5945,6.5037,26.847,13.595,2.7208,0
-0.004717,0.52869,0.077575,1.1539,-10.662,0,-0.004803,0.89148,2.4766,0.47131,-0.003105,-0.009526,0.008697,-0.004803,8959.2,0.04074,1.8915,-0.004803,-0.001939,21.568,0.90966,-0.003415,-0.001904,0.073465,-0.0045,0.040903,-2.0109,0.18546,3.8344,0.20097,-0.001283,74.433,4.9037,4.6762,0.004385,2.4766,,0.47131,0.001771,0.068677,0.76866,-0.001379,80.631,59.063,-0.032229,0.8636,21.606,-0.029756,-0.012015,1.1003,0.50415,0.20393,1.1268,1.1268,529.87,0.001771,-0.010007,1.0019,0,16.923,6.1798,74.301,4.9124,5.921,0
0.00603,0.63251,0.37425,2.1142,-7.4407,0.079428,0.011838,0.54788,0.99184,0.34654,0.011838,0.035245,0.043292,0.011838,4113.5,0.088732,1.581,0.011838,0.009132,58.998,0.97629,0.056587,0.004652,0.11255,0.34654,0.079549,0.43293,1.2911,4.0589,0.48658,0.009132,93.797,3.8914,0.089463,0.056587,1.3859,1.6876,0.64317,0.043649,0.57313,0.20615,0.043649,145.74,86.737,0.028778,1.4903,58.517,0.012301,0.009489,1.1227,0.33589,0.25698,1.1955,2.2188,4286.5,-0.008223,0.017402,1.0082,0.85597,6.1866,4.2081,94.568,3.8597,4.4724,0
0.000705,0.88295,0.077679,1.2678,-23.411,-0.026141,-0.000518,0.099559,1.0669,0.087905,-0.000518,-0.001786,0.038907,-0.000518,7049.3,0.051778,1.1326,-0.000518,-0.000441,45.245,1.045,0.0548,0.0006,-0.031067,0.087905,0.053163,0.49756,0.12286,5.545,0.73248,-0.000441,96.134,3.7968,0.062065,0.0548,1.1982,0.37463,0.68077,0.046636,0.078915,0.28731,0.046636,107.13,61.88,0.004838,0.76566,48.272,0.008564,0.007289,0.41652,0.29008,0.26338,0.13904,1.0768,27245,0.062694,0.008016,0.93731,6.7444,8.0671,5.8985,90.107,4.0507,1.8585,0
-0.013118,1.2144,-0.20539,0.82064,-79.495,-0.21783,-0.000674,-0.17657,2.3353,-0.21443,0.1468,-0.000588,0.00789,-0.000674,24057,0.015172,0.82343,-0.000674,-0.000289,40.381,1.3493,0.14593,-0.005617,,-0.23095,0.004925,0.98948,-3.41,3.782,0.48769,0.003784,194.13,1.8801,1.7729,0.18221,2.3353,16.129,-0.17218,0.078027,0.07249,0.2453,0.062488,133.91,93.53,-0.050776,0.59504,43.798,0.12683,0.054309,0.77384,1.1452,0.53188,-3.5601,-2.8587,-1243.4,0.078027,0.061177,1.0002,-0.19702,9.039,3.9025,178.99,2.0393,38.772,0
-32.052,72.416,-72.067,0.004819,-3945.8,-32.052,-32.09,-0.98657,0.43456,-71.444,-32.09,-0.44313,-11.003,-32.09,-826.19,-0.44179,0.013809,-32.09,-11.036,25.406,0.26812,-2.4983,-11.023,-32.09,-71.444,-0.44127,,-110.69,3.2657,24.903,-11.036,3950.3,0.092397,-0.034499,-2.4983,4.3667,,-71.444,-0.85922,0.000096,-0.99159,-0.85922,42.932,17.525,-158.37,0.002024,11.041,-2.5956,-0.89268,0.004819,72.416,10.823,-109.74,-109.74,-132880,-1.3012,0.44864,2.3012,0,14.366,20.827,9090.5,0.040152,4.4661,1
0.10039,0.23873,0.23548,1.9864,58.198,0.30633,0.11083,3.1252,1.0455,0.74609,0.11083,0.46424,0.13866,0.11083,506.22,0.72102,4.1888,0.11083,0.089278,15.208,1.1622,0.10291,0.080869,0.33649,0.74609,0.6773,0.8667,0.44785,5.3951,0.091807,0.089278,73.389,4.9735,0.43105,0.10291,1.3137,,0.74609,0.082896,0.52979,0.047797,0.082896,102.24,87.032,1.9408,1.7697,15.901,0.041604,0.033514,1.9864,0.23873,0.20107,1.419,1.419,58490,0.043551,0.13455,0.95645,0,24,4.1938,70.193,5.2,2.361,0
0.018993,0.032295,0.45894,15.211,55.006,0,0.031047,29.965,1.5871,0.9677,0.037335,0.96135,0.035222,0.031047,210.88,1.7309,30.965,0.031047,0.019563,48.039,0.99344,-0.02926,0.011968,-0.12711,0.85289,1.3576,-4.6535,0.90206,3.36,-0.085536,0.019563,7.2258,50.513,50.513,-0.044272,1.5871,,0.9677,-0.027896,5.3458,-0.24417,-0.018437,73.271,25.232,0.09093,8.743,46.735,-0.054112,-0.034096,15.211,0.032295,0.019797,1.9021,1.9021,1051.3,-0.027896,0.019627,0.9813,0,7.598,14.466,7.4274,49.142,3.1194,0
0.10078,0.59229,0.26872,1.4965,-41.655,0.032958,0.12502,0.68837,1.2047,0.40771,0.12502,0.23098,0.12173,0.12502,1527.8,0.23891,1.6884,0.12502,0.10755,15.3,1.5159,0.20102,0.086695,0.059349,0.40771,0.19798,2.0832,1.4141,4.8603,0.50631,0.10755,204.73,1.7828,0.33939,0.20102,1.1739,14.914,0.45876,0.17293,0.61614,0.089528,0.17293,149.62,134.32,2.0682,1.4065,18.431,0.18453,0.15874,1.3675,0.54124,0.56091,2.1455,2.4141,19479,0.1699,0.24717,0.8301,0.12519,23.856,2.7175,169.95,2.1477,6.117,0
0.098378,0.3851,0.53697,2.3944,60.399,-0.013931,0.098378,1.5967,1.7633,0.6149,0.098382,0.25546,0.055792,0.098378,1428.8,0.25546,2.5967,0.098378,0.055792,65.914,1.3983,0,0.055792,0.15114,0.13729,0.25546,0,6.8906,3.7189,0.16762,0.12921,108.65,3.3595,3.3595,0.003596,1.7633,,0.6149,0.002039,0.23632,,0,172.03,106.11,0.30895,1.5675,89.836,0,0,2.3944,0.3851,0.29766,7.8906,7.8906,2810.7,0.26629,0.15999,0.74963,0,5.5376,3.4397,79.714,4.5788,22.628,0
-0.28451,2.2032,-1.1333,0.2384,-148.41,-1.4352,-0.28451,-0.59031,0.98269,-1.3005,-0.28451,-0.1912,-0.056913,-0.28451,-4377.2,-0.083387,0.4539,-0.28451,-0.088136,20.211,1.3723,0.014912,-0.088136,-1.4352,-1.3005,-0.083387,0.045396,-1.7563,4.0054,0.66771,-0.088136,165.34,2.2075,0.006769,0.014912,3.3215,0.2461,-0.58541,0.00462,0.032526,0.62602,0.00462,34.639,14.427,-1.5917,0.11827,19.862,-0.085878,-0.026604,0.16102,1.488,0.45299,-2.0155,-0.90725,-11476,-0.017616,0.21876,1.0176,-0.54987,18.059,25.3,168.25,2.1693,5.0027,0
1.5906,0.041114,0.7903,20.222,96.011,0,2.0517,23.322,5.3149,0.95889,2.0571,49.903,0.39475,2.0517,7.1527,51.03,24.322,2.0517,0.38603,0.071557,0.90787,2.0528,0.29927,5.6724,0.91282,39.813,382.39,4.6877,3.0356,-0.017942,0.38603,5.0993,71.578,71.578,2.372,5.3149,,0.95889,0.44629,3.7265,0.000653,0.38624,46.575,46.503,1526.5,20.197,0.12923,2.0065,0.37752,20.222,0.041114,0.013971,5.6877,5.6877,857.81,0.44629,1.6588,0.61872,0,5100.8,7.8489,2.8235,129.27,31.526,0
0.003267,0.45061,-0.12244,0.6414,-25.047,0.037096,0.005561,1.0122,0.99997,0.45609,0.005561,0.016287,0.020037,0.005561,2950.5,0.12371,2.2192,0.005561,0.001999,8.4293,0.94357,0.010492,0.001174,0.05354,0.45609,0.11862,0.037713,-0.15677,4.0335,0.15435,0.001999,44.793,8.1487,0.023284,0.010492,2.7985,1.4172,0.56528,0.003771,0.072017,0.24416,0.003771,25.505,17.075,0.050847,0.45322,8.4291,-0.039691,-0.014267,0.48598,0.34142,0.12272,0.58398,0.72378,-1322.6,-0.000029,0.007163,1,0.2394,43.301,21.376,44.794,8.1484,3.5622,0
0.009221,0.562,-0.078172,0.79666,-69.63,0.021759,0.009221,0.3992,0.9335,0.22435,0.009221,0.023986,0.10424,0.009221,1984.7,0.18391,1.7794,0.009221,0.0093,37.674,1.0546,0.036103,0.0093,0.023962,0.22435,0.18391,0.3399,-0.11268,4.5596,0.54963,0.0093,132.11,2.7629,0.064241,0.036103,1.0999,1.1484,0.40192,0.036412,0.061748,0.14187,0.036412,104,66.328,0.090099,0.53044,35.169,-0.058033,-0.058528,0.54496,0.38444,0.36194,0.3234,0.57935,-2835.8,-0.071241,0.041101,1.0712,0.79144,9.6883,5.5029,141.52,2.5792,1.4293,0
0.00687,0.58577,0.22329,1.4152,-86.064,0.018351,0.00687,0.70715,2.0489,0.41423,0.013544,0.012776,0.044124,0.00687,2365,0.15433,1.7072,0.00687,0.003353,93.084,1.3183,0,0.003353,-0.2421,0.14165,0.15433,0,0.93452,3.9346,0.2822,0.011179,114.1,3.1989,2.9368,0.012088,2.0489,,0.41423,0.0059,0.18531,0.23375,0,117.83,24.744,0.013149,0.4436,110.86,-0.083532,-0.04077,1.2993,0.53777,0.31261,1.7336,1.7336,1920.6,0.16038,0.016586,0.84314,0,3.9212,14.751,95.802,3.8099,8.5749,0
0.16765,0.65605,0.37107,1.7709,53.46,0,0.20751,0.52427,1.4438,0.34395,0.27512,0.43111,0.15241,0.20751,1088.2,0.33542,1.5243,0.20751,0.14373,50.443,1.8184,0.26919,0.11612,0.31757,0.3404,0.27466,3.9817,2.5142,6.1083,0.19896,0.14783,155.86,2.3419,1.7182,0.31657,1.4438,6.8815,0.43882,0.21926,0.77869,0.077621,0.18645,120.74,70.297,0.8402,1.3564,64.609,0.25665,0.17776,1.2993,0.48134,0.42701,2.3304,2.9732,476220,0.21926,0.48742,0.85731,0.27584,7.2359,5.1923,121.68,2.9996,9.7824,0
0.044805,0.6212,-0.037893,0.85332,-96.618,0,0.051236,0.60978,0.77323,0.3788,0.095209,0.19833,0.10036,0.051236,2922,0.12492,1.6098,0.051236,0.066262,67.284,1.2352,0.083636,0.057945,0.091275,0.22644,0.11456,1.902,-0.048608,3.6522,0.78568,0.11162,133.59,2.7323,1.1363,0.067382,0.77323,0.21514,0.7409,0.087144,0.06048,0.18825,0.10816,96.682,29.399,0.31434,0.30156,73.707,0.057274,0.07407,0.35486,0.25833,0.36599,0.48591,0.95041,-170.12,0.087144,0.11828,0.93617,0.95594,5.4248,12.415,121.94,2.9932,0.99188,0
0.14592,0.36115,-0.004687,0.98252,-106.53,0,0.15388,1.7689,0.60365,0.63885,0.15388,0.57387,0.29278,0.15388,745.87,0.48936,2.7689,0.15388,0.25491,52.12,0.96009,0.045878,0.24172,0.40381,0.62527,0.46731,,-0.006364,5.4126,0.59828,0.25491,222.33,1.6417,1.2189,0.16344,0.60365,1.9057,0.73186,0.27075,0.12163,0.17515,0.076,139.58,87.46,1.6928,0.66106,71.47,0.023022,0.038138,0.72948,0.26814,0.60912,0.86735,0.99364,0.98252,0.27075,0.22841,0.61258,0.14559,7.0031,4.1734,162.13,2.2512,0.81957,0
0.29798,0.44042,0.26189,1.6038,-2.3217,0,0.29798,1.2706,2.3787,0.55958,0.31773,0.68703,0.14098,0.29798,479.36,0.76143,2.2706,0.29798,0.12527,41.928,1.1823,0.29129,0.12527,0.51467,0.53895,0.76143,14.745,0.86033,3.7672,0.17049,0.12844,76.416,4.7765,4.7038,0.30707,2.3787,360.36,0.56075,0.12909,0.084476,0.044668,0.12246,101.11,59.187,1.0905,0.97382,48.142,0.25392,0.10675,1.5794,0.43371,0.20936,1.8383,1.8421,1532.2,0.12909,0.5325,0.87685,0.002095,8.7055,6.1669,66.551,5.4845,7.8144,0
0.18514,0.33996,0.38272,2.1258,54.426,0.63035,0.23141,1.8423,1.1461,0.62631,0.23141,0.68069,0.13772,0.23141,458.24,0.79653,2.9416,0.23141,0.11769,23.396,1.141,0.24992,0.094161,0.78503,0.62631,0.66045,1.4567,1.3801,4.3567,0.16494,0.11769,72.325,5.0467,0.73516,0.24992,1.974,,0.62631,0.12711,0.055636,0.038633,0.12711,130.64,107.25,1.469,1.7551,26.814,0.21054,0.10708,2.1258,0.33996,0.19815,2.2584,2.2584,8701.1,0.12745,0.29561,0.87255,0,15.601,3.4034,63.107,5.7838,7.0902,0
-0.11172,0.40811,0.24737,1.6061,7.9467,0,-0.11172,1.4503,3.5363,0.59189,-0.11172,-0.27375,0.016727,-0.11172,2518.4,0.14493,2.4503,-0.11172,-0.031593,15.411,1.5641,-0.11185,-0.031593,-1.8095,0.32595,0.14493,,0.71802,2.2742,0.10905,-0.031593,40.526,9.0066,9.0066,-0.13947,3.5363,,0.59189,-0.039441,0.10577,0.23049,-0.031629,63.201,47.79,-0.74825,1.2403,14.826,-0.28272,-0.079949,1.6061,0.40811,0.11103,1.718,1.718,46.509,-0.039443,-0.18875,1.0313,0,23.684,7.6376,42.124,8.6649,10.264,0
0.18118,0.062943,0.92141,16.631,321.13,0.3657,0.23028,14.316,1.0906,0.90108,0.23028,3.9065,0.22593,0.23028,98.576,3.7027,15.887,0.23028,0.22323,24.37,1.0709,0.091034,0.17563,0.46874,0.90108,2.9226,0.96246,46.905,4.5368,-0.6788,0.22323,22.748,16.045,1.4463,0.091034,1.183,228.12,0.90507,0.088248,13.138,0.022059,0.088248,72.845,48.475,2.6306,15.463,26.579,0.088255,0.085554,15.575,0.058948,0.062323,45.87,46.074,31716,0.083106,0.20107,0.91689,0.004434,14.978,7.5296,20.857,17.5,52.513,0
0.010496,0.3201,0.037246,1.1319,-91.484,-0.025695,0.011094,1.9589,1.0421,0.62703,0.011094,0.039284,0.088833,0.011094,2177.7,0.1676,3.1241,0.011094,0.018369,95.432,0.95156,0.030577,0.017379,-0.025219,0.62703,0.16574,0.5276,0.054745,5.5298,0.52247,0.018369,177.85,2.0523,0.095525,0.030577,0.65431,4.2903,0.66473,0.05063,0.072107,0.1439,0.05063,180.88,85.444,0.06647,0.57274,99.447,-0.011979,-0.019834,0.99859,0.2824,0.48727,0.92163,0.97704,12614,0.040375,0.016739,0.95962,0.060122,3.8247,4.2718,170.67,2.1386,0.88768,0
0.046325,0.41476,0.50276,2.2739,100.37,0.001919,0.046325,1.411,1.4835,0.58524,0.052578,0.11738,0.034418,0.046325,2964.9,0.12311,2.411,0.046325,0.031227,86.29,0.92508,0,0.031227,0.1587,0.45128,0.12311,0,4.901,3.873,0.24337,0.072152,278.09,1.3125,1.2489,0.063763,1.4835,,0.58524,0.042981,0.15881,2.9202,0,205.38,119.09,0.13209,1.3853,247.12,-0.004734,-0.003191,2.1637,0.39466,0.76189,5.7051,5.7051,3753,0.65082,0.079156,0.36101,0,4.2299,3.0649,97.102,3.759,14.462,0
0.58046,0.51502,0.13492,1.2636,67.498,0,0.58046,0.94167,3.5772,0.48498,0.59545,1.134,0.52775,0.58046,99.575,3.6656,1.9417,0.58046,0.16227,21.047,1.0759,0,0.16227,1.6053,0.47966,3.6656,0,0.38197,3.2742,0.1434,0.32453,232.87,1.5674,1.5579,0.013531,3.5772,,0.48498,0.003783,0.049599,0.013131,0,63.405,42.358,2.8141,0.8606,93.839,-1.3074,-0.36548,1.2559,0.51188,0.63799,1.3731,1.3731,253.67,0.77571,1.1969,0.22849,0,17.342,8.6169,52.23,6.9884,10.128,0
0.024312,0.45219,0.011469,1.0393,-831.06,0.006914,0.031273,1.2114,0.88188,0.54781,0.038643,0.1071,0.06255,0.031273,2992.1,0.12199,2.2114,0.031273,0.035462,17.131,1.208,0.034968,0.027568,0.14636,0.53568,0.10659,4.7445,0.016466,5.3229,0.50639,0.035462,149.9,2.4541,1.5847,0.039561,0.88188,1.6358,0.70801,0.04486,0.019232,0.2561,0.039651,123.27,106.14,0.58736,0.89752,21.083,0.011079,0.012563,0.67108,0.29199,0.40748,0.78647,1.0165,2412,0.19377,0.044381,0.82091,0.29244,21.306,3.4388,120.85,3.0202,1.2661,0
0.11755,0.54294,-0.023359,0.95472,-39.325,0.1656,0.14317,0.8288,1.0784,0.44999,0.14317,0.27755,0.089995,0.14317,1091.3,0.33447,1.8418,0.14317,0.070952,29.663,1.373,0.1726,0.058252,0.21473,0.44999,0.28727,0.92238,-0.046025,5.3132,0.23066,0.070952,100.62,3.6276,0.3179,0.1726,2.0467,12.119,0.4771,0.085535,0.17516,0.084587,0.085535,72.737,43.074,0.71678,0.6368,31.988,0.13417,0.066492,0.90705,0.51584,0.27567,0.88665,0.94006,-4804.8,0.072672,0.26122,0.92733,0.060235,12.305,8.4738,93.306,3.9119,3.976,0
0.000125,0.99969,-0.65339,0.13292,-133.47,0,0.001654,0.000297,1.9897,0.000297,0.006445,0.002195,0.006179,0.001654,29681,0.012297,1.0003,0.001654,0.000831,13.613,,0.006445,0.000063,0.001654,0.000125,0.010767,1.3454,-0.72615,4.462,0.50192,0.002611,138.81,2.6319,1.9839,0.00828,1.9897,,0.000297,0.004161,0.006318,1.9506,0.003239,17.502,3.8881,0.001679,0.1048,13.658,-0.004195,-0.002108,0.1002,0.75356,0.37996,0.00033,0.00033,-18930,0.004146,0.41928,0.99678,0,26.812,93.875,138.24,2.6404,2.2112,1
0.12489,0.17599,0.5997,4.4075,73.803,0,0.16225,4.682,2.1311,0.824,0.16253,0.92192,0.097998,0.16225,307.59,1.1866,5.682,0.16225,0.076136,35.49,1.1846,0.16087,0.058604,0.43583,0.63426,0.97435,580.7,2.6735,2.7218,-0.059637,0.076266,32.857,11.109,11.109,0.17603,2.1311,,0.824,0.0826,1.7292,0.028277,0.075489,80.734,45.244,0.60272,3.2301,38.686,0.11428,0.053627,4.4075,0.17599,0.09002,3.6735,3.6735,316.05,0.0826,0.15157,0.92394,0,10.285,8.0674,30.143,12.109,9.5005,0
-0.40073,2.1058,-1.3878,0.34095,-248.69,-0.73898,-0.40073,-0.52511,2.2298,-1.1058,-0.29829,-0.1903,-0.17012,-0.40073,-2026.2,-0.18014,0.47489,-0.40073,-0.17971,56.143,,-0.2983,-0.17971,-0.40073,-1.1397,-0.18014,-2.9121,-4.9287,3.1688,0.91557,-0.14276,304.1,1.2004,1.2004,-0.298,2.2298,,-1.1058,-0.13364,0.030773,-0.25349,-0.13378,106.92,50.774,-1.1684,0.19365,49.526,-0.31969,-0.14337,0.34095,2.1058,0.83306,-3.9271,-3.9271,-2047,-0.13348,0.3624,1.1336,0,6.5013,7.1888,344.69,1.0589,7.9192,1
0.027162,0.68375,0.21264,1.4758,-11127,0,0.031807,0.46252,1.1918,0.31625,0.071296,0.07117,0.05119,0.031807,4090.8,0.089224,1.4625,0.031807,0.026689,155.02,0.8793,0.062905,0.022791,0.082489,0.079088,0.082431,1.593,0.62462,4.6392,0.56727,0.041613,161.76,2.2721,1.4851,0.061303,1.1918,1.2202,0.44197,0.051439,0.027736,0.24745,0.052783,198.21,43.185,0.053663,0.34324,181.94,0.033705,0.028282,0.96463,0.44692,0.44011,0.92895,1.2982,9265.3,0.15385,0.085888,0.88519,0.39754,2.3545,8.4521,136.88,2.6666,3.5007,0
-0.002713,0.58019,0.011065,1.028,-69.01,0,0.001239,0.72357,0.57368,0.41981,0.024855,0.003136,0.030178,0.001239,12232,0.029839,1.7236,0.001239,0.002159,67.488,0.9018,0.024129,-0.00473,0.10589,0.40271,0.023028,1.0217,0.01863,3.943,0.9948,0.03005,262.06,1.3928,0.94832,0.023471,0.57368,1.6203,0.60497,0.040913,0.04273,0.48106,0.04206,247.63,180.15,-0.025581,0.75949,70.367,0.008055,0.014041,0.69993,0.39503,0.71796,0.70686,1.0186,97.035,0.040913,-0.006463,0.99785,0.44107,5.4084,2.0261,251.33,1.4522,0.96593,0
0.29806,0.47026,-0.000985,0.99647,-19.079,0,0.36966,1.1265,1.9577,0.52974,0.41997,1.3239,0.31443,0.36966,278.85,1.309,2.1265,0.36966,0.18882,10.821,1.1152,0.41913,0.15225,1.347,0.14959,1.1567,8.3317,-0.001364,3.9225,0.23223,0.20022,66.262,5.5085,3.2706,0.41966,1.9577,1.2477,0.70622,0.21436,0.089845,0.023571,0.21409,47.197,36.376,5.1354,0.7886,13.774,0.17323,0.088488,0.59165,0.27922,0.18154,0.73394,0.97845,-8.236,0.21436,0.56266,0.81132,0.33315,33.73,10.034,52.058,7.0115,2.7124,0
-0.017271,0.94438,-0.24373,0.68242,-120.9,-0.17916,-0.023916,0.0178,1.0345,0.01681,-0.023916,-0.031163,0.013652,-0.023916,15467,0.023599,1.0589,-0.023916,-0.01465,58.975,1.3761,0.040316,-0.01058,-0.18215,0.01681,0.030635,0.25548,-0.51174,4.3141,0.57637,-0.01465,177.51,2.0563,0.042691,0.040316,2.1651,1.4693,0.19373,0.024696,0.013589,0.35886,0.024696,114.77,55.792,-0.065478,0.33873,61.007,-0.005886,-0.003606,0.55457,0.76746,0.48632,0.035295,0.40677,-5023.9,0.033322,-1.0274,0.96668,10.525,6.1891,6.5422,171.59,2.1271,3.4276,0
0.080191,0.30225,0.30874,2.0215,10.468,-0.14352,0.080191,2.3085,3.2225,0.69775,0.080191,0.26531,0.068977,0.080191,496.32,0.73542,3.3085,0.080191,0.024885,25.121,0.8656,0,0.024885,0.23101,0.48707,0.73542,,0.79366,2.3788,0.08725,0.055606,36.981,9.87,9.87,0.00273,3.2225,,0.69775,0.000847,0.0841,0.070906,0,66.325,41.204,0.36156,1.2877,27.137,-0.14209,-0.044093,2.0215,0.30225,0.10132,1.7937,1.7937,73.86,0.074267,0.11493,0.92573,0,14.53,8.8584,34.234,10.662,8.284,0
0.053001,0.68239,0.15839,1.2323,-41.859,0.14609,0.06655,0.43105,1.0616,0.29414,0.06655,0.097605,0.071279,0.06655,2261.9,0.16137,1.4654,0.06655,0.043079,76.993,2.0655,0.089589,0.034309,0.17227,0.29414,0.14151,0.61562,0.99123,4.4864,0.34351,0.043079,171.01,2.1343,0.13129,0.089589,1.5457,911.13,0.29471,0.057993,0.21764,0.16849,0.057993,163.46,86.465,0.16265,0.75437,81.732,0.046024,0.029792,1.2313,0.68182,0.46853,1.8408,1.8444,4853.9,0.057988,0.18019,0.94201,0.001919,4.7407,4.2213,161.1,2.2657,9.668,0
0.040283,0.40274,0.06024,1.3148,21.852,0.11657,0.042515,1.124,1.0541,0.45268,0.042515,0.22219,0.14182,0.042515,1107.1,0.32968,2.483,0.042515,0.045413,2.0854,0.96684,0.085213,0.043028,0.12953,0.45268,0.32414,0.95944,0.08049,4.0353,0.34755,0.045413,78.635,4.6417,0.21158,0.085213,0.97477,1.1648,0.66407,0.09102,0.43804,0.075457,0.09102,65.408,63.322,7.5312,1.2869,2.1982,-0.005048,-0.005392,0.62468,0.19134,0.21544,0.60485,0.8873,653.43,0.051317,0.088989,0.94868,0.46699,175.03,5.7642,74.6,4.8928,1.2509,0
0.048343,0.66879,0.19365,1.3522,-18.971,0.15176,0.048343,0.49523,1.6479,0.33121,0.062803,0.087932,0.029337,0.048343,5049.6,0.072283,1.4952,0.048343,0.029337,56.814,0.94714,0,0.029337,0.16984,0.21388,0.072283,0,0.75476,3.393,0.34632,0.06778,145.72,2.5048,2.059,0.00259,1.6479,9.1344,0.38451,0.001572,0.19613,,0,140.79,83.971,0.18847,0.88569,67.985,0,0,1.1116,0.54977,0.39923,1.2909,1.4986,478.67,0.16432,0.14596,0.84615,0.16095,6.4245,4.3467,121.77,2.9973,6.4225,0
0.037083,0.085285,0.48975,8.5438,103.03,0,0.049518,10.725,0.84409,0.91472,0.049777,0.76276,0.13025,0.049518,283.14,1.2891,11.725,0.049518,0.058665,120.05,1.1329,0.045208,0.043933,0.10227,0.10229,1.1433,174.59,1.0997,4.3298,-0.096432,0.058673,29.734,12.276,9.3444,0.047153,0.84409,,0.91472,0.055863,2.5883,0.026913,0.053558,167.19,47.142,0.13358,4.2676,127.15,-0.015215,-0.018026,6.5037,0.06492,0.081463,2.054,2.054,10467,0.055863,0.04054,0.94189,0,3.0405,7.7426,28.073,13.002,1.8954,0
0.009111,0.57813,0.35888,1.7131,-0.89304,0,0.012486,0.72972,2.0553,0.42187,0.030059,0.024809,0.018703,0.012486,5489.6,0.06649,1.7297,0.012486,0.006075,61.731,1.0986,0.028845,0.004433,0.045039,0.37328,0.060651,1.6414,2.6036,3.0916,0.26395,0.012939,76.439,4.7751,4.1569,-0.34793,2.0553,236.29,0.42405,-0.16928,0.10495,0.35167,0.014034,143.73,82.001,0.02621,1.0224,52.794,0.002891,0.001407,1.4913,0.50328,0.20942,3.0607,3.0764,443.15,-0.16928,0.021596,0.9949,0.005162,5.9128,4.4511,89.378,4.0838,14.911,0
0.19445,0.37671,0.38169,2.1849,40.604,0.16631,0.22963,1.396,1.1514,0.52589,0.22963,0.71285,0.15984,0.22963,491.65,0.7424,2.6546,0.22963,0.13124,37.433,1.6896,0.22402,0.11113,0.21062,0.52589,0.64902,1.4742,1.2887,4.252,0.15225,0.13124,77.374,4.7174,0.59469,0.22402,1.7699,9.6073,0.58047,0.12803,0.45575,0.04519,0.12803,116.19,78.762,1.0836,1.6278,43.102,0.17398,0.099436,1.8683,0.32213,0.21198,1.7755,1.9598,6819.5,0.13152,0.36976,0.86848,0.10379,9.7507,4.6342,67.198,5.4317,5.9074,0
0.001975,0.43565,0.066336,1.2334,2000.1,0.000928,0.003485,1.2954,0.91951,0.56435,0.023032,0.012261,0.029088,0.003485,5945.1,0.061395,2.2954,0.003485,0.00379,35.322,1.0553,0.016198,0.002147,0.034186,0.46201,0.057928,0.8287,0.10215,5.3548,0.46715,0.018544,137.63,2.7068,1.7661,0.015019,0.91951,2.2021,0.68315,0.016334,0.023823,0.36801,0.017616,136.48,101.16,0.02219,0.92033,42.212,-0.007063,-0.007682,0.80475,0.28426,0.36945,0.86902,1.052,15017,0.18018,0.003499,0.85803,0.21051,10.333,3.6082,112.84,3.2348,1.4159,0
0.14715,0.069592,0.40157,9.4038,65.562,0.011118,0.17884,13.369,0.82361,0.93041,0.18253,3.7427,0.27659,0.17884,111.5,3.2734,14.369,0.17884,0.21715,59.787,1.0058,0.17564,0.17866,0.43931,0.89823,2.818,47.623,0.72928,4.2721,0.084496,0.21715,44.688,8.4497,5.8018,0.43332,0.82361,14.419,0.95222,0.52612,4.2796,0.010328,0.21325,108.51,48.725,1.0907,6.5805,121.96,0.12668,0.15381,6.457,0.047784,0.11835,1.6897,1.7293,9.4038,0.52612,0.1581,0.47015,0.023439,6.105,7.491,21.177,17.236,1.4957,0
-0.11913,1.5622,-0.050495,0.94238,-14.725,-2.0361,-0.11913,-0.35989,3.4282,-0.56222,-0.078927,-0.13594,0.022476,-0.11913,7400.2,0.049323,0.64011,-0.11913,-0.034749,6.2318,1.1196,-0.080983,-0.034749,-0.66869,-1.1982,0.049323,-2.0146,-0.28986,3.3473,0.45307,-0.026541,90.338,4.0404,2.2663,-0.11231,3.4282,1.1186,0.12371,-0.032762,0.041965,0.45205,-0.023623,84.007,77.775,-2.0352,0.87558,6.0341,-0.27716,-0.080848,0.5286,0.87629,0.2475,-3.2273,0.71014,-112.34,-0.032762,0.21188,1.0342,-1.22,58.57,4.693,93.298,3.9122,19.679,0
0.16818,0.29169,0.35046,2.6668,36.01,0.37677,0.21226,2.3376,1.114,0.68184,0.21226,1.0095,0.12008,0.21226,404.54,0.90226,3.4283,0.21226,0.096845,26.306,1.1681,0.21205,0.076733,0.47326,0.68184,0.75113,1.0778,0.79779,4.8754,0.11087,0.096845,39.007,9.3573,0.72697,0.21205,2.2066,4.9459,0.76327,0.096748,0.23523,0.036468,0.096748,85.14,58.834,1.0647,1.9155,29.306,0.16114,0.073518,1.9223,0.21026,0.10687,1.5521,1.7375,26303,0.10236,0.24666,0.89764,0.11943,13.875,6.2039,35.014,10.424,4.9894,0
0.008253,0.41997,0.003292,1.0108,-70.061,0.045401,0.010824,1.2834,1.0361,0.53897,0.010824,0.035374,0.07745,0.010824,2049.5,0.17809,2.3811,0.010824,0.011208,59.545,1.1157,0.036301,0.008546,0.055357,0.53897,0.17197,0.38947,0.004765,4.2475,0.43409,0.011208,119.82,3.0462,0.086439,0.036301,0.97335,1.3311,0.65296,0.037591,0.050527,0.1377,0.037591,111.05,51.505,0.052385,0.49588,61.693,-0.027668,-0.028651,0.73641,0.30598,0.32828,0.7803,0.94532,58.2,0.034823,0.015312,0.96518,0.21149,6.1298,7.0866,115.65,3.1561,1.3981,0
0.16812,0.36608,0.54447,2.5001,76.623,0,0.20566,1.7316,2.4797,0.63392,0.2074,0.56663,0.088408,0.20566,609.5,0.59885,2.7316,0.20566,0.082938,8.8352,1.3191,0.18483,0.067797,0.37623,0.63234,0.49629,106.3,5.8822,4.5004,0.12328,0.083049,57.898,6.3042,6.2505,0.19153,2.4797,322.17,0.63655,0.077238,0.16722,0.061506,0.074539,124.64,115.8,2.8008,2.3347,9.5747,0.17127,0.069069,2.4788,0.36296,0.15862,6.8485,6.8769,17235,0.077238,0.2652,0.91894,0.004149,41.312,3.152,53.426,6.8319,26.789,0
0.26827,0.3113,0.60901,2.9772,64.669,0.52241,0.33281,1.9334,1.1709,0.60187,0.33281,1.0805,0.1402,0.33281,325.23,1.1223,3.2124,0.33281,0.13356,33.27,1.6074,0.35585,0.10766,0.64765,0.60187,0.91495,1.672,7.3396,4.6086,0.00275,0.13356,52.825,6.9096,1.1431,0.35585,2.5131,210.15,0.60515,0.1428,0.99664,0.027482,0.1428,89.357,56.087,1.1811,2.2398,38.954,0.33929,0.13616,2.9458,0.30801,0.14473,7.2536,7.2931,24729,0.14593,0.44572,0.85407,0.005454,10.971,6.5078,45.116,8.0902,30.032,0
0.22213,0.1785,0.54306,4.0423,107.97,0.44627,0.275,4.5638,1.1959,0.81464,0.275,1.5406,0.21102,0.275,207.84,1.7561,5.6022,0.275,0.18512,44.52,1.2128,0.24326,0.14953,0.55459,0.81464,1.4599,1.9582,1.9504,4.6434,-0.011899,0.18512,52.449,6.9592,1.3628,0.24326,1.5178,,0.81464,0.16375,1.1037,0.02083,0.16375,128.88,84.36,1.2259,3.0272,53.24,0.20479,0.13785,4.0423,0.1785,0.14369,2.9257,2.9257,23890,0.16379,0.27267,0.83621,0,8.1986,4.3267,43.858,8.3223,5.3353,0
-0.45622,0.89362,-0.57137,0.36061,-162.35,-1.0842,-0.45622,0.043424,0.74519,0.038805,-0.45622,-0.51053,-0.30431,-0.45622,-845.48,-0.43171,1.119,-0.45622,-0.35988,46.554,0.5059,-0.42494,-0.35988,-1.0842,0.038805,-0.43171,-2.4979,-0.84304,4.1595,0.68356,-0.35988,191.73,1.9037,-0.47552,-0.42494,1.2928,,0.038805,-0.3352,0.032933,-0.082875,-0.3352,84.309,37.755,-2.8216,0.17967,34.691,-0.49537,-0.39076,0.36061,0.89362,0.52529,0.057255,0.057255,-8249.4,-0.34194,-11.757,1.3419,0,7.8404,9.6675,257.29,1.4186,1.8705,0
0.07239,0.38831,0.51148,2.3172,41.212,0,0.093077,1.5752,3.0695,0.61169,0.093399,0.2397,0.04542,0.093077,1016.6,0.35904,2.5752,0.093077,0.030323,19.916,0.94106,0.087318,0.023583,0.30716,0.25054,0.30576,271.31,5.1045,3.3059,-0.002837,0.030323,47.057,7.7565,7.7565,0.05759,3.0695,,0.61169,0.018762,1.034,0.096841,0.028447,59.25,39.334,0.43221,1.8859,20.297,0.040977,0.013349,2.3172,0.38831,0.12892,6.1045,6.1045,1034.6,0.018762,0.11834,0.97005,0,18.327,9.2794,46.174,7.9048,30.633,0
0.25109,0.41211,0.19308,1.4685,-42.115,1.1047,0.26829,1.3994,1.0565,0.57669,0.26829,0.65102,0.18654,0.26829,543.1,0.67207,2.4265,0.26829,0.1807,20.65,0.92608,0.069408,0.16911,1.1894,0.57669,0.63034,0.49388,0.48905,5.6705,0.26849,0.1807,107.03,3.4102,0.16842,0.069408,1.6911,,0.57669,0.046747,0.69385,0.17352,0.046747,78.48,57.83,2.9891,1.2647,21.817,0.060734,0.040905,1.4685,0.41211,0.29324,1.4607,1.4607,90412,0.053474,0.4354,0.94653,0,17.675,6.3116,101.31,3.6029,3.7607,0
0.18897,0.46586,0.088994,1.3286,-9.7952,0.35818,0.23179,1.0238,1.1448,0.47696,0.23179,0.85573,0.15012,0.23179,593.31,0.61519,2.1466,0.23179,0.12141,24.231,1.3279,0.22785,0.098985,0.441,0.47696,0.52328,1.3663,0.13902,5.6308,0.23722,0.12141,59.285,6.1567,0.48908,0.22785,1.9198,1.1955,0.67195,0.11935,0.070639,0.054187,0.11935,65.143,40.913,1.4911,0.86066,27.739,0.17304,0.090639,0.77245,0.27086,0.16243,0.74508,1.0497,38037,0.12649,0.3962,0.87351,0.40884,15.064,8.9215,51.787,7.0482,2.9823,0
0.20885,0.93856,-0.34768,0.62876,-120.49,-0.17615,0.25169,0.065463,1.8418,0.061441,0.32675,0.26875,0.16769,0.25169,1109.2,0.32906,1.0655,0.25169,0.13666,27.331,1.3416,0.3265,0.1134,0.29034,0.032699,0.28342,4.3502,-0.84561,3.2405,0.35753,0.13666,225.34,1.6198,1.6163,0.32484,1.8418,,0.061441,0.17637,0.30223,0.081544,0.17728,60.603,33.272,1.5144,0.4815,33.183,0.26935,0.14624,0.62739,0.93652,0.61737,0.14943,0.14943,-604.82,0.17637,3.3993,0.86362,0,13.355,10.97,185.6,1.9666,4.4796,0
0.017688,0.26155,0.40505,2.5487,27.966,0.081721,0.023741,2.5648,0.99744,0.67083,0.023741,0.090769,0.021648,0.023741,1116.3,0.32696,3.8233,0.023741,0.00601,9.4427,1.25,0.015609,0.004478,0.092905,0.67083,0.30382,0.039413,1.2149,4.315,-0.008333,0.00601,24.105,15.142,0.05968,0.015609,3.9908,,0.67083,0.003952,1.1259,0.11112,0.003952,34.385,24.942,0.17308,2.1579,9.4185,-0.046167,-0.011687,2.5487,0.26155,0.066041,2.0121,2.0121,8365.1,-0.00257,0.026367,1.0026,0,38.654,14.634,24.167,15.103,11.849,0
0.000571,0.002046,-0.000333,0.83734,-11.7,0.00237,0.000573,487.62,1.0102,0.99772,0.000573,0.27987,0.056472,0.000573,1217.1,0.29988,488.74,0.000573,0.052704,0,0.43555,0.000405,0.052549,0.00258,0.99772,0.29906,0.37611,-0.000333,5.3554,0.18119,0.052704,69.438,5.2565,0.1977,0.000405,0.014441,,0.99772,0.03723,0.045345,0.15101,0.03723,54.437,54.437,,0.83734,0,0.000364,0.033462,0.83734,0.002046,0.19024,0.99944,0.99944,-75.44,0.010139,0.000572,0.98986,0,,6.705,68.734,5.3103,0.010884,0
0.004188,0.35009,0.14516,1.4346,27.896,-0.012998,0.000374,1.7084,1.0022,0.59808,0.000374,0.00112,0.042751,0.000374,2273.1,0.16057,2.8564,0.000374,0.000284,13.163,1.1445,0.030309,0.003185,-0.009293,0.59808,0.17147,0.23101,0.27869,5.5331,0.16001,0.000284,92.919,3.9281,0.086574,0.030309,1.3491,26.831,0.61417,0.02305,0.41942,0.1336,0.02305,94.121,80.958,0.088325,1.2926,13.193,-0.025531,-0.019417,1.3687,0.334,0.25457,1.1483,1.1792,49543,0.002216,0.007003,0.99778,0.026904,27.729,4.5085,92.713,3.9369,2.5246,0
0.011179,0.85284,0.084142,1.0987,8.7711,0,0.014437,0.17255,3.1513,0.14716,0.027344,0.016928,0.008907,0.014437,11091,0.03291,1.1725,0.014437,0.004581,0.50564,1.1454,0.025423,0.003548,0.54719,0.12974,0.02909,1.9697,1.3353,3.458,0.23658,0.00866,100.95,3.6157,3.6157,0.067658,3.1513,,0.14716,0.02147,0.13166,0.72794,0.008067,95.521,95.015,2.5608,1.0935,0.51673,0.011793,0.003742,1.0987,0.85284,0.27657,2.3353,2.3353,241.56,0.02147,0.075969,0.99543,0,721.86,3.8415,98.781,3.6951,50.009,0
0.013571,0.71849,0.040289,1.0587,-29.083,0,0.017212,0.3918,3.4597,0.28151,0.030497,0.025088,0.015558,0.017212,4872.3,0.074914,1.3918,0.017212,0.004975,31.181,1.0454,0.030011,0.003923,0.061403,0.17824,0.069846,2.259,0.14723,3.8312,0.20129,0.008768,72.592,5.0281,4.8011,0.010119,3.4597,,0.28151,0.002925,0.062017,0.35948,0.008675,72.141,40.96,0.045917,0.62792,31.273,-0.006602,-0.001908,1.0109,0.68606,0.19888,1.0287,1.0287,273.12,0.002925,0.048209,0.99507,0,11.706,8.9111,72.38,5.0429,12.643,0
0.049513,0.25059,0.075223,1.4858,-26.492,0.39721,0.061715,2.9906,0.93022,0.74941,0.07074,0.39858,0.12846,0.061715,765.4,0.47687,3.9906,0.061715,0.066344,32.642,1.1265,0.068154,0.053227,0.19285,0.70171,0.42818,7.5518,0.0977,5.0204,0.26939,0.066344,76.202,4.809,2.9714,0.18858,0.93022,1.5338,0.84516,0.20272,0.27357,0.066326,0.073267,73.65,41.008,0.59518,0.94855,40.779,0.01037,0.011148,0.91807,0.15484,0.20794,0.97334,1.0977,1.4858,0.20272,0,0.80648,0.12777,11.182,8.9007,60.754,6.0078,1.2082,0
0.28241,0.085549,0.70619,9.2548,74.838,0.61746,0.34982,10.689,1.2329,0.91445,0.34982,4.0891,0.21226,0.34982,86.439,4.2226,11.689,0.34982,0.20555,89.486,1.3289,0.31909,0.16594,0.77306,0.91445,3.4347,2.3115,3.3909,4.3584,-0.060229,0.20555,22.62,16.137,3.7299,0.31909,1.736,,0.91445,0.18749,2.2489,0.00851,0.18749,128.54,39.054,0.67685,4.3775,110.32,0.30767,0.18078,9.2548,0.085549,0.061971,4.3909,4.3909,16118,0.18887,0.30884,0.81113,0,4.0789,9.3461,18.347,19.894,8.1719,0
0.49805,0.16522,0.74644,5.5612,223.43,0,0.49833,5.0526,1.5281,0.83478,0.49833,3.0451,0.3394,0.49833,116.27,3.1391,6.0526,0.49833,0.3261,22.515,1.4689,0.47054,0.32591,0.94127,0.83478,3.1374,,8.3025,3.7175,-0.2915,0.3261,56.367,6.4755,6.414,0.46843,1.5281,,0.83478,0.30653,3.7748,0.01122,0.30791,69.825,47.311,5.2836,4.9852,32.467,0.45022,0.29462,5.5084,0.16365,0.15443,9.2851,9.2851,3894.5,0.30653,0.59662,0.68028,0,16.212,7.715,39.088,9.3378,16.997,0
-0.024835,0.5616,0.30248,1.5386,-114.92,-0.023203,-0.024835,0.77812,1.0423,0.43699,-0.024835,-0.044221,-0.014995,-0.024835,-19017,-0.019193,1.7806,-0.024835,-0.034549,262.57,0.80853,0.034599,-0.034549,-0.023203,0.43699,-0.019193,0.50168,2.2255,4.5859,0.40276,-0.034549,297.23,1.228,0.061607,0.034599,0.73095,,0.43699,0.048132,0.48632,0.37949,0.048132,300.07,37.5,-0.048026,0.61782,273.68,0.020543,0.028578,1.5386,0.5616,0.81433,3.2151,3.2151,11656,0.040597,-0.056831,0.9594,0,1.3901,9.7334,285.16,1.28,5.2887,0
0,0.28041,0.22783,1.9184,,0.64067,0.14461,2.5662,1.6358,0.71959,0.14461,0.58294,0.088401,0.14461,707.77,0.51571,3.5662,0.14461,0.088401,13.729,1.3608,0,0,0.28503,0.64067,0,,0.4347,5.8623,0.17131,0.17107,,0,0,0.010425,1.6358,268.77,0.72113,0.006373,0.000681,,0,106.15,92.419,0,1.6704,,0,0,1.6971,0.24807,,1.373,1.3759,165930,1,0,0.00366,0.002143,26.587,3.9494,55.351,6.5943,3.1212,0
-0.10287,0.18414,0.3496,3.0268,-9.7524,0.014967,-0.12663,4.4307,1.1393,0.81586,-0.12663,-0.73411,-0.072006,-0.12663,-844.97,-0.43197,5.4307,-0.12663,-0.11463,26.471,1.3764,-0.061209,-0.093124,0.0159,0.81586,-0.30295,-0.63126,0.73153,6.3328,0.1592,-0.11463,64.931,5.6214,-0.33241,-0.061209,1.1545,37.941,0.82751,-0.05541,1.7552,-0.42863,-0.05541,72.473,46.001,-1.284,2.5624,30.157,-0.10829,-0.098034,2.8353,0.17249,0.17789,1.7072,1.7315,752230,0.12223,-0.12609,0.87777,0.014278,13.789,7.9345,56.994,6.4042,2.3114,0
0.3169,0.13673,0.30014,3.2267,61.09,0.8608,0.3169,5.7916,1.2351,0.79186,0.3169,2.351,0.23392,0.3169,133.43,2.7355,7.3139,0.3169,0.1982,20.227,1.2301,0.31691,0.1982,0.90431,0.79186,2.7355,2.4481,0.53117,4.5723,0.042221,0.1982,38.005,9.6039,2.3179,0.31691,1.6131,178.99,0.7938,0.19821,0.52507,0.012018,0.19821,83.132,62.905,3.5766,2.5694,24.982,0.25981,0.16249,3.1811,0.13479,0.10412,1.4014,1.4048,11211,0.19036,0.4002,0.80964,0.002444,18.045,5.8024,30.771,11.862,2.8296,0
0.042258,0.10323,0.38579,4.7371,-17.806,0.11863,0.042258,8.5598,1.0175,0.88366,0.042258,0.40935,0.083628,0.042258,422.68,0.86354,9.6868,0.042258,0.039642,147.61,1.2056,0.039148,0.039642,0.11863,0.88366,0.86354,0.37369,0.75501,4.2519,0.090073,0.039642,35.968,10.148,0.37922,0.039148,1.0921,,0.88366,0.036724,0.11034,0.039448,0.036724,163.54,15.929,0.098021,0.56098,150.2,-0.00774,-0.007261,4.7371,0.10323,0.098542,1.7294,1.7294,6890.3,0.017244,0.047822,0.98276,0,2.4727,22.915,35.348,10.326,2.0862,0
0.059409,0.43162,0.56838,2.3169,15.49,0.10676,0.073166,1.3169,1.8698,0.56838,0.073243,0.16952,0.03913,0.073166,2153.2,0.16952,2.3169,0.073166,0.03913,95.027,1.1249,0.069853,0.031772,,0.46813,0.13764,916.82,,2.874,0.16385,0.03917,87.529,4.17,4.17,0.069981,1.8698,,0.56838,0.037426,0.29976,0.20597,0.037358,169.95,74.921,0.12204,1.189,98.722,0.069853,0.037358,2.3169,0.43162,0.23981,,,425.22,0.037426,0.10452,0.96094,0,3.841,4.8718,84.254,4.3322,,0
0.045316,0.30824,0.32133,4.5516,34.594,0.12492,0.045316,2.2442,1.0431,0.69176,0.051369,0.50087,0.095134,0.045316,1133.8,0.32193,3.2442,0.045316,0.043444,80.074,1.2056,0.049772,0.043444,0.16403,0.17023,0.32193,8.223,0.5463,4.0894,0.20015,0.048452,33.163,11.006,3.2305,0.047306,1.0431,1.6059,0.8057,0.045352,1.1214,0.099092,0.047716,108.6,28.523,0.19803,2.0224,83.878,-0.004145,-0.003974,1.336,0.090474,0.090858,1.1761,1.3698,3948.2,0.045352,0.065509,0.95683,0.16471,4.5583,12.797,31.659,11.529,1.7734,0
0.004258,0.39772,0.099051,1.249,38.065,0,0.004258,1.5143,1.4033,0.60228,0.012477,0.010707,0.71221,0.004258,145.25,2.5129,2.5143,0.004258,0.003035,52.733,0.90344,0,0.003035,-0.11637,0.071988,2.5129,0,0.19683,3.7555,0.27463,0.006069,,0,0,0,1.4033,,0.60228,0,0.034887,0.013322,0,125.6,72.871,0.021004,0.7393,,-0.99517,-0.70917,1.249,0.39772,,1.1968,1.1968,564.09,1,0.00707,0.007037,0,6.9217,5.0089,103.45,3.5283,2.7885,0
0.55571,0.34447,0.18239,1.9461,-6.8884,0.45413,0.55571,1.903,2.7591,0.65553,0.57042,2.8825,0.25483,0.55571,178.82,2.0411,2.903,0.55571,0.20141,28.69,1.0744,0.57042,0.20141,1.3672,0.54576,2.0411,38.765,0.2919,3.0494,0.124,0.20674,31.65,11.533,6.4543,0.53577,2.7591,5.9814,0.682,0.19419,0.039339,0.015996,0.20674,48.628,19.938,2.5624,0.82113,35.604,0.42303,0.15332,1.0891,0.19278,0.086711,1.0491,1.0915,204.37,0.19419,0.84772,0.80118,0.040373,12.722,18.306,25.504,14.312,4.4157,0
0.086185,0.54269,-0.025039,0.95386,-20.127,-0.10513,0.093496,0.84267,3.31,0.45731,0.13294,0.17228,0.045956,0.093496,1302.2,0.2803,1.8427,0.093496,0.028246,13.88,1.1236,0.13212,0.026038,0.13244,-0.018946,0.26683,3.3499,-0.051911,3.8536,0.16392,0.040161,62.36,5.8531,5.8531,0.13361,3.31,,0.45731,0.040366,0.043334,0.09484,0.039914,54.488,40.608,0.6847,0.72192,14.464,0.073495,0.022204,0.95386,0.54269,0.17085,0.94809,0.94809,-178.76,0.040366,0.18846,0.97179,0,26.297,8.9883,59.843,6.0993,6.8623,0
0.18506,0.12373,0.20715,2.6865,-41656,-0.11235,0.18506,7.0824,0.002396,0.87627,0.23694,1.5067,78.19,0.18506,241.07,1.5141,8.0824,0.18506,77.244,0,0.21594,-0.007287,77.244,0.15293,0.39712,1.5141,-0.14046,0.30917,4.8459,51.643,77.244,14421,0.035644,0.035385,-0.000713,0.002396,367.29,0.87717,-0.29762,2.4792,-0.82159,-3.0417,3880.3,3880.3,,2.6865,0,-0.009555,-3.9881,2.667,0.12283,28.055,1.3078,1.3092,2.6865,-0.29762,0,0.22583,0.001025,,0.094065,18713,0.019505,0.003576,0
0.001105,0.86517,0.12984,1.1501,-593.39,0,0.001105,0.15522,0.45811,0.13429,0.001205,0.001277,0.011459,0.001105,60153,0.006068,1.1558,0.001105,0.002412,704.73,1.0135,0.001199,0.002412,-0.052122,0.10308,0.006068,12,29.132,3.2047,1.8822,0.00263,683.49,0.53403,0.53403,-0.003908,0.46323,,0.13429,-0.00853,0.003377,5.3972,0.002616,790.44,85.702,0.001249,1.0257,698.77,-0.002946,-0.006431,1.1501,0.86517,1.8726,30.13,30.13,208,-0.00853,0.008228,0.9974,0,0.51793,4.2589,689.32,0.52951,102.79,1
0.037636,0.33643,0.26633,2.0564,40.047,0.12124,0.045722,1.8351,1.0314,0.61739,0.045722,0.18135,0.094617,0.045722,1136.6,0.32112,2.9724,0.045722,0.040043,46.159,1.3401,0.053472,0.032962,0.14604,0.61739,0.29709,0.48299,0.55307,5.3942,0.16584,0.040043,83.12,4.3912,0.15894,0.053472,1.1979,4.4361,0.70171,0.04683,0.60603,0.095529,0.04683,116.89,70.73,0.26065,1.4837,47.607,-0.008842,-0.007744,1.541,0.25211,0.22773,1.2821,1.4572,66010,0.030413,0.060961,0.96959,0.13658,7.9075,5.1605,80.592,4.529,2.3711,0
0.000175,0.77159,-0.15607,0.74575,-95.146,0.016177,0.002252,0.29603,1.0129,0.22841,0.002252,0.003668,0.008743,0.002252,43244,0.00844,1.296,0.002252,0.003022,0.69417,0.56558,0.053689,0.000235,0.026096,0.22841,0.005749,0.73006,-0.28784,5.5811,1.0248,0.003022,304.67,1.198,0.069583,0.053689,0.84668,2.8934,0.38614,0.072074,0.071591,0.43774,0.072074,202.77,202.08,0.12342,0.74345,0.70315,0.049428,0.066354,0.5933,0.61386,0.83471,0.42126,0.71216,-59482,0.012773,0.000766,0.98723,0.69054,525.81,1.8062,300.78,1.2135,1.3739,0
-0.023834,0.2101,0.50839,4.2374,22.034,0.058412,-0.027621,3.6579,0.98183,0.76855,-0.027621,-0.17588,0.011274,-0.027621,3138.4,0.1163,4.7595,-0.027621,-0.012744,62.936,1.1507,-0.015089,-0.010996,0.077482,0.76855,0.13433,-0.068354,1.5195,4.8829,0.092599,-0.012744,25.965,14.057,-0.071818,-0.015089,2.199,5.4972,0.82161,-0.006962,0.07737,0.18686,-0.006962,110.01,47.079,-0.063774,1.8576,61.792,-0.067146,-0.03098,3.1671,0.15704,0.071138,2.2971,2.4557,38823,-0.018502,-0.031011,1.0185,0.069047,5.7996,7.7529,26.446,13.802,6.4782,0
0.070388,0.40856,0.24539,1.6006,-24.363,0.070388,0.070557,1.4109,1.0282,0.57645,0.070557,0.1727,0.084976,0.070557,1130.8,0.32277,2.4476,0.070557,0.045466,12.234,1.1603,0.069038,0.045357,0.070557,0.57645,0.32235,,0.70911,6.381,0.17742,0.045466,98.806,3.6941,0.16898,0.069038,1.5925,,0.57645,0.044487,1.0392,0.10305,0.044487,53.943,41.71,1.3532,1.4733,12.579,0.007725,0.004978,1.6006,0.40856,0.2707,1.6658,1.6658,589980,0.027439,0.12211,0.97256,0,29.835,8.751,96.094,3.7983,4.4845,1
-0.71766,0.61131,-0.097724,0.80961,1805.9,0,-0.062205,0.63582,1.8961,0.38869,-0.062205,-0.12119,-0.011805,-0.062205,-9968.1,-0.036617,1.6358,-0.062205,-0.032806,24.114,1.1255,-0.04038,-0.37849,-0.4777,0.025234,-1.1088,,-0.16721,3.6059,0.31861,-0.032806,188.1,2.0449,1.717,-0.007835,1.8961,3.0767,0.48304,-0.004132,0.05282,-36.389,-0.021296,74.776,50.662,-5.729,0.56556,43.562,-0.080201,-0.042297,0.67979,0.51329,0.48903,0.66506,0.8265,-394.4,0.47472,-1.8464,0.55355,0.24274,15.136,7.2046,98.807,3.6941,3.2444,0
0.012814,0.84441,0.074145,1.1993,-57.742,0,0.025519,0.18426,1.176,0.15559,0.036928,0.068584,0.033772,0.025519,7760.8,0.047031,1.1843,0.025519,0.021701,76.332,1.0385,0.036825,0.010897,0.18239,0.13726,0.031986,3.2277,0.13389,4.4357,0.70293,0.025133,120.24,3.0356,1.3376,0.046466,1.176,0.84315,0.39316,0.039513,0.066921,0.55169,0.031315,130.77,54.443,0.052107,0.53833,79.472,0.02263,0.019244,0.52845,0.37208,0.32943,0.28097,0.70996,2022.1,0.039513,0.08236,0.97837,1.5269,4.7818,6.7043,115.49,3.1605,2.1235,0
-0.051974,0.66556,-0.09126,0.85673,-83.251,-0.051974,-0.058533,0.50169,0.98247,0.3339,-0.058533,-0.091891,0.01379,-0.058533,9326.6,0.039135,1.5025,-0.058533,-0.03099,63.873,0.83048,-0.04162,-0.027517,-0.058533,0.3339,0.04899,,-0.20089,3.8904,0.34334,-0.03099,120.94,3.0181,-0.062534,-0.04162,1.9477,7.5289,0.36249,-0.022035,0.031862,0.50935,-0.022035,101.54,37.664,-0.15725,0.33784,62.754,-0.1262,-0.066816,0.81994,0.63698,0.33133,0.73502,0.79794,-709.07,-0.017838,-0.15566,1.0178,0.085601,5.7145,9.6911,123.09,2.9652,4.1578,1
0.34522,0.37403,0.53952,2.516,44.517,0,0.34522,1.6736,3.1934,0.62597,0.34529,0.96999,0.18293,0.34522,233.7,1.5618,2.6736,0.34522,0.1081,31.151,1.1951,0,0.1081,0.57606,0.61938,1.5618,0,5.1588,3.8799,0.087626,0.24311,54.647,6.6793,6.3554,0.008038,3.1934,,0.62597,0.002517,0.27193,0.052177,0,91.282,60.131,1.2667,1.7502,41.848,-0.23895,-0.074826,2.394,0.35589,0.14972,5.9854,5.9854,4091.4,0.25562,0.55149,0.74513,0,11.717,6.0701,40.678,8.973,30.535,0
-0.042384,0.32784,0.12888,1.3934,-45.327,0,-0.042384,2.0502,0.93803,0.67216,-0.023626,-0.12937,-0.019916,-0.042384,-6405.3,-0.056984,3.0502,-0.042384,-0.045184,116.23,0.90149,-0.025978,-0.045184,,0.52827,-0.056984,-1.385,0.23712,3.3304,0.31635,-0.02552,87.118,4.1897,4.1867,-0.43456,0.93803,,0.67216,-0.46327,0.094923,-4.801,-0.027694,165.52,49.291,-0.14189,0.48159,79.434,-0.049681,-0.052962,1.3924,0.32761,0.23868,1.2367,1.2367,275.79,-0.46327,-0.063057,1.0314,0,3.1402,7.4051,127.48,2.8633,1.7259,0
0.57709,0.23818,0.14847,1.7692,23.199,0.49334,0.57709,3.1985,1.9297,0.76182,0.58438,2.9897,0.31338,0.57709,143.76,2.539,4.1985,0.57709,0.29905,11.81,1.1668,0.58353,0.29905,1.2672,0.53896,2.539,80.006,0.22547,3.6517,0.093968,0.30259,52.582,6.9416,5.6256,0.58981,1.9297,6.2577,0.80641,0.30565,0.30214,0.01299,0.30239,53.562,41.752,9.2427,1.4457,17.008,0.55587,0.28806,1.4338,0.19303,0.14406,1.1569,1.2246,665.87,0.30565,0.75751,0.70281,0.058538,30.907,8.742,36.51,9.9972,2.9305,0
0.10743,0.38109,0.45619,2.2434,76.336,0,0.13009,1.6241,1.9086,0.61891,0.14023,0.35458,0.089318,0.13009,815.96,0.44732,2.6241,0.13009,0.068163,15.486,1.648,0.12661,0.056285,0.03159,0.56604,0.38784,12.486,2.5787,3.9348,0.16542,0.073475,75.413,4.84,4.6598,0.13278,1.9086,,0.61891,0.069572,0.19786,0.076074,0.066334,143.53,128.04,1.3267,2.0227,16.644,0.086229,0.045179,2.1598,0.3669,0.20661,3.4985,3.4985,3925.7,0.069572,0.17357,0.93269,0,23.57,2.8507,70.167,5.2019,10.789,0
-0.18433,0.50622,0.16637,2.0033,52.396,-0.26975,0.24399,0.97541,1.4577,0.49377,0.24399,1.4713,0.28688,0.24399,441.83,0.82611,1.9754,0.24399,0.16738,0,0.73335,0.22909,-0.12645,0.10693,-0.81577,-0.020005,,0.24914,1.9041,0.32425,0.16738,45.944,7.9445,2.6024,0.14031,1.4577,,0.49377,0.096253,0.20232,0.04184,0.15716,74.78,74.78,,2.0033,0,0.054888,0.037654,0.65624,0.16582,0.12587,0.7394,0.7394,13.34,0.096253,-0.37332,0.84374,0,,4.881,41.522,8.7906,2.1828,0
-0.50706,0.15578,0.59465,4.8174,45.553,0,-0.50706,5.4194,2.0889,0.8442,-0.50458,-3.2551,-0.22606,-0.50706,-120.41,-3.0314,6.4195,-0.50706,-0.24274,22.129,0.19415,-0.51505,-0.24274,0.92128,0.73199,-3.0314,-207.16,2.3827,2.6575,-0.033031,-0.24235,16.694,23.741,23.741,-1.3185,3.1952,,0.8442,-0.63118,1.4715,-0.010813,-0.24657,91.073,68.944,-4.0038,2.2845,13.572,-0.5499,-0.26325,4.8174,0.15578,0.045736,3.3826,3.3826,270.27,-0.6305,-0.60064,1.1575,0,16.494,5.2942,27.219,13.41,8.3699,1
-0.21342,0.68205,-0.15642,0.73767,-61.307,-0.35897,-0.2179,0.44023,0.99518,0.30026,-0.2179,-0.36544,-0.084713,-0.2179,-1367.3,-0.26695,1.4662,-0.2179,-0.10138,34.767,1.0804,-0.17726,-0.099299,-0.34851,0.30026,-0.26038,-0.82075,-0.27923,4.2531,0.31363,-0.10138,100.77,3.6221,-0.25989,-0.17726,2.1927,2.7403,0.38606,-0.082473,0.014301,-0.15855,-0.082473,73.247,38.479,-1.0425,0.39431,34.6,-0.21308,-0.099142,0.64487,0.59625,0.27608,0.53602,0.68918,-2801.6,-0.004848,-0.71079,1.0048,0.28575,10.498,9.4856,101.26,3.6046,3.8369,0
0.011786,0.15107,0.57168,12.5,146.3,-0.004579,0.015822,5.6193,0.95275,0.84893,0.019991,0.31827,0.062754,0.015822,922.26,0.39577,6.6193,0.015822,0.016607,66.823,0.96607,0.015729,0.01237,0.019955,0.70829,0.36905,3.7731,1.51,4.1529,-0.005686,0.017283,19.504,18.714,6.158,0.022443,0.95275,,0.84893,0.023556,3.8932,0.084357,0.016509,163.91,97.088,0.067567,8.991,68.435,-0.028239,-0.029639,4.1132,0.049713,0.053437,2.2423,2.2423,8129.8,0.023556,0.013883,0.98349,0,5.4622,3.7595,19.045,19.165,2.5165,0
0.035137,0.6189,0.79433,5.1064,65.701,-0.087327,0.053556,0.61577,2.4168,0.3811,0.054711,0.27686,0.024201,0.053556,3862.3,0.094504,1.6158,0.053556,0.02216,54.134,1.4353,0.053507,0.014539,-0.026544,0.36165,0.064744,46.326,64.935,3.41,0.16909,0.022228,29.862,12.223,3.8203,0.052434,2.4168,,0.3811,0.021696,1.1142,0.35301,0.022139,116.63,62.494,0.098027,3.2534,55.335,0.048573,0.020098,1.596,0.19344,0.081813,31.154,31.154,2041.9,0.021696,0.092199,0.97822,0,6.7425,5.8405,29.214,12.494,197.57,0
0.051537,0.106,0.57388,6.414,173.82,0.083356,0.065373,8.1062,1.0764,0.85925,0.065373,0.61673,0.095629,0.065373,401.6,0.90887,9.434,0.065373,0.064891,49.616,1.1808,0.058837,0.051157,0.10797,0.85925,0.77834,0.62866,1.7927,3.796,-0.007261,0.064891,41.339,8.8295,0.55507,0.058837,1.0228,,0.85925,0.058403,1.069,0.038806,0.058403,205.27,155.66,0.37634,5.1221,53.407,0.02787,0.027665,6.414,0.106,0.11326,2.6841,2.6841,3587.8,0.070984,0.059979,0.92902,0,7.3565,2.3449,38.404,9.5041,3.147,0
0.14172,0.30884,0.38794,2.5407,38.408,0.33271,0.17596,2.2063,1.0853,0.6814,0.17596,0.69886,0.10339,0.17596,521.42,0.70001,3.2379,0.17596,0.084147,32.404,1.2052,0.18583,0.067773,0.41386,0.6814,0.58915,0.96445,1.0768,4.797,0.081941,0.084147,47.697,7.6525,0.60169,0.18583,2.1327,7.958,0.73846,0.088865,0.55011,0.044916,0.088865,87.485,55.081,0.76339,1.8034,35.168,0.1456,0.069626,2.0713,0.25179,0.13068,1.8913,2.0497,24306,0.07859,0.20799,0.92141,0.083738,11.264,6.6266,43.948,8.3052,5.8042,0
0.097422,0.43991,-0.049922,0.69595,-26.752,0.21746,0.10121,1.2071,1.1226,0.53102,0.10121,0.61644,0.13303,0.10121,1182.4,0.30869,2.2732,0.10121,0.099154,5.0339,0.71526,0.1277,0.095438,0.22891,0.53102,0.30007,1.4044,-0.056363,4.2323,0.41634,0.099154,65.908,5.538,0.29029,0.1277,1.048,0.36338,0.80674,0.1251,0.096977,0.08912,0.1251,35.166,30.132,6.92,0.61021,5.6511,0.093118,0.091222,0.25976,0.16419,0.18057,0.59953,0.91082,-852.26,0.10921,0.18346,0.89079,0.51923,72.508,12.113,58.71,6.217,1.1525,0
0.013082,0.72382,0.040285,1.0869,-7.8387,0,0.018042,0.38156,1.5189,0.27618,0.037781,0.038912,0.021329,0.018042,8155.1,0.044757,1.3816,0.018042,0.011879,16.418,0.821,0.026175,0.008613,0.15743,0.26563,0.037904,1.3261,0.081212,3.6759,0.47423,0.022554,113.34,3.2204,2.0629,0.025701,1.5189,1.6745,0.53633,0.016921,0.01654,0.59531,0.017233,119.26,102.84,0.19147,0.93953,16.701,0.011821,0.007783,0.69624,0.46367,0.31052,0.55676,1.0812,191,0.016921,0.047367,0.98825,0.94197,22.231,3.5491,111.42,3.2758,3.062,0
0.015619,0.85521,-0.1781,0.77711,-38.877,0.11412,0.024794,0.090737,1.0313,0.0776,0.024794,0.031029,0.025165,0.024794,3302.4,0.11053,1.1693,0.024794,0.006601,19.657,1.0009,0.086305,0.004158,0.15303,0.0776,0.099798,0.23695,-0.46987,5.1662,0.20957,0.006601,80.074,4.5583,0.10092,0.086305,3.7763,7.4556,0.13375,0.022977,0.091927,0.18019,0.022977,53.202,33.546,0.077211,0.52395,20.271,0.016575,0.004413,0.72608,0.79906,0.21938,0.20472,0.35287,-26116,0.030312,0.20127,0.96969,0.72365,18.569,10.881,77.647,4.7007,9.9094,0
0.32524,0.093007,0.77978,10.256,-5092,-0.44956,0.40278,9.7519,1.186,0.90699,0.41209,4.7812,0.36498,0.40278,78.427,4.654,10.752,0.40278,0.33962,46.028,1.0431,0.40989,0.27424,0.83523,0.72063,3.8203,44.018,5.7347,5.2068,0.078424,0.33962,,0.064155,0.058108,0,1.186,81.512,0.91576,0,2.4308,0.007047,0.34562,202.9,156.87,2.1747,8.4812,10100,0.37981,0.32026,9.2899,0.084242,15.587,6.6702,6.7347,10.256,1,0.35859,0.012361,0.009664,7.9299,2.3268,25.927,14.078,8.7218,0
0.065646,0.88563,0.1058,1.2941,8.203,0.05389,0.065646,0.12358,1.1019,0.10945,0.065646,0.18246,0.079301,0.065646,2475.8,0.14743,1.1291,0.065646,0.03987,12.436,1.6576,0.15462,0.03987,0.05389,0.10945,0.14743,1.0348,0.19798,5.1747,0.47069,0.03987,87.883,4.1533,0.17459,0.15462,1.6528,0.77871,0.63529,0.09391,0.35513,0.13262,0.09391,74.887,62.451,1.1702,1.1382,13.703,0.0897,0.05448,0.52571,0.35978,0.24078,0.20479,1.1888,15821,0.092465,0.5998,0.90754,4.8046,29.35,5.8445,79.757,4.5764,3.0809,0
0.11364,0.60507,0.12452,1.2058,-18.892,0,0.15658,0.65269,2.552,0.39493,0.17063,0.25877,0.078035,0.15658,1109,0.32913,1.6527,0.15658,0.061354,35.137,1.0368,0.17026,0.044528,0.24027,0.38341,0.25816,12.118,0.46051,3.6375,0.22871,0.061354,92.726,3.9363,3.9363,0.17026,2.552,,0.39493,0.066717,0.038031,0.094765,0.066717,101.06,65.921,0.46255,0.79977,37.649,0.12769,0.050036,1.2058,0.60507,0.25404,1.4605,1.4605,540.5,0.066717,0.28774,0.93906,0,10.388,5.5369,86.539,4.2177,9.4379,0
0.03559,0.30906,0.39588,2.2809,80.545,0.20731,0.043007,1.7736,0.88301,0.54815,0.043007,0.13916,0.092094,0.043007,1152,0.31684,3.2356,0.043007,0.040448,46.067,0.90466,0.048412,0.033472,0.25706,0.54815,0.29284,0.40205,1.3417,4.5423,0.21204,0.040448,93.682,3.8962,0.15664,0.048412,1.255,,0.54815,0.045531,0.28527,0.098338,0.045531,211.73,165.66,0.26521,1.8467,40.678,-0.006502,-0.006115,2.2809,0.30906,0.25666,1.8578,1.8578,13800,-0.13249,0.064927,1.1325,0,7.9233,2.2033,106.09,3.4404,3.6036,0
0.18745,0.0179,0.71415,41.338,130.19,0,0.23149,54.867,1.5796,0.9821,0.23149,13.075,0.15558,0.23149,26.585,13.73,55.867,0.23149,0.14655,50.619,1.2442,0.19792,0.11867,0.49125,0.97657,11.269,214880,2.6633,4.4336,-0.12285,0.14655,4.6741,78.09,77.237,0.19708,1.5796,,0.9821,0.12477,11.988,0.002812,0.1253,120.07,69.452,0.85572,28.965,57.835,0.18366,0.11627,40.887,0.017704,0.012806,3.6626,3.6626,19383,0.12477,0.19087,0.85664,0,7.2108,5.2554,4.0909,89.222,5.8909,0
-0.12909,0.82743,-0.27977,0.66086,-144.62,-0.45178,-0.14507,0.050358,0.91908,0.041668,-0.14507,-0.17586,-0.077659,-0.14507,-2773.3,-0.13161,1.2086,-0.14507,-0.10346,82.261,1.1127,-0.12427,-0.092057,-0.4701,0.041668,-0.1123,-0.81449,-0.61511,4.3838,0.58402,-0.10346,197.35,1.8495,-0.15019,-0.12427,1.4342,92.178,0.044154,-0.088619,0.01338,-0.30879,-0.088619,139.03,56.771,-0.40847,0.27777,75.604,-0.16044,-0.11442,0.65888,0.82494,0.54069,0.091613,0.097079,-6769.5,-0.08804,-3.0981,1.088,0.059659,4.4371,6.4294,214.73,1.6998,3.0831,0
0.032976,0.32507,0.26445,1.8135,1.74,0,0.032976,2.0763,2.2397,0.67493,0.033653,0.10144,0.024341,0.032976,2176.3,0.16771,3.0763,0.032976,0.014723,40.612,1.1237,0.018955,0.014723,0.080613,0.032976,0.16771,27.996,0.64426,3.514,0.13245,0.014723,53.725,6.7938,6.7938,0.031276,2.2397,,0.67493,0.013964,0.10182,0.26757,0.008463,90.678,50.066,0.13233,1.0469,41.187,-0.002586,-0.001155,1.8135,0.32507,0.14719,1.6443,1.6443,863.6,0.013964,0.048858,0.98745,0,8.9876,7.2903,52.975,6.8901,5.4564,0
-0.016118,0,0.77778,,796.41,-1.7604,-0.016118,,0.34878,1,-0.016118,,0.04197,-0.016118,0,,,-0.016118,-0.046212,40.427,0.22973,-0.016118,-0.046212,0.070496,-1.6423,,,3.5001,1.277,-2.1176,-0.046212,0,,,-0.016118,0.34878,,1,-0.046212,,0,-0.046212,41.09,0.66364,-0.41724,,38.641,-0.046874,-0.13439,,0,0,4.5001,4.5001,14.718,-0.046212,-0.016118,1.0462,0,9.0287,550,0,,1.5696,0
-0.14955,0.75482,0.24518,1.3248,-210.33,-0.84624,-0.30997,0.32482,0.8117,0.24518,1.2,-0.41065,-0.38084,-0.30997,-891.25,-0.40954,1.3248,-0.30997,-0.38187,42.924,0.94473,-0.3196,-0.18424,,0.10228,-0.19701,-0.21165,,2.5439,0.92993,-0.38187,237.89,1.5343,1.5343,-0.34645,0.8117,,0.24518,-0.42682,1.0941,-0.078934,-0.39374,78.297,35.373,-1.5666,1.1984,30.084,-0.32044,-0.39477,1.3248,0.75482,0.65175,,,85.789,-0.42682,-0.60994,1.1314,0,8.5034,10.319,339.42,1.0754,,0
0.026631,0.66762,0.21554,1.3245,19.794,0.0277,0.032395,0.44593,1.0179,0.29771,0.032395,0.048765,0.039705,0.032395,2722.5,0.13407,1.4979,0.032395,0.014371,14.418,1.149,0.03913,0.011814,0.061018,0.29771,0.12543,0.17668,1.7939,4.3252,0.25449,0.014371,109.48,3.3338,0.058611,0.03913,2.2618,238.87,0.30102,0.017358,0.15325,0.22807,0.017358,125.98,111.56,0.29907,1.1904,14.675,-0.01798,-0.007976,1.3179,0.66431,0.29996,2.4778,2.5053,4558.1,0.017541,0.089452,0.98246,0.01112,25.316,3.2717,107.56,3.3934,18.762,0
-0.18521,0.65378,0.1032,1.1579,-30.887,-0.27298,-0.18521,0.52918,1.1088,0.34597,-0.16796,-0.2833,-0.16703,-0.18521,-1288.4,-0.2833,1.5296,-0.18521,-0.16703,73.437,0.63902,-0.17261,-0.16703,-0.15277,-0.40563,-0.2833,-13.606,0.42457,3.5916,0.5864,-0.15579,213.63,2.1509,2.1509,-0.2781,1.2338,,0.34597,-0.25081,0.006584,-0.12626,-0.15567,247.76,174.32,-0.8302,0.34783,57.907,-0.17261,-0.15567,1.1579,0.65378,0.46492,1.4233,1.4233,403,-0.00739,-0.53535,0.92105,0,4.9702,2.0938,215.21,1.696,4.5618,1
0.023072,0.44412,0.026208,1.0911,13.589,0,0.023072,1.2516,0.72232,0.55588,0.053232,0.080168,0.1601,0.023072,1401.8,0.26039,2.2516,0.023072,0.031941,0,1.4913,0.053084,0.031941,-0.083807,0.48363,0.26039,1.76,0.038204,3.2873,0.55517,0.069137,154.78,2.3583,1.5282,0.043632,0.72232,2.0296,0.71059,0.060406,0.164,0.10164,0.073492,134.82,134.82,,1.0911,0,-0.039486,-0.054666,0.70702,0.28779,0.42404,0.81032,1.0358,50.785,0.060406,0.041504,0.96848,0.27831,,2.7073,145.43,2.5099,1.0529,0
0.003878,0.332,0.62461,2.998,39.154,0.060759,0.009059,2.0033,1.0008,0.6651,0.009059,0.028976,0.023905,0.009059,2327.4,0.15683,3.012,0.009059,0.004159,60.418,0.90568,0.007465,0.001781,0.089135,0.6651,0.14123,0.0343,9.9523,3.9172,0.063555,0.004159,52.43,6.9617,0.022485,0.007465,2.215,29.764,0.68448,0.003427,0.72166,0.21625,0.003427,119.25,58.833,0.010757,1.8447,60.466,-0.035544,-0.016318,2.823,0.31263,0.14364,10.597,10.906,5161.7,0.000792,0.005831,0.99921,0.029132,6.0412,6.204,52.388,6.9672,34.705,0
0.009893,0.096316,0.11708,2.6368,12.791,-0.009329,0.010368,9.3728,1.0804,0.90276,0.010368,0.14496,0.1602,0.010368,690.8,0.52837,10.382,0.010368,0.032639,123.26,1.1165,0.012814,0.031141,-0.007626,0.90276,0.52343,0.43579,0.14429,5.3531,0.30199,0.032639,88.789,4.1109,0.13304,0.012814,0.32394,3.2808,0.92755,0.040337,0.016482,0.05937,0.040337,215.35,92.094,0.092218,1.1371,133.16,-0.027709,-0.087225,1.9582,0.071527,0.24326,1.1126,1.1432,26398,0.074392,0.010958,0.92561,0.02746,2.9613,3.9634,82.184,4.4413,0.39151,0
-0.033319,0.86708,-0.068396,0.92094,-25.909,-0.3045,-0.033319,0.15328,2.478,0.13291,-0.019082,-0.038514,-0.013446,-0.033319,-9498.6,-0.038427,1.1533,-0.033319,-0.013446,16.688,0.80713,-0.00662,-0.013446,-0.097608,-0.29856,-0.038427,-0.24226,-0.33648,4.7964,0.3386,-0.00285,1064.7,2.9385,2.9319,-0.058983,2.5361,,0.13291,-0.023802,0.033841,-4.3658,-0.002672,113.04,96.351,-0.29408,0.16481,16.268,-0.00662,-0.002672,0.91885,0.86511,0.34031,0.65385,0.65385,-4280,0.88032,-0.25069,0.11896,0,21.871,3.7882,127.43,2.8644,12.191,1
0.26184,0.72014,0.27986,1.3886,38.648,-1.3689,0.26184,0.38862,2.219,0.27986,0.31348,0.36359,0.118,0.26184,1003.9,0.36359,1.3886,0.26184,0.118,11.535,1.0115,0.31348,0.118,0.10461,0.14534,0.36359,6.07,,2.5702,0.32299,0.14127,138.02,2.6445,2.6445,0.31457,2.219,,0.27986,0.14176,0.012101,0.076574,0.14127,163.06,151.52,3.7337,1.2912,13.441,0.31348,0.14127,1.3886,0.72014,0.37814,,,104.02,0.14176,0.9356,0.882,0,31.642,2.4089,118.46,3.0813,,0
0.17857,0.42748,0.3284,1.7694,19.15,0.3417,0.22121,1.2969,1.1299,0.5544,0.22121,0.51823,0.18396,0.22121,625.27,0.58375,2.3393,0.22121,0.16308,70.963,1.0198,0.16579,0.13164,0.42817,0.5544,0.484,1.381,1.3418,4.8356,0.17934,0.16308,129.78,2.8124,0.38783,0.16579,1.4238,783.54,0.55503,0.12222,0.43699,0.072398,0.12222,153.03,82.069,0.6771,1.1515,80.184,0.13746,0.10134,1.7668,0.42685,0.35557,2.2652,2.2678,22490,0.11499,0.32209,0.88501,0.001132,5.1435,4.4475,114.86,3.1779,5.5424,0
0.013693,0.38267,0.37521,2.8993,-7.7351,0,0.017234,1.6132,1.5023,0.61733,0.051079,0.087237,0.029023,0.017234,3203.5,0.11394,2.6132,0.017234,0.011472,91.216,1.1656,0.044529,0.009115,0.82584,0.57933,0.10469,1.3157,0.87824,4.8182,0.25472,0.031339,65.61,5.6329,2.9079,0.056778,1.5023,1.1014,0.79649,0.037793,0.11701,0.17992,0.02964,133.54,42.325,0.036472,0.99885,123.15,0.018161,0.012089,1.4967,0.19755,0.17753,1.4449,1.8643,24689,0.26845,0.022181,0.76324,0.29023,4.0015,8.6237,47.997,7.6047,3.5164,0
0.23097,0.002096,0.9979,477.16,343.37,0.54917,0.25249,476.16,1.1496,0.9979,0.25765,120.48,0.21962,0.25249,3.0296,120.48,477.16,0.25249,0.21962,0,0.64818,0.10341,0.2009,0.3508,0.84151,110.21,20.036,,2.5047,-0.78625,0.21965,0.73113,499.22,499.22,0.10341,1.3039,,0.9979,0.089949,432.31,0.000676,0.089949,29.842,29.842,,432.31,0,0.10341,0.089949,477.16,0.002096,0.002003,,,319.03,0.089949,0.23145,0.8024,0,,12.231,0.66537,548.57,,1
0.037291,0.10677,0.43388,5.6101,108.37,-0.071419,0.037291,8.2969,0.99541,0.88583,0.037291,0.39623,0.053943,0.037291,564.94,0.64608,9.3663,0.037291,0.029162,16.176,1.6704,-0.002823,0.029162,-0.028975,0.88583,0.64608,-0.021976,0.91922,4.3504,-0.1792,0.029162,26.74,13.65,-0.026442,-0.002823,1.3227,37.256,0.89848,-0.002208,3.5697,0.1216,-0.002208,54.813,38.638,0.65804,5.0079,16.101,-0.034512,-0.026989,4.9453,0.094115,0.073261,1.8767,1.9035,9722.2,-0.004614,0.042097,1.0046,0.014282,22.565,9.4467,26.864,13.587,2.7092,0
0.040433,0.6303,0.20885,1.4515,-22.808,0,0.050217,0.58655,1.9625,0.3697,0.068523,0.10857,0.043477,0.050217,2696.3,0.13537,1.5866,0.050217,0.025588,60.587,1.1834,0.066764,0.020603,0.17976,0.34833,0.11985,3.6471,0.63556,4.2142,0.31534,0.031744,87.722,4.1609,3.0534,0.037945,1.9625,2.1816,0.52813,0.019335,0.030764,0.20624,0.03402,122.22,61.637,0.12412,0.74725,61.781,0.031656,0.01613,1.0652,0.46254,0.24033,1.1251,1.6072,3420.2,0.019335,0.10937,0.97523,0.42854,6.0244,5.9218,86.026,4.2429,5.9722,0
0.068348,0.1013,0.37423,4.8196,269.19,-0.000028,0.081922,8.8717,0.48418,0.8987,0.082519,0.83613,0.21409,0.081922,356.69,1.0233,9.8717,0.081922,0.1692,29.785,1.0184,0.063303,0.14116,0.17294,0.88764,0.8893,105.98,0.70905,4.2076,-0.3506,0.16958,76.826,4.751,4.5951,0.018694,0.48418,,0.8987,0.03861,2.7961,0.039706,0.13074,149.45,119.67,1.7299,4.4163,30.981,0.041566,0.085848,4.6615,0.097977,0.21048,1.7028,1.7028,6035.3,0.03861,0.076053,0.85711,0,12.254,3.0502,73.86,4.9418,0.91737,0
-0.26208,0.68135,-0.11256,0.83479,-8.7645,-0.26208,-0.28388,0.42024,1.034,0.28633,-0.28388,-0.41664,-0.022712,-0.28388,-1526.8,-0.23906,1.4677,-0.28388,-0.039583,2.5388,0.32596,-0.28502,-0.036543,-0.28388,0.28633,-0.20706,,-0.26104,2.9944,0.091802,-0.039583,35.856,10.18,-0.41832,-0.28502,7.585,,0.28633,-0.039742,0.038793,-0.13656,-0.039742,27.603,25.064,-5.2537,0.76158,2.6252,-0.40602,-0.056613,0.83479,0.68135,0.098236,0.66401,0.66401,-111.11,0.032897,-0.9153,0.9671,0,143.77,14.563,34.677,10.526,16.632,1
0.21248,0.25536,0.37504,2.4742,2.2178,0.45142,0.21248,2.7118,1.0621,0.69249,0.21248,0.83522,0.097686,0.21248,350.46,1.0415,3.916,0.21248,0.078042,47.967,1.5325,0.20008,0.078042,0.45142,0.69249,1.0415,0.78051,1.0121,4.2045,0.084867,0.078042,36.223,10.076,0.7835,0.20008,2.7823,280.64,0.69345,0.073488,0.10254,0.033111,0.073488,80.886,32.92,0.59386,1.0678,50.945,0.1466,0.053844,2.4648,0.2544,0.099241,1.8687,1.8713,6005.7,0.05847,0.30683,0.94153,0.001398,7.6095,11.088,34.105,10.702,7.3471,0
0.011635,0.28752,0.2355,2.4519,11.991,0,0.013616,2.4781,1.2816,0.71248,0.023788,0.083945,0.053657,0.013616,1526.1,0.23917,3.4781,0.013616,0.010625,36.709,1.2066,0.017863,0.009078,0.11759,0.7059,0.23228,1.7561,0.39101,3.8803,0.22434,0.012634,44.917,8.1262,4.5845,-0.03653,1.2816,,0.71248,-0.028504,0.3979,0.13126,0.013938,94.887,58.178,0.090267,1.6572,35.692,-0.037287,-0.029094,1.3832,0.16221,0.12306,1.183,1.183,1787.8,-0.028504,0.01633,0.98986,0,9.943,6.2739,46.197,7.9009,2.1279,0
0.20378,0.57549,0.28839,1.5094,5.1797,0,0.26445,0.73766,4.3078,0.42451,0.27511,0.46715,0.070209,0.26445,694.51,0.52555,1.7377,0.26445,0.061389,9.0069,1.5133,0.27422,0.047304,0.45058,0.41614,0.42012,25.719,1.9818,3.7762,0.11786,0.061756,51.012,7.1552,7.0384,0.2573,4.3078,,0.42451,0.059728,0.33939,0.06144,0.063657,56.121,47.114,1.917,1.3217,9.5791,0.23623,0.054837,1.4848,0.56609,0.13976,2.9172,2.9172,1722.5,0.059728,0.48002,0.93887,0,40.524,7.7471,47.965,7.6097,29.603,0
0.059436,0.54161,0.37672,2.0192,26.665,-0.27501,0.059436,0.8465,2.2643,0.45847,0.059436,0.1608,0.026249,0.059436,3326.1,0.10974,1.8464,0.059436,0.026249,34.344,,0.083984,0.026249,0.059436,0.38886,0.10974,3.4212,1.4858,3.1778,0.23638,0.037091,71.795,5.9236,4.0427,0.076448,2.2733,3.1009,0.63045,0.033762,0.021252,0.21496,0.037091,119.04,84.7,0.27897,0.59765,35.517,0.083984,0.037091,1.378,0.36963,0.16882,1.8082,2.4865,567.34,0.17009,0.12964,0.82727,0.37511,10.628,4.3093,59.584,6.1258,8.9302,1
0.10576,0.45747,0.22993,1.7448,-4.5026,0,0.13767,1.186,2.6251,0.54253,0.1469,0.44592,0.079193,0.13767,803.2,0.45444,2.186,0.13767,0.052443,35.307,1.3768,0.122,0.040287,0.49968,0.43952,0.38468,13.208,0.49839,3.9871,0.12026,0.055961,45.083,8.0961,5.4637,0.12561,2.6251,1.9471,0.68876,0.04785,0.47993,0.07933,0.046474,54.295,18.989,0.41649,0.92228,37.081,0.051775,0.019723,1.1775,0.30872,0.12352,1.176,1.4929,2232.1,0.04785,0.19493,0.94806,0.26953,10.338,19.222,42.926,8.503,5.6901,0
0.116,0.22126,0.39334,2.7777,58.333,0.17459,0.14387,3.3893,1.0036,0.74991,0.14387,0.65026,0.14197,0.14387,404.6,0.90213,4.5197,0.14387,0.10234,45.222,1.0892,0.14032,0.082507,0.21892,0.74991,0.77614,1.0017,1.0206,4.6007,0.07825,0.10234,57.649,6.3314,0.6342,0.14032,1.5521,,0.74991,0.099808,0.50816,0.037104,0.099808,130.37,85.148,0.66594,1.9905,45.385,0.084593,0.06017,2.7777,0.22126,0.15794,1.9458,1.9458,15683,0.003595,0.15468,0.9964,0,8.0714,4.2867,57.442,6.3542,3.6478,0
0.007288,0.84606,-0.11075,0.86694,-33.522,0.059906,0.010488,0.12176,0.94879,0.10301,0.010488,0.012601,0.016194,0.010488,4571.6,0.07984,1.182,0.010488,0.002514,25.331,1.0274,0.014043,0.001747,0.071371,0.10301,0.076058,0.031943,-0.3977,4.0512,0.19088,0.002514,69.099,5.2823,0.016598,0.014043,4.4349,31.361,0.11679,0.003367,0.064502,0.39119,0.003367,58.44,33.109,0.025177,0.51912,24.034,-0.043018,-0.010313,0.85282,0.83228,0.18931,0.36993,0.41941,-1246,-0.053974,0.070751,1.054,0.13374,14.409,11.024,72.829,5.0117,14.979,0
-0.10886,0.74394,0.015449,1.0878,-17.003,-0.10886,-0.10918,0.12531,0.84516,0.093224,-0.10918,-0.62038,-0.065652,-0.10918,-5352.1,-0.068197,1.3442,-0.10918,-0.14128,26.285,1.121,-0.09995,-0.14086,-0.10918,0.093224,-0.067762,,0.019106,4.8555,0.95181,-0.14128,70.252,5.1956,-0.13435,-0.09995,0.83553,0.23908,0.66118,-0.12934,0.048976,-0.5893,-0.12934,86.348,60.064,-1.9561,0.77157,22.215,-0.1584,-0.20497,0.25733,0.17599,0.19247,0.1153,0.81772,1107.5,-0.1832,-1.1677,1.1832,6.0924,13.886,6.0769,83.122,4.3911,0.95575,1
0.21781,0.34318,0.37009,2.1464,64.39,0,0.21781,1.914,1.8141,0.65682,0.21822,0.67468,0.12867,0.21781,536.62,0.68019,2.914,0.21781,0.12006,12.256,1.5594,0.20936,0.12006,0.81844,0.56856,0.68019,502.39,1.2052,4.2594,0.10611,0.12029,73.051,4.9965,4.7003,0.20107,1.8141,32.272,0.67641,0.11084,0.53942,0.050846,0.11541,104.38,92.123,3.5756,1.9577,13.784,0.19375,0.1068,2.0191,0.32283,0.20014,2.1389,2.2027,6725.3,0.11084,0.33161,0.88188,0.029815,29.78,3.9621,64.954,5.6193,5.9074,0
0.25659,0.51322,-0.005226,0.98596,-135.28,0,0.25659,0.94848,1.0295,0.48678,0.25659,0.68905,0.43408,0.25659,419.18,0.87074,1.9485,0.25659,0.24924,48.745,1.4078,0,0.24924,0.38322,0.44222,0.87074,,-0.008259,4.05,0.48862,0.53513,234.75,1.5548,1.1281,0.012702,1.0295,1.6966,0.62215,0.012338,0.036358,0.0899,0,125.37,76.627,1.8663,0.61676,86.673,-0.19029,-0.18484,0.71539,0.37238,0.64316,0.76919,0.98309,-58.646,0.4376,0.52712,0.56265,0.27809,7.488,4.7634,132.02,2.7646,1.6268,0
-0.11424,0.1854,0.82593,5.7448,323.42,0,-0.11424,4.3938,0.58546,0.81464,-0.11388,-0.65632,-0.16854,-0.11424,-685.83,-0.5322,5.3936,-0.11424,-0.19514,112.95,,-0.11392,-0.19514,-0.11424,0.61293,-0.5322,-313.78,,2.3943,0.23207,-0.19452,99.43,4.1861,3.9302,-0.053532,0.61475,,0.81464,-0.091435,0.30823,-0.062838,-0.19458,589.99,477.04,-0.63059,1.349,90.75,-0.12949,-0.22118,5.3936,0.17407,0.23889,,,204.74,-0.091435,-0.14024,1.1853,0,3.2316,0.76513,108.52,3.3634,,1
0.26009,0.16336,0.36236,3.2181,87.349,0,0.26009,5.1214,1.7034,0.83664,0.26357,1.5921,0.18358,0.26009,190.69,1.9141,6.1214,0.26009,0.1527,4.5418,1.028,0.2583,0.1527,0.75272,0.17005,1.9141,74.357,0.76401,3.6286,-0.11304,0.15271,41.087,8.8836,8.8836,0.25211,1.7034,,0.83664,0.14801,2.1897,0.017515,0.15164,36.001,31.459,12.271,3.0884,5.3308,0.2057,0.12076,3.2181,0.16336,0.11257,1.764,1.764,1540.9,0.14801,0.31088,0.85171,0,80.365,11.602,35.006,10.427,3.5914,0
0.11736,0.45575,0.27805,1.959,85.933,0,0.11736,1.1942,1.0987,0.54425,0.12477,0.40479,0.15795,0.11736,958.57,0.38077,2.1942,0.11736,0.10682,16.033,1.1326,0.12443,0.10682,0.55491,0.43159,0.38077,16.798,0.64362,4.3631,0.37426,0.11325,107.11,3.4076,2.1677,0.11071,1.0987,9.7697,0.59744,0.10077,0.17915,0.084112,0.11326,171.44,155.41,2.4318,1.7926,17.83,0.068256,0.062126,1.2463,0.28993,0.29346,1.2598,1.3829,6414.8,0.10077,0.21564,0.89575,0.097746,22.766,2.3487,96.321,3.7894,2.5431,0
0.028826,0.3759,0.57719,2.9155,33.063,-0.091064,0.038183,1.6603,1.8922,0.6241,0.076682,0.12671,0.022612,0.038183,3206.6,0.11383,2.6603,0.038183,0.020179,78.753,1.0191,0.072759,0.015234,0.28224,0.55068,0.088935,1.8899,4.7513,4.4766,0.092138,0.020345,60.576,6.0255,4.8302,0.076586,1.8922,86.521,0.62954,0.040474,0.67745,0.16196,0.038451,130.08,51.331,0.070604,1.5606,82.075,0.068155,0.036018,2.3371,0.30133,0.16596,5.1375,5.1822,17294,0.040474,0.046188,0.97989,0.008709,4.6348,7.1107,58.125,6.2796,15.576,0
0.13065,0.2872,0.32307,2.512,55.37,0.34688,0.16366,2.4238,1.1591,0.69611,0.16366,0.76594,0.16531,0.16366,496.44,0.73523,3.4819,0.16366,0.12812,45.797,1.1405,0.17583,0.10228,0.43243,0.69611,0.62032,1.5955,0.69738,4.8717,0.055938,0.12812,70.768,5.1577,0.61221,0.17583,1.2866,5.1195,0.76965,0.13765,1.0126,0.042279,0.13765,91.547,45.75,0.81521,1.7619,53.083,0.12832,0.10046,1.8688,0.21367,0.19388,1.5026,1.6614,24042,0.13726,0.18769,0.86274,0.10564,7.97,7.9781,61.054,5.9783,2.7573,0
0.20649,0.2373,0.21717,1.9198,136.09,-0.040584,0.20649,3.2141,0.3381,0.7627,0.2116,0.87458,0.64176,0.20649,399.18,0.91438,4.2141,0.20649,0.61074,48.71,1.2773,0.20734,0.61074,0.11078,0.36978,0.91438,40.644,0.39723,4.7481,0.6751,0.62497,229.14,1.5929,1.5849,-0.037988,0.3381,,0.7627,-0.11235,0.18164,0.036313,0.61325,443.04,394.33,4.5765,1.7287,43.79,0.19685,0.58222,1.9102,0.23611,0.62779,1.395,1.395,12160,-0.11235,0.27074,0.65616,0,7.4934,0.92563,254.89,1.432,0.61842,0
0.039457,0.27778,0.13243,1.6624,27.54,-0.17768,0.039457,2.6,1.2244,0.72222,0.041485,0.19735,0.063941,0.039457,1295,0.28185,3.6,0.039457,0.032225,12.378,1.4838,0.037706,0.032225,-0.009145,-0.13822,0.28185,18.6,0.19836,3.5587,0.069954,0.032225,61.394,5.9452,4.2792,0.035771,1.2244,,0.72222,0.029215,0.97565,0.12097,0.030795,40.928,28.55,0.95023,1.4547,12.751,-0.001127,-0.000921,1.1965,0.19993,0.1682,1.0818,1.0818,479.42,0.029215,0.054633,0.96793,0,29.487,12.785,59.6,6.1241,1.834,0
0.003771,0.52631,-0.048491,0.90787,-68.483,-0.003902,0.010532,0.90002,1.0118,0.47369,0.010532,0.020012,0.028815,0.010532,3571.1,0.10221,1.9,0.010532,0.005642,56.742,1.0366,0.022373,0.00202,0.011618,0.47369,0.089363,0.12125,-0.092862,4.0757,0.25487,0.005642,104.11,3.5059,0.04251,0.022373,1.8686,,0.47369,0.011984,0.10368,0.26363,0.011984,82.751,26.009,0.012993,0.35644,57.408,-0.020888,-0.011189,0.90787,0.52631,0.28523,0.90714,0.90714,-577.25,0.011615,0.007961,0.98839,0,6.4327,14.034,102.9,3.5471,3.5752,0
0.021245,0.50675,-0.016843,0.96592,-20.617,-0.033472,0.021245,0.90125,1.0032,0.45671,0.021245,0.042984,0.040118,0.021245,1705.2,0.21405,1.9734,0.021245,0.007858,17.749,1.1349,0.018705,0.007858,-0.033472,0.45671,0.21405,0.069408,-0.03223,4.6848,0.18322,0.007858,66.94,5.4526,0.036913,0.018705,2.7299,27.691,0.4692,0.006919,0.025078,0.15728,0.006919,62.778,45.028,0.16159,0.69992,17.806,-0.068517,-0.025342,0.94211,0.49426,0.1834,0.87394,0.89784,-815.07,0.003216,0.046518,0.99678,0.027354,20.564,8.106,66.725,5.4702,5.1737,0
0.058602,0.17057,0.76723,21.672,669.04,0,0.070631,4.8626,0.45912,0.82943,0.070874,1.9031,0.16672,0.070631,813.36,0.44876,5.8626,0.070631,0.15384,0.17037,0.95296,0.037591,0.12764,0.32939,0.74588,0.37824,154.12,3.9213,4.8562,-1.257,0.15384,32.366,11.277,2.4538,0.040573,0.45912,,0.82943,0.08837,20.15,0.13069,0.081875,44.893,44.723,273.46,21.666,0.18688,0.031675,0.068991,4.7155,0.037114,0.088673,4.2392,4.2392,55102,0.08837,0.070654,0.86191,0,2142.4,8.1614,29.506,12.371,2.3466,0
0.10806,0.46752,0.33928,1.7257,-47.133,0.36115,0.13776,1.1023,1.0842,0.51534,0.13776,0.29465,0.1035,0.13776,971.84,0.37558,2.1389,0.13776,0.081197,115.57,0.96301,0.13608,0.063692,0.45427,0.51534,0.31205,0.86965,1.7561,4.4283,0.27452,0.081197,109.05,3.3469,0.29107,0.13608,1.7076,,0.51534,0.08021,0.00807,0.08838,0.08021,172.76,57.191,0.20115,0.57666,125.31,0.098247,0.05791,1.7257,0.46752,0.29878,2.6674,2.6674,9095.5,0.077676,0.20968,0.92232,0,3.1582,6.3822,100.58,3.6288,8.7812,0
0.18198,0.59953,0.052418,1.0937,-88.473,0.24606,0.18198,0.66447,1.1548,0.39837,0.18198,0.32535,0.17534,0.18198,917.66,0.39775,1.668,0.18198,0.13381,52.163,1.0666,0.18395,0.13381,0.22362,0.39837,0.39775,1.5619,0.13502,5.333,0.43571,0.13381,173.36,2.1055,0.30682,0.18395,1.3743,10.388,0.43855,0.13526,0.25133,0.081982,0.13526,126.46,74.296,0.93631,0.74624,60.238,0.12746,0.093725,1.0204,0.55935,0.47496,1.0261,1.1296,11284,0.13404,0.45682,0.86596,0.10087,6.9972,4.9128,150.12,2.4314,3.503,0
-0.023403,0.53449,0.2032,2.7468,23.784,0,0.000657,0.87094,0.66413,0.46551,0.001224,0.005649,0.004731,0.000657,62090,0.005879,1.8709,0.000657,0.00099,90.023,0.90542,0,-0.035238,,0.2739,-0.039136,0,0.29862,4.2361,0.76171,0.004672,83.378,4.3777,0.95279,0.003958,0.66413,0.61566,0.71846,0.00596,0.29694,7.1699,0,156.63,66.606,-0.14287,1.3387,117.4,-0.002485,-0.003742,0.59783,0.11633,0.22843,0.6841,1.0558,3499.7,0.23319,-0.050273,0.76789,0.54339,4.0545,5.48,63.935,5.7089,0.97598,0
0.003106,0.50524,0.49059,2.5511,-33.355,0,0.003106,0.97925,0.65598,0.49476,0.058248,0.00982,0.023309,0.003106,12061,0.030263,1.9793,0.003106,0.004735,302.54,1.3252,0.048109,0.004735,,0.44632,0.030263,0.87244,2.5403,3.9361,0.76857,0.058966,194.08,1.8807,1.1774,0.061132,0.65598,1.399,0.68286,0.093192,0.006066,0.27933,0.073339,447.89,145.36,0.005712,0.83199,333.63,0.035925,0.054765,1.597,0.31629,0.53172,2.5619,3.5359,4235.1,0.093192,0.006278,1.0107,0.38019,1.2065,2.5111,175.99,2.074,3.3967,0
0.017989,0.68445,0.18055,1.4199,10.398,0,0.018322,0.46103,4.1676,0.31555,0.030704,0.042614,0.040986,0.018322,1462.5,0.24957,1.461,0.018322,0.004396,4.4158,1.1399,0.024974,0.004316,-0.2447,0.2779,0.24908,2.0169,0.46357,3.3027,0.090403,0.006467,37.391,9.7616,6.1321,-0.029505,4.1676,,0.31555,-0.00708,0.74657,0.12856,0.005992,25.356,20.94,0.35678,1.3027,4.3847,-0.12752,-0.030598,0.89198,0.42996,0.10244,0.81018,0.81018,362.5,-0.00708,0.057007,0.99573,0,82.658,17.43,37.656,9.693,10.7,0
0.038245,0.037937,0.51003,14.444,196.34,0.086127,0.043382,25.331,1.0164,0.96099,0.043382,1.1435,0.15924,0.043382,192.17,1.8994,26.36,0.043382,0.095872,204.95,1.0355,0.004551,0.084519,0.10198,0.96099,1.764,0.10222,1.1283,5.1134,-0.20908,0.095872,31.103,11.735,0.11995,0.004551,0.49454,,0.96099,0.010057,4.2527,0.03754,0.010057,311.87,106.92,0.15053,7.7467,208.31,-0.024123,-0.053311,14.444,0.037937,0.085214,2.1259,2.1259,66227,0.016152,0.039798,0.98385,0,1.781,3.4137,30.601,11.928,1.001,0
0.015278,0.76807,0.064291,1.3279,-26.481,-0.28076,0.015954,0.30196,1.3121,0.23193,0.045985,0.081357,0.032773,0.015954,6519.4,0.055987,1.302,0.015954,0.012159,42.683,0.70671,0.025282,0.011643,1.0706,-0.008086,0.055106,0.84185,0.086925,2.8502,0.53057,0.035046,55.66,6.5638,1.6758,0.026185,1.3121,0.18698,0.8039,0.019957,0.3847,0.48925,0.019268,51.448,8.7652,0.099567,0.54538,43.512,-0.001766,-0.001346,0.33901,0.1961,0.15235,0.31358,1.0869,45.537,0.019955,0.065872,1.0038,2.4662,8.5514,41.642,54.549,6.6912,1.7741,1
0.059047,0.65998,0.079172,1.182,-40.813,0.53347,0.077447,0.49236,1.0792,0.32495,0.077447,0.17799,0.041855,0.077447,2623.9,0.13911,1.5152,0.077447,0.035309,51.44,1.0081,0.17055,0.02692,0.66746,0.32495,0.11123,0.8391,0.163,4.3444,0.22639,0.035309,78.138,4.6712,0.25841,0.17055,2.2042,0.91231,0.54982,0.077753,0.37291,0.11735,0.077753,58.579,7.1386,0.19101,0.4715,55.513,0.15619,0.071206,0.77923,0.43511,0.21408,0.669,1.132,1749.5,0.073372,0.18171,0.92663,0.69204,7.0956,51.131,72.405,5.0411,4.5158,0
-0.43082,0.60111,-0.11929,0.78453,-122.45,-0.43082,-0.43082,0.58802,0.78239,0.35346,-0.43082,-0.77817,-0.4053,-0.43082,-544.78,-0.66999,1.6636,-0.43082,-0.43357,100.11,0.60925,-0.34611,-0.43357,-0.43082,0.35346,-0.66999,,-0.21089,4.3329,0.59417,-0.43357,159.11,2.294,-0.57579,-0.34611,1.1067,3.4082,0.40094,-0.34832,0.074607,-0.06214,-0.34832,144.37,44.265,-1.5808,0.29227,78.322,-0.3742,-0.37658,0.72256,0.55363,0.43591,0.62487,0.7088,-2567.4,-0.27814,-1.2189,1.2781,0.13432,3.6461,8.2457,203.36,1.7948,1.7566,1
0.054174,0.031348,0.17571,6.6052,1848.4,0.005552,0.066555,30.9,0.11366,0.96865,0.066693,2.1231,0.69901,0.066555,144.01,2.5345,31.9,0.066555,0.58554,0.85007,1.0111,0.066693,0.47662,0.15631,0.13007,2.1396,481.08,0.22159,3.7076,0.26931,0.58621,243.11,1.5014,1.5014,0.0666,0.11366,,0.96865,0.58593,0.024064,0.013129,0.58676,662.49,661.64,204.65,6.5968,2.053,0.053797,0.4733,6.6052,0.031348,0.66607,1.2216,1.2216,896.09,0.58593,0.055927,0.41494,0,429.38,0.55166,100.66,3.6259,0.14334,0
0.058511,0.37518,0.40731,2.3797,0.92729,0,0.073023,1.6654,0.90541,0.62482,0.085783,0.24735,0.1156,0.073023,1308.4,0.27898,2.6654,0.073023,0.080652,162.49,1.1639,0.081283,0.064624,0.25645,0.60767,0.2403,6.37,1.3693,4.6947,0.3937,0.094182,130.73,2.7921,2.1971,0.08113,0.90541,4.1315,0.69731,0.089605,0.070849,0.11074,0.089775,274.78,112.29,0.14516,1.0144,178.48,0.04964,0.054826,1.8725,0.29522,0.35816,2.1005,2.3442,20167,0.089605,0.093644,0.91998,0.11601,2.2463,3.2505,119.01,3.0669,3.0438,0
0.35741,0.57153,0.34081,1.5991,4.4819,0,0.35741,0.74968,2.6993,0.42847,0.36915,0.62824,0.13937,0.35741,554.5,0.65825,1.7497,0.35741,0.13241,42.302,1.1051,0.36788,0.13241,0.95825,0.42695,0.65825,31.338,3.7746,3.8174,0.1186,0.13583,91.666,3.9818,3.9635,0.43406,2.6993,,0.42847,0.1608,0.44187,0.049268,0.13629,89.018,46.717,1.1425,1.0492,50.408,0.34908,0.12932,1.5917,0.5689,0.25114,4.7454,4.7454,2238.3,0.1608,0.83415,0.86775,0,8.6285,7.8131,76.926,4.7448,29.896,0
0.073751,0.39416,0.59715,2.5289,62.261,0.1295,0.092688,1.4758,1.0244,0.5817,0.092688,0.23731,0.029936,0.092688,1354.6,0.26946,2.537,0.092688,0.026125,0,1.132,0.091054,0.020787,0.16789,0.5817,0.22141,0.26291,48.653,3.8907,0.031652,0.026125,41.164,8.867,0.23101,0.091054,3.5577,275.66,0.58529,0.025664,0.723,0.12392,0.025664,72.563,72.563,,2.5289,0,0.077532,0.021853,2.5059,0.39058,0.11278,47.395,47.687,4643,0.023859,0.12678,0.97614,0.00616,,5.0301,40.182,9.0837,289.07,0
0.060089,0.34457,0.25266,1.7657,-0.91733,-0.043882,0.039795,1.5783,1.0227,0.54383,0.039795,0.1206,0.049538,0.039795,1315.7,0.27742,2.9021,0.039795,0.020623,47.282,1.1137,0.014296,0.03114,-0.050994,0.54383,0.33631,0.075765,0.60538,4.3997,0.17433,0.020623,63.832,5.7182,0.04149,0.014296,2.0126,22.802,0.55842,0.007409,0.047093,0.16162,0.007409,107.27,59.988,0.24039,1.0082,48.353,-0.041499,-0.021506,1.6909,0.32998,0.17488,1.303,1.338,6342,0.022154,0.11049,0.97785,0.026828,7.7197,6.0845,62.418,5.8477,4.6235,0
-0.13134,1.0311,-0.056779,0.94491,-65.766,-0.2241,-0.14973,-0.030197,2.5488,-0.031138,-0.051286,-0.14528,-0.05113,-0.14973,-2888,-0.12638,0.9698,-0.14973,-0.058748,55.866,1.1341,-0.054714,-0.051532,-0.11694,-0.35544,-0.10855,-0.55576,-2.1754,3.219,0.2707,-0.058745,146.13,2.4978,2.4966,-0.025618,2.5488,,-0.031138,-0.010051,0.35031,-0.97371,-0.021467,87.762,31.897,-0.33668,0.56642,55.31,-0.074129,-0.029084,0.94449,1.0307,0.40036,-1.193,-1.193,-94.018,-0.010051,4.2181,1.0583,0,6.5335,11.443,147.6,2.4729,97.653,0
0.027438,0.80482,-0.25335,0.58706,-114.79,0,0.030143,0.24252,1.3798,0.19518,0.052468,0.04913,0.056299,0.030143,3781.6,0.09652,1.2425,0.030143,0.021846,37.762,1.0703,0.052448,0.019885,0.068182,0.046743,0.093159,2.3492,-0.39596,4.1709,0.58165,0.034336,168.18,2.1703,1.6544,0.048282,1.3798,1.5752,0.33321,0.034992,0.025384,0.26831,0.038011,91.158,53.396,0.1922,0.35438,39.132,0.004909,0.003558,0.44753,0.61352,0.46077,0.30506,0.52078,-3754.8,0.034992,0.14057,0.97841,0.70716,9.6657,6.8358,162.3,2.249,2.1565,0
0.037703,0.64414,0.019048,1.0353,-84.279,0,0.038186,0.55246,1.8883,0.35586,0.10508,0.07069,0.03884,0.038186,3205.6,0.11386,1.5525,0.038186,0.020222,83.797,1.1244,0.10501,0.019966,0.071955,0.31745,0.11311,1.5699,0.043215,4.1124,0.33325,0.029826,108.82,3.3543,2.813,0.076375,1.8883,1.2112,0.45965,0.040445,0.030222,0.15318,0.05561,104.94,21.143,0.086967,0.23271,87.33,0.069854,0.036992,0.8682,0.54019,0.29812,0.80738,1.0429,246.71,0.040445,0.10595,0.98009,0.29166,4.3557,17.263,104.41,3.4957,4.2843,0
-0.18771,0.91954,-0.36386,0.52504,-322.77,-0.6289,-0.17871,0.087503,0.62375,0.080462,-0.10483,-0.23328,-0.16764,-0.17871,-3209.8,-0.11371,1.0875,-0.17871,-0.2865,87.876,0.72424,-0.10486,-0.30094,0.66697,-0.19258,-0.12351,-1.4193,-0.60868,4.8111,1.4694,-0.19082,403.73,0.95396,0.79475,-0.17537,0.62375,2.7308,0.17276,-0.28115,0.10144,-0.99795,-0.16811,189.89,102.02,-1.25,0.32901,75.003,-0.179,-0.28697,0.43741,0.76608,1.0483,0.1346,0.289,-23551,-0.11035,-2.3329,1.2901,1.1471,4.1536,3.5779,448.28,0.81422,1.0434,1
0.005959,0.25414,0.21638,1.8796,23.272,0.019526,0.009088,2.8796,1.0215,0.73182,0.009088,0.036942,0.036139,0.009088,1980,0.18434,3.9348,0.009088,0.00701,36.133,1.175,0.030838,0.004597,0.02479,0.73182,0.17203,0.24299,0.40247,4.3618,0.079962,0.00701,70.75,5.159,0.12134,0.030838,1.3105,41.027,0.73996,0.023788,0.64606,0.1218,0.023788,85.438,49.305,0.046433,1.3579,36.909,-0.006924,-0.005341,1.8194,0.246,0.19384,1.3612,1.3764,4977.3,0.02102,0.008143,0.97898,0.011126,10.102,7.4029,69.263,5.2698,2.4113,0
0.068982,0.27866,0.26963,2.037,35.156,0.31423,0.068982,2.5886,1.6437,0.72134,0.098366,0.26532,0.063128,0.068982,980.2,0.37237,3.5886,0.068982,0.041966,25.77,0.76604,0.091694,0.041966,0.30907,0.48404,0.37237,3.1205,0.57323,3.2614,0.12053,0.042244,60.931,5.9903,5.5891,0.086259,1.6437,,0.72134,0.052478,0.32854,0.073442,0.055784,98.639,72.868,0.59439,1.5907,27.198,0.056909,0.034622,1.9006,0.26,0.16694,1.5335,1.5335,492.23,0.052478,0.09563,0.95834,0,14.163,5.0091,57.734,6.3221,3.4946,0
0.011567,0.35237,0.073708,1.2583,-43.365,0,0.01725,1.8379,0.96593,0.64763,0.035235,0.060445,0.045622,0.01725,2918.6,0.12506,2.8379,0.01725,0.017858,66.58,1.1882,0.034662,0.011975,,0.63113,0.10893,1.9272,0.115,3.7826,0.35651,0.02958,112.23,3.2522,2.6338,0.037834,0.96593,2.8837,0.71104,0.039168,0.049375,0.19105,0.035884,130.36,63.783,0.065647,0.64086,69.295,0.007843,0.00812,1.019,0.28538,0.30748,1.0105,1.1094,446.76,0.039168,0.01786,0.98218,0.097927,5.4821,5.7226,107.84,3.3848,1.5071,0
0.098622,0.24946,0.22145,1.9611,30.469,0.098622,0.094108,3.0086,0.64728,0.75054,0.10929,0.40843,0.15764,0.094108,892.35,0.40903,4.0086,0.094108,0.14539,0.63881,1.0934,-0.015679,0.15236,0.32722,0.70225,0.42712,-1.0328,0.404,5.0427,0.3854,0.14539,139.28,2.7503,2.5403,0.043456,0.64728,23.66,0.76959,0.067136,0.7373,-1.0731,-0.024222,159.01,158.37,87.056,1.9562,0.65249,-0.023609,-0.036473,1.8113,0.23041,0.36359,1.3693,1.404,1.9611,0.067136,0,0.82498,0.025382,571.38,2.3048,129.93,2.8092,1.1809,0
0.023165,0.036991,0.95416,26.794,287.13,0.023165,0.034047,23.65,1.0004,0.87483,0.034047,0.92041,0.032925,0.034047,373.72,0.97667,27.034,0.034047,0.031028,25.419,0.98497,0.005694,0.021111,0.034047,0.87483,0.68248,,107.65,4.4185,-0.65345,0.031028,12.31,29.651,0.15392,0.005694,1.1512,,0.87483,0.005189,20.507,0.15642,0.005189,77.36,51.942,0.30314,24.728,25.429,0.003613,0.003292,26.794,0.036991,0.033726,98.7,98.7,25010,0.000417,0.026479,0.99958,0,14.359,7.0271,12.305,29.663,123.8,1
-0.21395,1.4419,-1.2548,0.12672,-641.4,-0.77617,-0.2173,-0.30649,0.66294,-0.44194,-0.15258,-0.15122,-0.20112,-0.2173,-3947.3,-0.092467,0.69351,-0.2173,-0.32777,26.72,1.0335,-0.15258,-0.32273,-0.826,-0.57697,-0.090149,-2.3576,-1.5342,4.5742,2.1713,-0.23026,642.43,0.56816,0.56618,-0.15346,0.66294,,-0.44194,-0.23148,0.002823,-0.70048,-0.23016,98.016,71.297,-4.4086,0.092942,21.697,-0.23654,-0.35681,0.12628,1.4369,1.7601,-0.54032,-0.54032,-47077,-0.23148,0.48412,1.3247,0,13.66,5.1194,791.13,0.46136,0.81052,0
-0.02071,0.49181,0.23954,2.8518,22.203,-0.12873,-0.020146,0.97347,0.99875,0.47876,-0.020146,-0.15575,0.022865,-0.020146,9882.8,0.036933,2.0333,-0.020146,-0.02536,86.736,1.237,0.004273,-0.026069,-0.12411,0.47876,0.035787,0.053715,0.37955,5.2084,0.59103,-0.02536,59.357,6.1493,0.008688,0.004273,0.80312,0.4969,0.84122,0.005378,0.20367,0.37971,0.005378,157.38,70.647,-0.10971,1.3924,86.628,-0.034038,-0.042846,0.75006,0.12935,0.16262,0.7586,1.3329,38709,-0.001249,-0.043257,1.0012,0.75708,4.2082,5.1666,59.431,6.1416,1.2588,0
0.037663,0.84355,-0.06271,0.90685,-48.089,0.086105,0.055467,0.060252,1.0928,0.050826,0.055467,0.082394,0.097778,0.055467,1942.1,0.18794,1.1855,0.055467,0.034209,0,1.3423,0.085231,0.023229,0.11928,0.050826,0.16683,0.57443,-0.16099,5.3751,0.43486,0.034209,165.61,2.204,0.10104,0.085231,1.6695,3.5835,0.22118,0.052566,0.38649,0.14728,0.052566,78.857,78.857,,0.90685,0,-0.017839,-0.011002,0.72371,0.67319,0.45372,0.13048,0.56784,-14874,0.084908,0.74102,0.91509,3.3518,,4.6286,151.54,2.4085,4.1626,0
0.023621,2.9119,0.18411,2.1515,10.184,-2.0027,0.023621,-0.65658,2.216,-1.9119,0.11716,0.14773,0.036575,0.023621,13113,0.027834,0.34342,0.023621,0.010659,20.337,1.0853,0.11597,0.010659,-0.093567,-1.979,0.027834,1.2399,0.28067,3.0244,1.3132,0.010659,27.79,13.134,0.72119,0.11597,2.216,0.080136,0.84011,0.052334,0.029343,0.55976,0.052334,55.889,35.552,0.19131,1.3793,21.46,0.058542,0.026418,0.11814,0.15989,0.076138,-2.9146,1.2807,194.76,0.052334,-0.012355,0.98935,-1.4394,17.948,10.267,26.336,13.859,3.3781,0
0.058315,0.48819,0.32871,1.7082,8.3662,-0.048467,0.058315,1.0484,2.7363,0.51181,0.085311,0.12563,0.030468,0.058315,2137.4,0.17077,2.0484,0.058315,0.021312,34.919,1.6082,0.084934,0.021312,0.006567,0.51135,0.17077,3.1463,1.5871,6.0411,0.17296,0.021628,63.874,5.7143,5.4331,0.083859,2.7363,,0.51181,0.030647,0.044849,0.14795,0.03104,102.99,68.069,0.22277,1.1442,36.023,0.05988,0.021883,1.6241,0.46417,0.175,2.4711,2.4711,361340,0.030647,0.11394,0.97878,0,10.453,5.3622,61.917,5.895,13.211,0
0.48428,0.15765,0.84235,6.3433,65.014,-1.4265,0.48428,5.3433,4.4229,0.84235,0.50567,3.0719,0.10949,0.48428,118.82,3.0719,6.3433,0.48428,0.10949,10.189,1.0946,0.44224,0.10949,1.4702,-0.84987,3.0719,20.676,,1.4705,-0.070567,0.10949,14.455,25.251,25.251,0.44224,4.4229,,0.84235,0.099989,2.9798,0.011882,0.099989,43.758,33.569,3.9224,5.5601,11.321,0.44224,0.099989,6.3433,0.15765,0.039603,,,24.889,0.099989,0.57491,0.89206,0,35.823,10.873,13.01,28.056,,0
0.22868,0.96779,0.25554,1.3618,-34.081,-0.28618,0.28696,0.03328,3.7321,0.032208,0.33947,0.40625,0.083905,0.28696,1128.1,0.32357,1.0333,0.28696,0.076889,17.304,0.89026,0.28078,0.061273,0.23599,-0.057499,0.26334,5.347,6.709,2.5243,0.25931,0.08768,75.27,4.8492,3.5393,0.3068,3.7321,3.0027,0.29363,0.082205,0.56685,0.10509,0.075233,54.915,37.611,1.2924,1.1113,18.854,0.25459,0.068217,0.99392,0.70637,0.20622,0.84558,7.7091,85.459,0.082206,7.1001,0.92563,8.1169,21.093,9.7046,69.083,5.2835,97.983,0
0.1469,0.15831,0.57968,4.662,111.31,0.34248,0.18311,5.2342,1.1612,0.82861,0.18311,1.1568,0.1885,0.18311,249.38,1.4636,6.3168,0.18311,0.14897,64.258,1.3014,0.1718,0.11951,0.4249,0.82861,1.2348,1.623,2.2123,4.146,-0.055093,0.14897,54.584,6.6869,1.0852,0.1718,1.2567,40559,0.82862,0.13977,1.7502,0.023616,0.13977,136.87,72.611,0.67883,3.295,74.619,0.12321,0.10024,4.6616,0.1583,0.14955,3.1623,3.1624,8113.9,0.13885,0.17728,0.86115,0.000016,5.6802,5.0268,47.006,7.765,4.691,0
0.39223,0.14603,0.4265,5.0348,131.43,0.95452,0.39223,5.7087,1.4174,0.83361,0.39223,3.7106,0.39122,0.39223,114.3,3.1934,6.8481,0.39223,0.32906,46.817,1.234,0.36717,0.32906,0.95452,0.83361,3.1934,4.3661,0.91171,4.4462,-0.09266,0.32906,45.879,7.9556,2.5144,0.36717,1.2417,9.4074,0.87393,0.30804,2.3662,0.01088,0.30804,86.38,39.562,2.5655,3.5884,66.358,0.29309,0.24589,3.6446,0.10571,0.1257,1.782,1.8682,11915,0.29447,0.47052,0.70553,0.048369,7.7962,9.226,32.369,11.276,2.548,0
0.10394,0.67372,0.075089,1.1115,-49.195,0.29216,0.13052,0.35763,1.0839,0.24094,0.13052,0.19373,0.066109,0.13052,1383,0.26391,1.4843,0.13052,0.048528,54.062,1.1553,0.20301,0.038646,0.35789,0.24094,0.22446,0.81812,0.29893,5.1572,0.23002,0.048528,99.102,3.6831,0.30132,0.20301,2.7236,,0.24094,0.075479,0.095622,0.088495,0.075479,92.878,38.816,0.26092,0.52017,58.597,0.15572,0.057898,1.1115,0.67372,0.27151,0.9592,0.9592,10785,0.077406,0.43139,0.92259,0,6.7516,9.4032,91.43,3.9921,10.707,0
0.091595,0.5085,0.14745,1.2935,-24.778,0.03808,0.11079,0.88853,1.0326,0.45182,0.11079,0.22055,0.092308,0.11079,1042.3,0.35018,1.9666,0.11079,0.057431,48.518,1.3813,0.10853,0.047482,0.050695,0.45182,0.31244,0.58096,0.42103,4.0558,0.26161,0.057431,98.148,3.7189,0.21343,0.10853,2.0087,63.713,0.45799,0.05626,0.037476,0.095091,0.05626,119.38,70.866,0.35721,0.78308,50.101,0.041248,0.021383,1.2778,0.50233,0.2689,1.2901,1.3077,1676.8,0.031602,0.20273,0.9684,0.013665,7.523,5.1505,95.046,3.8402,5.5081,0
0.017231,0.88978,-0.069604,0.92011,-89.359,0.041832,0.015158,0.11715,1.0696,0.10423,0.015158,0.017398,0.028543,0.015158,7033.1,0.051897,1.1239,0.015158,0.009369,65.654,1.5448,0.1058,0.010651,0.040285,0.10423,0.054228,0.69943,-0.3509,4.6015,0.51246,0.009369,210.24,1.7361,0.1189,0.1058,1.6233,27.545,0.12277,0.065394,0.077886,0.21382,0.065394,165.55,99.897,0.059214,0.5861,70.221,0.074776,0.04622,0.90094,0.87124,0.576,0.52548,0.61894,-2780.8,0.065042,0.16531,0.93496,0.17785,5.5594,3.6538,196.56,1.8569,8.156,0
0.047971,0.61638,0.28071,1.6237,26.807,0.30713,0.059228,0.5692,1.1214,0.35084,0.059228,0.1316,0.11156,0.059228,2423.5,0.15061,1.6224,0.059228,0.071173,96.623,0.66313,0.052303,0.057646,0.37693,0.35084,0.13235,0.70482,1.0427,4.4996,0.67219,0.071173,221.38,1.6488,0.084854,0.052303,0.88096,3.0696,0.51715,0.062852,0.14369,0.23589,0.062852,292.17,195.54,0.21776,1.1342,0.062852,0.018697,0.022468,1.1856,0.45008,0.60651,1.3032,1.921,8868.8,0.10826,0.13673,0.89174,0.47402,3.7776,1.8666,197.41,1.8489,3.0911,0
0.029788,0.44876,0.55687,3.6561,-6.4599,0.21856,0.039021,1.2275,1.0506,0.55086,0.039021,0.18612,0.036723,0.039021,2829.2,0.12901,2.2283,0.039021,0.024751,132.62,0.99367,0.070899,0.018894,0.27544,0.55086,0.10844,0.47248,2.3852,4.2545,0.27648,0.024751,50.998,7.1572,0.15799,0.070899,1.5792,0.81008,0.78997,0.044971,0.11209,0.16435,0.044971,172.02,39.402,0.052,0.92385,139.34,0.052024,0.032998,1.7081,0.20966,0.13972,2.3594,3.3836,10005,0.048196,0.054075,0.9518,0.43406,2.7522,9.2634,48.54,7.5196,6.7527,0
0.014356,0.43661,0.06713,1.2815,-10.093,0.067429,0.01749,1.2282,0.96861,0.53624,0.01749,0.073338,0.055426,0.01749,2310.9,0.15794,2.2904,0.01749,0.014058,29.827,1.1106,0.042461,0.011538,0.084014,0.53624,0.15077,0.33056,0.096675,4.2414,0.33738,0.014058,67.767,5.3861,0.097251,0.042461,1.3335,1.0294,0.73437,0.034127,0.070772,0.15282,0.034127,84.705,54.878,0.1412,0.85516,28.89,-0.009009,-0.007241,0.69997,0.23849,0.18566,0.77226,1.0576,1170.5,-0.032404,0.026771,1.0324,0.36947,12.237,6.6511,69.963,5.217,1.7918,0
0.033433,0.72217,0.011159,1.0158,-64.013,0.14786,0.033433,0.2911,1.0291,0.21022,0.033433,0.047206,0.041289,0.033433,3424.2,0.10659,1.3847,0.033433,0.017933,56.415,1.1053,0.075075,0.017933,0.14786,0.21022,0.10659,0.41441,0.03977,4.2652,0.37587,0.017933,142.7,2.5579,0.10396,0.075075,1.9001,30.972,0.22414,0.040268,0.083036,0.20016,0.040268,129.33,72.915,0.11602,0.6089,58.057,0.03153,0.016912,0.99617,0.70825,0.39095,0.7492,0.79882,205.52,0.028291,0.15904,0.97171,0.066234,6.47,5.0058,138.66,2.6324,6.6443,0
0.065755,0.14119,0.25953,2.8381,24.226,0.32854,0.072943,6.0671,1.0892,0.85664,0.072943,0.51661,0.085459,0.072943,641.51,0.56897,7.0824,0.072943,0.077595,76.876,1.08,0.079216,0.069948,0.33572,0.85664,0.51806,0.91781,0.43307,4.2867,0.13436,0.077595,59.711,6.1128,0.56104,0.079216,0.95064,,0.85664,0.084267,0.13347,0.053598,0.084267,148.27,71.398,0.33211,1.4358,83.731,0.071823,0.076403,2.8381,0.14119,0.16359,1.4295,1.4295,5022.6,0.081868,0.076759,0.91813,0,4.7479,5.1122,54.823,6.6578,1.5686,0
-0.02619,0.98975,-0.19023,0.79242,-248.36,-0.010979,-0.021889,0.010355,1.005,0.010249,-0.021889,-0.023885,0.007856,-0.021889,43046,0.008479,1.0104,-0.021889,-0.02049,176.91,0.92586,-0.003544,-0.024517,-0.009879,0.010249,0.004133,-0.03334,-0.69475,4.6087,0.9023,-0.02049,314.7,1.1598,-0.00358,-0.003544,1.0902,2.8423,0.083579,-0.003317,0.033046,1.217,-0.003317,237.78,60.868,-0.050582,0.22743,177.8,-0.033825,-0.031664,0.73371,0.91642,0.86219,0.037431,0.30525,-7726.7,0.004995,-2.5554,0.99501,7.1549,2.0632,5.9966,313.13,1.1657,3.9014,0
0.035749,1.5036,-0.51157,0.65977,-215.18,-0.44689,0.035749,-0.33493,2.1118,-0.50359,0.036926,0.023775,0.016928,0.035749,15352,0.023775,0.66507,0.035749,0.016928,125.6,1.1806,0.036926,0.016928,-0.36534,-0.89082,0.023775,31.368,-64.132,1.81,0.67678,0.016928,264.91,1.3778,1.3778,0.040116,2.1118,,-0.50359,0.018996,0.049457,1.3573,0.017485,158.61,33.006,0.049193,0.17646,128.03,0.036926,0.017485,0.65977,1.5036,0.72578,-63.132,-63.132,-33.028,0.018996,-0.070987,0.98307,0,2.906,11.059,259.88,1.4045,264.74,0
0.088263,0.11207,0.62907,6.6132,65.313,0.47284,0.10584,7.743,1.0361,0.86775,0.10584,0.94442,0.060237,0.10584,333.83,1.0934,8.9231,0.10584,0.05203,47.903,1.087,0.10084,0.043389,0.58588,0.86775,0.93654,0.51359,2.4301,4.3346,-0.056927,0.05203,20.834,17.52,0.89979,0.10084,2.1446,,0.86775,0.049571,2.1128,0.031348,0.049571,90.497,42.593,0.33061,4.231,49.631,0.084145,0.041365,6.6132,0.11207,0.057079,3.3521,3.3521,13593,0.03481,0.10171,0.96519,0,7.6195,8.5694,20.109,18.151,7.8582,0
0.085085,0.66541,0.20407,1.3067,-16.099,0.13662,0.10339,0.48618,1.1106,0.32351,0.10339,0.15537,0.094127,0.10339,1908,0.1913,1.5028,0.10339,0.07645,68.176,1.448,0.13263,0.062917,0.16203,0.32351,0.16379,1.0892,1.5636,5.049,0.33971,0.07645,199.47,1.8299,0.19932,0.13263,1.3779,,0.32351,0.098072,0.3169,0.13976,0.098072,177.76,109.59,0.33684,0.92708,75.719,0.10872,0.080395,1.3067,0.66541,0.54648,2.4788,2.4788,22847,0.099616,0.263,0.90038,0,5.3538,3.3307,179.6,2.0323,10.362,0
-0.14614,0.84849,0.21174,2.3838,8.5297,0,-0.14614,0.17856,1.9091,0.15151,-0.063334,-0.95508,-0.043082,-0.14614,-3765.5,-0.096933,1.1786,-0.14614,-0.07655,31.673,1.3171,-0.063345,-0.07655,-0.104,-0.12963,-0.096933,-0.76498,0.33333,4.6382,0.4361,-0.065143,28.258,12.917,2.3293,-0.067348,1.9091,0.31057,0.79256,-0.035278,0.10929,51.629,-0.033181,66.541,34.868,-0.88216,1.3012,30.594,-0.12724,-0.066649,0.42989,0.15301,0.077419,0.2385,1.2477,9205.1,-0.035278,-0.96459,1.0763,4.2312,11.524,10.468,29.255,12.477,3.0053,0
0.24585,0.019788,0.58131,30.377,573.54,0,0.30061,49.536,0.23198,0.98021,0.37871,15.192,1.3574,0.30061,22.937,15.913,50.536,0.30061,1.2958,346.12,0.82409,0.36538,1.0598,0.9733,0.93251,13.146,4.6782,1.4573,4.1562,-1.3944,1.296,30.269,12.058,12.058,-0.006627,0.23198,,0.98021,-0.028567,17.546,0.001737,1.575,399.49,53.376,1.1176,19.26,336.5,0.35111,1.5135,30.377,0.019788,0.08293,2.4573,2.4573,8329.1,-0.028567,0.25082,0.5163,0,1.0546,6.8383,31.134,11.723,0.58155,0
0.034968,0.20982,0.48075,3.2913,-6.279,0.087362,0.048056,3.3191,1.0383,0.6964,0.048056,0.22904,0.068872,0.048056,779.42,0.4683,4.7661,0.048056,0.033684,123.38,1.0155,0.049012,0.02451,0.11269,0.6964,0.40592,0.3567,1.5536,3.9594,0.11866,0.033684,55.735,6.5488,0.23359,0.049012,1.4538,,0.6964,0.034355,0.29601,0.069528,0.034355,160.79,37.404,0.072508,0.9928,128.11,-0.001189,-0.000834,3.2913,0.20982,0.1527,2.2506,2.2506,4378.2,0.03687,0.050212,0.96313,0,2.9583,9.7583,53.68,6.7995,4.6105,0
0.08619,0.73724,0.29885,1.6489,-21.994,-0.11124,0.08619,0.35641,2.9448,0.26276,0.18804,0.18715,0.040052,0.08619,2281.5,0.15998,1.3564,0.08619,0.029268,57.598,1.1007,0.18598,0.029268,,-0.025052,0.15998,1.8261,1.2421,3.8457,0.23392,0.045756,60.564,6.0267,3.7648,0.16928,2.9448,1.1354,0.52232,0.057483,0.10894,0.11286,0.063154,87.905,30.307,0.18547,0.63987,61.111,0.15422,0.052371,1.0301,0.46055,0.16593,1.0921,2.1709,2094.9,0.057483,0.32802,0.97102,0.9878,6.337,12.043,57.082,6.3943,12.239,0
0.19034,0.13253,0.41531,5.0156,103.83,0,0.23658,6.5456,1.2634,0.86747,0.23675,2.2875,0.21531,0.23658,177.83,2.0525,7.5456,0.23658,0.18726,36.607,1.0928,0.23102,0.15066,0.65022,0.86058,1.7036,1369.7,0.86294,5.1618,-0.026759,0.18728,36.621,9.967,7.7782,0.23255,1.2634,,0.86747,0.18407,1.6229,0.016579,0.18286,101.37,64.765,1.5022,3.7904,44.866,0.19559,0.15482,3.9141,0.10342,0.10033,1.8025,1.8025,60277,0.18407,0.21942,0.81422,0,9.9707,5.6357,29.88,12.216,2.6251,0
0.12703,0.1875,0.2844,2.6319,45.985,0,0.15756,4.3333,1.3983,0.8125,0.16153,0.90409,0.13625,0.15756,359.22,1.0161,5.3333,0.15756,0.11268,27.104,0.95335,0.15843,0.090844,0.47931,0.79812,0.85326,39.928,0.52539,3.8424,0.026326,0.1151,44.577,8.188,7.6104,-0.028641,1.3983,,0.8125,-0.020482,0.87904,0.032655,0.1133,79.741,52.636,1.2233,2.0361,26.56,0.12547,0.089734,2.4463,0.17427,0.12213,1.501,1.501,1978.4,-0.020482,0.15634,0.90114,0,13.466,6.9344,45.491,8.0236,2.5831,0
-0.028671,0.1901,0.34763,2.8287,7.6825,0,0.016057,4.2604,2.1206,0.8099,0.016329,0.084465,0.028336,0.016057,1154.7,0.3161,5.2604,0.016057,0.007572,51.975,1.0394,0.016049,-0.01352,0.14804,0.43245,0.080812,59.056,0.75202,2.1221,0.025609,0.0077,32.969,11.071,11.071,0.016057,2.1206,,0.8099,0.007572,0.72318,0.10547,0.007568,68.891,16.916,-0.094945,1.2402,52.372,-0.027984,-0.013196,2.8287,0.1901,0.090326,1.752,1.752,46.05,0.007568,-0.035401,0.99243,0,7.0225,21.577,32.719,11.155,4.5875,0
0.10952,0.63254,0.19609,1.3237,-33.135,0,0.13619,0.58092,2.3951,0.36746,0.17216,0.22481,0.072173,0.13619,1335.6,0.27328,1.5809,0.13619,0.056864,61.005,1.2472,0.1477,0.045727,0.42595,0.35989,0.23111,4.1064,0.98995,4.5012,0.26308,0.058904,98.041,3.7229,3.5657,0.13967,2.3951,34.063,0.37925,0.058316,0.004008,0.11437,0.061665,121.84,60.832,0.27359,0.6629,64.783,0.11103,0.046356,1.2678,0.60583,0.26861,1.8551,1.9146,6217.9,0.058316,0.29805,0.944,0.032086,5.9831,6.0002,92.324,3.9535,12.092,0
0.05186,0.45979,0.15777,1.4131,-10.054,-0.10196,0.066095,1.1072,1.0375,0.50906,0.066095,0.17308,0.045678,0.066095,1671.9,0.21831,2.1749,0.066095,0.030077,35.717,1.1995,0.07424,0.023599,-0.078099,0.50906,0.18735,0.35052,0.34272,4.2541,0.208,0.030077,65.81,5.5462,0.16147,0.07424,2.2097,4.1664,0.58698,0.033784,0.009492,0.13929,0.033784,89.032,53.315,0.24117,0.85004,37.058,0.039958,0.018183,1.1737,0.38188,0.1803,1.1058,1.2751,2832.5,0.036186,0.10187,0.96381,0.15305,10.219,6.8461,63.429,5.7545,4.7736,0
0.037748,0.68124,0.014475,1.0269,-10.934,0.11816,0.037748,0.46781,1.0202,0.31869,0.037748,0.070052,0.018952,0.037748,3072,0.11882,1.4679,0.037748,0.008838,11.15,2.1857,0.086416,0.008838,0.11816,0.31869,0.11882,0.20643,0.032406,4.6912,0.14916,0.008838,46.984,7.7687,0.12685,0.086416,4.2767,2.97,0.46107,0.020233,0.10022,0.1728,0.020233,42.673,31.523,0.28933,0.78475,11.375,0.043221,0.01012,0.81225,0.53886,0.12872,0.71349,1.0323,710.98,0.019838,0.11845,0.98016,0.44677,32.736,11.579,46.051,7.9259,9.5619,0
0.11543,0.29091,0.18377,2.1983,4.6054,0,0.13293,2.4375,1.095,0.70909,0.14498,0.86677,0.18815,0.13293,515.39,0.7082,3.4375,0.13293,0.1214,55.211,1.1091,0.14449,0.10542,0.43612,0.70632,0.64803,11.994,0.27724,5.0312,0.25291,0.13156,59.194,6.1661,3.2508,0.1493,1.095,2.1244,0.78982,0.13635,0.13666,0.044568,0.13195,105.4,50.184,0.6969,1.1183,63.928,0.071395,0.065203,1.1589,0.15337,0.16218,1.0697,1.1915,19747,0.13635,0.16278,0.8806,0.11385,6.611,7.2732,51.123,7.1396,1.6519,0
0.21645,0.39306,0.6023,2.5324,79.914,0,0.21645,1.5442,2.9628,0.60694,0.21645,0.55067,0.073054,0.21645,662.83,0.55067,2.5442,0.21645,0.073054,0,0.91129,0,0.073054,1.3091,0.44199,0.55067,,129.69,2.4851,-0.10205,0.16325,52.875,6.9031,6.9031,0,2.9628,,0.60694,0,1.7692,,0,36.953,36.953,,2.5324,0,0,0,2.5324,0.39306,0.14486,130.69,130.69,184.02,0.084213,0.35661,0.92018,0,,9.8775,48.422,7.5378,637.94,0
0.10051,0.23225,0.35744,2.9174,229.73,0,0.10051,3.3057,1.8938,0.76775,0.10051,0.53914,0.33805,0.10051,132.41,2.7566,4.3057,0.10051,0.053071,19.25,1.151,0,0.053071,,0.69881,2.7566,,0.78363,4.7636,0.038096,0.1198,72.447,5.0382,4.044,0.011101,1.8938,73.287,0.77381,0.005862,0.8729,0.014344,0,73.457,54.207,1.0063,2.3816,38.815,-0.53972,-0.28498,2.3417,0.18642,0.19848,1.6832,1.6964,20739,0.50406,0.13091,0.5013,0.007891,18.961,6.7335,35.929,10.159,4.1519,0
0.13392,0.3321,0.4328,2.3201,127.51,0.51915,0.13392,2.0111,1.1337,0.6679,0.13392,0.40847,0.14604,0.13392,803.32,0.45436,3.0111,0.13392,0.12961,39.193,0.70641,0.11671,0.12961,0.51919,0.6679,0.45436,1.2806,1.8083,5.3226,0.23299,0.12961,131.3,2.7799,0.35144,0.11671,1.0516,152.91,0.67215,0.11296,0.29411,0.08167,0.11296,234.64,195.45,1.207,1.9817,44.435,0.099736,0.096525,2.2904,0.32785,0.35973,2.7905,2.8083,90964,0.11796,0.20051,0.88204,0.006362,9.3128,1.8675,115.81,3.1516,4.3171,0
0.097435,0.71088,0.044716,1.0636,-33.363,-3.9094,0.097435,0.4067,5.878,0.28912,0.10193,0.13855,0.018512,0.097435,2384.6,0.15307,1.4067,0.097435,0.016576,34.174,1.0853,0.10012,0.016576,-0.96082,-3.8119,0.15307,22.253,0.17744,2.8201,0.10491,0.017342,44.398,8.2211,8.133,0.096388,5.878,,0.28912,0.016398,0.17535,0.21253,0.017032,38.789,4.6151,0.17704,0.28103,34.744,0.08874,0.015097,1.0522,0.70327,0.12164,1.1472,1.1472,29.549,0.016398,0.33701,0.98344,0,10.681,79.088,43.67,8.3581,23.324,0
0.018461,0.88055,0.20192,1.3351,-28.883,0,0.051262,0.13565,3.4851,0.11945,0.074751,0.085071,0.026839,0.051262,3436,0.10623,1.1357,0.051262,0.014709,49.28,0.73035,0.074751,0.005297,0.19731,0.056441,0.068977,3.1824,1.0329,2.8996,0.25161,0.01472,64.498,5.6591,3.8726,0.075104,3.4851,1.2014,0.39742,0.02155,0.008679,0.25081,0.021448,83.708,34.428,0.039233,0.55421,50.366,0.032474,0.009318,0.91364,0.60258,0.17671,0.611,2.0329,160.24,0.02155,0.15455,0.98529,2.3271,7.4066,10.602,63.108,5.7837,17.827,0
0.12012,0.23294,0.54554,3.6133,50.063,0.2,0.14931,2.9808,1.0957,0.69437,0.14931,0.71522,0.10636,0.14931,466.44,0.78253,4.2929,0.14931,0.087121,68.063,1.1905,0.13933,0.070091,0.25317,0.69437,0.65724,0.89081,2.2203,4.3907,0.03651,0.087121,48.715,7.4925,0.59813,0.13933,1.7395,17.972,0.71856,0.081301,0.87861,0.044445,0.081301,121.59,53.523,0.37587,2.0824,74.576,0.10635,0.062057,3.2381,0.20876,0.13347,2.8261,2.9245,13414,0.087337,0.17299,0.91266,0.034836,5.3627,6.8195,44.461,8.2095,6.975,0
0.10094,0.36545,0.26413,1.7345,54.911,0.039965,0.10867,1.7215,1.0215,0.62913,0.10867,0.30218,0.11903,0.10867,763.5,0.47806,2.7363,0.10867,0.074037,12.491,1.0839,0.13361,0.068774,0.050318,0.62913,0.45693,0.92982,0.70199,4.9198,0.012124,0.074037,91.347,3.9957,0.36559,0.13361,1.6274,98.111,0.63497,0.091029,0.98015,0.06018,0.091029,67.461,54.97,2.0097,1.5948,12.759,0.067563,0.046032,1.7068,0.35961,0.25027,1.6721,1.6876,21959,0.021007,0.16045,0.97899,0.009292,29.222,6.64,89.428,4.0815,3.9008,0
0.001612,0.70575,-0.21476,0.55317,-105.94,-0.044479,0.002349,0.41694,1.2263,0.29425,0.045118,0.004887,0.039105,0.002349,5371.8,0.067947,1.4169,0.002349,0.001915,26.311,1.1587,0.035316,0.001314,-0.028397,0.013954,0.066902,0.82574,-0.29254,4.5465,0.57528,0.025109,146.28,2.4952,1.6994,0.026972,1.2263,0.84036,0.50545,0.021995,0.076262,0.29071,0.028799,68.227,41.916,0.018231,0.36926,26.903,-0.010288,-0.00839,0.37673,0.48064,0.40076,0.40082,0.68851,-7559.3,0.021995,0.005477,0.99309,0.71774,13.873,8.7078,143.06,2.5514,1.6704,0
0.13976,0.38467,0.20315,1.5343,-15.079,0.33197,0.17535,1.5996,1.1065,0.61533,0.17535,0.46118,0.14045,0.17535,542.4,0.67294,2.5996,0.17535,0.095142,53.092,1.4934,0.18465,0.075833,0.41652,0.61533,0.58042,1.1086,0.48759,4.6943,0.19836,0.095142,83.322,4.3806,0.48001,0.18465,1.841,70.918,0.61978,0.10019,0.053675,0.047162,0.10019,111.49,58.398,0.52134,0.82922,58.747,0.10114,0.054875,1.5165,0.38022,0.22828,1.4769,1.4876,10049,0.096272,0.22713,0.90373,0.007225,6.8749,6.2502,75.3,4.8473,4.4237,0
0.004759,0.47208,0.11575,1.3023,-122.05,0.074823,0.009105,0.83087,1.0028,0.39224,0.009105,0.023779,0.050561,0.009105,4346.8,0.083969,2.1183,0.009105,0.011613,171.25,0.89876,0.026555,0.006071,0.1007,0.39224,0.074765,0.33966,0.23087,4.792,0.58971,0.011613,178.76,2.0419,0.056252,0.026555,0.81728,1.4665,0.48143,0.033871,0.032287,0.27185,0.033871,226.39,55.141,0.012939,0.34162,171.73,-0.00398,-0.005077,1.0563,0.38289,0.48974,0.78235,0.96025,7169.8,0.002797,0.012134,0.9972,0.22739,2.1314,6.6194,178.26,2.0476,1.5638,0
0.017132,0.26695,0.12358,1.5419,-9.8189,0.060092,0.024567,2.7461,1.0083,0.73305,0.024567,0.10773,0.065928,0.024567,1914.8,0.19062,3.7461,0.024567,0.03183,64.407,1.021,0.019505,0.022196,0.087005,0.73305,0.16277,0.25481,0.19059,5.3933,0.31007,0.03183,108.73,3.3568,0.073068,0.019505,0.80211,5.5364,0.77196,0.025271,0.15423,0.19153,0.025271,149.65,85.24,0.12579,0.94466,64.943,-0.006813,-0.008827,1.3172,0.22804,0.2979,1.1306,1.1906,30563,0.00824,0.02337,0.99176,0.053078,5.6671,4.282,107.84,3.3847,1.1904,0
0.020723,0.66998,0.2968,1.444,80.814,0.11795,0.023038,0.49257,1.2908,0.33002,0.024091,0.034468,0.022074,0.023038,8583,0.042526,1.4926,0.023038,0.017849,3.7444,,0.02367,0.016055,0.023038,0.13867,0.03907,22.491,8.5272,2.7182,0.51039,0.018664,192.54,1.8957,1.8912,0.023689,1.2912,,0.33002,0.018353,0.017263,0.76684,0.018338,269.68,265.93,1.565,0.037073,3.8143,0.018216,0.014113,1.4406,0.6684,0.52751,9.4816,9.4816,155.11,0.018353,0.062794,0.98133,0,97.48,1.3725,189.01,1.9311,37.084,1
0.085028,0.19353,0.16974,2.4171,37.502,0.21243,0.1058,4.1287,1.0304,0.79902,0.1058,0.88335,0.097588,0.1058,511.89,0.71304,5.1672,0.1058,0.074824,3.9433,0.60679,0.11297,0.060131,0.27282,0.79902,0.60569,0.82324,0.2389,4.1367,0.035343,0.074824,31.858,11.457,0.58375,0.11297,1.5045,3.7184,0.87277,0.079893,1.3225,0.043831,0.079893,33.841,29.898,5.5658,2.2896,4.0633,0.080783,0.057129,1.496,0.11978,0.087282,1.1246,1.2284,2325.4,0.029527,0.10642,0.97047,0.092303,92.562,12.208,30.917,11.806,1.9903,0
-0.12815,0.33685,0.42144,3.7305,85.872,0,-0.12815,1.9687,1.1847,0.66316,-0.095037,-0.83025,-0.10817,-0.12815,-959.44,-0.38043,2.9687,-0.12815,-0.10817,6.1958,1.0543,-0.14294,-0.10817,0.17356,0.38684,-0.38043,-41.717,0.9934,3.2788,-0.050466,-0.10808,41.296,10.907,4.9979,-0.49906,1.5591,,0.66316,-0.42124,2.5682,-0.078554,-0.12065,55.271,49.075,-6.3722,2.6985,4.3601,-0.14294,-0.12065,1.7093,0.15435,0.09168,1.5632,1.5632,800.74,-0.15149,-0.19324,0.87501,0,58.911,7.4376,47.552,7.6758,2.7926,1
0.52865,0.58662,0.083785,1.2326,-36.583,0,0.52865,0.70467,2.4676,0.41338,0.54245,1.4678,0.24372,0.52865,356.03,1.0252,1.7047,0.52865,0.21424,41.247,1.3602,0.47725,0.21424,0.80002,0.22188,1.0252,34.584,0.15068,3.3308,0.23022,0.21983,63.663,5.7333,3.5201,0.40266,2.4676,1.9325,0.49881,0.16318,0.071934,0.035553,0.19341,61.836,20.589,1.8958,0.45841,49.289,0.4045,0.16393,0.7568,0.36017,0.17442,0.74342,0.89707,179.46,0.16318,1.2789,0.8177,0.20668,8.8492,17.728,53.275,6.8512,4.4378,0
0.17664,0.30688,0.57231,3.8285,142.31,0,0.22797,2.2586,1.6371,0.69312,0.24085,1.1267,0.17536,0.22797,390.16,0.93551,3.2586,0.22797,0.13925,6.9467,0.95722,0.22149,0.10789,0.61043,0.58132,0.76822,17.202,2.5396,3.8459,0.084077,0.14698,53.462,6.8272,4.5015,0.2557,1.6371,19.616,0.73103,0.15619,0.92742,0.036455,0.13529,130.87,123.93,5.6691,3.6745,8.2325,0.16238,0.099185,2.5243,0.20234,0.14647,3.0757,3.2439,4013.9,0.15619,0.25484,0.86669,0.054685,52.543,2.9453,45.112,8.0909,7.2647,0
0.030502,0.41459,0.25224,1.6582,-67.965,0,0.030502,1.412,1.6838,0.58541,0.059396,0.079594,0.046972,0.030502,1913.3,0.19077,2.412,0.030502,0.018115,118.75,1.0752,0.059307,0.018115,0.13243,0.51253,0.19077,2.0526,0.69197,4.3816,0.23869,0.026388,85.853,4.2514,3.9298,0.054512,1.6838,2.7952,0.61677,0.032375,0.040566,0.12809,0.035222,134.38,15.634,0.055681,0.22876,122.72,0.01072,0.006366,1.5328,0.38323,0.23521,1.6059,1.692,6073.7,0.032375,0.052104,0.98201,0.053575,3.0737,23.347,83.074,4.3937,4.619,0
-0.004554,0.61689,-0.13129,0.75766,-149.3,-0.004554,0.008533,0.5902,1.0511,0.36409,0.008533,0.01575,0.040146,0.008533,5679.1,0.064271,1.621,0.008533,0.00864,86.316,0.9156,0.010285,-0.004611,0.008533,0.36409,0.043057,,-0.22272,4.4021,0.58991,0.00864,210.47,1.7342,0.016672,0.010285,1.0227,2.3555,0.43921,0.010414,0.085265,0.48989,0.010414,134.63,48.319,-0.019498,0.32658,90.731,-0.02083,-0.021092,0.6654,0.54178,0.57664,0.61761,0.74503,-3314,0.04866,-0.012507,0.95134,0.20631,4.2287,7.5539,200.23,1.8229,1.6753,1
0.055136,0.70062,-0.041223,0.92778,-59.284,0,0.055136,0.42731,1.6147,0.29938,0.087942,0.096599,0.050952,0.055136,3108.2,0.11743,1.4273,0.055136,0.034145,42.747,1.1362,0.07111,0.034145,0.087771,0.055136,0.11743,2.1675,-0.087623,3.7651,0.41698,0.046484,135.41,2.6955,2.1959,0.076262,1.6147,6.3526,0.35297,0.047229,0.080349,0.2377,0.044038,109.33,66.586,0.29155,0.59645,44.866,0.043971,0.027231,0.75582,0.57077,0.37099,0.63636,0.75027,-240,0.047229,0.18417,0.96652,0.179,8.5386,5.4816,129.02,2.8291,3.4323,0
0.42095,0.57877,0.38671,1.7109,33.915,0,0.42095,0.72781,3.4196,0.42123,0.44397,0.77383,0.12978,0.42095,476,0.7668,1.7278,0.42095,0.1231,10.604,0.92537,0.44397,0.1231,1.3378,0.42095,0.7668,19.293,5.5799,3.4274,0.16757,0.12771,65.304,5.5892,5.2534,0.37909,3.4196,24.769,0.4548,0.11086,0.016217,0.041328,0.12983,98.4,87.796,4.2372,1.5283,11.926,0.42112,0.12315,1.6081,0.54399,0.17892,6.0781,6.5624,1034.6,0.11086,0.99933,0.87919,0.07968,34.42,4.1574,58.065,6.2861,49.341,0
0.040773,0.2117,0.38905,3.2146,-11.593,0.061625,0.047366,3.5142,1.0699,0.74394,0.047366,0.26962,0.10672,0.047366,774.06,0.47154,4.7237,0.047366,0.050638,156.96,1.0968,0.057225,0.04359,0.082222,0.74394,0.4404,0.65453,0.89379,4.346,0.22295,0.050638,73.342,4.9767,0.27032,0.057225,0.94799,4.5111,0.77996,0.061178,0.093536,0.063455,0.061178,213.95,56.993,0.10137,0.92492,167.93,0.004768,0.005097,2.6676,0.17568,0.20094,1.7091,1.7919,8628.9,0.065322,0.054808,0.93468,0.048417,2.3255,6.4043,68.552,5.3245,2.149,0
0.037927,0.46656,0.41455,2.0038,-28.187,0,0.046824,1.1433,1.6662,0.53344,0.063521,0.11339,0.041182,0.046824,2481.8,0.14707,2.1433,0.046824,0.028102,114.27,0.9299,0.060984,0.022762,0.1622,0.42879,0.128,3.6525,2.4034,3.6705,0.26383,0.037091,93.956,3.8848,3.4385,0.061953,1.6662,,0.53344,0.037181,0.10594,0.18788,0.0366,171.69,57.416,0.072705,0.74064,118.69,0.03919,0.02352,1.7736,0.41296,0.25741,3.0927,3.0927,1941.1,0.037181,0.0711,0.97221,0,3.1941,6.3571,90.463,4.0348,9.6601,0
0.065421,0.33388,0.012388,1.0414,0.28635,0,0.085161,1.9951,1.0142,0.66612,0.10906,0.28435,0.13843,0.085161,868.02,0.4205,2.9951,0.085161,0.083968,0.49922,1.137,0.10903,0.064505,0.44702,0.62072,0.36138,4.5629,0.018003,3.8956,0.30356,0.08856,120.65,3.0254,2.7138,0.10811,1.0142,,0.66612,0.1066,0.12132,0.067752,0.1075,99.167,98.668,47.163,1.0367,0.55878,0.053795,0.053041,0.93412,0.2995,0.33054,0.96803,0.96803,97.417,0.1066,0.098213,0.91616,0,731.15,3.6993,107.79,3.3864,1.4739,0
0.025907,0.18875,0.45132,3.4121,576.72,0,0.025907,4.2979,0.32215,0.81125,0.03454,0.13846,0.12179,0.025907,1756,0.20786,5.2979,0.025907,0.080419,9.3015,0.69741,0.033955,0.080419,0.32422,0.53129,0.20786,3.9334,1.2482,3.0122,-0.071914,0.10378,237.7,1.5356,1.5222,0.034833,0.32215,,0.81125,0.10813,1.1549,0.13307,0.1054,478.51,469.21,3.1557,3.3682,10.429,0.020628,0.064032,3.3823,0.18711,0.65123,2.2437,2.2437,464.21,0.10813,0.031935,0.91973,0,39.241,0.77791,212,1.7217,0.89098,0
-0.15201,0.99491,-0.15025,0.84586,-43.718,-0.74403,-0.15303,0.005117,3.3243,0.005091,-0.13834,-0.15698,-0.025924,-0.15303,-4213.7,-0.086622,1.0051,-0.15303,-0.046032,28.17,1.0804,-0.14001,-0.045725,-0.8844,-0.7624,-0.085595,-9.5318,-0.85643,3.0126,0.29676,-0.044315,103.24,3.5355,3.4641,-0.12214,3.3243,28.312,0.025152,-0.03674,0.012268,-0.45325,-0.042118,89.22,61.05,-0.59246,0.58267,27.172,-0.20686,-0.062226,0.82878,0.97481,0.28284,0.029016,0.14337,-154.66,-0.03674,-29.86,1.0458,3.9408,12.957,5.9787,107.03,3.4102,18.948,0
0.017388,0.41198,-0.051224,0.77526,-79.518,0.50534,0.034603,1.4273,0.7699,0.58802,0.048916,0.15182,0.13949,0.034603,1400.2,0.26067,2.4273,0.034603,0.044946,49.23,1.208,0.048916,0.022585,0.13258,0.57774,0.21888,3.4177,-0.062217,3.8332,0.53259,0.05912,103.62,3.5223,1.9487,-0.032934,0.7699,1.2646,0.64564,-0.042777,0.035672,0.11284,0.063536,79.918,30.688,0.16745,0.31967,47.21,-0.023871,-0.031006,0.42891,0.22793,0.2839,0.71423,0.78421,-348.85,-0.042777,0.029571,0.95996,0.097982,7.4142,11.894,108.06,3.3778,0.93514,0
0.45767,0.25258,0.58682,3.3233,29.905,0,0.57265,2.9591,7.6134,0.74742,0.57284,2.2672,0.078258,0.57265,154.74,2.3588,3.9591,0.57265,0.075217,0,3.2233,0.56003,0.060115,0.92935,0.72874,1.9036,2962.5,3.654,3.4276,-0.014104,0.075242,13.111,27.838,27.838,0.58185,7.6134,,0.74742,0.076425,1.4435,0.014437,0.073559,22.763,22.763,,3.3233,0,0.53688,0.070518,3.3233,0.25258,0.035921,4.654,4.654,1570.7,0.076425,0.61234,0.92562,0,,16.035,12.109,30.142,47.407,0
0.12504,0.3544,0.31419,2.7127,17.942,0.30575,0.15843,1.8217,1.2362,0.6456,0.15843,0.86364,0.16079,0.15843,718.98,0.50766,2.8217,0.15843,0.14159,76.461,1.2607,0.18736,0.11175,0.3773,0.6456,0.41343,2.0699,0.62544,4.9928,0.2874,0.14159,73.977,4.9339,0.52866,0.18736,1.1189,1.5399,0.81655,0.16744,0.37381,0.055792,0.16744,139.96,63.502,0.53345,1.435,94.523,0.16588,0.14824,1.4042,0.18345,0.20268,1.2851,1.6254,30900,0.19109,0.19368,0.80891,0.26479,4.7737,5.7479,59.841,6.0995,2.2274,0
-0.010132,0.48026,0.085506,1.2607,-9.3669,0.41616,-0.010132,1.0822,0.71707,0.51974,0.037166,-0.030887,0.035257,-0.010132,6933.7,0.052641,2.0822,-0.010132,-0.014129,50.297,0.9473,0.027186,-0.014129,-0.11492,0.48979,0.052641,0.57478,0.1458,3.8247,0.51517,0.000742,173.12,2.1084,1.44,0.025476,0.71707,2.07,0.67177,0.035528,0.34944,0.25573,0.037913,152.15,101.85,-0.10253,0.95943,52.15,-0.008228,-0.011474,0.86104,0.32802,0.4743,0.8862,1.1454,571.07,0.035528,-0.019494,1.0139,0.29252,7.2569,3.5837,166.97,2.186,1.2227,0
0.048336,1.0171,-0.2236,0.66285,-66.869,0,0.048336,-0.016784,1.8342,-0.01707,0.087166,0.072882,0.036159,0.048336,5597.3,0.06521,0.98322,0.048336,0.026352,21.08,1.1398,0.08702,0.026352,0.15307,0.048336,0.06521,2.241,-0.399,3.6361,0.50223,0.047523,134.12,2.7214,1.7746,0.029341,1.8342,0.94295,0.33679,0.015996,0.14815,0.32286,0.047443,67.928,46.848,0.45629,0.50313,21.423,0.069033,0.037636,0.43223,0.66321,0.36745,-0.030462,0.601,-967.27,0.015996,-2.8315,0.97466,-20.73,17.315,7.7912,131.98,2.7657,3.2731,0
0.30239,0.6131,-0.007693,0.98745,-34.734,0,0.30239,0.63107,1.4881,0.3869,0.3453,0.49323,0.21386,0.30239,703.19,0.51907,1.6311,0.30239,0.20321,25.389,0.97026,0.25478,0.20321,1.0396,0.30239,0.51907,5.938,-0.019496,3.9772,0.40464,0.20322,185.11,1.9718,1.9718,0.27922,1.4881,,0.3869,0.18763,0.024237,0.075516,0.17121,144.85,119.46,2.9214,0.81862,31.253,0.23894,0.16057,0.98745,0.6131,0.50716,0.9805,0.9805,-73.001,0.18763,0.78157,0.81107,0,14.376,3.0554,150.38,2.4272,3.7712,0
0.074156,0.27012,0.36423,2.3498,96.811,0,0.074156,2.702,1.2873,0.72988,0.074168,0.27482,0.060841,0.074156,1258.8,0.28995,3.702,0.074156,0.057604,11.501,1.1735,0,0.057604,0.19512,0.23261,0.28995,0,0.99535,3.9879,-0.055296,0.13229,81.956,4.4536,4.4489,0.033674,1.2873,,0.72988,0.026158,1.2709,2.161,0,82.547,71.046,1.8281,2.1995,12.32,-0.004167,-0.003237,2.3473,0.26984,0.22454,1.9946,1.9946,3541.9,0.066499,0.1016,-0.003237,0,31.736,5.1375,76.506,4.7708,3.518,0
0.02223,0.37799,0.61236,2.62,44.882,0.31186,0.028678,1.5892,1.0056,0.60069,0.028678,0.075872,0.013606,0.028678,4258.1,0.085719,2.6456,0.028678,0.012043,45.739,1.0883,0.016465,0.009335,0.39153,0.60069,0.068659,0.06953,63.413,4.6498,0.1511,0.012043,58.263,6.2647,0.043559,0.016465,2.3982,,0.60069,0.006914,0.098828,0.61559,0.006914,146.07,100.33,0.074494,1.8306,45.997,0.012742,0.005351,2.62,0.37799,0.15962,62.205,62.205,27341,0.005613,0.037007,0.99439,0,7.9801,3.638,57.936,6.3001,246.6,0
0.07513,0.03761,0.65497,18.415,338.35,0.29953,0.093585,24.598,1.2467,0.92514,0.093585,2.4883,0.25346,0.093585,109.12,3.3448,26.589,0.093585,0.18856,222.12,1.0645,0.093165,0.15137,0.37208,0.92514,2.8541,2.3401,2.1306,4.6335,0.009969,0.18856,34.481,10.586,2.4771,0.093165,0.49817,,0.92514,0.18771,1.109,0.009862,0.18771,478.66,256.54,0.24875,10.384,276.9,0.060952,0.12281,18.415,0.03761,0.094469,3.0094,3.0094,28164,0.19786,0.081209,0.80214,0,1.6433,1.4228,27.659,13.197,1.6145,0
0.12333,0.20439,0.64077,4.5503,159.5,0,0.12333,3.8927,1.1741,0.79561,0.12471,0.68333,0.10537,0.12333,603,0.6053,4.8927,0.12333,0.10505,76.589,1.2237,0,0.10505,0.31834,0.76062,0.6053,0,3.5849,3.9183,-0.012058,0.23605,73.968,4.9346,4.3575,0,1.1741,,0.79561,0,1.2109,17.749,0,187.38,110.79,0.50063,3.1853,100.96,-0.000384,-0.000327,4.0182,0.18049,0.20265,4.4512,4.4512,5308.7,0.24142,0.15501,0.7625,0,4.7657,3.2945,56.111,6.505,6.5685,0
0.13686,0.11361,0.70089,7.1693,223.78,0.22417,0.17618,7.5768,1.1958,0.86079,0.17618,1.5507,0.18917,0.17618,201.45,1.8119,8.8021,0.17618,0.16191,42.735,1.0407,0.16918,0.12577,0.2797,0.86079,1.4658,1.8591,3.7783,4.7301,-0.20527,0.16191,45.569,8.0098,1.4891,0.16918,1.1327,,0.86079,0.15547,3.1973,0.018784,0.15547,151.37,108.63,1.0742,6.0478,51.102,0.1395,0.1282,7.1693,0.11361,0.12485,4.6403,4.6403,37651,0.16372,0.15899,0.83628,0,8.5409,3.36,38.109,9.5779,5.8659,0
0.038144,0.14808,0.19428,3.04,29.752,0,0.050712,5.753,2.2344,0.85192,0.063779,0.53249,0.049804,0.050712,485.7,0.75149,6.753,0.050712,0.022696,3.1611,0.28028,0.061204,0.017071,0.23798,0.36492,0.66662,4.6838,0.27344,4.7163,0.064932,0.025276,15.999,22.814,14.673,0.061646,2.2344,,0.85192,0.02759,0.035311,0.040534,0.027392,46.744,43.583,1.9712,2.8368,3.2507,0.000634,0.000284,1.9551,0.095236,0.043832,1.1991,1.1991,10110,0.02759,0.044775,0.97735,0,115.47,8.3748,15.557,23.462,3.1449,0
0.14962,0.22141,0.42756,3.1218,83.975,0,0.14962,3.5165,1.288,0.77859,0.15084,0.74247,0.16293,0.14962,385.11,0.94779,4.5165,0.14962,0.11616,48.939,1.2309,0.14818,0.11616,,0.16616,0.94779,121.22,1.1527,4.0127,0.1335,0.11617,63.933,5.7091,5.196,0.13752,1.288,,0.77859,0.10678,0.24825,0.035413,0.11505,164.1,115.16,0.86639,2.2648,54.789,0.087943,0.06828,2.8412,0.20151,0.17516,2.0991,2.0991,4402.6,0.10678,0.19216,0.88573,0,7.4582,3.1695,57.107,6.3915,3.4723,0
0.072593,0.67131,0.12311,1.1876,-43.758,0.093263,0.086565,0.48932,1.0652,0.32848,0.086565,0.13193,0.10631,0.086565,1945.1,0.18766,1.4896,0.086565,0.073054,77.328,1.3628,0.09194,0.061263,0.11622,0.32848,0.16684,0.82648,0.55775,5.1814,0.51492,0.073054,215.3,1.6953,0.13696,0.09194,1.2103,34.878,0.34363,0.07759,0.097013,0.16803,0.07759,220.43,143.1,0.28917,0.80503,82.369,0.05253,0.044331,1.1608,0.65617,0.58985,1.4882,1.5568,18695,0.061204,0.22099,0.9388,0.046107,4.7202,2.5506,202.12,1.8059,5.3685,0
0.37015,0.37631,0.39923,2.0609,36.285,0,0.48124,1.6574,3.8763,0.62369,0.60972,1.2788,0.13385,0.48124,264.73,1.3788,2.6574,0.48124,0.12415,0,1.1757,0.5337,0.095491,1.4086,0.62065,1.0836,4.1539,1.7787,3.217,-0.005092,0.12422,41.74,8.7446,8.7446,0.58556,3.8763,,0.62369,0.15106,1.242,0.021956,0.13768,29.016,29.016,,2.0609,0,0.49608,0.12798,2.0609,0.37631,0.11436,2.7787,2.7787,658.04,0.15106,0.59349,0.87826,0,,12.579,35.435,10.301,17.27,0
0.097371,0.37294,0.19529,1.5288,-37.861,0,0.097371,1.6814,1.6801,0.62706,0.24577,0.26365,0.1159,0.097371,699.07,0.52212,2.6814,0.097371,0.057956,73.969,1.2426,0.15023,0.057956,0.41346,0.53067,0.52212,1.0124,0.44853,4.7149,0.20989,0.062191,87.51,4.171,4.1304,0.13968,1.6801,,0.62706,0.083141,0.072799,0.050212,0.089418,116.82,42.85,0.28598,0.60686,80.677,0.052881,0.031475,1.5139,0.36932,0.23975,1.4402,1.4402,10130,0.083141,0.15528,0.94583,0,4.9345,8.5181,80.234,4.5492,3.8588,0
0.000992,0.49712,0.12316,1.3036,-71.398,0,0.001007,1.0116,1.2921,0.50288,0.017035,0.002484,0.040636,0.001007,3455.9,0.10562,2.0116,0.001007,0.00078,104.83,0.97245,0.017035,0.000768,0.002107,0.10133,0.10559,1.0629,0.26137,4.0033,0.38175,0.012043,112.33,3.2495,2.6513,-0.02597,1.2921,15.89,0.5128,-0.0201,0.017617,0.2418,0.013184,147.36,42.531,0.002675,0.38879,102.76,-0.034462,-0.026672,1.0637,0.40562,0.30774,1.0672,1.0882,1241,-0.0201,0.001974,0.99925,0.019736,3.4819,8.582,114.58,3.1854,2.742,0
0.005007,0.48893,0.29518,1.7751,-26.502,0.055798,0.008751,1.0173,1.0541,0.49739,0.008751,0.022978,0.023253,0.008751,4547.4,0.080265,2.0453,0.008751,0.005185,88.759,0.88791,0.030751,0.002967,0.07464,0.49739,0.072608,0.19206,0.91106,5.9248,0.28892,0.005185,86.812,4.2045,0.062895,0.030751,1.6912,2.4564,0.60551,0.018221,0.00451,0.26246,0.018221,145.83,57.068,0.0122,0.69743,93.559,0.000258,0.000153,1.3826,0.38081,0.23784,1.5351,1.8688,248230,0.051302,0.010066,0.9487,0.21738,4.1123,6.3959,82.359,4.4318,5.2089,0
0.054832,0.9107,0.043986,1.0483,-7.3864,0,0.079277,0.098057,5.1154,0.0893,0.12868,0.087051,0.017872,0.079277,3636,0.10039,1.0981,0.079277,0.015498,10.091,1.2589,0.1284,0.010719,0.031456,0.06365,0.073543,2.5993,0.97072,3.3691,0.17379,0.019493,66.881,5.4575,5.4575,0.14527,5.1154,,0.0893,0.028398,0.028546,0.21599,0.025101,66.265,56.174,0.38772,0.89301,10.386,0.11626,0.022727,1.0483,0.9107,0.18324,1.9707,1.9707,102.89,0.028398,0.61402,0.98455,0,36.171,6.4976,64.981,5.617,112.89,0
0.14111,0.54728,0.06741,1.1232,-36.445,0,0.15118,0.82723,3.1779,0.45272,0.15275,0.27625,0.061368,0.15118,1024.3,0.35635,1.8272,0.15118,0.047574,38.004,1.2446,0.14766,0.044403,0.3479,0.26055,0.33794,94.077,0.17495,3.2478,0.15725,0.047952,65.196,5.5985,5.5985,0.11399,3.1779,,0.45272,0.03587,0.16409,0.095261,0.046466,60.286,22.281,0.42645,0.51856,39.418,0.10383,0.032672,1.1232,0.54728,0.17862,1.1749,1.1749,119.26,0.03587,0.31169,0.95308,0,9.6042,16.381,62.858,5.8068,8.2476,0
0.069491,0.2795,0.13858,1.7159,-31.237,0.30298,0.086154,2.5779,0.66015,0.7205,0.10137,0.44507,0.15899,0.086154,971.99,0.37552,3.5779,0.086154,0.13051,85.167,1.1386,0.072791,0.10527,0.18732,0.62609,0.3159,4.7834,0.20751,5.4265,0.42339,0.13051,160.45,2.3671,1.6394,0.2198,0.66015,2.0731,0.80643,0.33296,0.10912,0.10172,0.11026,171.97,86.805,0.45114,0.92017,122.7,0.053989,0.081784,1.1884,0.19357,0.42246,1.0789,1.2075,1.7159,0.33296,0.096448,0.6664,0.11925,4.2857,4.2048,107.03,3.4103,0.98848,0
-0.12651,0.60774,0.19764,1.5325,-20.318,-0.13008,-0.13836,0.62147,0.89948,0.37769,-0.13836,-0.37275,-0.095756,-0.13836,-2308.6,-0.15811,1.6454,-0.13836,-0.13789,92.189,1.0654,-0.11876,-0.12607,-0.16582,0.37769,-0.13859,-1.0645,0.4584,5.0887,0.60088,-0.13789,121.45,3.0054,-0.19541,-0.11876,1.0177,1.3334,0.61423,-0.11835,0.025732,-0.26124,-0.11835,203.44,111.25,-0.49914,0.84966,82.923,-0.16104,-0.16048,0.936,0.3712,0.33273,0.87599,1.4246,24241,-0.11175,-0.33494,1.1118,0.62628,3.9592,3.281,135.02,2.7033,2.3274,0
0.065198,0.28516,0.33533,2.2331,79.761,0,0.065555,2.5068,0.96573,0.71484,0.067226,0.24105,0.088097,0.065555,1223.4,0.29835,3.5068,0.065555,0.067882,42.659,1.1367,0.055685,0.067511,0.2509,0.71178,0.2971,33.327,0.85389,4.6757,0.11794,0.069612,107.91,3.3824,3.2258,0.045866,0.96573,49.807,0.72476,0.047493,0.7143,0.12639,0.05766,156.11,113.45,0.57765,1.818,44.786,0.036161,0.037445,2.1296,0.27195,0.29564,1.8203,1.8455,15891,0.047493,0.091207,0.93362,0.013887,8.5563,3.2174,102.79,3.5511,2.4591,0
0.094598,0.57662,0.41805,1.8095,-20.903,0.22687,0.12132,0.73424,1.0549,0.42338,0.12132,0.23491,0.052137,0.12132,1574.1,0.23187,1.7342,0.12132,0.047308,79.313,1.2248,0.116,0.036889,0.29333,0.42338,0.18553,0.47721,6.381,4.6592,0.20438,0.047308,77.544,4.707,0.20118,0.116,2.5744,6.2679,0.48357,0.045235,0.10406,0.14766,0.045235,125.36,46.046,0.16976,0.73048,83.671,0.10362,0.040406,1.6206,0.51643,0.21245,6.4624,7.381,19072,0.052082,0.22344,0.94792,0.14216,4.602,7.9269,73.506,4.9656,39.143,0
0.081081,0.63463,0.47724,2.8118,11.675,0.19611,0.098983,0.54045,1.1504,0.34299,0.098983,0.37578,0.10991,0.098983,2076.6,0.17576,1.5757,0.098983,0.097534,161.2,1.3274,0.12084,0.079894,0.24245,0.34299,0.14756,1.3697,1.84,4.6719,0.61946,0.097534,108.98,3.3493,0.19041,0.12084,1.0403,0.78779,0.71421,0.11907,0.025845,0.1564,0.11907,263.93,102.73,0.18091,1.1103,185.43,0.10828,0.10669,1.167,0.2634,0.29857,1.3224,2.7537,22419,0.1307,0.2364,0.8693,1.0823,2.2643,3.5529,94.735,3.8528,3.9129,0
0.044063,0.76396,-0.16377,0.78562,-94.557,0,0.044063,0.30897,2.0003,0.23604,0.044263,0.057677,0.023171,0.044063,6016.3,0.060669,1.309,0.044063,0.022028,52.094,0.85292,0,0.022028,0.078329,0.18453,0.060669,0,-0.40962,3.4642,0.36998,0.052999,160.76,2.2705,2.2705,0.026437,2.0003,,0.23604,0.013217,0.038757,11.143,0,104.11,52.02,0.15434,0.41192,60.075,-0.002285,-0.001143,0.78562,0.76396,0.44043,0.59038,0.59038,-476.92,0.13285,0.18667,0.86847,0,7.0065,7.0166,139.4,2.6183,5.0031,0
-0.038251,0.35488,0.43852,4.5048,41.57,-0.34717,-0.066861,1.6379,1.0018,0.58127,-0.066861,-0.53438,0.053666,-0.066861,1496.7,0.24387,2.8178,-0.066861,-0.041461,57.404,1.1221,-0.045246,-0.02372,-0.3657,0.58127,0.32448,-0.28107,1.0049,4.0846,0.15031,-0.041461,28.37,12.866,-0.1275,-0.045246,1.6582,1.3493,0.81103,-0.028058,1.0327,0.10787,-0.028058,98.328,40.924,-0.15082,2.4778,57.506,-0.19865,-0.12318,1.5882,0.12512,0.077725,1.3321,1.8586,5328,0.001773,-0.065807,0.99823,0.39528,6.3584,8.919,28.319,12.889,3.6956,0
0.000978,0.13121,0.13775,2.6454,80.792,0.007633,0.003872,6.4842,1.0488,0.85078,0.003872,0.046256,0.042772,0.003872,2864.1,0.12744,7.6214,0.003872,0.009905,36.143,1.0694,0.014273,0.002502,-0.001948,0.85078,0.10538,0.38291,0.17693,4.1662,0.25033,0.009905,81.975,4.4526,0.10878,0.014273,0.42241,3.8479,0.89828,0.036509,0.61652,0.15905,0.036509,158.58,122.44,0.025263,2.183,37.907,0.001424,0.003643,1.6879,0.083715,0.22459,1.0928,1.1538,2019.8,0.046536,0.00115,0.95346,0.055824,10.099,2.9811,78.161,4.6699,0.50214,0
0.007082,0.22628,0.52132,3.3038,105.08,0.32647,0.013698,2.3392,1.0475,0.52933,0.013698,0.060536,0.028634,0.013698,1649.1,0.22133,4.4193,0.013698,0.007832,7.5434,0.62168,0.080204,0.004049,0.41324,0.52933,0.19209,0.48034,2.0655,4.4804,-0.13209,0.007832,49.465,7.379,0.35444,0.080204,1.7719,,0.52933,0.045855,2.0583,0.063809,0.045855,58.817,51.273,0.19591,3.1441,7.9018,0.043819,0.025053,3.3038,0.22628,0.13552,2.0972,2.0972,15757,0.045351,0.013379,0.95465,0,48.387,7.1187,47.221,7.7296,6.9298,0
-0.022307,0.63251,0.24183,1.4246,7.7037,0,-0.022353,0.58099,2.1058,0.36749,-0.011048,-0.039252,0.00402,-0.022353,27274,0.013383,1.581,-0.022353,-0.010615,25.471,0.92117,-0.011267,-0.010593,0.20734,0.34513,0.013456,-0.99658,1.2816,4.298,0.29984,-0.006404,98.042,3.7229,3.3519,-0.014274,2.1058,25.975,0.39306,-0.006779,0.090006,1.0784,-0.00535,131.74,106.27,-0.15179,1.1666,25.3,-0.042085,-0.019985,1.2827,0.56948,0.26861,1.9475,2.0831,4802.8,-0.006779,-0.060701,1.0105,0.0696,14.33,3.4348,98.706,3.6978,11.16,0
0.040806,0.14346,0.26932,2.8773,42.311,0.3609,0.040806,5.667,0.99647,0.813,0.040806,0.28444,0.048609,0.040806,623.15,0.58574,6.9706,0.040806,0.023605,14.351,0.95062,0.03713,0.023605,0.3609,0.813,0.58574,0.21403,0.45864,4.8125,-0.023334,0.023605,30.184,12.093,0.25882,0.03713,1.7794,,0.813,0.021479,1.2989,0.058696,0.021479,47.811,33.46,0.60037,2.4036,14.3,-0.006095,-0.003526,2.8773,0.14346,0.082695,1.3845,1.3845,17491,-0.003541,0.050192,1.0035,0,25.434,10.908,30.29,12.05,2.9439,0
0.018297,0.75625,0.012539,1.0181,-83.667,0,0.023706,0.32231,1.4831,0.24375,0.06883,0.034275,0.037381,0.023706,4979.1,0.073306,1.3223,0.023706,0.015984,77.67,1.1985,0.06878,0.012337,0.064107,0.1734,0.066153,1.5242,0.042382,5.2889,0.50606,0.029227,187.78,1.9437,1.7776,0.13874,1.4831,8.9925,0.28696,0.093553,0.011194,0.2508,0.046377,171.4,93.727,0.057976,0.56183,85.686,0.037048,0.024981,0.93111,0.69162,0.51448,0.8239,0.96996,2438.9,0.093553,0.075064,0.98424,0.17728,4.6994,3.8943,170.22,2.1443,5.013,0
0.041715,0.3266,0.02968,1.0915,1.4904,-0.005515,0.045378,2.0619,1.2763,0.6734,0.056754,0.13989,0.035679,0.045378,2617.9,0.13942,3.0619,0.045378,0.035555,0.35279,7.0544,0.014937,0.032685,0.11895,0.24999,0.12821,1.313,0.045949,5.8031,0.2559,0.035555,96.347,3.7983,3.7726,0.047369,1.2763,159.49,0.67561,0.037115,0.072011,0.72125,0.011703,94.579,94.226,33.816,1.0877,0.36543,0.014779,0.01158,1.0841,0.32439,0.26327,1.0425,1.0459,1.0915,0.037115,0.061947,0.94197,0.003285,1034.6,3.8737,92.772,3.9344,1.9758,0
0.10599,0.67207,0.46657,2.1684,6.6734,0.26183,0.13601,0.48228,1.0693,0.32413,0.13601,0.34059,0.060877,0.13601,1436.4,0.2541,1.4879,0.13601,0.048484,43.551,1.3205,0.21286,0.037785,0.26873,0.32413,0.20944,0.81141,3.4792,3.6324,0.21752,0.048484,55.56,6.5695,0.31673,0.21286,2.8517,1.9475,0.59687,0.075881,0.36501,0.089228,0.075881,93.7,50.149,0.31667,1.3302,46.57,0.1781,0.063488,1.2884,0.39933,0.15222,2.417,4.4509,2001.1,0.06483,0.32702,0.93517,0.84148,8.381,7.2783,51.958,7.0249,20.919,0
-0.041224,0.77497,-0.055878,0.92703,-77.646,-0.069077,-0.049295,0.19519,1.0103,0.15127,-0.049295,-0.064376,0.006663,-0.049295,26545,0.01375,1.2904,-0.049295,-0.030821,61.317,1.1779,0.017747,-0.025775,-0.051252,0.15127,0.024165,0.1121,-0.19259,4.3597,0.30627,-0.030821,176.54,2.0675,0.0229,0.017747,1.6388,47.783,0.1605,0.011096,0.37752,0.32792,0.011096,96.025,34.708,-0.15343,0.57614,61.946,-0.042204,-0.026387,0.91598,0.76574,0.48368,0.52136,0.55318,-1279.1,0.010158,-0.27252,0.98984,0.061036,5.9527,10.516,174.75,2.0887,5.5125,0
0.055575,0.44597,0.44539,1.9987,-32.847,0,0.069398,1.2423,3.5616,0.55403,0.086402,0.15561,0.029679,0.069398,1539.9,0.23702,2.2423,0.069398,0.019485,76.308,0.79078,0.0864,0.015604,0.15615,0.33125,0.20603,5.0811,4.0999,2.749,0.11436,0.024259,46.893,7.7837,7.7837,0.090327,3.5616,,0.55403,0.025361,0.11851,0.12115,0.024259,85.931,9.6235,0.074637,0.32907,78.294,0.050093,0.014065,1.9987,0.44597,0.12847,5.0999,5.0999,249.91,0.025361,0.10031,0.98052,0,4.7833,37.928,45.704,7.9862,32.785,0
0.19828,0.72119,0.45173,3.462,60.363,-0.22898,0.22312,0.3866,2.4818,0.27881,0.24269,1.216,0.095656,0.22312,1108.9,0.32917,1.3866,0.22312,0.089904,4.7807,1.009,0.21767,0.079896,-0.011962,-0.030696,0.29473,11.121,1.2383,2.4387,0.25567,0.097791,27.729,13.163,3.3489,0.066552,2.4818,1.1209,0.81652,0.026816,0.56316,0.10364,0.087708,78.225,73.445,6.0999,3.2848,4.9125,0.2034,0.081956,0.88078,0.18348,0.075969,0.76431,2.2383,124.06,0.026818,0.71117,0.91704,1.9285,76.348,4.9697,26.985,13.526,6.8032,0
0.27088,0.3021,0.64796,5.0804,38.763,0,0.27088,2.3101,1.8865,0.6979,0.29816,1.7058,0.19961,0.27088,292.81,1.2465,3.3101,0.27088,0.14359,91.866,1.0033,0.29423,0.14359,0.59323,0.27088,1.2465,10.786,3.3532,3.4125,0.13699,0.15805,33.821,10.792,5.6728,0.17276,1.8865,2.3164,0.8412,0.091577,0.27498,0.025179,0.15596,147.64,55.775,0.57049,2.0904,101.13,0.18853,0.099935,2.6705,0.1588,0.09266,3.6116,4.3532,1675,0.091577,0.38814,0.8661,0.20534,3.9732,6.5441,30.724,11.88,9.7626,0
0.12953,0.35935,0.29031,2.1601,-158.87,0.34789,0.14175,1.7525,1.6401,0.62978,0.14175,0.56643,1.5761,0.14175,804.93,0.45346,2.7828,0.14175,1.3711,0,0.65482,0.063801,1.2529,0.40734,0.62978,0.41946,10.121,0.6319,4.7307,2.3265,1.3711,1449,0.25189,0.17754,0.063801,0.22651,4.9548,0.73888,0.61711,1.7087,0.13899,0.61711,398.82,398.82,,2.1601,0,0.042601,0.41205,1.5043,0.25025,3.9699,1.3708,1.6082,15615,0.39029,0.20568,0.60971,0.17323,,0.9152,883.49,0.41313,0.22503,0
0.32273,0.35886,0.34468,11.628,61.937,0,0.34207,1.7866,1.6628,0.64114,0.36313,10.547,0.25693,0.34207,306.6,1.1905,2.7866,0.34207,0.20572,27.967,1.484,0.36311,0.19409,0.64492,0.59448,1.1366,17.239,0.55335,3.3222,0.21308,0.21794,8.7814,41.565,3.7564,0.31472,1.6628,1.0372,0.88188,0.18928,0.14063,0.026685,0.21838,81.78,53.813,2.5331,7.6994,34.496,0.27796,0.16717,1.0509,0.032432,0.024059,1.0293,1.4158,723.84,0.18928,0.50337,0.8001,0.37549,13.051,6.7828,7.1193,51.269,2.6694,0
0.23093,0.24701,0.51338,3.0784,58.145,0,0.23093,3.0484,1.698,0.75299,0.23093,0.93489,0.18937,0.23093,280.4,1.3017,4.0484,0.23093,0.136,76.93,0.85751,0,0.136,0.97173,0.75278,1.3017,,2.1426,3.4595,0.098485,0.272,86.377,4.2257,4.2257,0.000979,1.698,,0.75299,0.000576,0.32929,0.09087,0,145.97,69.041,0.64528,1.6295,125.14,-0.090609,-0.053363,3.0784,0.24701,0.23665,3.1426,3.1426,1479,0.38527,0.30668,0.6186,0,4.7446,5.2867,53.098,6.8741,7.0865,0
0.074901,0.47733,0.12292,1.3056,-49.87,0.17598,0.0947,1.0176,1.1154,0.48575,0.0947,0.23543,0.11612,0.0947,1254.9,0.29086,2.095,0.0947,0.079205,72.348,1.0468,0.10945,0.062645,0.22702,0.48575,0.24938,1.0211,0.25886,4.4427,0.37775,0.079205,136.96,2.665,0.22931,0.10945,1.2196,3.8377,0.56084,0.091545,0.13421,0.10218,0.091545,143.84,71.491,0.31605,0.7164,80.695,0.065319,0.054632,1.1002,0.40224,0.37524,1.023,1.1811,3406.4,0.10344,0.1542,0.89656,0.15458,5.0451,5.1056,122.8,2.9724,2.518,0
0.13301,0.17075,0.5615,4.2884,131.17,0,0.13301,4.8565,1.7568,0.82925,0.1383,0.77897,0.075712,0.13301,468.57,0.77897,5.8565,0.13301,0.075712,6.7579,1.2238,0,0.075712,0.15184,0.79517,0.77897,0,2.0971,3.1666,-0.17613,0.16591,44.236,8.2512,8.2512,0.035843,1.7568,,0.82925,0.020402,2.9036,,0,49.126,42.368,4.0893,4.0979,8.4266,0,0,4.2884,0.17075,0.12119,3.0971,3.0971,823.95,0.19803,0.1604,0.82075,0,54.011,8.6149,35.476,10.289,6.5612,0
0.30464,0.57555,0.090318,1.2267,153.8,0,0.30464,0.73748,1.9791,0.42445,0.3071,0.76459,0.67632,0.30464,156.95,2.3256,1.7375,0.30464,0.15393,54.928,1.02,0,0.15393,0.83837,0.23829,2.3256,0,0.17666,3.6052,0.27436,0.30786,282.65,1.2913,0.89396,0.01066,1.9791,1.078,0.60157,0.005386,0.11779,0.018557,0,81.485,26.558,1.0229,0.47921,211.28,-1.0338,-0.52239,0.8492,0.39843,0.77439,0.83023,1.1767,363.87,0.74002,0.71772,0.26159,0.41727,6.6451,13.744,73.484,4.9671,3.871,0
-0.001573,0.88119,-0.025106,0.96299,-77.47,0,-0.001573,0.13483,1.1373,0.11881,0.096135,-0.00232,0.023105,-0.001573,12239,0.029822,1.1348,-0.001573,-0.001383,60.622,0.80655,0.095213,-0.001383,0.14386,-0.001574,0.029822,0.97446,-0.072389,3.7704,0.64145,0.046335,234.95,1.5535,1.1958,0.083629,1.1373,2.7914,0.28513,0.07353,0.23352,0.23868,0.083715,158.79,98.164,-0.008329,0.68449,65.434,0.067361,0.059226,0.74124,0.67828,0.6437,0.34256,0.82212,-147.96,0.07353,-0.013243,1.0014,1.3999,6.0209,3.7183,217.68,1.6768,3.2793,0
0.035616,0.53544,-0.16713,0.67453,-117.61,0.035616,0.038756,0.85624,1.0306,0.45847,0.038756,0.075474,0.088862,0.038756,2590.8,0.14088,1.8676,0.038756,0.045655,35.442,1.393,0.02674,0.041956,0.038756,0.45847,0.13502,,-0.2557,5.3244,0.59817,0.045655,227.56,1.604,0.04994,0.02674,0.88213,12.031,0.48041,0.031499,0.068572,0.27758,0.031499,133.79,98.349,0.43209,0.51401,36.528,-0.009939,-0.011708,0.6469,0.51351,0.62344,0.70143,0.73499,-35272,0.029728,0.077686,0.97027,0.047851,10.299,3.7113,220.79,1.6531,1.2988,1
0.00827,0.43718,0.059127,1.7164,-28.502,0,0.012241,1.2874,0.50225,0.56282,0.039715,0.14831,0.084292,0.012241,3769.2,0.096836,2.2874,0.012241,0.024373,61.871,1.2756,0.039587,0.016467,0.037403,0.03601,0.087754,1.4409,0.068886,3.7902,0.86983,0.079075,65.116,5.6054,1.0583,0.039587,0.50225,0.1594,0.91746,0.078819,0.10365,0.20914,0.078819,96.736,34.865,0.097143,0.68489,67.165,0.009493,0.018901,0.32404,0.082539,0.1784,0.65571,1.0689,364.77,0.07882,0.014695,0.97563,0.63013,5.8994,10.469,59.984,6.085,0.58514,0
0.00831,0.022468,0.89203,54.458,551.81,0,0.010036,43.508,0.52007,0.97753,0.020562,0.60143,0.053697,0.010036,293.66,1.2429,44.508,0.010036,0.019297,99.903,1.0616,0.019058,0.015978,0.035184,0.96927,1.1661,1.8105,9.7718,4.259,-0.003487,0.019806,12.064,30.256,22.47,0.015209,0.52007,,0.97753,0.029244,1.6502,0.02027,0.036645,618.44,518.53,0.058378,45.927,102.91,0.001168,0.002245,40.445,0.016687,0.033052,10.708,10.708,16194,0.029244,0.008501,0.98098,0,3.6535,0.70391,11.711,31.167,5.6972,0
-0.062959,0.19869,0.23265,24.226,254.75,-0.10691,-0.060034,3.8118,0.61633,0.75735,-0.060034,-5.9932,-0.39681,-0.060034,-1638.2,-0.22281,5.033,-0.060034,-0.53813,30.297,0.51787,-0.083429,-0.56435,-0.14046,0.75735,-0.23753,-4.6092,0.3072,4.49,1.1957,-0.53813,20.199,18.07,-0.4199,-0.083429,0.13769,1.2371,0.94602,-0.74784,17.146,-0.096539,-0.74784,232.03,201.73,-6.799,23.301,18.673,-0.099194,-0.88916,1.2214,0.010017,0.05534,1,1.2492,7189,-0.62251,-0.083131,1.6225,0.24912,12.047,1.8093,32.774,11.137,0.14731,0
-0.066447,1.1808,-0.38795,0.66667,-169.7,-0.13503,-0.066447,-0.15298,1.2625,-0.18064,-0.066447,-0.057092,-0.052632,-0.066447,-6486.1,-0.056274,0.84691,-0.066447,-0.052632,74.423,,-0.048638,-0.052632,-0.066447,-0.20148,-0.056274,-2.7055,-1.7287,3.3844,0.93104,-0.038519,382.21,1.2029,1.1856,-0.040508,1.3513,61.014,-0.17214,-0.032086,0.017117,-0.80922,-0.038526,218.56,144.14,-0.25812,0.2383,67.115,-0.048638,-0.038526,0.65711,1.1638,0.83134,-0.80495,-0.76708,-940,0.11965,0.36784,0.89411,-0.047042,4.9044,2.5323,336.48,1.0848,5.6257,1
0.09326,0.13131,0.26465,3.0155,72.098,0.09326,0.089028,6.2237,1.0348,0.81722,0.089028,0.67801,0.1033,0.089028,349.6,1.044,7.6157,0.089028,0.067086,4.3652,1.1442,0.075416,0.070275,0.089028,0.81722,1.0763,,0.43812,4.0462,-0.036167,0.067086,37.372,9.7667,0.57434,0.075416,1.3855,,0.81722,0.056829,1.3774,0.034961,0.056829,59.157,54.792,5.8762,2.8946,4.5171,0.027353,0.020612,3.0155,0.13131,0.10239,1.3529,1.3529,2943.4,0.033635,0.11412,0.96637,0,83.616,6.6616,36.115,10.107,2.197,1
0.17815,0.1011,0.63849,7.3157,36.454,0.58572,0.18641,8.7252,1.2004,0.88208,0.18641,1.8439,0.22291,0.18641,169.09,2.1586,9.8916,0.18641,0.19041,24.571,0.90515,0.16961,0.18198,0.611,0.88208,2.077,2.0798,2.4519,4.8915,0.091386,0.19041,45.246,8.067,1.6778,0.16961,1.0124,,0.88208,0.17325,4.9939,0.0165,0.17325,87.514,62.943,2.7032,6.6638,29.496,0.13779,0.14075,7.3157,0.1011,0.12396,3.3873,3.3873,49730,0.16696,0.20197,0.83304,0,14.855,5.7989,37.692,9.6838,3.7594,0
0.1916,0.75818,0.16001,1.2111,-95.387,0,0.23834,0.31894,1.3889,0.24182,0.24687,0.31448,0.18973,0.23834,1050.2,0.34756,1.3189,0.23834,0.1716,119.09,1.0114,0.24111,0.13795,0.79069,0.21754,0.28591,28.247,1.9485,3.7149,0.28037,0.1716,241.25,1.513,1.5123,0.24226,1.3889,,0.24182,0.17443,0.49187,0.09491,0.1736,143.25,24.164,0.42281,0.6132,144.25,0.21593,0.15547,1.2106,0.75787,0.66096,2.9447,2.9447,829.87,0.17443,0.79233,0.82917,0,3.0649,15.105,199.17,1.8326,16.913,0
0.030852,0.75933,-0.075479,0.90052,-42.833,-0.11086,0.026161,0.29294,1.0054,0.22244,0.026161,0.03448,0.017666,0.026161,5528.8,0.066018,1.317,0.026161,0.009219,32.502,0.7361,0.045333,0.010872,-0.10936,0.22244,0.072197,0.16061,-0.23828,5.1246,0.26747,0.009219,98.116,3.7201,0.059701,0.045333,2.9512,699.45,0.22305,0.015975,0.006768,0.36023,0.015975,87.221,54.719,0.1221,0.56747,32.678,0.021364,0.007529,0.89979,0.75871,0.26881,0.70221,0.70416,-10055,0.005365,0.1387,0.99464,0.002767,11.23,6.6705,97.59,3.7401,8.9583,0
0.036451,0.7463,0.15611,1.3712,-76.515,0,0.046105,0.33995,1.5352,0.2537,0.080452,0.10961,0.04715,0.046105,3763.3,0.096989,1.3399,0.046105,0.030033,108.96,1.3814,0.079893,0.023744,0.074033,0.25358,0.084053,2.326,0.36882,5.6342,0.47478,0.043376,105.19,3.4698,1.9556,0.075723,1.5352,0.37809,0.56701,0.049326,0.047302,0.23431,0.052042,132.39,23.434,0.049326,0.28164,114.61,0.053614,0.034925,0.77278,0.42061,0.2882,0.59937,1.3396,67236,0.049326,0.14367,0.97019,1.235,3.3499,15.575,100,3.6498,3.6268,0
-0.051045,0.48312,0.28929,3.2372,9.663,-0.19209,-0.060332,1.0361,1.0079,0.50057,-0.060332,-0.46658,-0.012572,-0.060332,-16334,-0.022346,2.0699,-0.060332,-0.07026,109.97,1.0652,-0.010743,-0.059445,-0.17396,0.50057,-0.003122,-0.1261,0.49758,5.0712,0.5442,-0.07026,55.401,6.5883,-0.022236,-0.010743,0.85937,0.45192,0.85438,-0.012511,0.19228,0.40943,-0.012511,167.36,57.397,-0.19731,1.2365,110.84,-0.060279,-0.070199,0.86646,0.12931,0.15178,0.86098,1.4695,34080,0.007884,-0.10197,0.99212,0.7068,3.3192,6.3593,54.964,6.6407,1.4769,0
0.011143,0.87428,0.046496,1.1752,-97.724,-0.042545,0.011143,0.14379,0.45031,0.12572,0.022234,0.041984,0.087177,0.011143,8128.9,0.044902,1.1438,0.011143,0.024745,115.81,3.107,0.013972,0.024745,-0.12481,0.004833,0.044902,1.2598,0.067572,4.1481,1.9018,0.049374,221.38,1.6487,0.50051,0.012722,0.45031,0.27962,0.73022,0.028252,0.12295,0.69247,0.031027,226.37,110.56,0.077992,0.63687,119.17,-0.014141,-0.031404,0.35676,0.26541,0.60653,0.1827,1.0612,653.87,0.028252,0.088637,0.97641,4.8084,3.1518,3.3014,215.13,1.6966,0.65444,0
0.16518,0.20127,0.78143,4.8825,52.287,0,0.20436,3.9685,1.3119,0.79873,0.22375,1.0153,0.1573,0.20436,356,1.0253,4.9685,0.20436,0.15578,172.41,1.0217,0.22289,0.12592,0.57642,0.7841,0.83067,11.493,45.169,3.6799,0.14564,0.16023,66.971,5.4501,5.4501,0.21492,1.3119,,0.79873,0.16383,0.064269,0.029832,0.1699,269.82,97.407,0.26657,1.8037,206.19,0.22088,0.16838,4.8825,0.20127,0.18348,46.169,46.169,3739,0.16383,0.20681,0.84584,0,2.117,3.7472,56,6.5179,75.829,0
0.018851,0.22741,0.051296,1.2781,21.514,0.067279,0.024237,3.1366,0.8196,0.71328,0.024237,0.13141,0.11832,0.024237,1171.9,0.31145,4.3974,0.024237,0.040489,5.2806,0.98866,0.025896,0.031492,0.080034,0.71328,0.28777,0.35456,0.067117,4.3788,0.12174,0.040489,92.172,3.96,0.11387,0.025896,0.76062,5.2839,0.75625,0.04326,0.84751,0.10314,0.04326,48.428,43.147,2.1767,1.2312,4.328,-0.020694,-0.034571,1.0366,0.18443,0.25253,0.93328,0.98951,1227.2,-0.2201,0.026428,1.2201,0.060248,69.121,8.4594,112.46,3.2456,0.78322,0
-0.17578,1.0095,-0.23685,0.74793,-137.16,-0.18464,-0.17578,-0.009379,1.4707,-0.009468,-0.08359,-0.18708,-0.054089,-0.17578,-4631.7,-0.078805,0.99062,-0.17578,-0.11952,78.155,0.96707,-0.08359,-0.11952,-0.21858,-0.34244,-0.078805,-0.90667,-0.79684,3.8755,0.64815,-0.099615,221.31,1.6492,1.5351,-0.078897,1.4707,6.4711,0.050467,-0.053644,0.061915,2.6615,-0.056835,159.97,81.814,-0.55818,0.41277,74.176,-0.17982,-0.12227,0.69617,0.93961,0.60634,-0.031853,0.16979,-1778.3,-0.053644,18.566,1.1133,-6.3303,4.6702,4.4613,233.19,1.5653,4.9481,0
0.050724,0.49234,-0.012939,0.96414,-60.783,0,0.053455,1.0311,0.91962,0.50766,0.097795,0.14813,0.10602,0.053455,1843.1,0.19803,2.0311,0.053455,0.058128,46.26,0.98444,0.077812,0.055157,0.14385,0.50578,0.19248,1.7549,-0.019843,5.4252,0.53015,0.070663,149.68,2.4385,1.7873,0.039647,0.91962,4.785,0.55601,0.043113,0.045584,0.13468,0.084614,131.56,85.303,0.4352,0.64116,48.345,0.033768,0.03672,0.70667,0.36086,0.41008,0.77853,0.85268,-3444.3,0.043113,0.099916,0.95098,0.095248,7.8901,4.2789,143.23,2.5484,1.4103,0
0.16814,0.43649,0.43833,2.2368,18.345,0,0.2105,1.291,2.5802,0.56351,0.24449,0.59394,0.10407,0.2105,593.31,0.61519,2.291,0.2105,0.08158,44.334,0.99591,0.24391,0.065164,0.56176,0.5189,0.51816,7.1745,2.1149,3.693,0.16905,0.085551,54.231,6.7304,5.4648,0.19492,2.5802,10.248,0.61028,0.075545,0.018682,0.048188,0.094529,111.2,66.87,0.53649,1.3525,47.957,0.18588,0.072039,1.8162,0.35441,0.14858,2.7189,2.9445,2161.8,0.075545,0.29838,0.92052,0.083006,8.2329,5.4584,50.134,7.2804,12.449,0
0.048544,0.60019,0.15843,1.3899,-50.491,0.10085,0.061049,0.62109,1.0573,0.37277,0.061049,0.15024,0.067839,0.061049,2347,0.15551,1.6662,0.061049,0.044372,87.078,1.3125,0.08632,0.035282,0.12685,0.37277,0.13468,0.66335,0.36404,4.7676,0.43182,0.044372,113.98,3.2023,0.14382,0.08632,1.3957,1.2204,0.5666,0.062739,0.03501,0.16636,0.062739,146.06,58.98,0.14789,0.58213,92.07,0.054032,0.039271,0.94103,0.40636,0.31228,0.85653,1.3019,9278.3,0.054217,0.13022,0.94578,0.51997,4.1916,6.1885,107.8,3.3858,3.1614,0
0.1006,0.53059,0.19459,1.7267,-11.558,0,0.1006,0.88469,1.482,0.46941,0.11918,0.37569,0.067878,0.1006,1925.2,0.18959,1.8847,0.1006,0.067878,56.465,1.1775,0.14125,0.067878,0.24462,0.46307,0.18959,7.6009,0.36193,3.897,0.34097,0.080417,92.35,5.159,2.6035,0.13493,1.5265,1.0135,0.69939,0.091048,0.13049,0.12522,0.095308,105.27,48.802,0.43877,0.8705,60.578,0,0,0.87139,0.26776,0.25301,0.87308,1.3008,1534.9,0.28591,0.2143,0.91711,0.48993,6.4642,7.4793,65.947,5.5348,2.7565,0
0.53753,0.20987,0.6649,4.3085,86.799,0.66257,0.66842,3.6385,1.3463,0.76364,0.66842,3.326,0.29596,0.66842,106.01,3.443,4.7647,0.66842,0.27377,34.804,1.4181,0.63675,0.22016,0.83112,0.76364,2.8194,3.5111,4.9569,4.3152,0.077335,0.27377,40.448,9.0239,3.0339,0.63675,2.5262,71.069,0.77255,0.26079,0.14405,0.009987,0.26079,125.11,90.309,2.3088,3.15,46.858,0.58257,0.2386,4.1256,0.20097,0.11082,5.693,5.7594,13740,0.25724,0.70391,0.74276,0.011665,10.487,4.0417,30.043,12.149,18.202,0
0.015492,0.31849,0.41653,2.3972,12.851,0,0.024302,2.1398,1.5079,0.68151,0.036984,0.081522,0.032101,0.024302,2401.6,0.15198,3.1398,0.024302,0.016117,86.078,0.72471,0.036339,0.010274,0.62459,0.63581,0.12432,2.8656,1.4596,3.738,0.19556,0.022446,72.105,5.0621,4.7381,-0.001143,1.5079,,0.68151,-0.000758,0.10571,0.17565,0.024099,165.36,79.277,0.043564,1.2043,86.013,0.012237,0.008115,2.2438,0.29811,0.19755,2.3882,2.3882,2278.5,-0.000758,0.022732,0.98439,0,4.2403,4.6041,72.159,5.0583,5.2841,0
0.13024,0.22142,0.57751,3.6082,120.04,0.18764,0.16212,3.059,1.1415,0.67731,0.16212,0.73218,0.16568,0.16212,431.75,0.84539,4.5164,0.16212,0.14349,41.508,1.2362,0.14586,0.11528,0.23566,0.67731,0.70143,1.4737,2.8721,4.7622,0.050069,0.14349,81.653,4.4701,0.65878,0.14586,1.1698,,0.67731,0.1291,1.3196,0.042587,0.1291,163.71,122.2,1.0137,3.028,47.382,0.1208,0.10692,3.6082,0.22142,0.22371,3.3684,3.3684,33401,0.12396,0.19229,0.87604,0,8.7934,2.987,71.531,5.1027,5.6188,0
-0.10798,0.66082,0.38443,1.8581,-17.459,-0.030853,-0.10716,0.51326,0.75633,0.33918,-0.080444,-0.23921,-0.086031,-0.10716,-3706.9,-0.098465,1.5133,-0.10716,-0.14169,169.99,0.94086,-0.083139,-0.14277,-0.13479,0.32944,-0.099708,-3.1117,2.2941,3.7896,0.87193,-0.10751,208.99,1.7465,1.184,-0.026073,0.75633,2.2787,0.5499,-0.034474,0.15501,-0.53666,-0.10992,368.21,198.22,-0.30656,1.0718,164.33,-0.12523,-0.16558,1.2597,0.44799,0.57258,2.024,3.2815,2368.2,-0.034474,-0.31837,1.141,0.62128,2.1472,1.8414,216.2,1.6883,4.5134,0
-0.053506,0.71532,0.10398,1.1459,-14.056,0,-0.053506,0.39797,2.618,0.28468,0.000191,-0.075085,-0.015142,-0.053506,-6586.4,-0.055417,1.398,-0.053506,-0.020438,26.579,0.93297,-0.009302,-0.020438,0.399,0.2701,-0.055417,-0.17323,0.56691,3.8534,0.23551,-0.019493,95.841,3.8084,3.7939,-0.095918,2.618,,0.28468,-0.036638,0.16494,5.2261,-0.003553,97.463,70.883,-0.28066,0.87839,25.64,-0.023167,-0.008849,1.1416,0.7126,0.26258,1.5521,1.5521,741.85,-0.036638,-0.18795,1.0197,0,13.732,5.1493,99.352,3.6738,14.273,0
0.009372,0.4234,-0.022638,0.94653,-25.829,0.055037,0.016435,1.3035,1.0011,0.55191,0.016435,0.038818,0.017461,0.016435,2097.4,0.17402,2.3618,0.016435,0.003895,23.846,1.0114,0.008613,0.002221,0.086305,0.55191,0.15734,0.020432,-0.037778,3.7826,0.086249,0.003895,36.661,9.9561,0.020342,0.008613,4.2471,,0.55191,0.002041,0.14039,0.21136,0.002041,29.523,5.6762,0.033993,0.29538,23.872,-0.048633,-0.011525,0.94653,0.4234,0.10044,0.92102,0.92102,-137.23,0.001061,0.01698,0.99894,0,15.306,64.303,36.622,9.9666,7.042,0
0.39352,0.17838,0.59208,4.3975,132.49,0,0.39352,4.6059,1.5834,0.82162,0.41003,2.2581,0.2624,0.39352,156.71,2.3292,5.6059,0.39352,0.24853,36.61,1.3215,0.40669,0.24853,0.86121,0.82143,2.3292,24.629,2.5341,4.2147,0.028209,0.24853,54.007,6.7584,6.6025,0.40562,1.5834,,0.82162,0.25617,0.81264,0.013871,0.25685,144.01,107.4,2.4778,3.4862,49.218,0.38472,0.24297,4.2961,0.17427,0.14796,3.5165,3.5165,9706.4,0.25617,0.47896,0.75216,0,9.9699,3.3985,40.172,9.086,6.777,0
0.057805,0.62304,0.04139,1.0692,-39.696,0.46813,0.074514,0.53354,1.0681,0.33242,0.074514,0.12449,0.061821,0.074514,1613.5,0.22621,1.605,0.074514,0.032684,40.588,1.0508,0.11598,0.025355,0.58637,0.33242,0.1994,0.54333,0.11495,6.2685,0.26974,0.032684,102.35,3.5662,0.18614,0.11598,2.287,15.772,0.35692,0.05087,0.040096,0.1123,0.05087,98.611,58.023,0.22801,0.6456,43.35,0.049549,0.021734,1.0271,0.59855,0.28041,0.92322,0.99126,76799,0.063723,0.17389,0.93628,0.073701,8.9928,6.2906,95.827,3.8089,6.3317,0
0.05093,0.51894,0.40195,1.8431,-17.287,0,0.061427,0.92699,1.8498,0.48106,0.061519,0.12884,0.049534,0.061427,2067.2,0.17657,1.927,0.061427,0.033207,95.83,1.0519,0.044089,0.027532,0.17738,0.4191,0.15634,478.09,3.3139,4.0343,0.21644,0.033256,92.981,3.9255,3.6064,-0.021721,1.8498,,0.48106,-0.011742,0.25857,0.23284,0.023834,149.06,53.23,0.10487,0.8244,94.718,0.013887,0.007507,1.6933,0.47676,0.25474,3.9661,3.9661,4349.9,-0.011742,0.10587,0.96922,0,3.8088,6.8571,94.073,3.88,15.251,0
0.096545,0.65994,0.10411,1.2814,-13.172,0.1753,0.11969,0.51529,1.0628,0.34006,0.11969,0.3235,0.053619,0.11969,1610.6,0.22663,1.5153,0.11969,0.042911,20.233,1.2282,0.14734,0.034612,0.22093,0.34006,0.19155,0.56143,0.19796,4.933,0.22098,0.042911,51.459,7.0931,0.22327,0.14734,2.8078,1.1019,0.63,0.052824,0.23773,0.12243,0.052824,50.529,30.296,0.62439,0.86346,21.505,0.11748,0.042116,0.71841,0.37,0.14098,0.64663,1.198,8923,0.059123,0.28391,0.94088,0.85261,18.039,12.048,48.416,7.5388,5.304,0
0.14341,0.4723,0.15998,2.0898,-3.2589,0.20257,0.14228,0.95253,1.0711,0.44988,0.14228,0.96926,0.089806,0.14228,801.91,0.45517,2.1173,0.14228,0.059439,26.078,1.1332,0.16795,0.059908,0.19736,0.44988,0.45755,0.75149,0.23078,4.7017,0.19558,0.059439,23.974,15.225,0.3556,0.16795,2.4036,0.41704,0.77538,0.070162,0.086261,0.064526,0.070162,44.846,18.768,0.8385,0.92475,27.932,0.095257,0.039794,0.64953,0.14679,0.065682,0.64896,1.1185,8049.9,0.066363,0.31876,0.93364,0.72354,13.996,19.448,22.383,16.307,3.4531,0
0.093062,0.45216,0.025663,1.0581,-41.167,0.31252,0.093062,1.1639,1.0658,0.52627,0.093062,0.21074,0.09658,0.093062,1110.5,0.32867,2.2116,0.093062,0.060479,43.367,1.1929,0.10542,0.060479,0.31252,0.52627,0.32867,0.73019,0.048171,4.1147,0.26028,0.060479,111.64,3.2695,0.23316,0.10542,1.5524,26.924,0.53683,0.068513,0.12058,0.092347,0.068513,98.206,54.839,0.50903,0.64411,46.219,0.049873,0.032412,1.0334,0.4416,0.30586,0.98786,1.0077,334.16,0.061714,0.17683,0.93829,0.020074,8.4166,6.6558,104.75,3.4845,2.8884,0
0.004569,0.30641,0.48013,2.5669,-41.086,-0.07911,0.005919,0.56866,0.98654,0.17424,0.005919,0.019317,0.042098,0.005919,2176.4,0.16771,3.2636,0.005919,0.004849,175.93,0.81194,0.008324,0.003743,-0.10613,0.17424,0.1633,0.067278,2.2493,4.2329,0.2471,0.004849,90.39,4.0381,0.027167,0.008324,1.2755,,0.17424,0.00682,0.10635,0.18727,0.00682,225.44,49.519,0.007765,0.64681,173.56,-0.037144,-0.030429,2.5669,0.30641,0.24764,0.81629,0.81629,8208,-0.013639,0.026219,1.0136,0,2.0747,7.371,91.622,3.9837,5.7185,0
-0.13135,0.91209,-0.046074,0.94943,-94.089,0,-0.13914,0.096391,2.1546,0.087917,-0.10925,-0.1527,-0.059546,-0.13914,-2594.8,-0.14066,1.0964,-0.13914,-0.064578,88.711,,-0.11805,-0.060961,-0.12563,0.082187,-0.13212,-3.9492,-0.34155,3.9408,0.4131,-0.05599,146.98,2.4971,2.4946,-0.10798,2.1659,377.09,0.088823,-0.050118,0.048428,-0.28359,-0.05479,139.08,50.365,-0.25082,0.62314,84.005,-0.12889,-0.059822,0.94848,0.91117,0.40046,0.65172,0.65844,-402,-0.050162,-1.494,1.0505,0.010299,4.1145,7.2471,154.36,2.3647,15.972,1
0.022217,0.50735,-0.017578,0.959,-20.493,0.044007,0.030124,0.917,1.0035,0.46524,0.030124,0.070266,0.031267,0.030124,1874.3,0.19474,1.971,0.030124,0.009533,18.205,1.0523,0.039309,0.007031,0.060743,0.46524,0.17916,0.12483,-0.029851,3.9467,0.15812,0.009533,49.693,7.3451,0.07748,0.039309,3.2016,3.224,0.54388,0.01244,0.018343,0.15446,0.01244,46.581,28.376,0.14097,0.59137,18.269,-0.029369,-0.009294,0.81036,0.42871,0.13615,0.79007,0.92361,-155.47,0.003491,0.047754,0.99651,0.16902,20.05,12.863,49.52,7.3708,5.3662,0
-0.25888,3.4422,-2.5294,0.26518,-599.55,0,-0.25888,-0.70949,1.5802,-2.4422,-0.000899,-0.075206,-0.15444,-0.25888,-5148.3,-0.070897,0.29051,-0.25888,-0.16382,14.845,0.9531,-0.006742,-0.16382,-0.7564,-0.25888,-0.070897,-0.026132,-29.01,0.34733,2.1305,-0.00256,797.36,0.45776,0.45776,0.004494,1.5802,,-2.4422,0.002844,0.023632,14.183,-0.004266,192.05,177.21,-4.028,0.24651,14.887,-0.021573,-0.013652,0.26518,3.4422,2.1845,-28.01,-28.01,-5.628,0.002844,0.106,1.1629,0,24.587,2.0598,795.09,0.45907,18.124,0
-0.15943,0.88874,-0.015,0.98312,-153.94,0,-0.15943,0.12519,2.2336,0.11126,-0.15943,-0.17939,-0.052315,-0.15943,-2776.1,-0.13148,1.1252,-0.15943,-0.071377,130.98,0.79217,0,-0.071377,0.20699,-0.050039,-0.13148,,-0.1188,3.7585,0.39459,-0.14275,165.69,2.2029,2.2029,0.005267,2.2336,,0.11126,0.002358,0.011078,0.69576,0,141.17,10.191,-0.1989,0.081247,149.43,-0.042579,-0.019063,0.98312,0.88874,0.45394,0.8812,0.8812,-86.017,0.12346,-1.4329,0.87714,0,2.7867,35.817,145.23,2.5132,17.69,0
0.2108,0.60421,0.060841,1.101,15.75,0,0.26026,0.65506,1.4341,0.39579,0.27018,0.4321,0.20349,0.26026,755.7,0.483,1.6551,0.26026,0.18148,0,1.9664,0.27018,0.14699,0.30325,0.38223,0.40114,27.228,0.18062,3.5665,0.41417,0.18653,174.78,2.0884,2.0818,0.17627,1.4341,,0.39579,0.12291,0.028922,0.066744,0.1884,164.35,164.35,,1.101,0,0.23861,0.16638,1.0976,0.60232,0.47884,1.175,1.175,224.22,0.12291,0.5326,0.83177,0,,2.2209,153.3,2.381,4.2576,0
0.041276,0.46983,0.16414,1.7394,-43.513,0,0.041276,1.1284,0.92914,0.53017,0.059437,0.18593,0.11288,0.041276,1635.1,0.22323,2.1284,0.041276,0.044424,100.19,1.016,0.059437,0.044424,0.22746,0.447,0.22323,3.2729,0.26738,3.9938,0.50234,0.061038,89.527,4.077,1.9264,0.024048,0.92914,0.65299,0.73091,0.025882,0.062528,0.12728,0.06397,146.24,46.041,0.16183,0.59046,102.86,-0.004166,-0.004484,0.82186,0.222,0.24528,0.86366,1.1907,1618.2,0.025882,0.077855,0.95782,0.37864,3.6429,7.9277,87.21,4.1853,1.5136,0
0.16368,0.226,0.66701,4.6871,345.38,0,0.195,3.4248,0.68536,0.774,0.195,1.0779,0.33014,0.195,364.57,1.0012,4.4248,0.195,0.28453,79.714,1.1262,0.12886,0.23883,0.3686,0.77041,0.8626,,4.3859,4.1436,-0.49782,0.28453,115.95,3.148,2.5198,0.11587,0.68536,,0.774,0.16907,3.1406,0.047047,0.18802,148.99,69.279,1.0936,3.8597,95.934,0.097595,0.1424,3.7519,0.1809,0.31766,5.0894,5.0894,9283.4,0.16907,0.21148,0.74548,0,4.5789,5.2685,96.344,3.7885,4.5065,0
0.008268,0.29802,0.69124,3.3194,40.201,0.4233,0.011379,2.2901,0.99027,0.68249,0.011379,0.038183,0.00294,0.011379,9532.3,0.038291,3.3554,0.011379,0.002932,0,1.0397,-0.01754,0.00213,0.51881,0.68249,0.02785,-0.04475,64.371,4.5006,0.066557,0.002932,27.753,13.152,-0.058853,-0.01754,3.9568,,0.68249,-0.004519,0.98396,-0.55965,-0.004519,65.453,65.453,,3.3194,0,-0.017572,-0.004527,3.3194,0.29802,0.076037,63.556,63.556,21891,-0.009823,0.012114,1.0098,0,,5.5765,28.026,13.024,361.45,0
0.007588,0.039384,0.69608,21.085,681.15,0,0.007588,24.391,0.5387,0.96062,0.008401,0.21894,0.019024,0.007588,1402.7,0.26021,25.391,0.007588,0.014085,50.412,0.96672,0,0.014085,0.043446,0.95228,0.26021,0,2.5852,4.7158,-0.9225,0.033126,38.57,9.4634,8.3275,0.001084,0.5387,,0.96062,0.002013,15.653,0.49341,0,127.55,77.139,0.10198,18.938,82.801,-0.002661,-0.004939,18.554,0.034657,0.10567,3.5676,3.5676,36180,0.39117,0.007899,0.6579,0,7.2404,4.7317,23.482,15.544,2.0007,0
0.090402,0.10255,0.58893,7.6484,83.089,0,0.11286,8.7513,2.1796,0.89745,0.11388,1.274,0.074465,0.11286,230.62,1.5827,9.7513,0.11286,0.051778,16.204,0.91117,0.10457,0.041477,0.69735,0.76957,1.3637,101.7,1.8262,2.5922,-0.15959,0.051778,15.579,23.429,20.238,0.10421,2.1796,,0.89745,0.04781,5.3619,0.022195,0.047975,33.918,17.714,0.93427,6.5561,17.018,0.055118,0.025288,6.6066,0.088581,0.042682,2.7829,2.7829,230.27,0.04781,0.10073,0.94846,0,22.525,20.605,14.834,24.606,6.7586,0
0.15294,0.32783,0.40059,2.2552,37.189,0,0.15294,2.0503,1.75,0.67217,0.1585,0.4792,0.099189,0.15294,689.35,0.52949,3.0503,0.15294,0.087393,45.782,1.1013,0.15269,0.087393,0.40106,0.15294,0.52949,27.459,1.4294,3.6947,0.10366,0.087958,72.762,5.0163,4.8836,0.14903,1.75,57.655,0.68084,0.085159,0.51467,0.063043,0.087253,115.86,70.075,0.69674,1.5674,50.044,0.13205,0.075457,2.1955,0.31916,0.19935,2.3985,2.4294,1983.6,0.085159,0.22753,0.9144,0.012908,7.9725,5.2087,66.566,5.4833,6.2446,0
0.056761,0.45933,0.15783,1.3874,,0.2283,0.066577,1.0297,0.95292,0.47296,0.084489,0.1634,0.069866,0.066577,2518.2,0.14494,2.1771,0.066577,0.069866,71.345,1.074,0.068025,0.059566,0.19921,0.27786,0.12357,3.7978,0.36305,5.8303,0.48202,0.069866,,0.035295,0.031309,0,0.95292,7.3055,0.52484,0,0.2052,0.22508,0.071386,184.5,113.15,0.30474,0.93021,4727.4,0.068025,0.071386,1.2307,0.40745,28.332,1.088,1.2073,1.3874,1,0,0.032705,0.10969,5.116,3.2258,156.07,2.3387,2.192,0
0.063642,0.2052,0.13381,1.6521,-35.601,0.30179,0.087035,3.4721,1.0802,0.71249,0.087035,0.42414,0.13486,0.087035,596.78,0.61161,4.8732,0.087035,0.093527,82.976,0.95865,0.0885,0.068389,0.38362,0.71249,0.49761,1.0273,0.20244,4.2082,0.18318,0.093527,86.943,4.1982,0.43128,0.0885,0.97099,,0.71249,0.095101,0.18706,0.053134,0.095101,117.91,34.938,0.30083,0.62115,89.634,0.050031,0.053763,1.6521,0.2052,0.2382,1.0779,1.0779,2161.3,0.074276,0.089324,0.92572,0,4.3988,10.447,80.485,4.535,1.4079,0
0.02094,0.54925,0.1312,1.5934,-14.681,0.16752,0.027699,0.82066,0.81335,0.45075,0.053236,0.12528,0.068796,0.027699,3582.8,0.10188,1.8207,0.027699,0.034055,71.429,0.76716,0.042497,0.025745,0.22692,0.44584,0.08957,1.6641,0.20255,4.0245,0.61788,0.035597,99.777,3.6581,1.4725,0.004577,0.81335,1.0271,0.63877,0.005627,0.22865,0.25876,0.052249,135.41,63.977,0.13156,0.87347,71.833,0.01424,0.017508,0.64139,0.22109,0.27336,0.69591,0.98619,1388.2,0.005627,0.046456,0.96817,0.41712,5.11,5.7052,99.216,3.6788,1.2557,0
0.019679,0.82258,0.18716,1.449,-22.608,0,0.019679,0.21569,1.3453,0.17742,0.023987,0.047209,0.050518,0.019679,4417.9,0.082618,1.2157,0.019679,0.014628,66.701,1.1041,0,0.014628,0.12876,0.15122,0.082618,0,0.47263,4.8827,0.60109,0.0339,145.63,2.5063,1.2701,0.01567,1.3453,0.96795,0.54744,0.011648,0.042839,0.5679,0,159.03,92.332,0.080047,0.85923,85.888,-0.048282,-0.03589,0.73428,0.41684,0.39899,0.44803,1.3824,14286,0.22339,0.11092,0.78186,2.0856,5.4721,3.9531,113.1,3.2273,3.3971,0
0.012187,0.43091,0.055474,1.1294,-34.343,0.082442,0.01508,1.0968,1.009,0.47262,0.01508,0.035184,0.04367,0.01508,2061.2,0.17708,2.3207,0.01508,0.00863,43.267,1.0068,0.021752,0.006975,0.1057,0.47262,0.17037,0.12562,0.10752,4.7084,0.22093,0.00863,90.34,4.0403,0.05048,0.021752,1.7611,119.62,0.47494,0.012449,0.1227,0.17073,0.012449,90.134,46.866,0.058837,0.64616,43.658,-0.039473,-0.022591,1.1234,0.42859,0.24751,0.91606,0.92054,2834.3,0.008959,0.025785,0.99104,0.004899,8.4359,7.7881,89.53,4.0768,3.3867,0
-0.039461,0.048833,0.22657,5.6397,79.665,0,-0.006248,19.481,1.1141,0.95133,0.003782,-0.12795,0.17591,-0.006248,90.944,4.0135,20.478,-0.006248,-0.005608,0,,0.003782,-0.035419,-0.006248,0.12923,3.3333,0.37705,0.31261,1.784,-0.14861,0.003394,15.832,23.054,23.054,-0.011674,1.1296,,0.95133,-0.010478,4.8451,0.007901,0.003394,12.713,12.713,,4.8451,0,-0.19845,-0.17813,5.6397,0.048833,0.043377,1.3126,1.3126,13.78,-0.010478,-0.041479,0.99665,0,,28.712,15.998,22.815,1.5372,1
-0.014482,0.23511,0.16929,1.7672,-19.5,0,-0.016393,3.2534,1.0242,0.76489,0.009227,-0.074289,0.02245,-0.016393,3732.1,0.097801,4.2534,-0.016393,-0.016005,76.207,1.0401,0.006605,-0.01414,-0.047922,0.51604,0.10593,0.25779,0.2775,4.3742,0.22656,-0.008659,78.945,4.6235,4.3395,0.003976,1.0242,98.497,0.76668,0.003882,0.052699,0.1704,0.006448,134.82,58.616,-0.067724,0.79808,76.504,-0.032782,-0.032007,1.6586,0.22067,0.21629,1.2538,1.2568,4007.1,0.003882,-0.018934,1.0159,0.002338,4.7896,6.227,78.639,4.6415,1.6789,0
0.07396,0.21697,0.32483,2.8068,58.243,0,0.07396,3.6089,1.5483,0.78303,0.07396,0.41138,0.050816,0.07396,1006.6,0.36261,4.6089,0.07396,0.047769,17.37,1.0815,0.001553,0.047769,0.25258,0.42695,0.36261,,0.65571,3.8881,0.085505,0.099796,52.302,6.9787,5.7826,0.036889,1.5483,,0.78303,0.023826,0.74261,1.1535,0.001003,87.487,70.117,1.0038,2.3969,21.435,-0.003165,-0.002044,2.3257,0.17979,0.14329,1.5806,1.5806,2510.4,0.18963,0.094453,0.8158,0,21.013,5.2056,42.384,8.6117,3.1254,0
0.014305,0.64875,-0.002636,0.99144,-18.218,-0.40597,0.018017,0.54143,0.64701,0.35125,0.09075,0.058514,0.12115,0.018017,3020.9,0.12082,1.5414,0.018017,0.027847,10.516,0.84227,0.088346,0.022109,-0.087956,-0.39166,0.1151,1.2147,-0.003794,5.0585,0.79186,0.075324,199.98,1.8251,0.86627,0.085014,0.64701,0.85985,0.68461,0.1314,0.45634,0.14541,0.13655,92.95,82.434,0.76738,0.9309,12.107,0.027979,0.043243,0.47057,0.30792,0.5479,0.5056,0.98545,-301.6,0.1314,0.040726,0.9734,0.94907,34.709,4.4278,173.71,2.1012,0.93133,0
0.42171,0.55296,0.25674,1.7186,44.941,0,0.42171,0.80844,2.1593,0.44704,0.44709,1.1803,0.20654,0.42171,452.55,0.80654,1.8084,0.42171,0.1953,6.3122,2.0421,0.41938,0.1953,0.64016,0.42171,0.80654,16.52,0.66521,3.6378,0.18579,0.20706,74.571,4.8946,3.1627,0.41044,2.1593,7.1482,0.52772,0.19008,0.43635,0.041545,0.19422,77.442,71.13,11.293,1.6141,7.7936,0.3951,0.18298,1.1105,0.3573,0.20431,1.1583,1.3673,1115.1,0.19008,0.94334,0.80867,0.18047,57.825,5.1315,60.397,6.0434,5.5946,0
-0.11826,0.69037,-0.4078,0.39347,-229.62,-0.15147,-0.12538,0.44849,1.011,0.30963,-0.030954,-0.18648,-0.054505,-0.12538,-4573.1,-0.079815,1.4485,-0.12538,-0.12402,70.604,0.72651,-0.030954,-0.11698,-0.041434,0.26588,-0.069503,-0.32781,-0.5545,3.8528,0.68162,-0.089766,236.4,1.544,1.5037,-0.027157,1.011,,0.30963,-0.026863,0.022672,0.58519,-0.030618,90.012,19.409,-0.60475,0.10262,68.757,-0.10123,-0.10013,0.38321,0.67236,0.64767,0.42101,0.42101,-2905.6,-0.026863,-0.38195,1.1239,0,5.1697,18.806,242.75,1.5036,1.3746,0
0.047332,0.47767,0.27933,1.6066,12.619,0.081636,0.058448,1.0935,1.0333,0.52233,0.058448,0.12693,0.053617,0.058448,1568.9,0.23265,2.0935,0.058448,0.028199,35.41,0.99655,0.083081,0.022836,0.10256,0.52233,0.20938,0.41419,1.0736,4.6526,0.20766,0.028199,83.793,4.356,0.17393,0.083081,2.1184,31.358,0.53951,0.040084,0.12386,0.11567,0.040084,120.24,84.828,0.23539,1.1699,36.589,0.030399,0.014666,1.5488,0.46049,0.22957,2.0075,2.0736,12552,0.032229,0.090617,0.96777,0.032891,10.308,4.3028,81.093,4.501,7.9662,0
0.096777,0.1775,0.35547,3.0216,109.17,0,0.10089,4.6339,1.1068,0.8225,0.12567,0.57377,0.12872,0.10089,454.76,0.80262,5.6339,0.10089,0.091157,21.086,1.119,0.09974,0.08744,0.25229,0.75912,0.77944,4.0258,0.75845,4.948,-0.024934,0.091345,64.304,5.6761,5.6231,0.1087,1.1068,,0.8225,0.098213,1.1747,0.041869,0.090117,107.1,86.015,1.5136,2.658,23.383,0.05817,0.052558,2.9934,0.17584,0.17618,1.7549,1.7549,31538,0.098213,0.11766,0.91144,0,17.31,4.2435,57.989,6.2943,2.3614,0
0.0155,0.68805,0.063273,1.109,-25.132,0.087877,0.02458,0.44119,1.0424,0.30356,0.02458,0.042327,0.042952,0.02458,3465.4,0.10533,1.4534,0.02458,0.014568,36.682,1.0596,0.058079,0.009186,0.11728,0.30356,0.092131,0.35881,0.17773,4.9402,0.40779,0.014568,130.95,2.7874,0.08441,0.058079,1.6908,4.4198,0.4109,0.034422,0.00579,0.21347,0.034422,138.58,101.9,0.091408,0.81696,38.237,0.010187,0.006038,0.93596,0.58071,0.35876,0.85268,1.1542,5514,0.040665,0.051059,0.95934,0.35359,9.9504,3.5819,125.62,2.9055,4.7393,0
0.051782,0.39926,0.29376,1.7357,25.81,0.12461,0.064275,1.3006,1.0085,0.51927,0.064275,0.16098,0.040146,0.064275,1300,0.28077,2.5046,0.064275,0.023018,9.3476,1.1835,0.040731,0.018544,0.14953,0.51927,0.24948,0.1471,0.95693,4.7883,0.029666,0.023018,52.632,6.935,0.10201,0.040731,2.8361,,0.51927,0.014587,0.86054,0.14823,0.014587,45.677,36.329,0.72411,1.5566,9.4268,-0.007095,-0.002541,1.7357,0.39926,0.1442,1.6916,1.6916,18044,0.008396,0.099721,0.9916,0,39.047,10.047,52.19,6.9937,9.0962,0
0.017118,0.078846,0.14565,8.0851,81.743,0.051638,0.017167,3.1817,0.89168,0.25087,0.017167,0.83509,0.30336,0.017167,336.92,1.0834,12.683,0.017167,0.060967,114.52,0.81724,0.019041,0.060796,0.052321,0.25087,1.0827,0.603,0.17468,5.156,0.11333,0.060967,23.761,15.361,0.2415,0.019041,0.34566,1.3358,0.30916,0.067626,2.3369,0.029695,0.067626,153.18,38.661,0.19378,3.7877,102.11,-0.04921,-0.17477,2.108,0.020557,0.065099,0.30087,0.37078,20860,-0.12148,0.068237,1.1215,0.23235,3.1873,9.4409,26.648,13.697,0.3377,0
0.11543,0.29091,0.18377,2.1983,4.4887,0,0.13293,2.4375,1.095,0.70909,0.14498,0.86677,0.18815,0.13293,515.39,0.7082,3.4375,0.13293,0.1214,55.211,1.1091,0.14449,0.10542,0.43612,0.70632,0.64803,11.994,0.27724,5.0312,0.25291,0.13156,59.194,6.3141,3.3288,0.1493,1.1133,2.1244,0.78982,0.13635,0.13666,0.044568,0.13195,105.4,50.184,0.6969,1.1183,62.43,0.071395,0.065203,1.1589,0.15337,0.15838,1.0697,1.1915,19747,0.13635,0.16278,0.8806,0.11385,6.611,7.2732,51.123,7.1396,1.6519,0
0.1259,0.018722,0.34064,19.195,206.92,0,0.14958,52.414,0.72833,0.98128,0.14958,7.9895,0.23542,0.14958,39.853,9.1586,53.414,0.14958,0.20537,1.885,1.1942,0.13055,0.17286,0.20386,0.94681,7.8937,,0.53173,3.1615,-0.41569,0.20537,11.414,31.979,31.979,0.12962,0.72833,,0.98128,0.17797,17.456,0.004094,0.17924,16.315,14.43,33.47,18.994,2.2931,0.10866,0.14919,19.195,0.018722,0.03127,1.5317,1.5317,494.1,0.17797,0.1283,0.80011,0,193.63,25.295,9.3824,38.903,1.1369,0
-0.09378,0.43192,-0.13068,0.20783,-577.21,-0.13799,-0.09378,1.3153,0.042883,0.56808,-0.076639,-0.56849,-1.6796,-0.09378,-2188.7,-0.16676,2.3153,-0.09378,-2.1869,223.31,0.78783,-0.076639,-2.1869,-0.22565,0.55628,-0.16676,-4.4712,-0.1353,3.741,9.9936,-1.7872,515.56,0.72958,0.27865,-0.073903,0.043713,0.030136,0.83515,-1.7234,0.027504,-0.2623,-1.7872,253.2,29.886,-3.5744,0.18655,79.569,-0.098391,-2.2944,0.079378,0.16496,1.3707,0.58816,0.86466,-719.77,-1.7234,-0.16508,2.7532,0.47012,1.6345,12.213,1404.1,0.25996,0.044398,1
0.086352,0.23402,0.7094,4.0313,13.515,0.17946,0.10849,3.1363,1.0291,0.73397,0.10849,0.4636,0.038766,0.10849,681.27,0.53576,4.2731,0.10849,0.033545,36.998,1.0948,0.089154,0.026699,0.22824,0.73397,0.44116,0.28367,12.538,4.2633,0.071235,0.033545,27.178,13.43,0.38097,0.089154,3.2862,,0.73397,0.027566,1.1445,0.072555,0.027566,76.243,39.245,0.2634,2.6304,38.074,0.072267,0.022344,4.0313,0.23402,0.074461,12.972,12.972,13006,0.028255,0.11765,0.97174,0,9.8654,9.3006,26.41,13.82,57.161,0
0.10676,0.27805,0.61706,3.2193,35.706,0,0.13524,2.5965,2.7745,0.72195,0.13679,0.48639,0.05616,0.13524,651.31,0.5604,3.5965,0.13524,0.048743,46.909,1.3081,0.13606,0.038479,0.13151,0.70161,0.45799,87.419,5.8827,3.6994,0.036078,0.048743,38.514,9.477,9.477,0.13948,2.7745,,0.72195,0.050272,0.6442,0.059169,0.049038,94.191,47.282,0.29941,1.9368,49.392,0.11548,0.04162,3.2193,0.27805,0.10552,6.8827,6.8827,3088.5,0.050272,0.14788,0.95128,0,7.7811,7.7196,36.578,9.9787,26.451,0
0.55656,0.41435,0.44126,2.0649,81.211,0,0.69263,1.4134,2.3954,0.58565,0.69937,1.6716,0.29651,0.69263,212.93,1.7142,2.4134,0.69263,0.28915,0.93783,1.2223,0.69833,0.23235,1.4774,0.54918,1.3858,103.65,3.0558,3.6421,0.16918,0.29196,88.511,4.1238,4.1238,0.68674,2.408,,0.58565,0.28669,0.15139,0.019291,0.29153,120.81,119.88,90.428,2.0501,1.3147,0.68071,0.28417,2.0649,0.41435,0.2425,4.0558,4.0558,1935.5,0.28669,0.95032,0.71237,0,389.2,3.0448,63.136,5.7812,16.589,0
-0.001197,0.11451,0.15819,2.3815,10.201,0.018766,-0.001349,7.6145,0.99297,0.8719,-0.001349,-0.01178,0.066714,-0.001349,821.7,0.4442,8.7332,-0.001349,-0.001769,63.993,0.9546,0.000451,-0.00157,0.031675,0.8719,0.44553,0.005875,0.21751,4.2019,0.14788,-0.001769,54.434,6.7054,0.00394,0.000451,0.7745,,0.8719,0.000592,0.05247,0.071484,0.000592,127.68,63.684,-0.008954,1.2142,63.543,-0.051761,-0.067892,2.3815,0.11451,0.14913,1.1988,1.1988,2517.9,-0.007082,-0.001373,1.0071,0,5.7037,5.7314,54.819,6.6582,1.0483,0
-0.005758,0.47957,0.1196,1.2494,-14.015,0.062479,-0.005211,1.0613,1.0117,0.50899,-0.005211,-0.010866,0.027905,-0.005211,4377.8,0.083376,2.0852,-0.005211,-0.003637,43.962,0.97205,-0.009965,-0.004019,0.081805,0.50899,0.082235,-0.070359,0.29837,5.0485,0.22099,-0.003637,123.6,2.9532,-0.020778,-0.009965,1.4895,,0.50899,-0.006954,0.34052,0.44753,-0.006954,111.03,67.066,-0.033365,0.88951,44.479,-0.05516,-0.038496,1.2494,0.47957,0.33862,1.2698,1.2698,13374,0.011613,-0.011313,0.98839,0,8.3026,5.4424,122.16,2.9879,3.5747,0
0.014532,0.80028,0.19081,1.2384,1.4881,0.038899,0.014532,0.24957,4.114,0.19972,0.044946,0.018159,0.008732,0.014532,8131.2,0.044889,1.2496,0.014532,0.003532,13.588,1.0194,-0.006741,0.003532,0.12183,0.11402,0.044889,-0.22165,21.399,2.766,0.19324,0.010925,70.886,5.1491,5.1491,-0.006741,4.114,,0.19972,-0.001639,0.032485,1.8209,-0.001639,85.625,72.037,0.094885,1.047,13.566,-0.028133,-0.006838,1.2384,0.80028,0.19421,22.399,22.399,111.32,-0.001639,0.072761,0.99651,0,26.862,5.0669,71.003,5.1407,461.38,0
0,0.37735,0.20672,1.7779,-509.89,0.05952,0.071956,1.65,0.56539,0.62265,0.079587,0.27077,0.21,0.071956,1160,0.31465,2.65,0.071956,0.12727,161.77,1.0531,0.075455,0,0.015227,0.58807,0.12396,9.8881,0.39187,5.1584,0.49081,0.12727,243.47,1.5222,1.072,0.055722,0.56539,1.9882,0.73425,0.098555,0.37752,0.1029,0.13346,240.25,78.476,0,0.83495,226.1,0.028677,0.05072,1.2521,0.26575,0.65693,1.1803,1.3919,29772,0.29534,0,0.72898,0.17924,2.2563,4.6511,171.56,2.1275,1.0718,0
0.017397,0.48339,0.030798,1.1225,-32.376,0.036712,0.020347,0.7242,1.0251,0.35007,0.020347,0.080913,0.10938,0.020347,2752.2,0.13262,2.0687,0.020347,0.034716,47.568,1.1016,0.03127,0.029682,0.046144,0.35007,0.12652,0.54694,0.042911,4.4088,0.81086,0.034716,160.54,2.2735,0.064689,0.03127,0.60613,0.88776,0.58199,0.053352,0.039915,0.21181,0.053352,169.53,121.97,0.22776,0.81873,48.764,-0.012491,-0.021311,0.58394,0.25147,0.43984,0.48775,0.81088,789.39,0.024528,0.049694,0.97547,0.66249,7.6733,2.9926,156.61,2.3307,0.81661,0
0.11162,0.22322,0.26105,2.58,34.184,0,0.11162,3.4799,1.7989,0.77678,0.11294,0.67559,0.077538,0.11162,584.13,0.62486,4.4799,0.11162,0.062052,25.539,1.0214,0,0.062052,0.21384,0.64942,0.62486,0,0.455,3.9442,0.10974,0.14228,42.596,8.5688,6.3425,0.036071,1.7989,5.1797,0.83478,0.020052,0.17668,0.2671,0,80.569,55.03,0.88683,1.8182,32.45,-0.027858,-0.015486,1.9096,0.16522,0.1167,1.3539,1.455,2295.6,0.21298,0.1437,0.78776,0.074662,14.292,6.6328,33.524,10.888,3.1354,0
0.08329,0.33715,0.63837,3.0646,96.726,0,0.08329,1.966,1.6058,0.66285,0.08329,0.26938,0.3845,0.08329,199.32,1.8313,2.966,0.08329,0.051869,122.95,0.89719,0,0.051869,0.37523,0.60481,1.8313,,12.173,4.0857,0.096765,0.11959,139.83,2.6102,2.3938,0.028204,1.6058,174.55,0.66518,0.017564,0.66598,0.021041,0,168.58,45.633,0.15399,1.3153,244.62,-0.53412,-0.33263,2.8105,0.30919,0.38311,12.64,12.685,7775.5,0.49739,0.12565,0.52884,0.003515,2.9687,7.9985,70.281,5.1934,30.621,0
0.007882,0.9713,-0.006782,0.99292,-151.39,0,0.011769,0.029564,1.9711,0.028715,0.034069,0.012294,0.015468,0.011769,11628,0.03139,1.0295,0.011769,0.005971,147.61,1.2472,0.034069,0.003999,0.032152,0.023801,0.027388,1.5278,-0.13713,4.0075,0.49023,0.01724,180.43,2.0245,1.9954,0.034525,1.9721,,0.028715,0.017516,0.008624,0.61332,0.017284,174.49,26.883,0.009888,0.84127,150.24,0.015349,0.007787,0.97865,0.95734,0.49434,0.58061,0.58061,-69,0.017503,0.27448,0.98274,0,2.4727,13.578,177.28,2.0589,39.855,1
0.013095,0.65716,-0.020872,0.91512,-31.365,-0.16961,0.013095,0.52169,1.4527,0.34284,0.089742,0.053258,0.046634,0.013095,3540.6,0.10309,1.5217,0.013095,0.009014,22.136,1.2995,0.07018,0.009014,-0.021663,-0.15652,0.10309,0.91562,-0.026932,4.9873,0.44523,0.02998,64.353,5.6718,2.1222,0.058122,1.4527,0.47669,0.63004,0.040009,0.073768,0.17548,0.048309,51.977,29.841,0.14863,0.5568,23.059,0.015528,0.010689,0.3424,0.24588,0.17631,0.44238,0.81296,-2027.2,0.040009,0.038197,1.004,0.83772,16.489,12.232,61.779,5.9082,1.8745,0
0.005456,0.50665,0.1249,1.5233,-25.253,0.005456,0.006275,0.89959,1.0094,0.45578,0.006275,0.026291,0.049443,0.006275,4273.1,0.085418,1.9737,0.006275,0.007169,73.155,1.1619,0.006225,0.006233,0.006275,0.45578,0.083801,,0.19625,5.5275,0.57694,0.007169,100.47,3.6329,0.012286,0.006225,0.90585,0.70214,0.72375,0.007112,0.039201,0.38534,0.007112,147.71,74.557,0.031101,0.78828,73.845,-0.030777,-0.035162,0.71761,0.23869,0.27527,0.71616,1.1372,42074,0.009353,0.011971,0.99065,0.58793,4.9894,4.8956,99.532,3.6672,1.3754,1
0.060501,0.51626,0.17204,1.3855,-0.47992,0.009423,0.095557,0.7805,1.0341,0.40294,0.095557,0.21415,0.081042,0.095557,1242.4,0.29379,1.937,0.095557,0.051059,33.446,1.1584,0.063894,0.032327,0.048478,0.40294,0.22589,0.35303,0.45065,3.9961,0.27003,0.051059,89.988,4.0561,0.12376,0.063894,1.8885,6.3782,0.47299,0.03414,0.030865,0.14143,0.03414,117.89,84.444,0.35279,1.0012,34.585,0.007779,0.004156,1.1976,0.44621,0.24654,1.0555,1.239,1704.9,0.032933,0.15015,0.96707,0.17383,10.913,4.3224,87.025,4.1942,4.9025,0
0.25585,0.24058,0.49212,3.252,114.48,0,0.31585,3.1566,1.6299,0.75942,0.31784,1.4454,0.20796,0.31585,259.07,1.4089,4.1566,0.31585,0.19379,13.75,2.2422,0.30828,0.15697,0.4046,0.33865,1.1595,154.53,1.7007,3.5314,0.027826,0.19501,60.425,6.0406,5.4867,0.30987,1.6299,29.43,0.78148,0.19012,0.97727,0.0242,0.18914,111.32,97.569,4.1669,2.9711,16.978,0.28517,0.17497,2.9538,0.21852,0.16555,2.6245,2.7007,1673.1,0.19012,0.3369,0.80784,0.02905,26.545,3.7409,48.937,7.4586,5.6326,0
0.11729,0.36283,0.55799,2.5796,55.175,0.39621,0.14621,1.6553,1.0605,0.60058,0.14621,0.41391,0.069551,0.14621,809.99,0.45062,2.7561,0.14621,0.062195,34.258,1.0654,0.14119,0.049893,0.49372,0.60058,0.37092,0.63693,6.2855,4.4565,0.12832,0.062195,58.164,6.2753,0.38912,0.14119,2.3902,71.975,0.61018,0.060059,0.17396,0.07527,0.060059,131.94,97.684,0.53158,1.955,36.331,0.12389,0.052703,2.5114,0.35324,0.15935,6.7653,6.8733,15965,0.057051,0.19529,0.94295,0.015976,10.654,3.7365,54.846,6.655,26.481,0
0.30019,0.13293,0.38325,3.8831,89.916,0.86116,0.37196,6.2473,1.3258,0.83044,0.37196,2.7982,0.28538,0.37196,114.23,3.1952,7.5229,0.37196,0.24992,27.914,1.0712,0.36452,0.2017,1.0669,0.83044,2.6553,3.2471,0.79212,4.8834,-0.025734,0.24992,43.219,8.4453,2.7422,0.36452,1.4974,,0.83044,0.24492,1.3048,0.010473,0.24492,84.052,56.138,2.6374,3.0269,37.007,0.31174,0.20946,3.8831,0.13293,0.11841,1.7164,1.7164,29302,0.24572,0.36148,0.75428,0,13.076,6.5019,32.599,11.196,3.0762,0
0.058425,0.48,0.53188,2.1507,77.738,0,0.074435,1.0831,2.546,0.51988,0.090585,0.16103,0.029287,0.074435,2349.7,0.15534,2.0833,0.074435,0.029236,0.020577,0.57613,0.085974,0.022948,0.08964,0.514,0.12199,5.3237,90.583,3.9294,-0.071762,0.029236,68.676,5.3243,5.1272,0.089282,2.5517,,0.51988,0.035068,1.4344,0.18583,0.033768,47.465,47.444,407.06,1.4347,0.021325,0.085846,0.033718,2.0711,0.46224,0.18815,88.539,88.539,4521,0.035072,0.11238,0.9645,0,17739,7.6932,66.267,5.508,433.6,1
-0.18943,0.039333,0.50653,13.878,204.21,-0.18134,-0.21829,21.396,0.9888,0.84157,-0.21829,-5.5498,-0.31445,-0.21829,-77.555,-4.7063,25.424,-0.21829,-0.3708,43.358,1.0885,-0.2395,-0.32178,-0.20611,0.84157,-3.9726,-4.0227,1.1154,4.4174,-0.42119,-0.3708,24.114,15.136,-6.089,-0.2395,0.61397,,0.84157,-0.40683,10.296,-0.006268,-0.40683,87.347,43.989,-2.7088,12.1,42.872,-0.27268,-0.46318,13.878,0.039333,0.066065,1.8531,1.8531,13243,-0.011328,-0.22509,1.0113,0,8.4183,8.2975,24.387,14.967,1.2963,0
0.13187,0.3867,0.21125,1.6151,-60.11,0.23092,0.16268,1.5484,1.1746,0.59875,0.16268,0.47367,0.18,0.16268,712.12,0.51255,2.586,0.16268,0.14774,116.25,1.7399,0.16159,0.11976,0.28571,0.59875,0.43288,1.7238,0.47437,5.2379,0.34346,0.14774,133.72,2.7295,0.41788,0.16159,1.119,4.7151,0.64201,0.14675,0.05713,0.064496,0.14675,177.36,61.106,0.37599,0.59389,136.56,0.12607,0.11449,1.4344,0.34344,0.36636,1.3445,1.4417,36536,0.14868,0.22024,0.85132,0.072247,3.1397,5.9732,113.84,3.2062,2.4727,0
0.029988,0.70794,-0.32169,0.47358,-101.71,0,0.029988,0.41255,1.7824,0.29206,0.066231,0.049073,0.048965,0.029988,2960.7,0.12328,1.4125,0.029988,0.016824,29.399,1.1397,0.066224,0.016824,0.03227,0.14569,0.12328,1.8272,-0.4527,3.7697,0.39373,0.031147,130.3,2.8012,2.4179,0.070645,1.7824,1.5057,0.38892,0.039635,0.013665,0.19106,0.037155,57.553,28.154,0.20888,0.23864,30.612,0.008937,0.005014,0.40878,0.61108,0.357,0.411,0.5473,-1892.7,0.039635,0.10268,0.98321,0.33163,12.415,12.965,125.14,2.9168,2.5083,0
0.026878,0.45071,0.44698,2.0028,20.959,0,0.033052,1.2187,1.6497,0.54929,0.051229,0.074152,0.033223,0.033052,3001.5,0.1216,2.2187,0.033052,0.020035,76.242,1.0829,0.051227,0.016293,0.12531,0.52603,0.1079,2.8184,4.1663,3.6586,0.25704,0.029973,99.596,3.6648,3.6244,0.016186,1.6497,,0.54929,0.009812,0.078983,0.20585,0.031052,189.72,113.48,0.077999,1.2297,76.998,0.029472,0.017865,1.9807,0.44574,0.27287,5.12,5.12,2036.4,0.009812,0.048932,0.98042,0,4.7874,3.2164,98.619,3.7011,15.377,0
0.11422,0.17092,0.49682,3.9375,58.73,0,0.14194,4.8507,1.9429,0.82908,0.14759,0.83925,0.082558,0.14194,388.93,0.93846,5.8507,0.14194,0.073057,38.41,1.1906,0.14568,0.058789,0.39242,0.73226,0.77627,25.783,1.4873,4.3151,0.056458,0.073063,34.358,10.624,10.512,0.14613,1.9429,,0.82908,0.075212,0.37531,0.034711,0.07498,113.18,74.772,0.55866,2.7286,41.534,0.12722,0.06548,3.8963,0.16913,0.094131,2.4819,2.4819,10263,0.075212,0.13777,0.92703,0,9.5027,4.8815,31.774,11.488,5.8163,0
0.011118,0.49832,0.33747,2.4066,82.342,-0.000113,0.011118,1.0067,1.3849,0.50168,0.026803,0.046338,0.098601,0.011118,1332,0.27403,2.0067,0.011118,0.008028,5.779,1.1297,0.026684,0.008028,0.14107,0.3136,0.27403,1.7012,0.79855,3.8397,0.33291,0.016718,61.598,5.9255,2.8529,-0.036745,1.3849,7.1609,0.57924,-0.026532,0.23475,0.10919,0.019268,137.33,131.55,0.50701,2.3152,5.6297,-0.098753,-0.071306,1.1587,0.23992,0.16876,1.1871,1.3707,2333.3,-0.026532,0.022161,0.99234,0.15462,63.159,2.7746,63.232,5.7724,3.2771,0
0.13271,0.67871,0.25583,1.4391,5.7538,0,0.16751,0.47338,3.6595,0.32129,0.24733,0.28749,0.055958,0.16751,1209.8,0.30171,1.4734,0.16751,0.045775,18.45,1.1763,0.22366,0.036265,0.47668,0.27567,0.25044,2.8023,1.584,3.0398,0.086054,0.047637,61.866,5.8998,5.065,0.22183,3.6595,7.2683,0.4112,0.060619,0.65269,0.086706,0.061118,45.701,27.251,0.71745,1.1216,19.64,0.1864,0.050935,1.2354,0.58267,0.1695,1.9893,2.546,280.4,0.060619,0.41307,0.95484,0.27986,19.783,13.394,58.116,6.2806,22.659,0
0.033306,0.96201,0.033016,1.0343,-7.663,-0.026186,0.033306,0.019814,0.99915,0.019061,0.033306,0.034621,0.015011,0.033306,9342.4,0.039069,1.0395,0.033306,0.013302,12.195,1.1699,-0.002963,0.013302,-0.026186,0.019061,0.039069,-0.011822,6.6374,4.8051,0.20912,0.013302,140.12,2.6049,-0.00308,-0.002963,2.5606,,0.019061,-0.001183,0.45844,24.02,-0.001183,80.76,68.564,0.39812,0.94736,12.185,-0.007242,-0.002892,1.0343,0.96201,0.38389,3.832,3.832,2108,-0.000848,1.7473,1.0008,0,29.93,5.3235,140.24,2.6027,503.36,0
0.032618,0.74375,0.052153,1.1584,-49.698,0.11127,0.044782,0.33163,1.0545,0.24665,0.044782,0.13602,0.045104,0.044782,2981.4,0.12242,1.3445,0.044782,0.022183,55.707,1.2193,0.11684,0.016157,0.14182,0.24665,0.10607,0.61029,0.084305,4.8942,0.36333,0.022183,62.768,5.815,0.15709,0.11684,2.0409,0.17674,0.66118,0.057875,0.037088,0.14991,0.057875,66.746,11.039,0.10586,0.22254,58.743,0.070565,0.034954,0.51277,0.32922,0.17197,0.39871,1.0688,4087.9,0.051681,0.13224,0.94832,1.6806,6.5521,33.065,59.524,6.1319,3.2633,0
0.1106,0.16117,0.47894,7.5711,263.9,0,0.13836,5.2045,0.68447,0.83883,0.13883,1.8983,0.23622,0.13836,363.85,1.0032,6.2045,0.13836,0.20214,38.625,1.8352,0.11669,0.16159,0.23538,0.8349,0.83094,249.3,1.0686,4.1045,-0.16288,0.20283,46.263,7.8896,3.5679,0.10943,0.68447,5.5844,0.92467,0.15987,3.7693,0.038372,0.17048,147.76,109.14,1.527,6.5773,45.975,0.093362,0.1364,3.4238,0.072886,0.12675,1.8716,2.0632,6092.3,0.15987,0.13185,0.80748,0.10234,9.4499,3.3443,38.867,9.391,1.5272,0
0.013099,0.13903,0.67937,5.8864,46.572,0,0.017985,6.1925,3.2591,0.86097,0.029988,0.12936,0.019369,0.017985,803.9,0.45404,7.1925,0.017985,0.005519,29.468,1.177,0.025142,0.004019,0.11717,0.79386,0.4189,2.0948,3.7411,3.8739,0.030114,0.006369,15.7,23.248,23.248,0.026833,3.2591,,0.86097,0.008233,0.32236,0.06594,0.007714,86.636,57.168,0.049783,3.9938,29.713,-0.019999,-0.006136,5.8864,0.13903,0.043014,4.7411,4.7411,5081.8,0.008233,0.015215,0.99449,0,12.386,6.3847,15.571,23.441,17.947,0
0.13534,0.43194,0.11487,1.2694,-38.77,0,0.13534,1.3151,1.1347,0.56806,0.14059,0.31742,0.11927,0.13534,1164.9,0.31333,2.3151,0.13534,0.11927,65.8,1.4002,0,0.11927,0.27761,0.5248,0.31333,0,0.2504,4.8411,0.37465,0.24461,161.55,2.2594,2.2302,0.20633,1.1347,60.34,0.57364,0.18183,0.048942,5043.3,0,167.38,101.58,0.66159,0.78964,77.507,-0.000003,-0.000003,1.253,0.42636,0.44259,1.2382,1.2504,7967,0.15105,0.23824,0.85475,0.009822,5.5471,3.5931,137.14,2.6614,2.4735,0
0.041663,0.57465,0.29713,1.5209,-4.628,0,0.054784,0.7402,2.2133,0.42535,0.069354,0.09605,0.026439,0.054784,3584.3,0.10183,1.7402,0.054784,0.024752,52.473,1.2705,0.069248,0.018824,0.15419,0.33049,0.078999,4.7528,2.2425,3.9817,0.2497,0.028815,97.108,3.7587,3.7307,0.069488,2.2133,,0.42535,0.031395,0.049844,0.26246,0.031287,138.37,85.898,0.13094,0.96307,54.174,0.065515,0.0296,1.5096,0.57037,0.26605,3.2103,3.2103,2848.4,0.031395,0.097949,0.97525,0,6.956,4.2492,94.06,3.8805,16.705,0
-0.063447,0.45607,0.48317,2.0594,40.77,-0.015626,-0.077264,0.95782,0.90724,0.43683,-0.077264,-0.16941,-0.06503,-0.077264,-3379.8,-0.10799,2.1926,-0.077264,-0.10201,188.04,1.0952,-0.077672,-0.083771,-0.006914,0.43683,-0.077699,-0.9304,7.9527,3.8687,0.4398,-0.10201,199.4,1.8305,-0.17031,-0.077672,0.7606,,0.43683,-0.10255,0.27316,-0.30193,-0.10255,392.6,204.56,-0.1626,1.2039,170.6,-0.10568,-0.13954,2.0594,0.45607,0.5463,7.19,7.19,3571.2,-0.10225,-0.14524,1.1022,0,1.941,1.7843,219.79,1.6607,12.466,0
-0.043161,0.91986,-0.31771,0.26715,-149.47,-0.10003,-0.043161,0.087098,0.8276,0.080118,0.038885,-0.09956,-0.052152,-0.043161,-7779,-0.046921,1.0871,-0.043161,-0.052152,10.212,0.70468,-0.015389,-0.052152,-0.22926,-0.12223,-0.046921,-0.48244,-0.35933,4.7192,1.1046,-0.013609,227.56,1.9544,0.92108,-0.012351,0.83601,0.20517,0.53174,-0.014924,0.038353,-1.9925,-0.018595,43.745,33.533,-1.864,0.091766,9.9754,-0.015389,-0.018595,0.12591,0.43352,0.51167,0.090615,0.6014,-16643,0.15978,-0.53872,0.84053,5.6369,35.741,10.885,191.2,1.909,0.93603,1
0.04701,0.66858,0.23175,1.3466,1.8367,0,0.05804,0.49594,4.4732,0.33157,0.064539,0.086811,0.018699,0.05804,2917.6,0.1251,1.4957,0.05804,0.012975,16.828,,0.064531,0.010509,0.05804,0.16407,0.10861,9.9291,2.3404,3.077,0.13803,0.012975,55.353,6.5941,6.5941,0.064531,4.4732,,0.33157,0.014426,0.081224,0.24726,0.014426,69.034,52.206,0.22795,0.38968,17.074,0.038928,0.008703,1.3466,0.66858,0.15165,3.3486,3.3486,276.71,0.014417,0.14178,0.98558,0,21.69,6.9916,54.555,6.6906,45.175,1
0.14007,0.34685,0.40461,2.459,21.44,-0.019787,0.13439,1.8007,1.0475,0.62456,0.13439,0.48463,0.061315,0.13439,556.29,0.65613,2.8831,0.13439,0.036209,18.175,1.0271,0.17243,0.037739,-0.018198,0.62456,0.6725,0.48664,1.272,4.4464,0.073951,0.036209,28.567,12.777,0.49712,0.17243,3.7539,7.1489,0.69409,0.046456,0.31263,0.042932,0.046456,58.534,40.359,0.75789,1.7926,19.039,0.079243,0.02135,1.9661,0.27731,0.078267,1.9635,2.1821,11308,0.045381,0.22428,0.95462,0.11134,20.082,9.0438,27.271,13.384,11.669,0
0.078393,0.42685,0.30837,1.7546,32.022,0,0.098189,1.3428,2.2162,0.57315,0.10693,0.24028,0.073259,0.098189,959.6,0.38037,2.3428,0.098189,0.044305,19.48,0.75647,0.1048,0.035372,0.40491,0.55291,0.33399,11.99,1.0897,3.426,0.10365,0.046661,70.187,5.2004,4.9787,0.091087,2.2162,32.907,0.59135,0.0411,0.49897,0.084207,0.047287,84.507,65.027,0.66277,1.4652,20.315,0.040629,0.018333,1.6798,0.40865,0.19229,2.0254,2.0897,822.4,0.0411,0.13677,0.95615,0.031745,18.737,5.613,67.302,5.4233,7.8319,0
0.088058,0.65867,0.22893,2.1424,14.02,0.20018,0.10833,0.50485,1.1166,0.33253,0.10833,0.54061,0.10322,0.10833,1512.8,0.24128,1.5182,0.10833,0.070365,41.569,1.5226,0.14692,0.057196,0.23005,0.33253,0.21049,1.0656,0.40115,5.3388,0.40285,0.070365,53.05,6.8803,0.22305,0.14692,1.544,0.5542,0.7908,0.095426,0.20114,0.10964,0.095426,92.225,50.656,0.50221,1.2674,46.418,0.09633,0.062569,0.6518,0.20039,0.14534,0.58269,1.3857,49951,0.10446,0.26481,0.89554,1.3781,8.7805,7.2055,47.508,7.6829,2.6978,0
0.033316,0.36838,0.26416,2.1572,51.898,0.092845,0.037873,1.5087,1.0483,0.55576,0.037873,0.16591,0.056656,0.037873,1537.5,0.2374,2.7146,0.037873,0.024536,13.516,1.031,0.057754,0.021584,0.11269,0.55576,0.22503,0.39222,0.52046,4.0863,0.21777,0.024536,56.585,6.4505,0.15678,0.057754,1.5504,3.1069,0.69586,0.037415,0.14946,0.11283,0.037415,108.38,94.86,0.58287,1.9068,14.169,0.008173,0.005295,1.3368,0.22828,0.15503,1.095,1.371,3222,0.046066,0.059947,0.95393,0.25209,27.005,3.8478,53.979,6.7619,3.0412,0
0.025475,0.20111,0.41654,4.9731,64.863,0.14085,0.035422,3.9079,1.0477,0.78591,0.035422,0.33786,0.080743,0.035422,676.02,0.53993,4.9725,0.035422,0.02634,52.292,1.1081,0.062487,0.018944,0.18135,0.78591,0.49047,0.48682,0.87028,4.5768,0.033814,0.02634,29.813,12.243,0.31071,0.062487,1.3511,3.4146,0.88217,0.046466,1.5397,0.048742,0.046466,97.699,45.406,0.13223,3.1354,54.787,-0.010674,-0.007938,2.5925,0.10484,0.081679,1.642,1.8431,15721,0.045527,0.032415,0.95447,0.12249,6.98,8.0386,28.455,12.827,2.8097,0
0.16299,0.74764,-0.063578,0.91496,-17.414,0.49302,0.20559,0.22929,1.0696,0.17142,0.20559,0.27499,0.066667,0.20559,990.35,0.36856,1.3375,0.20559,0.049742,9.9462,1.1369,0.26878,0.039435,0.62252,0.17142,0.31158,0.69555,-0.20123,5.2502,0.16935,0.049742,70.619,5.1686,0.3595,0.26878,4.1444,,0.17142,0.065029,0.073575,0.072564,0.065029,55.552,45.605,1.4472,0.76432,10.638,0.19882,0.048103,0.91496,0.74764,0.19348,0.54258,0.54258,-11312,0.065071,0.95082,0.93493,0,36.697,8.0035,66.024,5.5283,13.082,0
0.59349,0.13687,0.62555,5.5705,76.231,0,0.59349,6.3063,3.1926,0.86313,0.60127,4.3363,0.19548,0.59349,80.045,4.5599,7.3063,0.59349,0.1859,7.1165,1.0818,0.59393,0.1859,1.0042,0.86222,4.5599,76.426,2.633,3.5174,0.041663,0.1872,19.321,18.891,18.891,0.60699,3.1926,,0.86313,0.19012,0.1909,0.007305,0.18603,84.178,77.061,9.5344,5.1157,8.7872,0.56331,0.17644,5.5705,0.13687,0.052934,3.633,3.633,2058.9,0.19012,0.6876,0.81453,0,51.289,4.7365,15.648,23.326,13.438,0
0.006858,0.54974,0.12746,1.3565,-0.65058,0.017639,0.01073,0.70623,1.0039,0.38824,0.01073,0.030011,0.035672,0.01073,2660,0.13722,1.8191,0.01073,0.005074,22.175,1.2258,0.028496,0.003243,0.027679,0.38824,0.13017,0.13529,0.24751,5.1529,0.25863,0.005074,61.958,5.891,0.051836,0.028496,2.1408,1.8552,0.58043,0.013476,0.015394,0.19393,0.013476,82.766,60.591,0.05338,0.99718,22.263,-0.036206,-0.017122,0.88226,0.35755,0.16975,0.75388,1.1271,18126,0.003929,0.017664,0.99607,0.49502,16.46,6.024,61.715,5.9143,4.1062,0
0.11609,0.38526,0.5729,2.487,68.184,0.55635,0.14861,1.5736,1.0683,0.60625,0.14861,0.38573,0.062962,0.14861,860.12,0.42436,2.5956,0.14861,0.057231,15.95,0.93365,0.15773,0.044707,0.69894,0.60625,0.33995,0.64897,13.694,4.3486,0.12749,0.057231,57.857,6.3087,0.40941,0.15773,2.6259,,0.60625,0.060745,0.14571,0.073379,0.060745,126.8,110.85,1.0231,2.1925,17.04,0.14285,0.055013,2.487,0.38526,0.15851,14.491,14.491,12783,0.063975,0.19148,0.93603,0,22.884,3.2929,54.155,6.7399,62.068,0
0.059428,0.12177,0.31498,3.5867,57.558,0.16782,0.075139,7.1139,1.0668,0.86625,0.075139,0.61706,0.15975,0.075139,240.1,1.5202,8.2123,0.075139,0.064843,50.022,1.0656,0.069917,0.051285,0.20854,0.86625,1.3912,0.64369,0.55923,4.7635,0.016125,0.064843,40.919,8.9202,0.57418,0.069917,1.1745,,0.86625,0.060337,0.84734,0.022254,0.060337,105.07,55.049,0.37421,2.2826,53.364,-0.04006,-0.034571,3.5867,0.12177,0.11211,1.538,1.538,18274,0.062633,0.068603,0.93737,0,7.2968,6.6304,38.356,9.5162,2.0573,0
-0.061731,0.14306,0.079994,1.5738,-1.6392,0.071089,-0.070893,4.6995,0.94008,0.67231,-0.070893,-0.50848,-0.00107,-0.070893,-48885,-0.007467,6.9901,-0.070893,-0.070998,29.544,0.91804,-0.069777,-0.061823,0.089147,0.67231,0.056575,-0.65694,0.10248,4.521,0.10622,-0.070998,47.91,7.6184,-0.48775,-0.069777,1.0204,38.083,0.67595,-0.069881,0.29182,99.423,-0.069881,65.333,35.789,-0.76379,0.99406,27.774,-0.1396,-0.13981,1.5337,0.13942,0.13126,0.86128,0.86595,2654.8,-0.063736,-0.09182,1.0637,0.005413,12.355,10.199,50.964,7.1619,1.2792,0
0.13454,0.3237,0.30278,1.9354,4.3706,0.36992,0.16741,1.9498,1.102,0.63114,0.16741,0.51716,0.11688,0.16741,535.13,0.68207,3.0892,0.16741,0.088618,53.667,1.1259,0.17842,0.07122,0.44797,0.63114,0.58054,1.0409,0.81063,4.7809,0.15413,0.088618,68.928,5.2954,0.55118,0.17842,1.8963,,0.63114,0.094449,0.11554,0.045911,0.094449,113.82,60.155,0.48438,1.0773,59.143,0.12504,0.066189,1.9354,0.3237,0.18884,1.6897,1.6897,18280,0.092597,0.21317,0.9074,0,6.8013,6.0677,62.545,5.8358,5.0575,0
-0.6233,0.87148,0.12197,1.5341,-4.8109,-0.54598,-0.60351,0.14748,0.42344,0.12852,-0.47347,-2.643,-1.4028,-0.60351,-535.5,-0.6816,1.1475,-0.60351,-1.4253,48.619,1.2334,-0.47347,-1.472,-0.62209,0.12852,-0.70431,-3.6409,0.18773,6.3165,2.0581,-1.4253,320.94,3.3725,0.88366,0.16375,0.42344,0.45699,0.77166,0.38671,0.30178,-0.062612,-1.1182,242.57,193.95,-11.051,1.2871,26.733,-0.48299,-1.1406,0.40197,0.22834,0.29651,0.19782,1.1877,1.5341,0.38671,0,2.1068,5.004,7.5074,1.882,196.83,1.8544,0.65175,0
0.38562,0.10482,0.80381,20.755,,0,0.38562,8.5404,0.90229,0.89518,0.3857,9.4771,0.42738,0.38562,99.212,3.679,9.5404,0.38562,0.42738,217.38,1.379,0,0.42738,0.76318,0.79914,3.679,0,5.1693,4.0261,-0.16261,0.85476,,0,0,0.001578,0.90229,,0.89518,0.001749,6.2235,,0,239.19,21.81,0.71762,7.5485,,0,0,8.0569,0.04069,,5.7569,5.7569,8536,1,0.43077,0.007356,0,1.6791,16.736,16.46,22.175,5.8026,0
0.046726,0.16305,0.051877,1.3266,18.263,0.03467,0.046726,5.133,0.55017,0.83695,0.046849,0.29418,0.09725,0.046726,1112.3,0.32814,6.133,0.046726,0.084931,16.514,0.99728,0.046824,0.084931,0.15041,0.83681,0.32814,379.65,0.065727,4.1721,0.29421,0.084946,114.49,3.188,3.1055,0.043801,0.55017,,0.83695,0.079615,0.017821,0.1014,0.08511,137.92,121.4,1.8772,1.1699,17.942,0.040047,0.072791,1.2923,0.15883,0.31368,1.0604,1.0604,770.99,0.079615,0.055829,0.91563,0,22.103,3.0065,105.38,3.4638,0.69704,0
0.16934,0.16025,0.75787,8.2309,80.311,0,0.22674,5.2404,3.6911,0.83975,0.22776,2.1634,0.061429,0.22674,257.96,1.415,6.2404,0.22674,0.061429,0,1.1242,0.22111,0.045877,0.42141,0.53727,1.0567,217.55,5.5188,2.2183,-0.039985,0.061488,11.261,32.413,21.2,0.29395,3.6911,,0.83975,0.079638,2.9371,0.024158,0.059902,54.865,54.865,,8.2309,0,0.22111,0.059902,5.3834,0.10481,0.030852,6.1151,6.1151,125.28,0.079638,0.20165,0.93871,0,,6.6527,10.364,35.218,26.879,0
0.05396,0.18105,0.60543,4.3439,39.769,0.16663,0.068017,4.4213,1.0308,0.80049,0.068017,0.37567,0.033731,0.068017,623.52,0.58539,5.5232,0.068017,0.021646,31.524,1.293,0.086709,0.017173,0.21584,0.80049,0.50775,0.28445,2.8354,4.3874,0.04208,0.021646,21.679,16.837,0.47891,0.086709,3.1431,,0.80049,0.027595,0.27793,0.047742,0.027595,85.513,53.989,0.19883,2.845,32.495,0.048738,0.015511,4.3439,0.18105,0.059395,3.749,3.749,14773,0.029867,0.067409,0.97013,0,11.578,6.7607,21.032,17.355,14.716,0
0.073602,0.18486,0.63487,4.7392,89.417,0,0.097249,4.4094,1.3042,0.81514,0.1003,0.57277,0.10753,0.097249,481.15,0.75859,5.4094,0.097249,0.074567,86.996,1.0044,0.091346,0.056436,0.1529,0.81378,0.63068,29.891,3.25,4.6449,-0.06838,0.07691,49.928,7.3105,6.7143,0.062958,1.3042,146.97,0.8185,0.048274,1.7696,0.045872,0.070041,141.11,54.116,0.23678,2.9084,91.409,0.048359,0.03708,4.3527,0.16979,0.13679,4.1728,4.19,28028,0.048274,0.090295,0.92862,0.004122,4.1956,6.7448,47.518,7.6814,6.6763,0
0.13449,0.40581,0.24119,1.7913,3.2043,0,0.161,1.4642,1.2259,0.59419,0.16372,0.52819,0.17407,0.161,694.12,0.52584,2.4642,0.161,0.13133,67.659,0.99271,0.14577,0.1097,0.40335,0.57976,0.4605,53.676,0.53128,4.5432,0.29978,0.13352,99.115,3.6826,2.7662,0.1034,1.2259,30.83,0.60453,0.084343,0.14016,0.068263,0.11891,149.85,82.188,0.5918,1.0458,73.891,0.093385,0.076175,1.3455,0.30482,0.27155,1.3088,1.3316,8424.1,0.084343,0.22633,0.87535,0.017401,5.3947,4.441,90.756,4.0218,2.7004,0
-0.25828,2.9258,-2.3507,0.1527,-1175.3,-1.7742,-0.25828,-0.65821,0.80812,-1.9258,-0.17173,-0.093096,-0.078339,-0.25828,-16869,-0.021637,0.34179,-0.25828,-0.31961,184.29,0.8005,-0.17174,-0.31961,-0.965,-2.0324,-0.021637,-1.9844,-4.0786,2.6719,3.614,-0.21251,973.68,0.37487,0.35547,-0.2319,0.80812,,-1.9258,-0.28696,0.001905,4.198,-0.21252,188.96,4.6677,-0.633,0.00563,143.2,-0.36672,-0.45379,0.1448,2.7744,2.6676,-3.3414,-3.3414,-1104.3,-0.28696,0.13412,1.2975,0,1.9805,78.197,1253.1,0.29128,1.4021,0
0.000266,0.50739,0.10117,1.3048,-8.2801,0,0.000266,0.97087,1.2252,0.49261,0.001974,0.000801,0.034813,0.000266,4341.9,0.084065,1.9709,0.000266,0.000217,35.731,0.9907,0,0.000217,0.074929,0.48605,0.084065,0,0.17847,3.8824,0.35464,0.00238,133.25,2.7393,1.792,0.11825,1.2252,,0.49261,0.09651,0.22306,0.39901,0,106.97,71.235,0.002217,0.94345,48.148,-0.042388,-0.034596,0.8536,0.33193,0.36506,0.86896,0.86896,771.69,0.25788,0.00054,0.74351,0,10.215,5.1239,98.884,3.6912,2.1613,0
-0.079115,0.74586,0.0216,1.029,-85.664,0.3174,-0.086334,0.30514,0.94365,0.22759,-0.086334,-0.11575,-0.013681,-0.086334,-11447,-0.031886,1.3407,-0.086334,-0.049663,89.265,0.69864,-0.086812,-0.04551,0.42821,0.22759,-0.022207,-0.47124,0.092885,4.242,0.4247,-0.049663,147.78,2.4699,-0.11639,-0.086812,1.7668,,0.22759,-0.049938,0.036859,-1.0108,-0.049938,155.37,66.1,-0.18609,0.45895,84.235,-0.14936,-0.08592,1.029,0.74586,0.40487,0.97869,0.97869,377.13,-0.05971,-0.34763,-0.08592,0,4.0889,5.5219,156.6,2.3307,7.4756,0
-0.17814,0.42336,0.19341,1.5188,5.2049,0,-0.23418,1.362,10.117,0.57664,-0.23309,-0.62814,-0.020126,-0.23418,-758.93,-0.48094,2.362,-0.23418,-0.023147,0,1.183,-0.24924,-0.017608,-0.25112,0.46491,-0.34859,-228.8,0.44587,2.7757,0.007081,-0.023076,12.587,28.998,25.535,-0.6938,10.117,36.868,0.592,-0.068579,1.0442,-0.064534,-0.024636,6.3837,6.3837,,1.5188,0,-0.2798,-0.027657,1.3374,0.37281,0.034486,1.3293,1.3647,115.4,-0.068579,-0.30893,1.0212,0.026634,,57.177,13.45,27.137,23.322,0
0.11166,0.27585,0.15552,1.8334,-21.089,0.22824,0.13856,2.4345,1.1512,0.67154,0.13856,0.74253,0.19469,0.13856,452.26,0.80705,3.6252,0.13856,0.12117,65.963,1.1063,0.15549,0.097645,0.28404,0.67154,0.70953,1.5653,0.23639,4.8299,0.21284,0.12117,68.568,5.3232,0.56368,0.15549,1.1587,1.5179,0.76079,0.13598,0.18538,0.037858,0.13598,98.162,32.2,0.54031,0.72597,75.935,0.071424,0.062462,1.2403,0.1866,0.18786,1.0208,1.1564,10513,0.13132,0.16627,0.86868,0.13289,5.5334,11.336,59.563,6.128,1.7381,0
0.17291,0.51071,-0.067107,0.85159,-33.964,0.5531,0.17291,0.81955,1.0711,0.41855,0.17291,0.38238,0.15615,0.17291,615.28,0.59322,1.9581,0.17291,0.089116,16.538,1.3795,0.18258,0.089116,0.5531,0.41855,0.59322,1.0079,-0.10913,4.3958,0.25651,0.089116,91.115,4.0059,0.35749,0.18258,2.0062,5.0765,0.47709,0.0941,0.036796,0.053706,0.0941,69.31,52.772,1.9668,0.65717,17.715,0.052513,0.027066,0.75398,0.45218,0.24963,0.68065,0.77584,-1669.3,0.066407,0.4131,0.93359,0.13985,22.07,6.9166,85.064,4.2909,3.1552,0
0.040104,0.2056,0.34293,4.0329,442.82,0,0.033808,3.8638,0.34061,0.7944,0.035677,0.299,0.15053,0.033808,1463.6,0.24938,4.8638,0.033808,0.099258,106.24,1.1435,0.024418,0.11774,0.083542,0.54288,0.28,13.07,0.63039,5.0846,-0.14077,0.1025,193.69,1.8992,1.0445,0.12753,0.34061,8.4362,0.8367,0.37442,2.2705,0.16363,0.071689,213.55,107.31,0.40453,3.1561,168.5,0.006954,0.020417,2.2179,0.11307,0.52654,1.4603,1.5381,4.0329,0.37442,0.050484,0.60857,0.05325,3.4357,3.4013,121.17,3.0124,0.62613,0
0.22238,0.49951,0.18799,2.0738,34.422,0.67774,0.27241,0.95653,1.3843,0.47779,0.27241,1.556,0.26682,0.27241,622.43,0.58641,2.002,0.27241,0.24814,31.032,1.0414,0.30741,0.20257,0.83749,0.47779,0.48626,3.8763,0.29514,4.6125,0.37824,0.24814,80.578,4.5298,0.61542,0.30741,1.1438,0.83138,0.80223,0.28002,0.60012,0.050081,0.28002,85.78,54.748,2.3827,1.5407,42.957,0.2869,0.26134,0.72684,0.17507,0.22076,0.75014,1.2595,7702.7,0.27761,0.46544,0.72239,0.67903,11.762,6.6669,58.208,6.2706,1.7235,0
0.075559,0.35156,0.08754,1.3352,-38.986,0.061354,0.094304,1.8445,1.6976,0.64844,0.11026,0.36113,0.07604,0.094304,994.04,0.36719,2.8445,0.094304,0.055551,49.386,1.2641,0.10312,0.044509,0.36197,0.5332,0.31387,6.4618,0.1344,5.7102,0.20709,0.055551,62.239,5.9054,4.3865,0.16618,1.6976,1.3159,0.73887,0.097891,0.076292,0.084975,0.060746,70.684,21.298,0.32895,0.45563,54.366,0.06834,0.040257,0.99181,0.26113,0.16934,0.99558,1.1344,1.3352,0.097891,0,0.90926,0.13944,7.3907,17.138,56.146,6.5009,2.6064,0
0.18684,0.31767,0.47164,2.4847,33.023,0,0.23066,2.1479,5.0168,0.68233,0.25894,0.72612,0.061515,0.23066,375.71,0.97148,3.1479,0.23066,0.045978,1.8599,1.4068,0.23831,0.037242,0.26761,0.62463,0.83352,8.4292,2.2386,3.2388,0.022565,0.04752,23.782,15.348,15.348,0.1413,5.0168,,0.68233,0.028164,0.66249,0.033482,0.047503,42.115,40.255,7.3088,2.4042,1.9138,0.16037,0.031966,2.4847,0.31767,0.065155,3.2386,3.2386,817.44,0.028164,0.27382,0.95508,0,196.25,9.0673,23.112,15.793,23.811,0
-0.086221,0.33788,0.42834,2.2677,-29.843,-0.1937,-0.10469,1.8216,0.93285,0.61549,-0.10469,-0.30985,-0.028529,-0.10469,-2663.2,-0.13705,2.9596,-0.10469,-0.064499,126.87,0.94618,-0.095003,-0.053118,-0.24049,0.61549,-0.08238,-0.54598,1.8322,3.4995,0.19911,-0.064499,70.876,5.1498,-0.28117,-0.095003,1.6534,,0.61549,-0.058528,0.053905,-0.30337,-0.058528,168.2,41.328,-0.15281,0.59785,118.35,-0.15339,-0.094498,2.2677,0.33788,0.19418,2.6328,2.6328,1353,-0.071982,-0.14008,1.072,0,2.8769,8.8317,75.978,4.804,6.9433,0
0.062309,0.2482,0.1322,2.3231,-18.123,0,0.076968,3.029,0.71092,0.7518,0.10034,0.77027,0.15005,0.076968,849.29,0.42977,4.029,0.076968,0.10827,81.418,1.242,0.10027,0.087647,0.29696,0.68994,0.37071,4.2907,0.17217,3.6857,0.28069,0.11505,59.337,6.1513,2.4765,0.09626,0.71092,0.521,0.89297,0.1354,0.51767,0.063654,0.14105,92.622,11.203,0.39292,0.73605,94.169,0.07057,0.099266,0.93524,0.099923,0.16257,0.97907,1.1629,641.14,0.1354,0.08288,0.89262,0.18777,4.483,32.58,51.303,7.1146,0.92583,0
0.033089,0.94737,-0.064852,0.93154,-37.173,-0.18549,0.054154,0.055557,1.9944,0.052633,0.091373,0.057163,0.044696,0.054154,3879.1,0.094093,1.0556,0.054154,0.027153,19.741,1.9822,0.091038,0.016591,-0.04937,-0.096482,0.071858,2.446,-0.55201,4.0026,0.25929,0.028168,196.61,1.8564,1.8564,0.23567,1.9944,,0.052633,0.11817,0.4597,0.25058,0.045647,81.809,62.068,0.30676,0.81768,22.387,0.056051,0.028104,0.93154,0.94737,0.53867,0.448,0.448,-652.38,0.11817,0.62868,0.97314,0,18.489,5.8807,173.38,2.1052,16.976,0
-0.30902,0.76763,-0.0615,0.91988,-18.324,0,-0.30902,0.30271,2.6286,0.23237,-0.30902,-0.40257,-0.10201,-0.30902,-1044.9,-0.3493,1.3027,-0.30902,-0.11756,12.794,,-0.30902,-0.11756,-0.30902,0.23237,-0.3493,,-0.20928,2.2493,0.29183,-0.11756,91.586,3.9853,3.9853,-0.43062,2.7502,,0.23237,-0.16382,0.00066,-0.095428,-0.11756,97.979,85.185,-3.3539,0.12069,10.993,-0.34991,-0.13311,0.91988,0.76763,0.25092,0.79072,0.79072,-10.92,-0.16382,-1.3299,1.1124,0,28.529,4.2848,106.59,3.4244,8.9448,1
0.018477,0.85116,0.067039,1.1501,-53.083,0,0.018477,0.17486,1.8755,0.14884,0.079834,0.041367,0.14667,0.018477,1129.4,0.32317,1.1749,0.018477,0.009852,42.169,1.3344,0,0.009852,0.14528,-0.005882,0.32317,0,0.13785,4.3806,0.42819,0.019704,126.15,2.8934,1.5184,0.010757,1.8755,0.7343,0.55334,0.005736,0.11466,0.11057,0,90.009,47.84,0.085277,0.66499,61.194,-0.25659,-0.13682,0.60353,0.44666,0.34561,0.30606,1.1379,1610.4,0.31089,0.12414,0.72184,2.7177,8.6557,7.6297,86.929,4.1988,3.8566,0
-0.2517,0.3122,0.11086,1.4246,,0,-0.2517,2.203,0.59182,0.6878,-0.23334,-0.96407,-0.4253,-0.2517,-452.74,-0.80621,3.203,-0.2517,-0.4253,116.93,0.70823,0,-0.4253,-0.23907,0.19932,-0.80621,0,0.17651,3.9505,0.4881,-0.84834,,0,0,0.1088,0.59182,3.7571,0.73633,0.18383,0.16227,,0,203.26,86.331,-1.3275,0.69842,,0,0,1.1913,0.26108,,1.0951,1.1724,989.2,1,-0.36595,0.043557,0.070563,3.1215,4.2279,161.02,2.2668,0.9423,0
0.040647,0.55319,0.13166,1.4333,-8.7768,0.096106,0.051723,0.78601,1.0304,0.43481,0.051723,0.17022,0.055971,0.051723,2028.7,0.17992,1.8077,0.051723,0.029087,35.161,1.051,0.076342,0.022858,0.12487,0.43481,0.1599,0.44237,0.23324,4.8902,0.27518,0.029087,64.269,5.6793,0.138,0.076342,1.8203,1.0598,0.68414,0.042931,0.21425,0.14649,0.042931,76.032,40.871,0.23728,0.86953,36.231,0.028534,0.016046,0.7873,0.30387,0.17608,0.7703,1.212,10223,0.029526,0.093481,0.97047,0.5734,10.381,8.9306,62.371,5.8521,3.1503,0
-0.073179,0.84717,-0.23205,0.69354,-170.77,-0.3512,-0.077814,0.14509,0.96633,0.12292,-0.077814,-0.10277,-0.024789,-0.077814,-11009,-0.033154,1.1804,-0.077814,-0.068675,68.794,1.4001,-0.02088,-0.064584,-0.35248,0.12292,-0.027683,-0.17807,-0.48866,4.9221,0.74271,-0.068675,235.7,1.5486,-0.024647,-0.02088,1.2305,3.4623,0.21291,-0.018428,0.12235,0.96551,-0.018428,139.32,70.526,-0.34266,0.41149,66.478,-0.070607,-0.062314,0.61987,0.75718,0.64575,0.25885,0.44836,-19394,-0.034843,-0.59534,1.0348,0.73211,5.3057,5.1754,243.91,1.4964,2.3861,0
0.040727,0.80758,-0.065682,0.84601,-30.552,0.031516,0.05388,0.23827,1.4403,0.19242,0.089644,0.12632,0.07369,0.05388,2777.2,0.13143,1.2383,0.05388,0.037408,13.202,1.1045,0.070817,0.028276,0.13315,0.17763,0.11514,1.9801,-0.10277,3.909,0.55259,0.042435,107.23,3.4039,1.7979,-0.011614,1.4403,1.3366,0.42344,-0.008063,0.029717,0.21872,0.049167,88.236,75.035,0.78179,0.72388,13.096,0.018559,0.012885,0.44685,0.42655,0.29378,0.30107,0.66252,-532.65,-0.008063,0.21165,0.96507,1.2006,27.648,4.8644,108.09,3.3767,2.2536,0
-0.16655,0.95626,0.17582,1.4049,-53.642,-0.14478,-0.18373,-0.08201,0.95988,-0.078423,-0.18373,-0.42315,-0.088666,-0.18373,-2657.3,-0.13736,1.0457,-0.18373,-0.12402,96.091,0.93586,-0.078909,-0.11243,-0.16052,-0.078423,-0.11939,-0.51129,0.45084,4.3008,0.64295,-0.12402,102.69,3.5544,-0.082519,-0.078909,1.5122,0.42144,0.44364,-0.053266,0.027088,-1.1851,-0.053266,147.4,51.311,-0.42705,0.50672,92.236,-0.13129,-0.088625,0.63792,0.4342,0.28134,-0.20109,1.1376,3514.6,-0.041795,2.1238,1.0418,-6.657,3.7985,7.1135,106.98,3.4118,3.7987,0
0.12527,0.38865,0.057325,1.3066,-45.787,0.024156,0.13747,1.573,0.70578,0.61135,0.14904,0.73532,0.23078,0.13747,870.92,0.41909,2.573,0.13747,0.19478,54.011,0.98718,0.064848,0.1775,0.20128,0.60404,0.38771,5.608,0.075855,5.1275,0.55067,0.19478,127.68,2.9118,1.4007,0.17132,0.70578,0.69334,0.81305,0.24274,0.094313,0.14353,0.091882,117.21,63.203,1.1995,0.74801,70.024,0.03944,0.055881,0.62854,0.18695,0.34343,0.80897,1.0759,1.3066,0.24274,0.20491,0.70341,0.32991,6.7579,5.7751,96.686,3.7751,0.93391,0
0.005067,0.51561,-0.14691,0.68868,-60.626,0.013508,0.004736,0.89703,1.0117,0.46251,0.004736,0.010036,0.026016,0.004736,3643.6,0.10018,1.9395,0.004736,0.002386,30.133,1.6199,0.038297,0.002552,0.014129,0.46251,0.10082,0.19514,-0.21765,4.9976,0.25836,0.002386,87.767,4.1587,0.074275,0.038297,2.0129,3.6854,0.50622,0.01929,0.030608,0.19893,0.01929,57.092,26.959,0.030916,0.34135,30.484,-0.008619,-0.004341,0.6303,0.4719,0.24046,0.68519,0.74994,-14612,0.011516,0.010956,0.98848,0.094501,12.113,13.539,86.757,4.2072,2.9412,0
0.25079,0.67863,-0.13089,0.71974,-89.903,-0.21709,0.30867,0.47337,1.6717,0.32125,0.39944,0.66092,0.28303,0.30867,523.53,0.69719,1.4736,0.30867,0.18465,42.762,1,0.3823,0.15003,0.61734,0.29683,0.61191,4.2115,-0.1972,3.9133,0.39878,0.20952,113.87,3.2316,2.224,0.17448,1.9089,0.68844,0.52503,0.10438,0.045195,0.041373,0.22869,68.786,26.023,1.2805,0.46454,47.364,0.21783,0.1303,0.49532,0.46703,0.30944,0.484,0.79102,-1072,0.10445,0.78069,0.79067,0.63436,8.5355,14.026,101.97,3.5793,2.5186,1
-0.066916,0.61298,0.015547,1.0847,-37.263,-0.10459,-0.070878,0.43735,1.0386,0.26809,-0.070878,-0.38622,0.002019,-0.070878,195870,0.001864,1.6314,-0.070878,-0.1253,39.862,1.0698,-0.009468,-0.11829,-0.11127,0.26809,0.008328,-0.17382,0.019412,5.1265,1.0396,-0.1253,122.98,2.968,-0.015446,-0.009468,0.57731,0.31967,0.69755,-0.016737,0.15044,0.32217,-0.016737,110.63,70.769,-1.0831,0.74808,41.399,-0.081489,-0.14405,0.32475,0.18352,0.33693,0.33472,0.87093,2080.4,0.03712,-0.2496,0.96288,1.6019,9.1565,5.1576,118.41,3.0824,0.70628,0
-0.10858,0.20944,0.5718,3.7301,59.197,-0.34186,-0.10776,3.7473,0.93082,0.78485,-0.10776,-0.5145,-0.018045,-0.10776,-2588.7,-0.141,4.7745,-0.10776,-0.065844,65.227,1.0151,-0.11612,-0.066346,-0.3314,0.78485,-0.14492,-0.66045,2.6139,3.7252,0.040606,-0.065844,43.48,8.3946,-0.55442,-0.11612,1.6612,,0.78485,-0.070954,0.69744,-0.18172,-0.070954,141.66,76.433,-0.37126,2.3337,60.715,-0.19435,-0.11875,3.7301,0.20944,0.11912,3.5878,3.5878,3036.8,-0.074319,-0.13834,1.0743,0,5.5958,4.7754,46.712,7.8139,7.4812,0
-0.25535,0.47484,0.378,7.7523,1352.4,0.57496,-0.25535,1.106,0.028962,0.52516,-0.25534,-4.5614,-7.826,-0.25535,-764.67,-0.47733,2.106,-0.25535,-8.8166,48.467,0.39817,-0.2565,-8.8166,-0.37288,0.51182,-0.47733,-22025,0.66782,3.5773,8.2652,-8.8162,162.56,2.2453,0.26471,-0.096731,0.028962,1.0269,0.94402,-3.3399,4.38,-0.06948,-8.8563,2379.2,2330.7,-66.397,7.6836,11.168,-0.28519,-9.8469,0.91394,0.055981,0.44537,0.92781,1.6678,1428.1,-3.3399,-0.48623,2.5017,0.79759,7.5309,0.1566,705.51,0.51736,0.051168,0
-0.00473,0.99821,-0.02658,0.97156,-39.908,-0.18661,-0.000569,0.001796,2.7517,0.001793,0.040631,-0.000609,0.012564,-0.000569,10538,0.034635,1.0018,-0.000569,-0.000207,33.975,1.0526,0.040631,-0.001719,-0.18142,-0.033593,0.030467,0.98619,-0.28865,3.1501,0.34004,0.013915,120.55,3.0278,2.8345,-0.077752,2.7517,,0.001793,-0.028256,0.095858,0.43912,0.014766,108.55,74.573,-0.018466,0.69747,33.041,0.005489,0.001995,0.90955,0.9345,0.33027,0.019468,0.019468,-37.557,-0.028256,-2.6384,1.0002,0,10.743,4.8945,123.96,2.9446,29.883,0
0.080991,0.31209,0.54395,2.7429,-5.9416,0,0.10315,2.2042,1.6323,0.68791,0.12798,0.33052,0.082814,0.10315,842.72,0.43312,3.2042,0.10315,0.063197,115.55,1.0393,0.12798,0.049619,0.39328,0.67576,0.36211,5.1552,3.7785,3.6143,0.13369,0.063293,75.644,4.8252,4.8252,0.12633,1.6323,,0.68791,0.077395,0.46595,0.06502,0.078406,158.91,43.356,0.15674,1.0872,125.24,0.095958,0.058789,2.7429,0.31209,0.20724,4.7785,4.7785,2238.1,0.077395,0.11774,0.93693,0,3.1588,8.4186,69.789,5.23,11.338,0
0.14259,0.63192,-0.041953,0.92425,-41.218,0.56043,0.14259,0.57325,1.1532,0.36225,0.14259,0.25746,0.14399,0.14259,1158.9,0.31495,1.5825,0.14259,0.10316,20.787,1.1961,0.16983,0.10316,0.56043,0.36225,0.31495,1.4169,-0.085947,4.3181,0.45471,0.10316,168.65,2.1642,0.26875,0.16983,1.3944,5.5466,0.44035,0.12287,0.024414,0.091822,0.12287,131.6,110.81,1.8114,0.78212,23.971,0.11339,0.082038,0.81003,0.55383,0.46207,0.74213,0.90212,-872.76,0.13284,0.39362,0.86716,0.21558,17.559,3.2938,146.25,2.4957,2.8316,0
0.035337,0.68802,-0.12005,0.69043,-90.048,-0.17773,0.040714,0.45346,1.3696,0.31198,0.085686,0.10499,0.029727,0.040714,6168,0.059176,1.4535,0.040714,0.029727,47.114,1.2387,0.085418,0.025801,0.9445,0.21395,0.051361,1.8994,-0.16395,4.0964,0.50206,0.06104,113.74,3.2342,1.823,-0.020173,1.3696,0.4275,0.52476,-0.014729,0.04455,0.26849,0.062367,66.751,19.637,0.19989,0.23456,51.448,0.085418,0.062367,0.38916,0.3878,0.3092,0.42606,0.71664,-1499,0.091339,0.11327,0.9486,0.68201,7.7472,18.587,103.35,3.5317,1.8704,1
0.018342,0.55185,0.41851,1.7639,-4.6153,0,0.022752,0.8121,0.75146,0.44815,0.04601,0.04153,0.045468,0.022752,5895.2,0.061915,1.8121,0.022752,0.030277,32.426,1.045,0.031611,0.024409,0.16632,0.41501,0.053924,1.3592,12.439,4.4191,0.54425,0.033716,284.98,1.2808,1.2715,0.049784,0.75146,248.88,0.45177,0.06625,0.91897,0.42752,0.042067,224.84,192.41,0.27476,1.642,34.727,0.020196,0.026876,1.7511,0.54785,0.78077,13.32,13.428,10985,0.06625,0.040929,0.97135,0.008066,11.256,1.897,266.1,1.3717,22.335,0
0.17026,0.44005,0.55995,2.2725,122.18,-0.14186,0.17026,1.2725,2.2459,0.55995,0.17026,0.38692,0.07581,0.17026,943.35,0.38692,2.2725,0.17026,0.07581,0,0.80897,0,0.07581,0.16854,0.36749,0.38692,,,2.5507,0.000874,0.15812,97.349,3.7494,3.7494,0.000003,2.2459,,0.55995,0.000001,0.99554,,0,91.322,91.322,,2.2725,0,0,0,2.2725,0.44005,0.26671,,,199,0.26537,0.30406,0.73463,0,,3.9968,71.516,5.1038,,0
0.16194,0.17144,0.40744,3.3766,195.47,0.41706,0.21891,4.2137,1.2467,0.72237,0.21891,1.2769,0.29423,0.21891,264.18,1.3816,5.8331,0.21891,0.27193,6.8622,1.469,0.14245,0.20116,0.53967,0.72237,1.0494,2.2061,0.96751,5.0422,-0.020743,0.27193,96.907,3.7665,0.83092,0.14245,0.9157,,0.72237,0.17695,1.3975,0.035138,0.17695,153.84,146.97,10.7,3.2884,8.5553,0.1245,0.15465,3.3766,0.17144,0.2655,1.7154,1.7154,44897,0.1979,0.22418,0.8021,0,53.19,2.4834,77.728,4.6958,1.9116,0
0.028172,0.33658,0.19661,1.9555,-26.43,-0.004212,0.028172,1.9539,0.99337,0.65766,0.028172,0.13692,0.063625,0.028172,1545.1,0.23622,2.971,0.028172,0.022544,81.911,1.2082,0.036798,0.022544,-0.002176,0.65766,0.23622,0.29251,0.32898,4.6957,0.25616,0.022544,59.699,6.114,0.10933,0.036798,1.2983,0.93195,0.78849,0.029446,0.10314,0.12555,0.029446,111.32,29.413,0.10046,0.59255,81.368,-0.014539,-0.011635,1.1954,0.20576,0.16356,1.1004,1.3193,9756.2,-0.006674,0.042837,1.0067,0.19893,4.456,12.41,60.098,6.0734,2.091,0
0.088955,0.52079,0.25,1.6057,57.151,0,0.1083,0.92017,1.3105,0.47921,0.13407,0.26237,0.1508,0.1083,961.83,0.37948,1.9202,0.1083,0.082638,14.308,1.0784,0.11568,0.067879,0.3293,0.33419,0.34234,4.4885,0.74134,4.3047,0.27589,0.096745,123.92,2.9454,2.3345,0.094738,1.3105,5.8842,0.58312,0.072292,0.43376,0.084674,0.088275,134.73,120.42,1.7316,1.4812,15.423,0.026351,0.020107,1.2726,0.41276,0.33951,1.421,1.7291,5042.2,0.072292,0.18563,0.92012,0.21682,25.51,3.0311,114.96,3.1749,3.886,0
0.024392,0.023691,0.76688,33.37,226.27,0,0.030821,41.21,0.73651,0.97631,0.031416,1.3009,0.079717,0.030821,147.28,2.4783,42.21,0.030821,0.041847,162.5,1.1488,0.016921,0.033119,0.18453,0.46283,2.2069,28.438,3.6618,2.8767,-0.2749,0.041847,11.974,30.483,30.483,0.014348,0.73651,,0.97631,0.019482,9.6566,0.017622,0.022975,278.42,115.92,0.07439,19.53,165.73,-0.010971,-0.014896,33.37,0.023691,0.032806,4.6618,4.6618,577.39,0.019482,0.024984,0.96021,0,2.2462,3.1488,11.741,31.088,3.5167,0
-0.13335,1.1292,-0.32827,0.69571,-317.54,-0.12099,-0.13335,-0.11487,0.90187,-0.12971,-0.084651,-0.12361,-0.14786,-0.13335,-3090.8,-0.11809,0.88556,-0.13335,-0.14786,225.96,1.1144,-0.084665,-0.14786,-0.22865,-0.13317,-0.11809,-1.7385,-1.3182,3.1605,1.2255,-0.14785,422.67,0.93425,0.89252,-0.10567,0.92287,,-0.12971,-0.11716,0.02451,-0.44459,-0.093877,293.05,67.084,-0.23884,0.54206,202.2,-0.084665,-0.093877,0.66463,1.0788,1.0704,-0.52087,-0.52087,-475,-0.03295,1.0281,1.0094,0,1.6153,5.4409,436.6,0.836,3.6216,1
0.096386,0.48346,0.24367,1.7828,-40.812,0,0.12298,1.0684,1.2789,0.51654,0.19145,0.3951,0.13052,0.12298,1057.1,0.34527,2.0684,0.12298,0.096159,98.979,1.4485,0.19142,0.075365,0.31967,0.42517,0.29026,2.7957,0.54748,4.8145,0.37744,0.10855,99.596,3.6648,2.3595,0.13821,1.2789,1.2092,0.68865,0.10807,0.070487,0.068471,0.14967,152.11,53.134,0.27792,0.66862,110.97,0.14747,0.11531,1.1478,0.31126,0.27287,1.1606,1.5473,15895,0.10807,0.1866,0.90775,0.33319,3.6876,6.8695,88.833,4.1088,2.8735,0
0.21847,0.091011,0.18602,3.044,9.8396,0.97464,0.21847,9.142,1.0763,0.83202,0.21847,2.4005,0.10189,0.21847,110.82,3.2936,10.988,0.21847,0.074262,13.701,1.0709,0.21693,0.074262,0.97464,0.83202,3.2936,0.79363,0.2573,4.9235,-0.001085,0.074262,12.153,30.034,2.3836,0.21693,2.9658,,0.83202,0.073738,1.0691,0.010033,0.073738,22.299,8.5975,1.9783,1.8305,14.746,0.13565,0.046109,3.044,0.091011,0.033295,1.1508,1.1508,15597,0.070868,0.26258,0.92913,0,26.64,42.454,11.292,32.325,4.0692,0
0.22288,0.24682,0.73052,3.9597,112.62,0,0.22288,3.0515,2.1631,0.75318,0.22288,0.903,0.10768,0.22288,386.8,0.94365,4.0515,0.22288,0.10304,18.377,0.99949,0.16846,0.10304,0.74277,0.75318,0.94365,,32.25,3.4356,-0.16628,0.10304,45.172,8.0803,8.0803,0.16871,2.1631,,0.75318,0.077995,2.4607,0.046094,0.077878,62.431,44.055,2.0465,3.5184,19.931,0.15843,0.073239,3.9597,0.24682,0.12376,33.25,33.25,1991.6,0.077995,0.29592,0.89955,0,19.862,8.2852,41.648,8.7638,95.494,0
0.00562,0.74835,-0.020579,0.94849,-36.088,0,0.014566,0.33628,1.0117,0.25165,0.018518,0.036457,0.30694,0.014566,879.64,0.41494,1.3363,0.014566,0.014398,20.654,1.1903,0.01465,0.005555,0.042555,0.24019,0.40299,3.7072,-0.033137,3.6396,0.58296,0.018304,132.12,2.7626,1.475,-0.092118,1.0117,,0.25165,-0.091054,0.40478,0.080311,0.01448,78.378,57.724,0.098161,0.80521,18.931,-0.28131,-0.27806,0.50641,0.39955,0.36198,0.40522,0.40522,-89.749,-0.091054,0.022331,0.98743,0,17.672,6.3232,144.15,2.532,1.629,0
-0.01863,0.7897,0.027074,1.0475,-59.498,0.030856,-0.01776,0.24637,1.0167,0.19456,-0.01776,-0.031163,0.000324,-0.01776,286040,0.001276,1.2663,-0.01776,-0.00571,62.044,1.1445,0.022639,-0.00599,0.043854,0.19456,0.000175,0.074,0.067179,4.4579,0.24465,-0.00571,67.995,5.368,0.028667,0.022639,3.1125,0.31069,0.41435,0.007279,0.052063,0.62702,0.007279,66.576,4.5318,-0.035237,0.11982,63.078,0.003871,0.001245,0.75596,0.56991,0.18629,0.48276,1.0281,777,0.016385,-0.095755,0.98362,1.1297,5.8829,80.542,66.881,5.4575,7.7174,0
0.007122,0.40944,0.19571,1.8087,-138.98,0,0.014888,1.4424,0.49149,0.59056,0.044719,0.06152,0.064637,0.014888,4704.2,0.07759,2.4424,0.014888,0.030292,267.52,0.71481,0.035313,0.014491,0.13871,0.51658,0.058623,1.1838,0.34805,3.4531,0.81506,0.053558,191,1.911,1.1295,0.029014,0.49149,0.46274,0.758,0.059032,0.067543,0.26149,0.071849,312.92,45.4,0.019772,0.32016,284.3,0.018433,0.037504,1.069,0.242,0.52328,1.0503,1.348,555.49,0.059032,0.01206,0.97065,0.28352,1.3644,8.0397,179.72,2.0309,0.87407,0
0.065465,0.53368,0.25521,1.5233,-70.854,0.15288,0.085657,0.8463,1.0503,0.45166,0.085657,0.17564,0.062707,0.085657,1811.5,0.20149,1.8738,0.085657,0.04995,120.51,1.1656,0.10443,0.038175,0.19764,0.45166,0.16366,0.63961,0.99269,4.6927,0.29812,0.04995,109.03,3.3478,0.19568,0.10443,1.7866,3.8431,0.49764,0.060897,0.058525,0.13892,0.060897,152.05,31.545,0.11563,0.36241,126.57,0.082553,0.04814,1.392,0.48769,0.2987,1.7568,1.9356,12579,0.047903,0.14494,0.9521,0.10182,3.0289,11.571,103.8,3.5163,6.6701,0
-0.034142,0.11136,0.24606,3.9056,9.1733,-0.09773,-0.034142,7.9796,2.6302,0.88864,0.005539,-0.40317,0.004308,-0.034142,3587,0.10175,8.9796,-0.034142,-0.012981,23.898,0.84555,0.005535,-0.012981,0.47306,0.72948,0.10175,0.1395,0.36765,2.4972,0.012166,-0.012964,11.779,30.988,23.564,0.006029,2.6302,,0.88864,0.002292,1.0333,0.072774,0.002105,33.755,9.8567,-0.19826,1.872,23.953,-0.039938,-0.015185,2.9699,0.084683,0.03227,1.3278,1.3278,77.301,0.002292,-0.03842,1.013,0,15.273,37.031,11.752,31.059,3.93,0
0.082709,0.65006,0.061915,1.2328,-18.413,0.19763,0.082709,0.40796,1.0596,0.2652,0.082709,0.31105,0.14111,0.082709,1410.8,0.25872,1.5383,0.082709,0.069395,34.061,1.3369,0.09213,0.069395,0.19763,0.2652,0.25872,0.81907,0.09211,4.6106,0.54216,0.069395,86.286,4.2301,0.14173,0.09213,1.2349,0.56383,0.64936,0.077299,0.029091,0.12033,0.077299,98.023,63.962,0.74364,0.81456,36.092,0.006654,0.005583,0.50429,0.2659,0.2364,0.39454,0.96604,2525.5,0.056259,0.31188,0.94374,1.4485,10.716,5.7065,81.431,4.4823,1.7731,0
-0.097977,0.49226,0.10611,1.2155,-2.8295,-0.1726,-0.096976,0.90275,0.92813,0.44438,-0.096976,-0.197,-0.056035,-0.096976,-2478.6,-0.14726,2.0314,-0.096976,-0.074962,15.24,0.91101,-0.10004,-0.075736,-0.16102,0.44438,-0.14929,-0.71774,0.26418,4.9723,0.28864,-0.074962,128.91,2.8315,-0.20323,-0.10004,1.3061,,0.44438,-0.077331,0.36914,-0.2142,-0.077331,117.56,102.32,-1.8138,1.1058,14.145,-0.12453,-0.096258,1.2155,0.49226,0.35317,1.1064,1.1064,9954.8,-0.077435,-0.22048,1.0774,0,23.949,3.5674,138.89,2.628,3.221,0
0.23823,0.2714,0.18006,1.8572,-18.11,0.55657,0.23823,2.5494,1.0899,0.6919,0.23823,1.1342,0.1377,0.23823,260.49,1.4012,3.6846,0.23823,0.086257,39.307,1.2985,0.24846,0.086257,0.55657,0.6919,1.4012,0.98054,0.29523,4.1321,0.092458,0.086257,30.257,12.063,0.91547,0.24846,2.7835,1.5107,0.75326,0.089962,0.090511,0.022848,0.089962,49.044,9.7373,0.80098,0.44128,42.842,0.10639,0.038523,1.4374,0.21005,0.082895,1.1345,1.2351,2440.6,0.082522,0.34431,0.91748,0.088675,9.286,37.485,27.76,13.149,4.5284,0
0.009468,0.75907,0.1564,1.2679,-25.571,0,0.011413,0.31741,2.1243,0.24093,0.055392,0.01955,0.025806,0.011413,5054,0.072219,1.3174,0.011413,0.005373,49.841,1.0567,0.054966,0.004457,0.042432,0.13618,0.069657,1.2498,0.60201,3.0938,0.35268,0.024966,103.08,3.541,2.7235,0.057005,2.1243,2.5923,0.41458,0.026835,0.034159,0.25721,0.025875,123.76,73.917,0.032641,0.77103,51.215,0.01156,0.005442,0.97516,0.58381,0.28241,0.92742,1.5958,194.09,0.026835,0.039298,0.99463,0.72072,7.3233,4.938,100.31,3.6386,8.177,0
0.148,0.23627,0.74414,4.1942,64.72,0.55886,0.18634,3.2164,1.0482,0.75995,0.18634,0.79988,0.048725,0.18634,445.04,0.82016,4.2324,0.18634,0.046855,3.0679,0.67776,0.17761,0.037214,0.70582,0.75995,0.65788,0.4681,32.508,3.9902,-0.023229,0.046855,22.411,16.286,0.7517,0.17761,3.9984,285.35,0.76326,0.044658,1.5393,0.041979,0.044658,56.765,53.697,4.4275,4.0507,3.2158,0.17017,0.042788,4.1355,0.23297,0.061401,33.199,33.343,7274.7,0.045986,0.19475,0.95401,0.004352,118.97,6.7974,21.381,17.071,173.74,0
-0.009765,0.26202,0.43947,3.2193,248.96,0,-0.009765,2.8165,0.50231,0.73798,-0.009765,-0.049314,0.004128,-0.009765,46129,0.007913,3.8165,-0.009765,-0.019441,73.841,1.0436,0,-0.019441,0.23867,0.67642,0.007913,,1.2123,3.3603,-0.42474,-0.050705,144.45,2.5268,1.9096,0.00603,0.50231,,0.73798,0.012004,2.4006,0.73776,0,117.8,43.962,-0.096098,2.7061,74.127,-0.011839,-0.023568,2.433,0.19802,0.39576,2.0358,2.0358,1007.5,0.003867,-0.013233,1.0219,0,4.9431,8.3027,143.89,2.5366,1.3856,0
0.12542,0.14799,0.50295,4.5299,203.01,0,0.15655,5.7573,0.88772,0.85201,0.15917,1.0988,0.24169,0.15655,251.76,1.4498,6.7573,0.15655,0.17635,45.614,0.92209,0.14188,0.14129,0.471,0.83026,1.2394,54.312,1.4185,4.3158,-0.23625,0.17636,69.433,5.2572,5.0617,0.13871,0.90823,,0.85201,0.15625,2.5267,0.024679,0.15983,117.35,71.739,1.1306,3.7513,54.057,0.083887,0.094498,4.3614,0.14248,0.19021,2.4029,2.4029,10407,0.15625,0.14721,0.82763,0,8.002,5.0879,58.584,6.2304,2.5036,0
-0.042033,0.87623,0.24107,2.0595,13.239,0,-0.042012,0.14126,1.1413,0.12377,0.061221,-0.18465,0.023146,-0.042012,12106,0.030149,1.1413,-0.042012,-0.03681,62.899,1.2504,0.059195,-0.036828,0.039215,0.056352,0.030126,0.57341,0.45364,4.2448,0.75103,-0.005623,75.813,4.8145,1.2502,0.0459,1.1413,0.44678,0.73238,0.040216,0.1128,0.22885,0.051865,141.65,78.75,-0.21371,1.1951,65.535,-0.009235,-0.008091,0.53479,0.22753,0.20771,0.23292,1.3782,4236.1,0.040216,-0.33959,1.0364,4.9171,5.8029,4.6349,72.764,5.0162,2.1478,0
0.085594,0.21213,0.011312,1.0533,-60.152,0.22874,0.10747,3.3138,1.1694,0.70294,0.10747,0.50663,0.26041,0.10747,432.21,0.8445,4.7141,0.10747,0.15623,20.175,1.0942,0.10401,0.12442,0.28852,0.70294,0.74137,1.7681,0.014567,5.799,0.28267,0.15623,131.62,2.7731,0.4903,0.10401,0.74157,,0.70294,0.15119,0.36429,0.039698,0.15119,77.553,57.378,2.251,0.87408,23.594,0.032335,0.047004,1.0533,0.21213,0.36061,0.9052,0.9052,7120.9,0.14489,0.12177,0.85511,0,18.091,6.3613,112.55,3.2429,0.88585,0
0.027986,0.35808,0.5613,2.5889,1.7112,0,0.034555,1.7927,1.4413,0.64192,0.05639,0.097816,0.043169,0.034555,2100.6,0.17376,2.7927,0.034555,0.023975,139.65,0.81015,0.056347,0.019417,0.092892,0.55718,0.15541,2.5807,6.57,2.9469,0.24279,0.034759,92.794,3.9334,3.8806,0.051723,1.4413,,0.64192,0.035887,0.032693,0.14208,0.039095,228.69,89.041,0.050752,1.028,144.84,0.028683,0.019901,2.5541,0.35327,0.25423,7.5137,7.5137,496.74,0.035887,0.043597,0.9761,0,2.6138,4.0992,89.464,4.0798,16.87,0
0.13604,0.46601,0.23792,1.6783,47.439,0,0.17103,1.1459,1.3738,0.53399,0.19091,0.48757,0.14053,0.17103,881.01,0.41429,2.1459,0.17103,0.12449,12.206,1.5565,0.18243,0.09902,,0.5156,0.33922,9.1737,0.57844,4.0366,0.33226,0.13896,107.67,3.3899,2.5517,0.18474,1.3738,9.794,0.5894,0.13447,0.13607,0.07597,0.13279,143.72,131.52,2.9611,1.5473,14.102,0.16039,0.11675,1.2632,0.35077,0.29499,1.2983,1.433,2588.3,0.13447,0.25476,0.87674,0.10378,29.904,2.7753,93.193,3.9166,3.3402,0
0.06202,0.12214,0.50754,5.1555,134.77,0.22516,0.077773,6.4403,1.0549,0.78661,0.077773,0.63676,0.10742,0.077773,504.95,0.72284,8.1874,0.077773,0.094626,9.5493,1.1438,0.032813,0.075459,0.27401,0.78661,0.59386,0.42115,1.3706,5.4066,-0.11115,0.094626,57.219,6.379,0.26865,0.032813,0.88662,,0.78661,0.039923,3.3717,0.09268,0.039923,96.756,87.207,2.8843,4.9794,10.074,0.022299,0.027131,5.1555,0.12214,0.15676,2.1241,2.1241,129450,0.052051,0.078844,0.94795,0,38.223,4.1855,54.241,6.7293,2.2194,0
,,,0,-1076400,,,0,7.2533,,,0,0.11489,,218270,0.001672,0,,0,75.483,,,0,,,0.001672,,,,68.704,0,181890,0.002007,0,,,,,0,-0.00301,19.66,0,75.483,0,0,-0.00301,547.5,,-0.11489,0,,498.33,,,-2990,0.43961,,0.13787,,4.8356,,25077,0.014555,,1
0.094373,0.24853,0.67985,3.7355,156.55,0,0.12487,3.0236,1.3106,0.75147,0.15742,0.50244,0.095275,0.12487,726.46,0.50244,4.0236,0.12487,0.095275,50.059,3.1466,0.14545,0.072005,0.72123,0.64916,0.37972,4.4681,9.4928,2.6891,-0.3053,0.095335,79.427,4.5954,4.5954,0.16854,1.3106,,0.75147,0.12859,2.6239,0.056957,0.11098,76.936,26.877,0.52502,3.0122,57.446,0.14545,0.11098,3.7355,0.24853,0.21761,10.493,10.493,332.25,0.12859,0.12559,0.90613,0,7.2914,13.58,69.214,5.2735,18.301,0
-0.016046,0.76417,0.08775,1.2792,-8.1402,0,-0.019004,0.30861,1.4495,0.23583,0.077985,-0.060458,0.076211,-0.019004,2524.9,0.14456,1.3086,-0.019004,-0.013111,28.983,1.1703,0.040699,-0.01107,-0.000876,0.23262,0.14843,0.41962,0.14676,4.1932,0.50937,-0.000347,79.01,4.6197,1.9003,-0.002608,1.4495,1.0994,0.49687,-0.001799,0.09026,0.14968,0.028077,94.104,65.121,-0.13941,0.91299,28.931,-0.088775,-0.061244,0.52618,0.31434,0.21647,0.39442,0.83101,1369.2,-0.001799,-0.068042,1.0124,1.1069,12.593,5.605,79.152,4.6114,2.4243,0
0.15026,0.93216,0.15725,1.1868,-10.344,0.34902,0.15026,0.07032,1.0367,0.065549,0.15026,0.1785,0.032334,0.15026,2248.2,0.16235,1.0728,0.15026,0.032103,22.128,1.0953,0.14196,0.032103,0.34902,0.065549,0.16235,0.31442,159.38,4.6214,0.1954,0.032103,68.052,5.3636,0.15229,0.14196,4.7287,7.9133,0.15594,0.03033,0.024663,0.21425,0.03033,76.288,54.16,0.52953,0.84971,22.94,0.14088,0.030099,1.0717,0.84177,0.18644,66.438,158.05,6576,0.035369,2.2923,0.96463,1.3789,16.495,6.7393,65.645,5.5602,4744,0
-0.24855,0.73298,0.026407,1.0507,-208.13,0,-0.27523,0.36417,1.02,0.26693,-0.13159,-0.52816,-0.26983,-0.27523,-972.07,-0.37549,1.3643,-0.27523,-0.26983,114.58,0.83058,-0.13569,-0.24368,0.22616,0.072442,-0.33909,-0.94472,0.058371,4.0496,0.71862,-0.24367,312.93,1.1795,0.83852,-0.13471,1.02,4.8896,0.31342,-0.13207,0.11813,-0.18006,-0.13304,173.9,59.317,-0.77626,0.43623,190.15,-0.13569,-0.13304,0.74696,0.5211,0.84784,0.59002,0.69278,296,0.40409,-0.93115,0.7434,0.17417,3.1856,6.1534,186.47,1.9574,2.2546,1
0.038369,0.75192,0.15829,1.2561,-145.05,-0.010509,0.049303,0.33019,1.1875,0.24827,0.065038,0.079776,0.053286,0.049303,4337.4,0.084152,1.3299,0.049303,0.04152,182.76,0.87699,0.065038,0.032312,0.064878,0.039213,0.069611,4.1333,0.70727,3.1569,0.54728,0.048779,201.18,1.8156,1.4923,0.065875,1.1875,1.3525,0.38265,0.055475,0.18161,0.31722,0.054771,204.12,21.364,0.064534,1.1437,193.55,0.051066,0.043005,1.0324,0.61802,0.55119,1.1094,1.7098,227.14,0.055751,0.15455,0.94495,0.54125,1.9972,17.084,189.97,1.9214,5.3059,1
0.23201,0.13858,0.269,3.58,47.48,0.71153,0.23201,6.2162,1.2806,0.86142,0.23201,2.2252,0.27272,0.23201,172.3,2.1183,7.2162,0.23201,0.21555,55.463,0.9669,0.23623,0.21555,0.71153,0.86142,2.1183,2.8105,0.4292,4.2727,0.079241,0.21555,45.276,8.0617,1.7047,0.23623,1.0843,6.1115,0.89574,0.21947,0.5369,0.0153,0.21947,107.59,52.127,1.4185,2.0113,71.025,0.17469,0.16229,2.6935,0.10426,0.12404,1.3745,1.4292,5039.8,0.2191,0.26933,0.7809,0.039833,6.5809,7.0021,35.356,10.324,1.7174,0
0.15342,0.16075,0.57166,5.4681,80.093,0,0.19619,5.2207,1.9634,0.83925,0.20018,1.5334,0.14761,0.19619,202.46,1.8028,6.2207,0.19619,0.099924,34.655,1.0653,0.19071,0.078139,0.37744,0.49418,1.5368,47.785,1.903,3.7051,-0.11794,0.10122,26.168,13.949,11.102,0.1788,1.9634,,0.83925,0.091068,3.137,0.018846,0.097131,55.443,20.789,0.823,4.0111,38.127,0.097088,0.049448,4.352,0.12794,0.071692,2.7938,2.7938,2899.2,0.091068,0.18281,0.90166,0,10.533,17.558,23.785,15.346,6.536,0
-0.012381,0.82531,-0.087798,0.84561,-47.069,0,-0.012381,0.21167,1.852,0.17469,0.035217,-0.021771,0.044154,-0.012381,3683.8,0.099081,1.2117,-0.012381,-0.006685,27.595,1.3196,0.035217,-0.006685,0.036569,-0.019644,0.099081,0.73989,-0.16913,4.1684,0.43847,0.007168,111.83,3.264,2.249,-0.00415,1.852,2.4927,0.31143,-0.002241,0.027834,0.21265,0.019016,91.653,64.058,-0.088422,0.59939,27.534,-0.058936,-0.031823,0.58265,0.56867,0.30637,0.33651,0.59991,-1293.9,-0.002241,-0.070871,1.0065,0.78276,13.227,5.698,112.08,3.2567,3.5675,0
0.20391,0.65176,0.31968,1.5025,30.39,0.34286,0.2684,0.5343,1.1638,0.34824,0.2684,0.42192,0.15888,0.2684,861.94,0.42346,1.5343,0.2684,0.1545,37.165,1.7108,0.23982,0.11738,0.43776,0.34824,0.32451,1.6066,7.238,4.5797,0.12697,0.1545,155.55,2.3465,0.36795,0.23982,1.7768,49.904,0.36385,0.13805,0.7052,0.086609,0.13805,106.57,69.407,1.1528,1.2245,43.251,0.23222,0.13368,1.4665,0.63615,0.42617,7.8846,8.238,12145,0.14072,0.58554,0.85928,0.044823,9.8211,5.2588,133.66,2.7308,39.332,0
0.18891,0.095661,0.47457,5.9609,69.579,0.49537,0.18891,9.4536,1.5225,0.90434,0.19021,1.9748,0.166,0.18891,138.15,2.6421,10.454,0.18891,0.12408,54.008,1.1292,0.18477,0.12408,0.59989,0.66225,2.6421,141.68,1.1042,3.9677,-0.060047,0.12408,26.11,13.979,13.979,0.18525,1.5225,,0.90434,0.12167,1.9887,0.012826,0.12136,91.095,37.086,0.83853,3.6059,61.49,0.12093,0.07943,5.9609,0.095661,0.071535,2.1042,2.1042,4405.3,0.12167,0.20889,0.87654,0,6.7582,9.8419,22.933,15.916,3.5426,0
0.009325,0.34702,0.096503,1.285,-8.8471,0.051547,0.013544,1.3036,0.99542,0.45238,0.013544,0.039995,0.041058,0.013544,1381.3,0.26425,2.8817,0.013544,0.006064,22.971,1.0813,0.019835,0.004175,0.063343,0.45238,0.25209,0.088403,0.17084,5.114,0.15044,0.006064,55.089,6.6256,0.057158,0.019835,2.2695,35.167,0.46076,0.008881,0.0596,0.11643,0.008881,67.816,44.845,0.066346,0.86991,22.865,-0.05832,-0.026113,1.254,0.33864,0.15093,0.80088,0.81571,12547,-0.004599,0.020614,1.0046,0.018517,15.89,8.1391,55.343,6.5953,3.9539,0
-0.35528,0.11984,0.42546,7.4019,231.64,-1.0283,-0.35528,7.3444,0.13018,0.88016,-0.35504,-5.3458,-2.6904,-0.35528,-124.89,-2.9226,8.3444,-0.35528,-2.7291,304.54,0.78156,-0.37448,-2.7291,-0.93732,0.85545,-2.9226,-1611,0.8374,3.5554,-1.4354,-2.728,48.872,7.4685,4.1418,-0.36617,0.13018,,0.88016,-2.8127,4.6256,-0.010813,-2.8765,517.32,212.79,-3.2709,5.7675,79.875,-0.37951,-2.9152,4.1048,0.066459,0.1339,1.7323,1.7323,1528.4,-2.8127,-0.40365,3.3535,0,1.1985,1.7153,186.33,1.9588,0.25623,0
-0.21288,1.327,-0.62426,0.28955,-103.97,-0.41001,-0.21288,-0.2464,2.5033,-0.32697,-0.18645,-0.24227,-0.079212,-0.21288,-2442.6,-0.14943,0.7536,-0.21288,-0.085038,14.923,1.3509,0,-0.085038,-0.54862,-0.34711,-0.14943,0,-0.83727,3.5651,0.53005,-0.17008,126.48,2.8859,1.9109,0.025459,2.5033,0.33921,0.12133,0.01017,0.001874,3.0325,0,36.855,21.932,-2.0799,0.17306,14.732,-0.014586,-0.005827,0.19173,0.87867,0.34651,-0.43854,0.16273,-2293.5,-0.012957,0.65107,1.0235,-1.3711,24.458,16.642,128.12,2.849,3.3575,0
0.070649,0.10781,0.58835,6.4574,90.597,0.13052,0.087931,8.1346,1.0846,0.87696,0.087931,0.81563,0.11281,0.087931,286.91,1.2722,9.2758,0.087931,0.072327,94.422,1.353,0.090927,0.058111,0.16306,0.87696,1.1119,0.81117,1.9363,4.8804,0.079712,0.072327,35.104,10.398,0.84342,0.090927,1.2203,,0.87696,0.074791,0.13948,0.02529,0.074791,204.49,110.07,0.22464,3.5401,102.41,0.041706,0.034305,6.4574,0.10781,0.096176,2.8862,2.8862,44675,0.077985,0.080561,0.92202,0,3.8656,3.3161,32.367,11.277,4.0012,0
0.022532,0.7785,0.07514,1.1453,-53.133,0,0.022532,0.28453,1.5111,0.2215,0.023379,0.043586,0.020529,0.022532,9159.9,0.039848,1.2845,0.022532,0.014912,29.798,1.3549,0,0.014912,0.045189,0.20293,0.039848,0,0.18422,4.5955,0.49351,0.032167,137.97,2.6456,1.7568,0.00556,1.5111,3.0443,0.37548,0.003679,0.35816,3.057,0,98.3,68.502,0.18266,0.90673,32.922,-0.008489,-0.005618,0.76058,0.51697,0.37799,0.54304,0.92054,2960.6,0.094894,0.10173,0.90589,0.69514,12.249,5.3283,124.87,2.9229,3.7046,0
-0.038778,0.99272,-0.034002,0.78609,-40.752,-0.00802,-0.048876,-0.038554,1.1763,-0.038274,-0.048876,-0.30747,-0.037436,-0.048876,-17379,-0.021002,1.0073,-0.048876,-0.087758,10.431,1.4061,0.080967,-0.069628,-0.007078,-0.038274,-0.010831,1.7101,-0.038858,6.0022,1.7588,-0.087758,122.54,2.9786,0.08156,0.080967,0.56705,0.13078,0.79549,0.14538,0.085955,0.29945,0.14538,72.938,62.507,-2.4363,0.68596,12.27,0.05294,0.095056,0.12587,0.15896,0.33573,-0.043739,0.90909,-34175,0.14987,1.0132,0.85013,-21.784,34.991,5.8394,104.18,3.5037,0.63647,0
0.003159,0.32259,-0.21493,0.28815,-180.07,0,0.004131,2.0999,0.48649,0.67741,0.005337,0.013682,0.10799,0.004131,2241.2,0.16286,3.0999,0.004131,0.008491,1.3951,1.0526,0.005318,0.006494,0.013632,0.61678,0.15985,4.4101,-0.23541,4.7304,0.65116,0.009595,229.81,1.5962,1.494,0.00694,0.48727,,0.67741,0.014265,0.019428,0.20015,0.010932,60.873,59.478,1.699,0.28199,1.4083,-0.043087,-0.088567,0.26969,0.30193,0.62649,0.74196,0.74196,-11554,0.014265,0.004664,0.99152,0,261.63,6.1368,226.53,1.6113,0.53285,0
0.066295,0.25358,0.13254,1.7865,49.783,0,0.066295,2.9435,0.80764,0.74642,0.08942,0.39339,0.14217,0.066295,806.09,0.4528,3.9435,0.066295,0.082085,12.746,1.1097,0.07865,0.082085,0.1651,0.007426,0.4528,3.4011,0.18963,4.0435,0.28849,0.088481,85.254,4.2813,2.8452,0.086136,0.80764,3.3449,0.82799,0.10665,0.18905,0.066464,0.097383,121.66,108.92,2.3506,1.6191,14.268,0.030122,0.037297,1.1872,0.16852,0.23357,1.0679,1.1846,1465,0.10665,0.088818,0.91989,0.10929,28.637,3.3512,76.162,4.7924,1.1555,0
0.001391,0.74424,0.1985,2.4734,-14.504,0,0.006815,0.34365,0.6926,0.25576,0.037896,0.050587,0.10729,0.006815,3655.5,0.09985,1.3436,0.006815,0.00984,108.55,0.92115,0.032508,0.002009,0.10623,0.16076,0.092562,1.0459,0.2977,4.4994,1.0401,0.052187,70.578,5.1716,0.93618,-0.004141,0.6926,0.29999,0.67994,-0.005979,0.30974,0.24807,0.046935,153.62,45.071,0.006755,0.94454,107.9,-0.034989,-0.050519,0.44774,0.13472,0.19336,0.38357,1.0197,6268.7,-0.005979,0.00544,0.99084,1.6585,3.3626,8.0984,71,5.1409,1.0387,0
-0.041957,0.27905,0.23369,1.8493,8.0957,0,-0.041676,2.5835,1.5371,0.72095,-0.025166,-0.15145,0.014217,-0.041676,4660.8,0.078313,3.5835,-0.041676,-0.027113,47.376,1.0958,-0.031562,-0.027296,-0.067332,0.71008,0.077306,-1.9117,0.47581,4.2862,0.16781,-0.01952,65.512,5.5715,5.494,0.004007,1.5371,93.154,0.72427,0.002607,0.080816,0.29098,-0.020533,115.55,68.176,-0.2103,1.1242,47.5,-0.095091,-0.061863,1.8235,0.27517,0.17948,1.4679,1.4747,4516.9,0.002607,-0.058197,1.0236,0.004606,7.7044,5.3538,65.341,5.5861,3.1297,0
0.003124,0.50606,0.058537,1.6852,-68.301,0,0.003124,0.97605,0.064455,0.49394,0.011041,0.036568,0.099475,0.003124,28809,0.01267,1.976,0.003124,0.048469,175.09,1.2657,-0.025544,0.048469,0.024289,0.4683,0.01267,-3.2264,0.068381,4.488,7.8485,0.14137,350.11,1.1951,0.20176,-0.024609,0.064455,0.68457,0.65908,-0.38181,0.51592,-0.75794,-0.3963,565.68,390.59,0.10104,1.3233,110.53,-0.028831,-0.44731,0.28449,0.085432,0.83672,0.57701,0.76992,1.6852,-0.38181,0.006325,0.97239,0.33433,2.0846,0.93449,483.79,0.75446,0.075295,0
0.050937,0.63485,0.22023,1.3747,-56.246,0,0.066803,0.57517,1.3027,0.36515,0.11761,0.11367,0.081806,0.066803,2174.4,0.16786,1.5752,0.066803,0.051282,106.84,1.051,0.11713,0.039102,,0.35027,0.14287,2.3055,1.1465,3.5265,0.41887,0.089901,179.26,2.0362,1.8849,0.10605,1.3027,,0.36515,0.081411,0.18529,0.13488,0.08992,195.86,89.026,0.13359,0.72594,116.31,0.077372,0.059395,1.2726,0.58768,0.49112,1.901,1.901,740.21,0.081411,0.1395,0.95017,0,3.4164,4.0999,164.67,2.2166,6.7817,0
0.21592,0.4474,0.51454,2.1555,-42.556,0.15868,0.21592,1.2351,2.2604,0.5526,0.21775,0.48488,0.83076,0.21592,86.964,4.1972,2.2351,0.21592,0.095524,53.147,1.1619,0,0.095524,0.53931,0.39483,4.1972,0,12.814,4.327,0.18294,0.19105,1479.2,0.24676,0.2456,0.01715,2.2604,,0.5526,0.007587,0.080438,0.008974,0,149.21,96.062,0.65603,1.4163,1093.3,-1.6619,-0.73523,2.1454,0.44531,4.0525,13.761,13.761,10926,0.95139,0.39074,0.050365,0,6.8677,3.7996,71.907,5.076,56.291,0
-0.065217,0.74717,-0.029124,0.92549,-174.47,0.052782,-0.065217,0.33838,0.59615,0.25283,-0.032795,-0.16685,-0.04164,-0.065217,-10986,-0.033223,1.3384,-0.065217,-0.1094,135.89,0.72476,-0.032946,-0.1094,-0.023477,0.031998,-0.033223,-1.0162,-0.045631,4.0483,1.2165,-0.060955,226.28,1.6182,0.84652,-0.034338,0.5997,0.47801,0.54528,-0.0576,0.14799,3.3443,-0.055265,186.07,50.174,-0.29383,0.35765,128.09,-0.07334,-0.12302,0.48416,0.39087,0.61799,0.39612,0.85433,-325.49,-0.0576,-0.25795,1.1087,1.1567,2.6859,7.2746,239.32,1.5252,0.93404,1
-0.21742,0.54295,-0.051817,0.89743,-55.996,-0.30624,-0.2133,0.71921,1.0066,0.3905,-0.2133,-0.42221,-0.029891,-0.2133,-3243.7,-0.11253,1.8418,-0.2133,-0.10436,41.216,0.82006,-0.21341,-0.10638,-0.27343,0.3905,-0.12011,-1.051,-0.094798,4.8796,0.26033,-0.10436,90.813,4.0192,-0.39306,-0.21341,2.0606,5.8989,0.42823,-0.10441,0.040383,-0.29165,-0.10441,77.323,36.107,-0.94204,0.4406,41.487,-0.36562,-0.17888,0.83506,0.50521,0.2488,0.7144,0.78344,-3927.2,0.006536,-0.55679,0.99346,0.096634,8.8558,10.109,90.22,4.0457,3.7393,0
0.55327,0.12609,0.77558,8.1497,309.59,0.15536,0.55327,6.931,1.8277,0.87391,0.55338,5.1003,0.35346,0.55327,71.239,5.1236,7.931,0.55327,0.30271,38.503,0.76772,0,0.30271,1.4967,0.31056,5.1236,0,6.6892,3.3686,-0.078199,0.60542,52.017,7.0169,6.0369,0.007734,1.8277,,0.87391,0.004232,2.5532,0.04531,0,121.24,82.735,2.8696,6.3723,92.453,-0.092758,-0.050751,7.0114,0.10848,0.14251,7.5373,7.5373,1812.4,0.58354,0.63309,0.41684,0,9.4797,4.4117,21.663,16.849,15.764,0
0.072097,0.179,0.37056,3.9355,138.57,0,0.08693,4.5867,0.76382,0.821,0.093989,0.68864,0.15391,0.08693,555.74,0.65678,5.5867,0.08693,0.11381,54.845,0.96867,0.07414,0.09439,0.24066,0.42192,0.57392,10.503,0.73641,3.6678,0.037781,0.1139,66.604,5.4801,3.8648,0.07204,0.76382,8.5269,0.86581,0.094316,1.1997,0.056948,0.097065,165.03,110.19,0.62818,3.0263,60.556,0.043507,0.05696,2.7755,0.12623,0.18248,1.6316,1.7206,1724.3,0.094316,0.087815,0.88977,0.05457,6.6552,3.3125,60.322,6.0508,1.5179,0
-0.38205,0.48975,0.43212,1.8823,-45.387,-0.33502,-0.38205,1.0418,0.95619,0.51025,-0.38204,-0.78008,-0.2324,-0.38205,-804.42,-0.45374,2.0418,-0.38205,-0.39955,221.57,0.49375,-0.38287,-0.39955,-0.61597,-0.71707,-0.45374,-85788,5.5314,3.1285,0.33607,-0.39955,131.35,2.7788,2.7788,-0.40475,0.95619,,0.51025,-0.4233,0.35023,-0.073193,-0.40041,286.43,64.861,-0.65821,0.69718,155.67,-0.5427,-0.56756,1.8823,0.48975,0.35986,6.5314,6.5314,580.95,-0.4233,-0.74875,1.3894,0,1.6474,5.6274,186.95,1.9524,12.24,0
0.035388,0.52591,0.20886,1.5289,-42.453,0.1551,0.047951,0.88992,1.0529,0.46802,0.047951,0.12143,0.058453,0.047951,2927.7,0.12467,1.9015,0.047951,0.042749,106.11,0.63911,0.053684,0.031549,0.20623,0.46802,0.10078,0.5039,0.5271,4.3212,0.46754,0.042749,135.3,2.6978,0.10208,0.053684,1.1272,2.1194,0.59904,0.047859,0.019752,0.2425,0.047859,193.92,87.816,0.10852,0.70314,111.72,0.036068,0.032155,1.148,0.3949,0.37067,1.1812,1.5118,4375.9,0.050228,0.075613,0.94977,0.27993,3.4399,4.1564,128.5,2.8405,2.8308,0
0.053938,0.2287,0.099054,1.5489,15.459,0.2232,0.067833,2.4698,1.0393,0.56486,0.067833,0.3759,0.14638,0.067833,703.16,0.51909,4.3725,0.067833,0.08364,28.62,1.0441,0.082153,0.066507,0.27829,0.56486,0.45833,1.0528,0.13748,4.5252,0.26373,0.08364,84.407,4.3243,0.35921,0.082153,0.86643,4.4751,0.61311,0.1013,0.10506,0.056518,0.1013,117.26,88.643,0.8482,1.1965,29.744,0.031269,0.038555,1.2221,0.18045,0.23125,0.784,0.85096,3319.8,0.037816,0.095488,0.96218,0.085417,12.754,4.1176,81.215,4.4943,1.1256,0
0.13502,0.55088,-0.005391,0.98216,-19.294,0.26092,0.16842,0.79427,1.1213,0.43755,0.16842,0.55725,0.14782,0.16842,825.79,0.442,1.8153,0.16842,0.10224,13.337,1.2026,0.19231,0.081966,0.3257,0.43755,0.38137,1.3091,-0.007667,4.6716,0.30599,0.10224,75.093,4.8606,0.34909,0.19231,1.6662,0.95175,0.68619,0.11675,0.1852,0.067736,0.11675,53.372,40.035,2.2432,0.78301,14.955,0.11724,0.071172,0.53885,0.30223,0.20574,0.62226,0.97587,-253.09,0.10818,0.30857,0.89182,0.56828,27.368,9.1169,66.97,5.4502,2.3426,0
0.023018,0.27904,0.14129,1.5269,-12.794,0.021477,0.030489,2.5838,1.0433,0.72096,0.030489,0.11371,0.056899,0.030489,1847.4,0.19758,3.5838,0.030489,0.031467,64.451,1.2414,0.035459,0.023756,0.03763,0.72096,0.1708,0.38181,0.23924,4.4265,0.27417,0.031467,105.38,3.4636,0.12708,0.035459,0.97993,21.873,0.73186,0.036596,0.058579,0.15264,0.036596,148.32,83.865,0.13454,0.88885,67.241,0.010817,0.011164,1.4673,0.26814,0.28872,1.2208,1.2392,3772.1,0.041503,0.031927,0.9585,0.015113,5.6632,4.3522,101.01,3.6135,1.6407,0
0.13533,0.2537,0.42554,2.6773,-12.682,0.72654,0.16754,2.9134,1.0694,0.73914,0.16754,0.66039,0.094281,0.16754,470.93,0.77506,3.9416,0.16754,0.080332,86.084,0.25365,0.18326,0.064888,0.90149,0.73914,0.6481,0.93968,1.3267,3.8995,0.11926,0.080332,47.482,7.687,0.72234,0.18326,2.1447,,0.73914,0.087868,0.024819,0.039279,0.087868,117.77,31.687,0.27513,0.73849,92.06,0.15417,0.073919,2.6773,0.2537,0.13009,2.3043,2.3043,3376.3,0.064917,0.18309,0.93508,0,4.2401,11.519,44.4,8.2207,6.5021,0
0.1225,0.90363,0.22935,1.9469,-5.294,0.21896,0.1225,0.024442,1.0929,0.022087,0.1225,0.50579,0.089172,0.1225,1963.8,0.18586,1.1066,0.1225,0.065042,24.866,1.0755,0.16657,0.065042,0.21896,0.022087,0.18586,0.96655,0.43399,4.0224,0.45837,0.065042,51.297,7.1155,0.18434,0.16657,1.9548,0.51892,0.68352,0.088441,0.68552,0.14012,0.088441,59.207,34.341,0.95473,1.4171,27.176,0.12112,0.064311,0.52183,0.2422,0.14054,0.041795,1.2934,2415,0.084988,5.5465,0.91501,29.947,14.679,10.629,46.937,7.7764,3.564,0
0.12509,0.51603,0.36228,1.7049,10.567,0.28107,0.15616,0.71447,1.0482,0.36869,0.15616,0.30384,0.05502,0.15616,1111.9,0.32826,1.9379,0.15616,0.050723,32.637,1.039,0.14985,0.040633,0.35299,0.36869,0.26806,0.5102,2.927,4.4339,0.055521,0.050723,63.868,5.7149,0.2904,0.14985,3.2032,288.27,0.37077,0.048675,0.67374,0.10403,0.048675,62.831,30.194,0.45442,1.1693,34.21,0.13662,0.044378,1.698,0.51394,0.17498,2.9787,2.9956,9839.8,0.045969,0.3393,0.95403,0.005654,11.184,12.089,60.932,5.9903,24.873,0
0.016336,0.28535,0.42678,2.5807,42.297,0,0.014054,2.5045,1.5478,0.71465,0.017395,0.052052,0.027954,0.014054,2407.2,0.15163,3.5045,0.014054,0.00908,58.156,0.99288,0.015364,0.010555,0.12773,0.6584,0.15963,4.5985,1.4074,4.1392,0.17931,0.009284,64.577,5.6522,5.3481,0.021734,1.5478,77.167,0.72049,0.014042,0.044864,0.21337,0.009926,161.46,103.3,0.066243,1.6673,58.984,-0.01385,-0.008948,2.4418,0.26999,0.17692,2.3568,2.376,5880.2,0.014042,0.022859,0.99096,0.008163,6.2762,3.5334,63.67,5.7327,5.1043,0
0.063056,0.3328,0.35913,2.8545,68.435,-0.11597,0.059516,1.8423,0.85114,0.6131,0.059516,0.30733,0.084206,0.059516,1511,0.24157,3.0048,0.059516,0.062339,56.603,0.72706,0.0703,0.066047,-0.1271,0.6131,0.2522,0.62674,0.80303,3.773,-0.001927,0.062339,63.016,5.7922,0.21124,0.0703,1.2042,2.9087,0.75224,0.073635,1.7374,0.12,0.073635,82.706,26.103,0.4259,2.09,48.177,0.049424,0.051768,1.661,0.19365,0.17265,1.3709,1.682,2129.3,-0.17489,0.10285,1.1749,0.22695,6.4484,13.983,74.036,4.93,2.1348,0
0.196,0.66451,0.30207,2.0406,33.705,0.002364,0.2422,0.50487,1.7216,0.33549,0.26747,0.83439,0.15978,0.2422,881.73,0.41396,1.5049,0.2422,0.14068,35.684,1.3796,0.26717,0.11385,0.5744,0.29057,0.34443,10.576,0.741,4.2506,0.38563,0.15321,73.335,4.9772,2.1742,0.27685,1.7216,1.1543,0.70283,0.16081,0.007469,0.073824,0.15518,125.12,89.44,1.1645,1.4608,42.522,0.23429,0.13609,0.8914,0.29028,0.20092,0.82298,1.7241,5379.4,0.16081,0.58422,0.85976,1.0949,10.229,4.081,61.542,5.9309,4.2233,0
0.11542,0.58957,0.053232,1.286,-16.213,0,0.14061,0.69614,1.7158,0.41043,0.17353,0.7554,0.10012,0.14061,1252.7,0.29137,1.6961,0.14061,0.081948,25.803,1.0834,0.17351,0.067268,0.37831,0.29504,0.24865,5.2701,0.069984,3.8921,0.34098,0.10114,44.045,8.287,2.6163,0.17331,1.7158,0.29265,0.81387,0.10101,0.024303,0.096009,0.10113,49.958,24.154,0.95153,0.63432,28.703,0.14233,0.082954,0.406,0.18613,0.12067,0.53958,1.07,415.21,0.10101,0.28121,0.91806,0.98298,14.145,15.111,39.596,9.2181,2.2557,0
0.44632,0.30497,0.37161,2.2435,42.01,1.6245,0.5489,2.1874,1.3185,0.66707,0.5489,1.8368,0.2851,0.5489,171.66,2.1263,3.279,0.5489,0.24133,16.614,0.8545,0.53545,0.19623,2.0053,0.66707,1.7899,3.104,1.1276,4.2416,0.068116,0.24133,63.231,5.7725,1.7558,0.53545,2.33,92.472,0.6732,0.23542,0.76441,0.015789,0.23542,70.932,54.318,4.3111,1.8971,21.905,0.43589,0.19165,2.1984,0.29884,0.17324,2.0242,2.0428,6480.9,0.24157,0.66907,0.75843,0.00919,21.97,6.7197,47.956,7.6111,6.9016,0
0.081076,0.069436,0.28027,5.0364,149.99,0.31007,0.10214,13.219,1.2064,0.91788,0.10214,1.471,0.22461,0.10214,203.44,1.7942,14.402,0.10214,0.18416,58.62,1.1451,0.085827,0.14618,0.3822,0.91788,1.4908,1.8668,0.431,5.9944,-0.049246,0.18416,55.125,6.6213,1.2361,0.085827,0.58161,,0.91788,0.15474,1.5228,0.021085,0.15474,160.55,101.93,0.91017,3.7536,70.718,0.063389,0.11429,5.0364,0.069436,0.15103,1.4115,1.4115,276670,0.17107,0.088329,0.82893,0,6.2265,3.5807,45.695,7.9878,0.85292,0
-0.56633,2.2212,-0.53493,0.62596,-190.95,-0.91628,-0.56633,-0.55015,2.0809,-1.222,-0.56633,-0.39599,-0.27216,-0.56633,-1431.6,-0.25496,0.45021,-0.56633,-0.27216,143.98,,-0.49548,-0.27216,-0.56633,-1.4826,-0.25496,-6.9859,-5.105,2.698,1.0629,-0.23807,242.9,1.8028,1.1608,-0.46773,2.0834,0.093949,-0.43015,-0.22478,0.014872,-0.14943,-0.23811,153.3,9.3184,-0.68995,0.58881,116.2,-0.49548,-0.23811,0.40303,1.4301,0.55468,-11.662,-4.105,-266.84,-0.032755,0.46344,1.046,-0.648,2.5351,39.17,250.86,1.455,19.858,1
0.004048,0.25112,-0.03081,0.84308,-70.674,0.06431,0.006,2.9822,1.0346,0.74888,0.006,0.03056,0.050229,0.006,3701.6,0.098606,3.9822,0.006,0.012171,41.921,0.86654,0.011857,0.008211,0.081429,0.74888,0.090832,0.24885,-0.036921,4.6232,0.50365,0.012171,150.4,2.4269,0.047217,0.011857,0.50738,1.9878,0.80367,0.024052,0.026801,0.26964,0.024052,118.66,76.737,0.071489,0.55469,43.372,-0.006905,-0.014006,0.65914,0.19633,0.41205,0.89743,0.96308,-1294,0.03347,0.005405,0.96653,0.073157,8.7069,4.7565,145.37,2.5109,0.59076,0
0.38448,0.18866,0.47881,3.538,83.818,0,0.4806,4.3006,2.5606,0.81134,0.58448,2.5475,0.20937,0.4806,128.44,2.8418,5.3006,0.4806,0.18769,0.1702,1.5113,0.54149,0.15015,0.56119,0.7809,2.3323,5.2126,1.4399,3.224,0.064351,0.18769,34.094,10.706,10.706,0.5409,2.5606,,0.81134,0.21124,0.23418,0.010533,0.21147,88.846,88.676,322,3.5316,0.21578,0.48597,0.18979,3.538,0.18866,0.093408,2.4399,2.4399,802,0.21124,0.47388,0.81545,0,2144.5,4.1161,26.892,13.573,7.7002,0
-0.062624,0.61756,0.2487,1.4027,-28.959,-0.07753,-0.063347,0.61434,0.98938,0.37939,-0.063347,-0.10258,-0.010053,-0.063347,-6526.9,-0.055923,1.6193,-0.063347,-0.01844,54.128,0.75056,-0.021444,-0.01823,-0.07596,0.37939,-0.054752,-0.06176,1.8596,3.5158,0.1642,-0.01844,64.919,5.6224,-0.034724,-0.021444,3.464,,0.37939,-0.006242,0.11295,2.7558,-0.006242,84.63,30.502,-0.12293,0.5778,53.553,-0.050256,-0.014629,1.4027,0.61756,0.17786,2.8368,2.8368,815.55,-0.010736,-0.16507,1.0107,0,6.7433,11.967,65.616,5.5627,25.686,0
0.015646,0.74834,0.077858,1.1923,-59.308,0,0.009131,0.33628,1.2384,0.25166,0.034385,0.022557,0.033388,0.009131,6606.1,0.055252,1.3363,0.009131,0.007373,78.966,1.2087,0.033871,0.012634,0.10483,0.15516,0.063958,1.3412,0.15049,5.3957,0.57388,0.022609,120.31,3.0337,1.6409,0.010409,1.2384,0.98427,0.4698,0.008405,0.11015,0.37745,0.027351,129.11,50.144,0.058398,0.53045,79.635,0.001655,0.001336,0.64494,0.40478,0.32963,0.48642,0.90808,19364,0.008405,0.062173,0.9928,0.86685,4.6223,7.279,119.3,3.0594,2.3937,0
0.14376,0.41828,0.29491,1.741,38.415,0.41835,0.14376,1.3907,2.4833,0.58172,0.14822,0.36125,0.074039,0.14376,830.38,0.43956,2.3907,0.14376,0.057893,6.5497,1.2645,0.12793,0.057893,0.23761,0.56211,0.43956,28.703,0.9602,3.8837,0.15339,0.059596,62.777,5.8142,5.5317,0.16945,2.4833,31.901,0.60204,0.068236,0.11329,0.08298,0.051517,95.214,88.664,3.2262,1.6291,7.0294,0.087834,0.03537,1.6565,0.39796,0.17199,1.894,1.9602,2256.1,0.068236,0.24714,0.94265,0.034935,55.727,4.1167,58.494,6.24,8.0853,0
0.007128,0.24486,0.49394,3.0173,51.588,0,0.014873,3.084,1.8502,0.75514,0.019163,0.060742,0.02573,0.014873,1877.4,0.19442,4.084,0.014873,0.008039,46.242,1.4168,0.009907,0.003853,0.20312,0.73673,0.16279,2.309,1.891,3.513,0.073618,0.008042,48.47,7.5304,7.5304,0.006336,1.8502,,0.75514,0.003425,0.44372,0.19142,0.005354,124.31,78.071,0.030411,2.0599,46.401,-0.022825,-0.012337,3.0173,0.24486,0.1328,2.891,2.891,1609.4,0.003425,0.00944,0.99202,0,7.8933,4.6753,48.304,7.5563,7.0832,0
0.046655,0.86415,0.13951,1.1762,32.675,0.011787,0.047549,0.1572,1.5929,0.13585,0.075985,0.060059,0.037206,0.047549,5322,0.068583,1.1572,0.047549,0.02985,0,1.216,0.070316,0.029289,0.2276,0.1135,0.067549,2.4728,2.0283,3.3497,0.35521,0.02985,189.71,1.924,1.7627,0.069648,1.5929,19.581,0.1834,0.043723,0.37973,0.35114,0.044142,144.49,144.49,,1.1762,0,0.058599,0.036787,1.0776,0.79171,0.51974,1.9751,2.6665,312.12,0.043723,0.34344,0.97027,0.35007,,2.5261,181.41,2.012,23.16,0
0.017359,0.42832,-0.13474,0.68236,-60.82,0,0.030201,1.3347,1.5952,0.57168,0.056988,0.071195,0.039923,0.030201,2454.9,0.14868,2.3347,0.030201,0.018933,23.985,1.0204,0.056853,0.010882,0.048371,0.43021,0.1187,2.1224,-0.18963,3.4359,0.26564,0.029524,99.98,3.6507,3.6156,0.046545,1.5952,,0.57168,0.029178,0.049466,0.15805,0.03564,61.431,37.446,0.1656,0.43525,24.706,0.02337,0.01465,0.67581,0.4242,0.27392,0.80457,0.80457,-367.63,0.029178,0.030365,0.98127,0,15.218,9.7474,97.063,3.7604,2.245,0
0.059905,0.13632,0.18474,2.3747,0.17533,0.24229,0.074955,5.1647,1.109,0.70407,0.074955,0.55776,0.12879,0.074955,440.66,0.8283,7.3354,0.074955,0.085491,40.348,1.0789,0.079763,0.068325,0.30132,0.70407,0.7179,1.0089,0.27133,4.9884,0.1442,0.085491,62.042,5.8831,0.5851,0.079763,0.89375,114.6,0.70601,0.090974,0.7244,0.038071,0.090974,92.327,51.979,0.61809,1.6535,44.745,0.041801,0.047676,2.3409,0.13439,0.16998,1.0341,1.0369,17987,0.098265,0.085083,0.90173,0.002754,9.0463,7.0221,55.945,6.5242,1.2877,0
0.17783,0.49469,0.29182,1.9423,-32.312,0.32611,0.17783,1.0215,1.2936,0.50531,0.20942,0.57421,0.14912,0.17783,936.05,0.38994,2.0215,0.17783,0.13748,108.52,1.1524,0.20917,0.13748,,0.50395,0.38994,6.622,0.73232,4.0355,0.381,0.15035,103.52,3.5259,2.2074,0.2016,1.2936,1.1882,0.68787,0.15585,0.018452,0.073539,0.1617,168.12,59.595,0.46239,0.70041,128.56,0.1941,0.15005,1.216,0.3097,0.28362,1.2681,1.7262,3167,0.15585,0.35193,0.86366,0.36128,3.3634,6.1247,87.387,4.1768,3.2462,0
0.16936,0.007446,0.90644,122.73,873.43,0,0.20008,133.29,0.4608,0.99255,0.20071,26.869,0.45395,0.20008,12.993,28.091,134.29,0.20008,0.43419,48.188,1.077,0.13584,0.36754,0.51978,0.98375,23.967,215.97,10.526,3.9303,-1.554,0.43419,8.3605,43.658,43.658,0.1357,0.4608,,0.99255,0.2945,107.77,0.001713,0.29478,88.238,40.05,2.784,114.56,68.303,0.12673,0.27503,122.73,0.007446,0.022905,11.526,11.526,7720.4,0.2945,0.17063,0.61964,0,7.5746,9.1136,5.8983,61.882,5.3512,0
0.067287,0.3166,0.046618,1.1843,15.178,0,0.084677,2.1585,0.76677,0.6834,0.087708,0.33486,0.12054,0.084677,1250.3,0.29192,3.1585,0.084677,0.11043,0,1.9411,0.087708,0.087753,0.11133,0.15416,0.23699,28.937,0.066549,4.1423,0.41248,0.11439,127.86,2.8547,2.2801,0.044882,0.76677,4.6998,0.74712,0.058534,0.066572,0.11056,0.11439,134.55,134.55,,1.1843,0,0.079963,0.10428,0.94597,0.25288,0.3503,0.97558,1.0665,646.98,0.058534,0.098459,0.89962,0.093247,,2.7127,120.37,3.0322,1.0946,0
0.001935,0.18322,0.14967,1.9882,4.7453,0.012885,0.000968,4.2932,1.0053,0.78662,0.000968,0.006392,0.030699,0.000968,2707.3,0.13482,5.4578,0.000968,0.001203,62.132,1.2082,0.008085,0.002405,0.023816,0.78662,0.1401,0.10102,0.21416,4.1537,0.21962,0.001203,69.066,5.2848,0.044128,0.008085,0.81049,5.1667,0.81839,0.010048,0.059197,0.18931,0.010048,132.52,70.392,0.014129,1.0838,62.463,-0.015649,-0.019448,1.6435,0.15145,0.18922,1.1255,1.171,2132.1,0.005295,0.00246,0.99471,0.040389,5.8746,5.1852,68.7,5.3129,1.1514,0
-0.21841,1.0982,-0.87169,0.20629,-772.88,-0.5223,-0.21217,-0.13679,0.69011,-0.15023,-0.21217,-0.19319,-0.38076,-0.21217,-2787.5,-0.13094,0.91054,-0.21217,-0.56179,148.11,0.82641,-0.15735,-0.5783,-0.50305,-0.15023,-0.13662,-2.8751,-1.127,4.67,2.9012,-0.56179,732.48,0.49831,-0.14327,-0.15735,0.47462,,-0.15023,-0.41662,0.005197,-0.4058,-0.41662,213.44,65.325,-1.4251,0.066744,102.22,-0.22572,-0.59764,0.20629,1.0982,2.0068,-0.19424,-0.19424,-40776,-0.44904,1.4538,1.449,0,2.4643,5.5874,1061.4,0.34389,0.48831,0
0.01476,0.40708,0.13529,1.5834,-17.791,0,0.018337,1.4565,1.8454,0.59292,0.023888,0.079077,0.036364,0.018337,2214.1,0.16485,2.4565,0.018337,0.009936,43.779,1.0966,0.023704,0.007998,0.12197,0.5862,0.15607,4.2701,0.2138,3.8715,0.21476,0.01249,46.304,7.8827,4.4903,0.017513,1.8454,0.86069,0.76237,0.00949,0.054453,0.18723,0.012845,70.126,26.348,0.066683,0.62892,44.198,-0.025067,-0.013583,0.902,0.23189,0.12686,0.93696,1.2047,1006.5,0.00949,0.024893,0.99011,0.28578,8.3374,13.853,45.864,7.9583,2.9162,0
0.000083,0.50814,0.23395,1.467,16.93,0.39908,0.002701,0.96796,2.8144,0.49186,0.018308,0.005393,0.050206,0.002701,1312.6,0.27807,1.968,0.002701,0.00096,13.044,1.2267,0.016716,0.00003,0.07362,0.39916,0.27292,1.071,0.88238,2.7319,0.10588,0.00096,65.37,5.5836,5.5043,0.017426,2.8144,,0.49186,0.006192,0.43618,0.10906,0.005939,66.969,53.926,0.00083,1.2663,13.125,-0.12188,-0.043306,1.4462,0.50092,0.1791,1.8552,1.8552,126.19,0.006192,0.00017,0.99904,0,27.983,6.7686,64.965,5.6184,10.615,0
-0.11856,0.26668,0.65911,3.7154,-13.071,-1.1099,-0.11856,2.7498,1.1914,0.73332,-0.11856,-0.48844,-0.099517,-0.11856,-820.99,-0.44459,3.7498,-0.11856,-0.099517,201.93,,-0.11465,-0.099517,-0.11856,-1.0344,-0.44459,-22.489,6.7118,3.7381,0.20429,-0.0982,101.98,5.4062,4.9208,-0.1152,1.1991,,0.73332,-0.096697,0.29224,-0.077537,-0.09623,254.56,52.633,-0.17988,3.0076,183.33,-0.11465,-0.09623,3.3818,0.24273,0.18497,7.4675,7.4675,3606,0.27079,-0.16168,0.7295,0,1.8075,6.9348,74.366,4.9081,12.132,1
-0.014287,0.72129,0.10026,1.5128,20.73,0.054968,-0.013538,0.30894,1.096,0.22283,-0.013538,-0.069243,0.092765,-0.013538,3425.3,0.10656,1.3864,-0.013538,-0.016339,23.397,1.0786,0.08658,-0.017243,0.057714,0.22283,0.10552,1.1453,0.14237,4.4726,0.82486,-0.016339,94.398,3.8666,0.12003,0.08658,0.84397,0.46152,0.74862,0.10449,0.23868,0.13399,0.10449,109.74,86.339,-0.269,1.2412,25.645,-0.003819,-0.004609,0.41006,0.19551,0.25862,0.31642,1.063,2976.9,0.087631,-0.064115,0.91237,2.3595,15.6,4.2275,86.126,4.238,1.1765,0
0.027061,0.65179,-0.083963,0.7439,-216.35,0.042369,0.032832,0.53424,0.48421,0.34821,0.085295,0.10014,0.086922,0.032832,5652.4,0.064574,1.5342,0.032832,0.067805,39.717,1.1848,0.026532,0.055886,0.044254,0.33735,0.05572,0.50573,-0.11105,6.1783,1.3461,0.067805,283.86,1.2907,0.64921,0.062656,0.48421,0.59023,0.67215,0.1294,0.33896,0.60707,0.054794,100.07,60.357,0.51359,0.58319,45.449,0.017275,0.035677,0.37418,0.32785,0.77479,0.46053,0.88895,0.7439,0.1294,0,0.87519,0.93028,9.19,6.0474,247.13,1.4769,0.6404,0
0.12219,0.41047,0.54533,2.3285,79.304,0.23115,0.15182,1.057,1.0601,0.43385,0.15182,0.36987,0.075124,0.15182,917.6,0.39778,2.4362,0.15182,0.069854,14.223,1.7937,0.16902,0.05622,0.28373,0.43385,0.32559,0.82442,12.339,4.2645,-0.018207,0.069854,73.079,4.9946,0.41177,0.16902,2.2348,,0.43385,0.077767,1.1245,0.074775,0.077767,82.999,68.776,1.4428,2.1222,15.078,0.15756,0.072496,2.3285,0.41047,0.20022,9.8164,9.8164,10027,0.056709,0.28164,0.94329,0,25.663,5.3071,68.934,5.2949,49.176,0
0.065181,0.82546,-0.048767,0.90763,-18.84,0.047505,0.080298,0.21145,3.3471,0.17454,0.11797,0.1521,0.033583,0.080298,2680.4,0.13617,1.2114,0.080298,0.02399,12.715,1.2903,0.11544,0.019474,0.14836,0.11269,0.11786,3.0643,-0.093633,3.8214,0.24475,0.035246,59.454,6.1392,3.9264,0.106,3.3471,1.2186,0.47207,0.03167,0.016754,0.18648,0.034491,51.288,38.574,0.55905,0.68678,13.13,0.083339,0.024899,0.58048,0.52793,0.16289,0.33512,0.90637,-323.25,0.03167,0.37344,0.97614,1.7046,28.707,9.4624,57.571,6.34,6.4264,0
-0.90708,0.26518,-0.015367,0.90474,-12.691,0,-0.90708,2.771,0.67575,0.73482,-0.89473,-5.6232,-1.0145,-0.90708,-141.19,-2.5851,3.771,-0.90708,-1.3423,11.934,,-0.90084,-1.3423,-0.90708,0.18141,-2.5851,-72.939,-0.017993,3.7435,0.32877,-1.3241,58.928,10.003,6.085,-0.3234,0.71979,,0.73482,-0.47858,0.33864,-0.013013,-1.3331,49.324,37.39,-41.054,0.76777,4.9978,-1.1224,-1.661,0.55036,0.16131,0.099969,0.86039,0.86039,-85.13,-0.47858,-1.2344,2.2589,0,30.584,9.762,87.13,4.1891,0.79123,1
0.16677,0.05389,0.58194,14.761,315.56,0,0.2072,17.556,0.85388,0.94611,0.20722,4.8996,0.3031,0.2072,76.001,4.8026,18.556,0.2072,0.24265,6.498,1.1166,0.15334,0.19531,0.48174,0.94062,4.0524,7312,1.5487,4.2604,-0.61882,0.24268,22.277,16.385,12.857,0.161,0.85388,,0.94611,0.18855,13.879,0.008764,0.17958,15.948,9.4495,10.971,14.402,8.0079,0.10173,0.11914,11.583,0.042288,0.061032,2.5178,2.5178,10600,0.18855,0.17627,0.77249,0,56.171,38.626,18.077,20.192,2.2724,0
-0.024754,0.69565,0.042812,1.0615,-30.599,0,-0.027382,0.43751,2.8852,0.30435,-0.026514,-0.039363,-0.00448,-0.027382,-19644,-0.01858,1.4375,-0.027382,-0.009491,35.822,1.0065,-0.026576,-0.00858,-0.052594,0.26074,-0.014802,-30.613,0.16369,3.5041,0.19448,-0.009487,87.925,4.1513,4.1513,-0.002589,2.8852,,0.30435,-0.000897,0.19894,-1.9134,-0.009211,75.912,40.09,-0.087418,0.65449,35.79,-0.041033,-0.014222,1.0615,0.69565,0.24089,1.1637,1.1637,136.65,-0.000897,-0.081334,1.0095,0,10.189,9.1045,88.004,4.1476,11.032,0
-0.081613,0.8896,0.081927,1.0921,-169.79,-0.14165,-0.076775,0.12206,0.92489,0.10858,-0.076775,-0.086303,-0.13812,-0.076775,-4348.7,-0.083932,1.1241,-0.076775,-0.14202,240.45,0.418,-0.079747,-0.15097,-0.14801,0.10858,-0.08937,-1.3644,2.877,4.2556,1.6441,-0.14202,555.52,0.65704,-0.089644,-0.079747,0.54989,,0.10858,-0.14752,0.001452,-0.37671,-0.14752,655.08,414.63,-0.22917,0.69177,222.39,-0.081857,-0.15142,1.0921,0.8896,1.522,3.8131,3.8131,1475.9,-0.081215,-0.75161,1.0812,0,1.518,0.8803,600.64,0.60769,18.984,0
0.004667,0.49913,0.24305,1.4869,-118.78,0.060444,0.007605,0.98134,1.0064,0.48982,0.007605,0.015237,0.036252,0.007605,4811,0.075868,2.0035,0.007605,0.007281,199.12,1.0105,0.027797,0.004468,0.077807,0.48982,0.069981,0.26781,0.9427,5.0264,0.47688,0.007281,175.52,2.0795,0.05569,0.027797,1.0711,,0.48982,0.026611,0.013356,0.28264,0.026611,257,57.888,0.00819,0.34527,200.39,-0.002466,-0.002361,1.4869,0.49913,0.48088,1.8998,1.8998,25828,0.006349,0.009528,0.99365,0,1.8331,6.3052,174.41,2.0928,4.0516,0
0.046017,0.24796,0.32979,2.4854,39.881,-0.091171,0.046017,3.0329,1.6688,0.75204,0.062701,0.20726,0.057078,0.046017,950.16,0.38414,4.0329,0.046017,0.027575,33.302,0.72821,0.062675,0.027575,-0.045155,0.17972,0.38414,3.7564,0.73581,2.9882,0.10483,0.031787,50.556,7.2197,6.4644,0.065882,1.6688,69.988,0.75775,0.039479,0.35325,0.073857,0.037557,103.54,70.234,0.30222,1.7996,34.671,0.013439,0.008053,2.2254,0.22202,0.13851,1.6779,1.6907,320.96,0.039479,0.061189,0.97243,0.007591,10.96,5.1969,48.56,7.5165,3.7234,0
0.070556,0.56111,0.2477,1.4582,3.1797,0,0.088137,0.78218,2.0891,0.43889,0.10461,0.16304,0.053656,0.088137,1827.1,0.19977,1.7822,0.088137,0.042188,40.159,1.2155,0.089133,0.033773,0.30032,0.24325,0.16844,5.4107,1.1701,5.352,0.24734,0.046483,98.585,3.7024,3.567,0.087631,2.0891,,0.43889,0.041946,0.082792,0.16539,0.042665,129.91,89.748,0.30696,1.033,41.917,0.065175,0.031197,1.4049,0.5406,0.2701,2.0732,2.0732,55708,0.041946,0.16076,0.95822,0,9.0888,4.0669,94.45,3.8645,9.8685,0
0.012965,0.62724,-0.041894,0.92978,-84.481,0,0.012965,0.59429,1.7785,0.37276,0.016555,0.021729,0.20577,0.012965,625.59,0.58345,1.5943,0.012965,0.00729,25.72,1.202,0,0.00729,0.0788,0.37026,0.58345,0,-0.094091,4.9993,0.33848,0.018103,198,1.8435,1.7535,0.016973,1.7785,,0.37276,0.009543,0.05582,0.059229,0,107.01,81.295,0.10345,0.71973,41.589,-0.353,-0.19848,0.88442,0.59664,0.54246,0.83719,0.83719,-4183.1,0.38157,0.03478,0.62572,0,14.191,4.4898,122.45,2.9809,3.9944,0
0.002958,0.77675,-0.04624,0.84302,-47.291,0,0.002958,0.28741,1.0032,0.22325,0.011805,0.010041,0.019051,0.002958,14834,0.024606,1.2874,0.002958,0.002948,30.83,1.2264,0.009816,0.002948,0.00973,0.22035,0.024606,1.1095,-0.061515,4.2785,0.76674,0.011767,105.73,3.4529,1.3094,-0.013732,1.0289,2.5438,0.28755,-0.013688,0.027356,0.99696,0.009784,87.413,56.583,0.034904,0.31504,30.41,-0.006339,-0.006319,0.31968,0.29455,0.28961,0.29699,0.38254,-878,-0.013649,0.013248,0.98849,0.28804,11.839,6.4507,107.17,3.4059,1.3346,1
0.009536,0.47013,0.2746,1.9191,-7.2606,-0.006387,0.016311,0.94553,1.0274,0.44452,0.016311,0.054596,0.035658,0.016311,2241.6,0.16283,2.1271,0.016311,0.007598,53.378,1.259,0.037955,0.004442,0.002174,0.44452,0.14842,0.18164,0.64364,4.5664,0.2122,0.007598,52.186,6.9941,0.080733,0.037955,2.1579,1.5138,0.61589,0.01768,0.0541,0.15741,0.01768,94.735,41.358,0.030374,0.8683,54.839,-0.022284,-0.01038,1.2196,0.29876,0.14298,1.0419,1.4436,10117,0.026657,0.021452,0.97334,0.38551,6.8381,8.8255,50.795,7.1857,5.0319,0
0.083043,0.6028,0.19598,1.3265,-34.66,0,0.083043,0.65893,3.7177,0.3972,0.083398,0.13834,0.10214,0.083043,579.42,0.62994,1.6589,0.083043,0.022337,39.302,1.0103,0,0.022337,0.26003,0.26003,0.62994,0,0.96201,3.1638,0.1521,0.049984,80.794,4.5177,4.4989,0.000573,3.7177,,0.3972,0.000154,0.1092,0.067726,0,71.741,32.439,0.20744,0.65961,53.879,-0.29668,-0.079803,1.321,0.60029,0.22135,1.9497,1.9497,285.75,0.27055,0.20907,0.72994,0,9.287,11.252,58.936,6.1932,18.249,0
0.037837,0.15503,0.23378,3.1113,40.06,0.12154,0.050549,4.8296,1.0148,0.74874,0.050549,0.45651,0.10945,0.050549,410.73,0.88866,6.4504,0.050549,0.040159,30.028,1.1447,0.052298,0.03006,0.1556,0.74874,0.80667,0.42164,0.35664,4.4583,0.10072,0.040159,32.585,11.201,0.33734,0.052298,1.3064,5.439,0.79304,0.041549,0.27245,0.036532,0.041549,91.151,61.124,0.3654,2.1761,30.473,-0.034922,-0.027744,2.2222,0.11073,0.089274,1.1422,1.2098,6716.1,0.014605,0.050535,0.98539,0.059167,12.155,5.9715,32.109,11.368,1.9202,0
0.064588,0.10479,0.61307,6.8753,263.04,0.18291,0.082458,7.304,1.0994,0.76539,0.082458,0.79022,0.15547,0.082458,298.99,1.2208,9.5429,0.082458,0.10021,43.866,1.0358,0.060295,0.078496,0.23847,0.76539,1.0502,0.80564,2.1696,5.7059,-0.46935,0.10021,50.891,7.1722,0.57538,0.060295,0.85621,1400,0.76583,0.073278,4.7106,0.032575,0.073278,100.2,56.332,0.65315,5.9276,48.228,0.014829,0.018022,6.8463,0.10435,0.13943,2.7086,2.7102,311440,0.090435,0.084386,0.90957,0.000577,8.3208,6.4794,46.288,7.8853,2.9118,0
-0.013057,0.61618,0.36491,1.5922,33.313,0,-0.011678,0.62289,1.5127,0.38382,0.00319,-0.018953,-0.000978,-0.011678,-152010,-0.002401,1.6229,-0.011678,-0.00772,54.42,0.97804,0.00319,-0.008632,0.015917,0.021616,-0.004639,0.21454,19.299,3.4411,0.25078,-0.00772,149.34,2.4441,2.4441,0.006683,1.5127,,0.38382,0.004418,0.38592,1.5341,0.002109,179.35,124.93,-0.057895,1.2262,54.662,-0.007009,-0.004633,1.5922,0.61618,0.40915,20.299,20.299,1007.5,0.004418,-0.03402,1.0077,0,6.7071,2.9216,148.68,2.4549,80.003,0
0.19978,0.5711,0.22855,1.6997,-0.28053,0,0.24359,0.75101,1.2456,0.4289,0.27863,0.74577,0.23132,0.24359,723.48,0.50451,1.751,0.24359,0.19556,66.286,1.704,0.27853,0.16039,0.37801,0.24057,0.4278,7.9477,0.5138,4.2566,0.39926,0.20146,123.38,2.9582,1.6919,0.27932,1.2456,1.4155,0.66131,0.22425,0.23532,0.058926,0.22361,140.17,73.88,0.88321,1.0072,85.448,0.23399,0.18786,0.97212,0.32663,0.33804,0.9642,1.4867,4126.2,0.22425,0.4658,0.80454,0.54188,5.5065,4.9405,95.714,3.8134,2.8001,0
0.25094,0.11496,0.62003,6.3933,33.482,0.10435,0.2916,7.0051,1.2544,0.80533,0.2916,2.5365,0.23245,0.2916,126,2.8969,8.6984,0.2916,0.20353,131.62,1.8767,0.29095,0.17515,0.14548,0.80533,2.5431,2.5473,2.3397,4.321,0.050581,0.20353,36.739,9.935,2.5308,0.29095,1.4768,,0.80533,0.20307,0.37855,0.011371,0.20307,176.16,44.542,0.48571,1.8994,165.1,0.24952,0.17415,6.3933,0.11496,0.10065,3.0389,3.0389,12984,0.2028,0.3116,0.7972,0,2.7732,8.1944,29.288,12.462,5.4065,0
0.026325,0.50769,0.065563,1.1549,-81.428,0,0.020935,0.96971,0.80843,0.49231,0.020935,0.049477,0.068924,0.020935,3325.6,0.10975,1.9697,0.020935,0.025896,77.161,1.1562,0.04526,0.032563,0.15934,0.49017,0.12037,,0.12823,5.4217,0.62799,0.025896,281.21,1.3367,1.1141,0.25922,0.80843,3.7586,0.57686,0.32065,0.026036,0.21142,0.055985,215.67,138.51,0.15403,0.75105,110.29,0.010475,0.012958,0.9626,0.42314,0.74812,0.96286,1.1282,1.1549,0.32065,0.053471,0.71384,0.17175,4.7303,2.6352,191.04,1.9106,1.5811,0
0.10142,0.29918,0.30385,2.1539,27.907,0,0.12327,2.3425,1.4505,0.70082,0.13586,0.4681,0.13638,0.12327,552.02,0.66121,3.3425,0.12327,0.084979,52.134,1.0316,0.13524,0.06992,0.35478,0.67199,0.5882,10.737,0.70201,4.9509,0.19778,0.085714,73.157,4.9892,4.3914,0.13672,1.4505,11.972,0.73089,0.094254,0.048938,0.047535,0.093235,139.48,87.342,0.48952,1.3671,57.56,0.060687,0.041837,1.8958,0.26333,0.20043,1.6192,1.6887,27135,0.094254,0.14472,0.91511,0.042907,7.0011,4.179,66.262,5.5084,3.3513,0
0.070528,0.44446,-0.040797,0.90821,-59.681,0.020263,0.093919,1.2038,1.1139,0.53506,0.093919,0.21131,0.11985,0.093919,792.03,0.46084,2.2499,0.093919,0.054954,40.768,1.2032,0.17682,0.041268,0.060471,0.53506,0.40821,1.1524,-0.068413,5.2755,0.25517,0.054954,105.73,3.4521,0.39783,0.17682,1.7131,,0.53506,0.10346,0.028432,0.050786,0.10346,83.511,42.742,0.36947,0.47872,45.411,0.065913,0.038567,0.90821,0.44446,0.28968,0.89723,0.89723,-7693.7,0.10224,0.13181,0.89776,0,8.953,8.5396,94.922,3.8452,2.8659,0
0.057766,0.75263,0.24737,1.3287,-48.597,0,0.073414,0.32867,1.2,0.24737,0.10071,0.097543,0.061181,0.073414,3741.9,0.097543,1.3287,0.073414,0.061181,120.55,0.96378,0.091993,0.04814,0.11211,0.22468,0.076752,3.3707,,3.3433,0.43692,0.061181,248.96,1.4661,1.4661,0.096519,1.2,,0.24737,0.080436,0.30341,0.27271,0.076664,234.72,114.17,0.14576,0.80209,131.1,0.091993,0.076664,1.3287,0.75263,0.68208,,,545.27,0.080436,0.23352,0.93926,0,3.0277,3.1971,228.94,1.5943,,0
0.48585,0.26128,0.60218,3.3208,113.84,0.21659,0.60016,2.8273,2.4676,0.73872,0.60027,2.313,0.25873,0.60016,149.38,2.4435,3.8273,0.60016,0.24322,0.07075,1.2592,0.52951,0.19689,0.81102,0.73118,2.006,5200.7,4.3526,3.8215,-0.09189,0.24326,49.133,7.4288,7.3774,0.54004,2.4676,476.65,0.74053,0.21885,1.8973,0.015339,0.21459,54.633,54.563,1015.8,3.319,0.090572,0.49125,0.19908,3.2978,0.25947,0.13461,5.3396,5.3526,3992.2,0.21885,0.65769,0.76357,0.002446,5159,6.6896,38.38,9.5101,17.836,0
0.023623,0.56683,0.29803,1.5258,14.673,0.051204,0.018623,0.32442,1.0047,0.18389,0.018623,0.032854,0.014431,0.018623,4548,0.080254,1.7642,0.018623,0.005908,18.41,1.1906,0.016179,0.007494,0.049709,0.18389,0.089076,0.051565,2.2054,4.0439,0.16387,0.005908,65.94,5.5353,0.028543,0.016179,3.1788,,0.18389,0.005132,0.11025,0.43291,0.005132,92.903,74.493,0.14858,1.2453,18.496,-0.010689,-0.003391,1.5258,0.56683,0.18066,1.3607,1.3607,3297.4,0.004691,0.12846,0.99531,0,19.827,4.8998,65.631,5.5614,23.327,0
0.064092,0.54528,0.000514,1.001,-136.32,0.11396,0.084657,0.53907,1.0219,0.29394,0.084657,0.16416,0.16902,0.084657,1588,0.22985,1.8339,0.084657,0.11417,24.301,0.82076,0.12773,0.086433,0.15751,0.29394,0.19214,1.7602,0.001063,4.1895,0.72733,0.11417,259.39,1.4072,0.23425,0.12773,0.86485,15.778,0.32353,0.17226,0.41978,0.10645,0.17226,147.54,123.23,1.2982,0.90526,24.832,0.087057,0.1174,0.94668,0.51569,0.71064,0.60757,0.66873,7.96,0.021383,0.21804,0.97862,0.10066,15.02,2.9618,253.84,1.4379,1.5327,0
0,0.4093,0.42509,2.0386,32.907,-0.40985,-0.40985,1.4432,0.79991,0.5907,-0.40985,-1.0013,-0.48804,-0.40985,-382.69,-0.95378,2.4432,-0.40985,-0.51237,128.03,0.66386,-0.40985,0,-0.35313,0.58689,0.047542,,2.5669,2.9375,0.21611,-0.51237,100.19,3.768,3.768,-0.69119,1.1324,,0.5907,-0.86409,0.59066,-0.034949,-0.51237,270.42,142.4,0,1.3531,66.403,-0.42931,-0.53669,2.0386,0.4093,0.2654,3.5669,3.5669,368.09,-0.86409,0,1.3619,0,2.851,2.5633,186.77,1.9543,4.8302,1
0.054238,0.2011,0.42546,4.2734,109.14,0.13711,0.067042,3.9728,1.0528,0.7989,0.067042,0.51581,0.10232,0.067042,806.12,0.45279,4.9728,0.067042,0.075339,38.921,1.043,0.048033,0.06095,0.1671,0.7989,0.38912,0.56827,0.95704,4.8583,-0.075895,0.075339,56.126,6.5033,0.23886,0.048033,0.91605,6.4755,0.87003,0.053978,2.6945,0.091767,0.053978,84.174,45.253,0.57158,3.5434,40.976,0.024022,0.026995,2.7621,0.12997,0.15377,1.7971,1.957,30702,0.050135,0.06789,0.026995,0.089023,9.3779,8.0658,53.312,6.8465,2.0017,0
0.006477,0.77919,0.13056,1.1745,-62.796,0.078073,0.008699,0.27468,1.0326,0.21403,0.008699,0.011627,0.015231,0.008699,7505.5,0.048631,1.2834,0.008699,0.003497,79.501,1.1533,0.075362,0.002603,0.10268,0.21403,0.04578,0.31279,1.0766,4.3414,0.30532,0.003497,113.35,3.2202,0.096718,0.075362,2.4895,10.863,0.24504,0.030291,0.03128,0.24501,0.030291,125.48,45.984,0.011953,0.45022,82.094,0.046168,0.018557,1.1278,0.74818,0.31054,1.765,2.0207,2865.2,0.031593,0.030263,0.96841,0.14488,4.5912,7.9375,109.76,3.3253,20.517,0
0.024633,0.094288,0.55798,9.0962,541.58,0,0.024633,9.6058,0.65973,0.90571,0.024633,0.35741,0.045634,0.024633,1143.1,0.3193,10.606,0.024633,0.037337,100.19,1.0242,0,0.037337,0.07112,0.88466,0.3193,,1.4955,5.1142,-0.17641,0.086687,101.93,3.5809,2.6174,0.008309,0.65973,90.261,0.91065,0.012594,3.2578,0.57422,0,222.62,122.43,0.13602,6.4686,267.83,-0.005473,-0.008297,6.6488,0.068919,0.27926,2.4276,2.4408,72586,0.62592,0.027197,0.38717,0.005453,3.6431,2.9813,38.13,9.5725,1.7683,0
0.050803,0.046387,0.99589,243.55,56.991,0,0.072348,20.558,6.2692,0.95361,0.07248,17.62,0.013889,0.072348,194.45,1.8771,21.558,0.072348,0.01154,0,0.59676,0.015578,0.008104,1.7644,0.90663,1.4126,118.43,,3.0271,-0.12292,0.011561,0.24275,1535.7,135.93,0.09534,6.3781,,0.95361,0.015208,198.98,0.051028,0.002485,10.655,10.655,,243.55,0,0.000855,0.000136,21.558,0.004106,0.000651,,,1059.9,0.015208,0.053275,0.98866,0,,34.257,0.23905,1526.8,,1
0.07177,0.51785,0.20021,1.4288,-49.521,-0.011682,0.07177,0.93105,2.1117,0.48215,0.075309,0.15373,0.046436,0.07177,1927.5,0.18936,1.9311,0.07177,0.033986,81.959,1.1778,0.072989,0.033986,0.35647,0.40301,0.18936,20.621,0.60137,4.0851,0.23277,0.035662,83.769,4.3572,3.9282,0.077489,2.1117,5.5033,0.5172,0.036695,0.061124,0.17387,0.034564,110.37,28.408,0.15135,0.41317,85.081,0.046698,0.022114,1.2882,0.46687,0.2295,1.4482,1.5535,2435.7,0.036695,0.14885,0.96616,0.072697,4.4534,12.848,80.695,4.5232,6.343,0
-0.001326,0.44693,0.1269,1.2839,6.7003,0.09493,0.000184,1.0238,1.0363,0.45755,0.000184,0.000413,0.017743,0.000184,4015.1,0.090906,2.2375,0.000184,0.000081,13.763,1.1833,0.072747,-0.000579,0.097247,0.45755,0.087527,0.32922,0.29777,6.5857,0.14122,0.000081,73.826,4.9441,0.16277,0.072747,2.2976,,0.45755,0.031768,0.27683,0.12981,0.031768,71.745,57.982,-0.015356,1.0907,14.263,0.032302,0.014106,1.2839,0.44693,0.20226,1.0736,1.0736,488830,0.035046,-0.002898,0.96495,0,26.521,6.295,71.239,5.1236,5.3733,0
0.1015,0.24221,0.46479,3.4863,53,0.007216,0.12851,3.1287,1.4192,0.75779,0.1385,0.68742,0.10762,0.12851,578.8,0.63061,4.1287,0.12851,0.090548,71.877,1.132,0.12551,0.071521,0.40321,0.68306,0.51913,12.552,1.3346,4.1148,0.14477,0.096876,54.099,6.7469,5.2073,0.15795,1.4192,7.1193,0.81008,0.11129,0.21366,0.053918,0.088433,157.34,85.466,0.36319,1.9913,80.879,0.10127,0.071358,2.6908,0.18694,0.14822,2.1759,2.326,6054.5,0.11129,0.13395,0.91193,0.069001,5.0781,4.2707,48.078,7.5918,4.0751,0
0.22906,0.059368,0.75457,14.677,264.7,0.74445,0.22906,15.844,1.2525,0.94063,0.22906,4.1519,0.24586,0.22906,80.297,4.5456,16.844,0.22906,0.20868,46.044,1.0496,0.2159,0.20868,0.74445,0.94063,4.5456,2.4636,3.9659,4.6906,-0.33451,0.20868,22.978,15.885,3.6366,0.2159,1.1156,159.87,0.94483,0.1967,7.7629,0.007603,0.1967,126.85,80.809,1.6543,12.168,57.669,0.17509,0.15952,13.639,0.055169,0.062953,4.9439,4.9659,37011,0.20158,0.24351,0.79842,0.004464,7.9272,4.5168,18.346,19.896,5.7689,0
0.084803,0.28273,0.20544,2.105,3.5377,0.30939,0.10672,2.4567,1.1238,0.69458,0.10672,0.57404,0.14701,0.10672,508.41,0.71792,3.537,0.10672,0.077296,38.406,1.3171,0.11178,0.061422,0.3826,0.69458,0.6404,0.90982,0.33753,4.5001,0.19975,0.077296,55.231,6.6086,0.39537,0.11178,1.3856,2.5417,0.7914,0.080961,0.30109,0.04468,0.080961,88.661,50.255,0.58373,1.3236,43.16,0.015525,0.011244,1.3842,0.18591,0.15132,1.1412,1.3003,6498.7,0.11014,0.12209,0.88986,0.13939,9.5037,7.263,49.148,7.4265,2.2684,0
0.1689,0.12736,0.60976,5.982,170.28,-0.006986,0.19866,6.852,1.4107,0.87264,0.19866,1.6231,0.16529,0.19866,199.36,1.8308,7.852,0.19866,0.14083,9.2805,1.097,0.14634,0.11973,0.60261,0.87213,1.5971,74158,2.2766,5.0703,-0.22174,0.14083,35.899,10.167,9.7713,0.16622,1.4107,,0.87264,0.11783,3.6092,0.023474,0.10374,75.142,65.862,4.709,5.6889,10.52,0.11184,0.07928,5.7489,0.12239,0.098353,3.258,3.258,71686,0.11783,0.19355,0.86501,0,39.33,5.5419,31.669,11.526,5.2667,0
0.072672,0.074988,0.65754,9.7685,128.33,0.1102,0.09105,12.045,1.0368,0.90325,0.09105,1.2142,0.11368,0.09105,240.26,1.5192,13.335,0.09105,0.090856,39.776,1.388,0.03535,0.072518,0.13963,0.90325,1.2741,0.36574,2.4583,4.7383,-0.17138,0.090856,28.318,12.889,0.47141,0.03535,1.0815,,0.90325,0.035275,6.1165,0.042345,0.035275,99.748,59.971,0.66544,8.3122,41.241,0.012478,0.012452,9.7685,0.074988,0.077584,3.377,3.377,35989,0.035508,0.080456,0.96449,0,9.1763,6.0863,27.313,13.364,3.7467,0
0.099445,0.34018,0.2556,2.0835,31.555,0,0.099445,1.9396,1.3214,0.65982,0.12083,0.42156,0.1291,0.099445,727.85,0.50148,2.9396,0.099445,0.075257,39.951,1.2333,0.09332,0.075257,0.26524,0.65948,0.50148,4.3646,0.50264,4.175,0.15854,0.082158,67.751,5.3874,3.7358,0.050531,1.3214,4.3251,0.74001,0.03824,0.57862,0.068946,0.070622,98.059,58.108,0.68757,1.4704,41.539,0.022171,0.016779,1.4448,0.2359,0.18562,1.2976,1.4553,3824.5,0.038241,0.15072,0.92885,0.12154,9.1363,6.2814,65.16,5.6016,2.5986,0
0.013272,0.79578,-0.015631,0.96943,-75.71,0.013272,0.014109,0.12357,1.0258,0.098332,0.014109,0.027591,0.030094,0.014109,5767,0.063291,1.2566,0.014109,0.00843,69.508,1.2546,0.037158,0.00793,0.014109,0.098332,0.062239,,-0.030997,4.9534,0.47308,0.00843,114.4,3.1907,0.046694,0.037158,1.7011,0.62242,0.38274,0.022202,0.010122,0.35637,0.022202,106.99,37.478,0.041641,0.34618,71.298,0.000901,0.000538,0.62296,0.51136,0.31341,0.195,0.75901,-1403.9,0.025109,0.13497,0.97489,2.8923,5.2512,9.7391,111.52,3.2728,3.3189,1
0.04811,0.68119,0.12405,1.1835,-20.622,0.29426,0.060802,0.42928,1.029,0.29242,0.060802,0.089925,0.0288,0.060802,2626,0.13899,1.468,0.060802,0.018495,33.582,0.96725,0.094007,0.014634,0.35186,0.29242,0.12036,0.29424,0.62086,4.4635,0.2067,0.018495,77.245,4.7253,0.138,0.094007,3.323,98.462,0.29747,0.028595,0.006419,0.17512,0.028595,88.36,54.778,0.15906,0.73613,34.555,0.060127,0.01829,1.1747,0.67613,0.21163,1.4635,1.4888,3607.1,0.028167,0.16452,0.97183,0.017287,10.869,6.6632,75.069,4.8622,16.453,0
0.01755,0.46111,0.36906,1.9574,51.472,0,0.020151,1.1687,1.7437,0.53889,0.027816,0.052277,0.02938,0.020151,3285.3,0.1111,2.1687,0.020151,0.011557,25.58,1.1673,0.019088,0.010065,0.061429,0.53694,0.10546,2.4903,1.5035,4.7128,0.24435,0.015111,81.329,4.4879,3.7518,0.013731,1.7437,217.54,0.5418,0.007875,0.10115,0.30638,0.010947,149.78,124.2,0.14361,1.6404,25.783,-0.01199,-0.006876,1.6363,0.38547,0.22282,2.1954,2.2072,19050,0.007875,0.032567,0.98859,0.005394,14.269,2.9388,80.689,4.5236,7.1035,0
0.16665,0.20225,0.51651,3.5538,88.209,0,0.20684,3.9443,1.6369,0.79775,0.20873,1.0227,0.15472,0.20684,291.48,1.2522,4.9443,0.20684,0.12636,39.147,1.2423,0.20274,0.1018,0.46009,0.77908,1.0535,107.31,1.8366,3.428,-0.008636,0.12641,51.475,7.0909,7.0909,0.20277,1.6369,,0.79775,0.12387,1.0744,0.027057,0.12386,111.81,72.667,0.94919,2.6857,44.682,0.15632,0.095494,3.5538,0.20225,0.14103,2.8366,2.8366,1383.9,0.12387,0.2089,0.8741,0,9.3237,5.0229,45.099,8.0934,5.8206,0
0.16874,0.15575,0.62081,7.1586,163.43,0,0.20901,5.4206,1.1001,0.84425,0.20912,2.0734,0.22539,0.20901,229.27,1.592,6.4206,0.20901,0.18999,69.572,1.1264,0.19117,0.15339,0.42089,0.55093,1.3335,1752.2,2.23,4.3243,-0.1595,0.19009,40.079,9.1069,5.8941,0.1821,1.1001,,0.84425,0.16553,3.4053,0.02256,0.17378,125.53,55.958,0.80475,5.0785,83.372,0.15222,0.13837,4.6332,0.1008,0.10981,3.0326,3.0326,13099,0.16553,0.19987,0.81575,0,5.2464,6.5227,33.445,10.913,3.9516,0
-0.34233,0.99927,-0.11861,0.8813,-251.45,0.33464,-0.34233,0.000731,0.84062,0.00073,-0.30637,-0.34258,-0.37119,-0.34233,-1168.9,-0.31226,1.0007,-0.34233,-0.40724,286.08,0.38249,-0.30637,-0.40724,-0.66909,-0.007694,-0.31226,-8.5197,-0.99388,3.7734,1.1784,-0.38276,317.4,1.15,1.15,-0.30852,0.84062,,0.00073,-0.36702,0.012727,-0.12066,-0.36446,376.86,90.783,-0.51958,0.22196,209.27,-0.33667,-0.4005,0.8813,0.99927,0.86958,0.006121,0.006121,-703.94,-0.36702,-468.67,1.3883,0,1.2759,4.0206,433.89,0.84123,7.0438,0
0.37613,0.006225,0.70043,113.51,371.65,0,0.37613,159.63,0.94268,0.99377,0.39009,60.417,0.42786,0.37613,5.6338,64.788,160.63,0.37613,0.399,43.434,1.2085,0.34526,0.399,0.77212,0.37613,64.788,24.716,2.3877,4.0658,-0.54091,0.39903,3.8126,95.734,95.734,0.34669,0.94268,,0.99377,0.36777,83.077,0.000557,0.36625,73.358,29.924,3.353,95.491,68.7,0.31805,0.33739,113.51,0.006225,0.010446,3.3877,3.3877,8150.5,0.36777,0.37848,0.6205,0,8.4035,12.198,2.4105,151.42,3.2135,0
-0.02337,0.20486,0.61117,4.5548,-6.5767,0,-0.02337,3.8813,1.217,0.79514,-0.0233,-0.13593,0.003382,-0.02337,18166,0.020093,4.8813,-0.02337,-0.019202,190,0.93516,-0.026191,-0.019202,-0.0739,0.35351,0.020093,-374.78,2.8178,3.7046,0.13738,-0.019145,47.93,7.6153,6.391,-0.092254,1.217,,0.79514,-0.075803,0.22528,5.2739,-0.02152,223.24,33.243,-0.036888,0.86999,176.61,-0.053677,-0.044105,3.8226,0.17193,0.13131,3.666,3.666,3095.9,-0.075803,-0.029391,1.0181,0,1.921,10.98,51.563,7.0787,5.6111,0
0.076216,0.51517,0.16781,1.3257,7.0932,0,0.094665,0.94111,2.7509,0.48483,0.097652,0.18375,0.062809,0.094665,1088.3,0.33539,1.9411,0.094665,0.034412,14.424,1.0329,0.096763,0.027706,0.27427,0.46385,0.29958,32.395,0.52934,3.3771,0.18055,0.035498,70.574,5.1719,5.1719,0.086554,2.7509,,0.48483,0.031463,0.051714,0.098194,0.035175,87.084,72.661,0.70111,1.1147,14.892,0.018645,0.006778,1.3257,0.51517,0.19335,1.5293,1.5293,399.89,0.031463,0.1572,0.96589,0,25.306,5.0234,68.354,5.3399,8.6775,0
-0.30589,0.73223,-0.23817,0.66835,-80.734,0,-0.30589,0.36569,2.4365,0.26777,-0.28199,-0.42595,-0.10524,-0.30589,-1042.3,-0.35017,1.3657,-0.30589,-0.12555,40.062,1.5397,0.065688,-0.12555,-0.45391,-0.15994,-0.35017,2.7484,-0.45798,3.7702,0.30029,-0.11574,111.74,3.2666,3.2037,0.090651,2.4365,,0.26777,0.037206,0.013897,0.21192,0.02696,70.407,30.345,-1.1438,0.29596,41.61,0.016204,0.006651,0.65549,0.71813,0.30613,0.51491,0.51491,-1403.2,0.037206,-1.1424,0.9825,0,9.1108,12.028,107.58,3.3928,4.6853,0
-0.36796,0.63001,-0.17533,0.64397,-317,0,-0.36796,0.58727,0.45749,0.36999,-0.3624,-0.74722,-0.69775,-0.36796,-720.38,-0.50667,1.5873,-0.36796,-0.80432,213.27,0.48967,0,-0.80432,-1.0283,0.31083,-0.50667,0,-0.25674,4.1338,1.374,-1.5923,325.54,1.1212,0.87639,0.025957,0.45749,,0.36999,0.056739,0.004116,0.43076,0,251.39,38.127,-1.3766,0.10116,176.71,-0.048752,-0.10656,0.50335,0.49245,0.89189,0.5418,0.5418,-2385.7,-0.20689,-0.99453,1.2217,0,1.7115,9.5733,392.89,0.92901,0.66994,0
0.1825,0.45628,0.4395,1.9632,51.371,0,0.25156,1.1916,3.0836,0.54372,0.29114,0.55132,0.083772,0.25156,644.72,0.56614,2.1916,0.25156,0.08158,4.2088,1.2237,0.28107,0.059183,0.32055,0.45268,0.41478,7.1012,4.2174,2.5804,-0.11251,0.081593,58.693,6.2188,6.2188,0.24606,3.0836,,0.54372,0.079795,1.7603,0.052842,0.091149,10.958,6.7493,5.1325,1.8853,4.5737,0.27431,0.088957,1.9632,0.45628,0.1608,5.2174,5.2174,167.24,0.079795,0.33564,0.91961,0,86.724,54.08,54.009,6.7581,29.589,0
0.057584,0.6022,-0.022399,0.94999,-55.322,0.229,0.07775,0.58533,1.1148,0.35249,0.07775,0.17359,0.11263,0.07775,1732.9,0.21063,1.6606,0.07775,0.06904,39.841,1.2158,0.11425,0.051133,0.28913,0.35249,0.17715,1.131,-0.038988,5.1288,0.52166,0.06904,161.83,2.2554,0.18972,0.11425,1.1356,1.9609,0.50679,0.10145,0.038184,0.12121,0.10145,132.37,92.525,0.46845,0.67555,44.414,0.065158,0.057858,0.70657,0.4479,0.44338,0.61356,0.88215,-3013.3,0.10297,0.16336,0.89703,0.43776,9.1615,3.9449,145.17,2.5143,1.9602,0
0.051639,0.81887,0.12393,1.1517,15.95,0,0.051639,0.2212,2.0555,0.18113,0.10497,0.063223,0.028857,0.051639,5038.8,0.072439,1.2212,0.051639,0.025122,6.539,1.2956,0.10497,0.025122,0.34252,0.17363,0.072439,1.9683,2.0906,4.3554,0.39446,0.029594,152.23,2.3977,2.3917,0.097096,2.0555,,0.18113,0.047236,0.010657,0.24231,0.051066,165.5,158.96,1.4023,1.1066,6.8632,0.097292,0.047331,1.1488,0.81679,0.41706,3.0556,3.0556,2809.4,0.047236,0.28509,0.97497,0,55.819,2.2962,145.04,2.5166,34.675,0
0.0141,0.009606,0.04563,5.7502,74.068,0.016626,0.017437,103.1,1.0829,0.99039,0.017437,1.8153,0.081717,0.017437,181.56,2.0103,104.1,0.017437,0.073788,0,3.6392,0.016317,0.059666,0.022494,0.99039,1.6629,0.74769,0.048298,4.0681,0.02504,0.073788,16.067,22.718,1.6986,0.016317,0.2376,,0.99039,0.069045,0.50031,0.017362,0.069045,77.892,77.892,,5.7502,0,0.014443,0.061116,5.7502,0.009606,0.044019,1.0483,1.0483,533.78,0.076555,0.014237,0.92344,0,,4.686,14.837,24.601,0.25013,0
-0.019716,0.73464,0.08818,1.138,-111.44,0.12935,-0.022391,0.28448,1.0575,0.20899,-0.022391,-0.035042,-0.001259,-0.022391,-157730,-0.002314,1.3612,-0.022391,-0.016578,122.79,1.486,0.076593,-0.014597,0.16507,0.20899,0.001328,0.59966,0.32321,4.9015,0.53887,-0.016578,182.6,1.9989,0.10426,0.076593,1.3598,2.8519,0.30463,0.056707,0.046261,0.24827,0.056707,188.52,65.724,-0.043388,0.42688,129.85,0.055902,0.041388,0.98984,0.63899,0.50028,0.76602,1.1166,7028.4,0.054362,-0.094337,0.94564,0.45765,2.9725,5.5536,172.68,2.1138,4.9507,0
0.14585,0.033407,0.77418,24.174,618.98,0.42945,0.1803,28.9,1.3491,0.96549,0.1803,5.3969,0.32004,0.1803,62.647,5.8263,29.934,0.1803,0.29645,13.515,1.1103,0.15124,0.23982,0.53084,0.96549,4.7954,3.3549,4.0235,5.2776,-1.155,0.29645,27.049,13.494,4.5271,0.15124,0.64274,,0.96549,0.24867,22.065,0.006633,0.24867,42.291,28.776,6.4769,23.5,18.233,0.13689,0.22508,24.174,0.033407,0.074108,5.0177,5.0177,146710,0.25878,0.15107,0.74122,0,27.007,12.684,20.049,18.205,3.1608,0
-0.2146,0.83467,-0.34763,0.58351,-185.18,-0.17481,-0.26002,0.15247,0.88573,0.12726,-0.26002,-0.31152,-0.2034,-0.26002,-1389.6,-0.26266,1.1981,-0.26002,-0.24124,87.03,0.69776,-0.17524,-0.1991,-0.25331,0.12726,-0.20824,-1.4401,-0.6777,4.9639,0.76665,-0.24124,250.35,1.4579,-0.20995,-0.17524,1.081,,0.12726,-0.16259,0.010425,-0.20409,-0.16259,161.98,74.955,-0.83503,0.27561,77.085,-0.21603,-0.20043,0.58351,0.83467,0.6859,0.2481,0.2481,-31991,-0.12902,-1.6863,1.129,0,4.194,4.8696,282.65,1.2913,2.1012,0
0.000204,0.34258,0.72613,4.1122,99.552,0,0.001491,1.919,2.5859,0.65742,0.001805,0.006389,0.009824,0.001491,4922.4,0.074152,2.919,0.001491,0.000577,2.1344,0.98379,0.001079,0.000079,0.2428,0.59457,0.070394,3.432,17.908,2.5997,-0.15746,0.000577,32.965,11.073,7.5411,0.002428,2.5859,,0.65742,0.000939,3.2272,0.45695,0.000417,29.146,27.011,0.013466,4.0474,2.1364,-0.022834,-0.00883,2.8007,0.23332,0.090314,16.213,16.213,288.85,0.00094,0.00031,0.99942,0,171.01,13.513,32.934,11.083,63.771,0
0.16705,0.39899,0.37476,1.9393,22.747,0.41252,0.20841,1.3249,1.0916,0.52862,0.20841,0.52235,0.093463,0.20841,615.11,0.59339,2.5063,0.20841,0.082274,33.025,1.1591,0.20572,0.065948,0.51429,0.52862,0.48973,0.88646,1.6564,5.033,0.15698,0.082274,62.754,5.8164,0.5156,0.20572,2.5568,,0.52862,0.08121,0.005164,0.056043,0.08121,111.19,78.168,0.72887,1.3648,36.049,0.17737,0.070021,1.9393,0.39899,0.17193,2.3364,2.3364,40434,0.083882,0.31602,0.91612,0,11.052,4.6695,57.49,6.3489,11.196,0
0.001964,0.33368,0.66632,2.9969,-146.7,0,0.001964,1.9969,2.2297,0.66632,0.001964,0.005887,0.58373,0.001964,93.575,3.9006,2.9969,0.001964,0.000881,43.186,0.9571,0,0.000881,,0.42138,3.9006,,,2.3099,0.071701,0.001969,375.65,0.97165,0.97165,0,2.2297,,0.66632,0,0.53592,0.008559,0,134.42,91.237,0.007446,2.2062,297,-1.2996,-0.58285,2.9969,0.33368,1.0292,,,136.02,0.85459,0.002948,0.14541,0,8.4519,4.0006,54.623,6.6822,,0
0.013816,0.36276,0.19848,1.9853,-61.62,0,0.015177,1.7567,0.52272,0.63724,0.033426,0.07534,0.19569,0.015177,1294.4,0.28198,2.7567,0.015177,0.029035,185.97,0.91642,0.033388,0.026431,0.05275,0.32304,0.27823,1.8296,0.33076,5.2809,0.69024,0.062211,147.5,2.4746,1.3742,0.024223,0.52272,0.87613,0.78973,0.046341,0.022477,0.10035,0.063873,276.1,90.128,0.051876,0.66321,195.01,-0.053726,-0.10278,1.1025,0.20145,0.40411,1.0619,1.3161,37901,0.046341,0.021681,0.97152,0.23929,1.9627,4.0498,140.66,2.5948,0.87109,0
0.088857,0.54524,0.10998,1.2559,-36.113,0.026728,0.10638,0.83404,1.7677,0.45476,0.14458,0.24749,0.088138,0.10638,1277.3,0.28575,1.834,0.10638,0.06018,50.27,1.116,0.13459,0.050267,0.093894,0.45283,0.25361,3.5236,0.23899,4.4138,0.30351,0.065646,93.276,3.9131,3.0849,0.085707,1.7677,,0.45476,0.048485,0.090778,0.098769,0.076138,103.41,53.135,0.36497,0.68946,52.831,0.085169,0.04818,0.99005,0.42984,0.25555,0.98821,0.98821,2851.8,0.048484,0.19539,0.9419,0,7.2608,6.8693,88.753,4.1125,3.8413,0
-0.023318,0.83852,0.058892,1.1224,-5.1915,-0.050261,-0.019667,0.19258,2.9399,0.16148,0.04843,-0.040876,0.030852,-0.019667,3374.3,0.10817,1.1926,-0.019667,-0.00669,12.063,1.185,0.048122,-0.007931,0.054152,-0.073579,0.10382,0.70666,0.12803,5.8049,0.28485,-0.00233,60.698,6.0133,3.4504,0.046739,2.9399,2.1222,0.37016,0.015898,0.006114,0.17635,0.016368,66.68,54.617,-0.23998,0.92045,12.258,-0.062249,-0.021173,0.64402,0.48113,0.1663,0.35107,0.80473,37581,0.015898,-0.1444,1.0065,1.2922,30.257,6.6829,59.733,6.1105,6.3915,0
-0.11273,0.70275,0.22897,1.3744,-23.259,-0.14897,-0.11234,0.41637,0.94302,0.29261,-0.11234,-0.18368,-0.048064,-0.11234,-2516.7,-0.14503,1.423,-0.11234,-0.052978,62.029,1.0439,-0.10123,-0.05316,-0.13864,0.29261,-0.14558,-0.45018,1.4364,4.4677,0.32671,-0.052978,99.275,3.6767,-0.14405,-0.10123,2.172,5.269,0.38375,-0.047738,0.037847,-0.25442,-0.047738,140.7,78.671,-0.31281,0.78515,58.495,-0.11165,-0.052652,1.1961,0.61161,0.27199,1.8355,2.4073,6722.1,-0.060422,-0.38526,1.0604,0.31147,5.8843,4.6396,105.27,3.4672,13.302,0
0.035132,0.50979,0.13593,1.2952,-63.961,0,0.035132,0.96159,1.5987,0.49021,0.040943,0.076287,0.02819,0.035132,4128.8,0.088404,1.9616,0.035132,0.021975,79.744,1.0789,0,0.021975,0.073543,0.3316,0.088404,0,0.33684,3.7997,0.2927,0.051616,132.38,2.7572,2.4907,0.038737,1.5987,14.238,0.50757,0.02423,0.11362,1.7102,0,124.23,44.484,0.10058,0.53672,100.41,-0.009936,-0.006215,1.17,0.46052,0.36269,1.2147,1.2578,857.05,0.20579,0.071667,0.80482,0.035413,4.5771,8.2052,105.14,3.4716,3.9616,0
0.1421,0.7815,0.11426,1.1472,-66.199,0.54839,0.17616,0.24635,1.0626,0.19252,0.17616,0.22689,0.05391,0.17616,1520,0.24013,1.2796,0.17616,0.050606,9.0511,1.0664,0.20454,0.040822,0.67409,0.19252,0.19654,0.62438,1.0449,5.3727,0.2166,0.050606,86.506,4.2194,0.26173,0.20454,3.5181,157.59,0.19763,0.05876,0.84459,0.11893,0.05876,24.633,15.581,1.6462,1.036,9.6177,0.19304,0.055456,1.1397,0.77639,0.237,1.7606,1.8073,26953,0.058905,0.73808,0.94109,0.026511,40.326,23.425,81.41,4.4835,31.833,0
0.64176,0.13026,0.54654,5.1956,133.41,0,0.79132,6.6767,2.2347,0.86974,0.79746,6.0747,0.36513,0.79132,58.27,6.264,7.6767,0.79132,0.3541,1.3122,1.0262,0.78439,0.28718,2.1721,0.85327,5.1159,127.73,1.691,3.4823,-0.20365,0.35685,32.787,11.132,11.132,0.78459,2.2347,,0.86974,0.35109,4.5722,0.005367,0.351,13.263,11.95,79.878,5.1339,2.0222,0.75974,0.33997,5.1956,0.13026,0.089828,2.691,2.691,1659.1,0.35109,0.73788,0.64798,0,278.15,30.543,21.276,17.155,6.9144,0
-0.12367,0.9137,-0.1101,0.87401,-54.976,0,-0.12367,0.094451,2.5049,0.0863,-0.092768,-0.14152,-0.041222,-0.12367,-3229.8,-0.11301,1.0945,-0.12367,-0.049371,38.993,0.74421,-0.093174,-0.049371,0.1644,-0.081171,-0.11301,-3.0154,-0.46603,4.2697,0.35177,-0.044451,127.11,2.8716,2.7463,-0.004448,2.5049,12.451,0.12615,-0.001776,0.039984,-0.41858,-0.037197,106.2,67.206,-0.46214,0.56778,38.924,-0.11358,-0.045345,0.83589,0.87385,0.34824,0.3653,0.53397,-2048.8,-0.001776,-1.433,1.0492,0.46175,9.3605,5.4311,127.33,2.8665,10.603,0
0.025299,0.80684,0.10012,1.1241,0.39055,0,0.025299,0.2394,8.2417,0.19316,0.051,0.031356,0.003768,0.025299,9483.1,0.03849,1.2394,0.025299,0.00307,3.8391,1.3827,0.049211,0.00307,0.096066,0.17089,0.03849,1.9148,1.0761,3.6736,0.081288,0.006188,35.997,10.14,10.14,0.060506,8.2417,,0.19316,0.007341,0.17532,0.48929,0.005971,33.902,30.063,0.29185,1.0167,3.8674,0.043456,0.005273,1.1241,0.80684,0.098622,2.0761,2.0761,472.18,0.007341,0.13098,0.99693,0,95.076,12.141,35.733,10.215,88.585,0
0.044391,0.34189,0.21112,1.7142,14.148,0.009061,0.063037,1.9249,2.0017,0.65811,0.067005,0.21326,0.084115,0.063037,741.15,0.49248,2.9249,0.063037,0.031492,24.326,1.2509,0.066984,0.022176,0.21995,0.21247,0.43794,16.883,0.42797,4.4103,0.13828,0.03155,55.026,6.6332,5.7349,0.040994,2.0017,,0.65811,0.02048,0.23646,0.066134,0.033464,79.65,55.324,0.33275,1.2629,24.835,-0.038351,-0.019159,1.4821,0.29559,0.15076,1.3341,1.3341,5430.3,0.02048,0.067452,0.96942,0,15.004,6.5975,53.899,6.7719,4.0578,0
-0.69383,4.0273,-3.2991,0.020205,-669.43,-2.505,-0.69383,-0.75168,1.3945,-3.0272,-0.42458,-0.20606,-0.46361,-0.69383,-2273.8,-0.16053,0.24831,-0.69383,-0.49756,0.71566,,-0.42458,-0.49756,-0.69383,-3.175,-0.16053,-1.5769,-3.54,2.6085,2.8803,-0.32956,674.64,0.5414,0.45265,-0.42729,1.3984,0.098796,-2.3663,-0.30642,0.003197,-0.35586,-0.30448,14.99,14.275,-253.77,0.004009,0.54743,-0.47192,-0.33843,0.016893,3.3672,1.8471,-3.2482,-2.539,-1339.4,-0.30642,0.22919,1.3036,-0.21833,510.02,25.57,881.36,0.41413,1.4962,1
0.011069,0.14479,0.33782,4.6218,151.07,-0.07568,0.015919,5.9066,0.66081,0.85521,0.018027,0.17067,0.063694,0.015919,1255.6,0.2907,6.9066,0.015919,0.02409,40.298,1.2691,0.014968,0.016751,-0.073714,-0.064611,0.2572,7.099,0.59381,3.9456,0.15255,0.02663,52.609,6.9379,4.4695,0.013684,0.66081,9.2255,0.89403,0.020708,0.51754,0.11732,0.022651,211.45,171.15,0.15172,3.8396,41.151,-0.011203,-0.016953,2.9774,0.093274,0.14414,1.5033,1.5715,2980.8,0.020708,0.012943,0.97614,0.045393,9.0574,2.1326,51.52,7.0846,1.1616,0
0.020468,0.96459,0.14545,1.1702,-6.6071,0,0.025365,0.036706,4.7622,0.035407,0.025365,0.029683,0.005326,0.025365,13880,0.026296,1.0367,0.025365,0.005326,16.586,,0.025035,0.004298,0.025365,0.021651,0.02122,,,2.5605,0.18412,0.005326,66.77,5.543,4.9107,0.023577,4.764,7.1208,0.14545,0.004951,0.12143,1.2843,0.005257,68.692,52.106,0.094584,0.37467,16.675,0.025035,0.005257,1.0367,0.85455,0.18041,,,52.87,0.019064,0.57809,0.98057,3.108,22.006,7.005,65.498,5.5727,,1
0.11517,0.34096,0.46724,2.3704,29.966,0.21868,0.14548,1.8783,1.0641,0.64042,0.14548,0.4267,0.06696,0.14548,699.35,0.52191,2.9329,0.14548,0.054744,35.464,1.1379,0.16572,0.043338,0.27837,0.64042,0.43301,0.66355,2.4361,4.2888,0.11,0.054744,49.829,7.325,0.48605,0.16572,2.674,,0.64042,0.062358,0.1539,0.056561,0.062358,103.79,68.33,0.44604,1.6131,37.737,0.13326,0.050142,2.3704,0.34096,0.13652,3.339,3.339,9085.1,0.060228,0.17984,0.93977,0,10.292,5.3417,46.828,7.7944,13.856,0
-0.19209,1.9291,-0.92909,0.51838,-15.587,-1.5965,-0.19209,-0.48162,21.258,-0.92909,-0.19209,-0.099577,-0.009036,-0.19209,-3665.5,-0.099577,0.51838,-0.19209,-0.009036,0,1.1847,-0.19209,-0.009036,-1.1197,-1.7886,-0.099577,,,0.66783,0.047992,-0.009036,32.813,11.124,11.124,-0.20069,21.258,,-0.92909,-0.009441,0.47115,-0.33475,-0.009036,1.5643,1.5643,,0.51838,0,-0.19209,-0.009036,0.51838,1.9291,0.0899,,,-4.324,-0.009441,0.20675,1.009,0,,233.33,33.123,11.019,,0
-0.063609,1.0995,-0.5473,0.49764,-173.02,-0.16752,-0.063609,-0.090495,1.1782,-0.099499,-0.019477,-0.058386,-0.02476,-0.063609,-13757,-0.026532,0.90951,-0.063609,-0.053987,0,1.2873,-0.019595,-0.053987,-0.1984,-0.23113,-0.026532,-0.44401,-1.1954,3.0567,0.82955,-0.032876,330.02,1.106,1.0959,-0.026682,1.1782,53.954,-0.08945,-0.022646,0.12608,2.4694,-0.016631,125.4,125.4,,0.49764,0,-0.054032,-0.045858,0.49309,1.0895,0.90418,-0.21732,-0.19537,-623.68,-0.022646,0.63929,1.0536,-0.10099,,2.9107,337.5,1.0815,2.5734,0
-0.011338,0.05059,0.16869,4.3345,866.63,0,-0.011338,18.767,0.064856,0.94941,0.000369,-0.22411,-0.17481,-0.011338,-1628.7,-0.22411,19.767,-0.011338,-0.17481,6.8111,,-0.00621,-0.17481,-0.043011,0.096185,-0.22411,-0.53044,0.21607,4.4113,-2.2887,-0.020993,269.58,1.4154,1.4154,-0.00364,0.064856,,0.94941,-0.056131,3.9852,-0.27157,-0.095743,99.44,92.629,-9.3679,4.3106,6.1693,-0.00621,-0.095743,4.3345,0.05059,0.70654,1.2161,1.2161,4.3345,-0.056131,-0.011942,1.1575,0,53.589,3.9404,284.72,1.282,0.083072,0
-0.12289,0.63483,-0.35792,0.40491,-268.26,-0.38842,-0.12289,0.51951,0.95834,0.3298,-0.12289,-0.20433,-0.082501,-0.12289,-4735.3,-0.077081,1.5752,-0.12289,-0.20719,28.257,1.3336,-0.048973,-0.20719,-0.38842,0.3298,-0.077081,-0.79128,-0.47315,5.1292,0.89344,-0.20719,354.71,1.029,-0.077143,-0.048973,0.62168,5.9206,0.36318,-0.082568,0.17816,0.83531,-0.082568,83.925,55.668,-2.6763,0.32856,27.08,-0.12293,-0.20726,0.38362,0.60146,0.9718,0.43597,0.4801,-48193,-0.043466,-0.37263,1.0435,0.10121,12.917,6.5568,370.13,0.98615,0.78408,0
0.13796,0.73386,0.25077,1.3431,-2.3289,0,0.13796,0.36266,1.7168,0.26614,0.16971,0.18874,0.082896,0.13796,1882.2,0.19393,1.3627,0.13796,0.080361,54.011,1.0895,0.16299,0.080361,,0.19372,0.19393,5.1347,13.717,4.2193,0.18743,0.080415,171.95,2.1228,2.1144,0.16515,1.7168,1211.8,0.26674,0.096194,0.57297,0.14618,0.094941,119.68,65.667,0.54307,0.99552,59.76,0.15864,0.092406,1.3377,0.73095,0.47108,14.558,14.591,4155.4,0.096194,0.51838,0.9212,0.002256,6.7579,5.5584,155.41,2.3487,93.908,0
0.045229,0.65227,0.53487,4.3717,76.353,-0.11997,0.045229,0.47397,1.0607,0.30915,0.045229,0.28511,0.07178,0.045229,2341.5,0.15588,1.5331,0.045229,0.03193,63.63,1.1449,0.066725,0.03193,-0.11997,0.30915,0.15588,0.49964,1.7451,4.4771,0.40803,0.03193,43.357,8.4185,0.1023,0.066725,1.4353,0.90465,0.80278,0.047105,0.57331,0.1741,0.047105,155.26,91.634,0.18316,2.815,67.492,0.010277,0.007255,1.0632,0.15863,0.11879,1.0087,2.6192,16044,0.057211,0.1463,0.94279,1.5967,5.7362,3.9832,40.876,8.9294,4.6216,0
0.03229,1.058,-0.014045,0.92095,-27.604,-0.21178,0.042477,-0.054846,0.71731,-0.058028,0.12687,0.23909,0.12583,0.042477,4278.6,0.085309,0.94515,0.042477,0.059217,13.387,1.4159,0.12563,0.045016,0.050779,-0.062125,0.075681,1.4885,-0.016793,4.0866,1.4669,0.10469,103.33,3.5324,0.59316,0.089729,0.71731,0.21412,0.58324,0.12509,0.055749,0.20338,0.17513,78.217,64.83,1.2274,0.77286,15.301,0.077843,0.10852,0.15465,0.17766,0.28309,-0.06938,0.69734,-171.45,0.12509,-0.55646,0.94378,-11.051,27.265,5.6301,90.404,4.0374,0.85764,0
0.15247,1.4666,-0.89834,0.38746,-245.36,-0.019865,0.1683,-0.33338,1.0008,-0.48893,0.1683,0.11476,0.12785,0.1683,2583.8,0.14127,0.68186,0.1683,0.10386,39.66,0.99657,0.30412,0.094091,-0.005569,-0.48893,0.13047,1.8783,-2.0806,4.1535,0.86083,0.10386,330.6,1.1041,0.20737,0.30412,1.973,,-0.48893,0.18768,0.050668,0.14057,0.18768,111.26,71.596,0.86595,0.2674,39.69,0.26525,0.16369,0.38746,1.4666,0.90575,-1.1324,-1.1324,-12793,0.000775,-0.31184,0.99923,0,9.2033,5.098,330.34,1.1049,3.753,0
0.42104,0.16686,0.61,4.6558,94.919,1.1008,0.52144,4.7966,1.2864,0.80034,0.52144,3.125,0.22347,0.52144,114.39,3.1909,5.9931,0.52144,0.21885,17.082,1.2409,0.52444,0.17671,1.3609,0.80034,2.5892,2.8316,2.7337,4.6323,0.050886,0.21885,32.884,11.1,3.143,0.52444,2.3868,,0.80034,0.22011,0.35167,0.010245,0.22011,110.02,92.939,3.7759,3.9875,21.975,0.51345,0.2155,4.6558,0.16686,0.090092,3.5867,3.5867,26159,0.22266,0.52607,0.77734,0,21.367,3.9273,25.562,14.279,10.677,0
0.019675,0.58514,0.070569,1.4015,12.388,0,0.024649,0.709,0.45913,0.41486,0.029574,0.14026,0.10605,0.024649,4386.5,0.08321,1.709,0.024649,0.053687,35.909,0.93603,0.029522,0.042852,0.14766,0.30436,0.074708,5.9943,0.093631,4.1084,1.1246,0.064413,88.821,4.1094,1.2342,-0.26307,0.45913,,0.41486,-0.57298,0.39925,0.36415,0.0643,140.03,104.12,0.43557,1.1445,22.829,0.005482,0.011939,0.42095,0.17574,0.24334,0.55044,0.55044,905.81,-0.57298,0.047425,0.96769,0,10.164,3.5054,139.71,2.6125,0.60918,0
0.51294,0.22067,0.82181,8.2805,23.259,0,0.63849,3.5316,7.1296,0.77933,0.67692,5.6564,0.091735,0.63849,123.15,2.9638,4.5316,0.63849,0.089554,20.013,1.2658,0.66951,0.071945,1.2028,0.71882,2.3949,17.421,12.582,3.93,0.009015,0.090892,6.2699,58.215,29.778,0.55851,7.1296,,0.77933,0.078337,1.4507,0.010737,0.093905,39.468,19.455,1.3122,4.8174,21.714,0.65396,0.091724,4.2356,0.11288,0.017178,11.932,11.932,6995.2,0.078337,0.65818,0.91191,0,18.239,18.761,5.7787,63.163,109.16,0
0.01067,0.58246,0.23928,1.4178,12.214,-0.35678,0.01067,0.71686,3.0598,0.41754,0.03905,0.01863,0.007044,0.01067,9863.3,0.037006,1.7169,0.01067,0.003487,6.8288,1.2259,0.038366,0.003487,-0.15787,0.40892,0.037006,1.3519,1.2729,3.7631,0.17186,0.006254,69.348,5.2633,5.1754,0.045338,3.0598,,0.41754,0.014817,0.23872,0.39422,0.012539,80.555,73.726,0.18639,1.3178,6.9315,0.027482,0.008982,1.3941,0.57273,0.19,2.2212,2.2212,1386.9,0.014817,0.025555,0.99652,0,53.45,4.9508,68.321,5.3425,16.277,0
-0.017788,0.27498,0.49724,3.3226,138.32,0,-0.017788,2.6366,0.81218,0.72502,-0.016544,-0.08309,-0.000785,-0.017788,-157390,-0.002319,3.6366,-0.017788,-0.021902,110.61,0.89512,0,-0.021902,-0.009617,0.59559,-0.002319,0,1.7225,3.7149,0.30556,-0.043804,117.26,3.1126,2.4233,0.000521,0.81218,,0.72502,0.000641,0.13307,0.53445,0,306.87,196.27,-0.072274,2.173,134.81,-0.017151,-0.021117,2.5868,0.21409,0.32127,2.5116,2.5116,2579.4,0.17953,-0.024535,0.82356,0,3.2999,1.8597,96.212,3.7937,2.8135,0
0.07581,0.17573,0.29902,2.7034,41.046,0.27162,0.093874,4.5491,1.0951,0.79942,0.093874,0.53478,0.13867,0.093874,458.94,0.79531,5.6906,0.093874,0.093143,61.31,1.0941,0.086584,0.07522,0.31645,0.79942,0.69251,0.94079,0.56908,5.6373,0.091187,0.093143,69.618,5.2429,0.49271,0.086584,1.0431,1605.3,0.79961,0.08591,0.64859,0.043613,0.08591,130.63,69.322,0.44781,1.739,67.14,0.0407,0.040383,2.7005,0.17554,0.19073,1.5214,1.5218,129710,0.086839,0.094832,0.91316,0.000238,5.9533,5.2653,63.573,5.7415,1.9181,0
0.017759,0.59188,-0.38517,0.34925,-227.4,0.064734,0.020703,0.65978,1.0651,0.39051,0.020703,0.034979,0.078849,0.020703,3493.1,0.10449,1.6895,0.020703,0.026395,24.202,0.99606,0.049224,0.022641,0.065161,0.39051,0.099518,0.6684,-0.48553,4.3927,0.65864,0.026395,293.35,1.2442,0.083166,0.049224,0.79807,,0.39051,0.062756,0.13057,0.21533,0.062756,60.229,36.027,0.34145,0.26138,25.777,0.00808,0.010302,0.34925,0.59188,0.8037,0.49227,0.49227,-9513.6,0.061106,0.045476,0.93889,0,15.081,10.131,275.43,1.3252,0.98876,0
0.099072,0.74598,0.15599,1.2485,-16.843,0.1182,0.12232,0.34052,1.0348,0.25402,0.12232,0.1949,0.035139,0.12232,2102.1,0.17364,1.3405,0.12232,0.033184,31.799,3.9652,0.12738,0.026877,0.14805,0.25402,0.14247,0.3576,0.72076,5.2391,0.20071,0.033184,64.307,5.6759,0.17076,0.12738,3.701,3.9063,0.3724,0.034557,0.011632,0.18222,0.034557,76.866,45.067,0.30849,0.73684,32.906,0.12018,0.032602,1.0504,0.6276,0.17618,1.1737,1.7208,27051,0.033642,0.39002,0.96636,0.46604,11.478,8.099,62.144,5.8735,17.033,0
0.14637,0.32784,0.18589,1.5919,33.556,0.53278,0.18256,1.9261,1.1746,0.63146,0.18256,0.58134,0.22262,0.18256,504.54,0.72344,3.0503,0.18256,0.17136,35.43,1.0094,0.18872,0.13739,0.66315,0.63146,0.61304,2.0807,0.37172,4.4186,0.18246,0.17136,126.37,2.8883,0.57566,0.18872,1.1098,28.731,0.64526,0.17715,0.43456,0.044294,0.17715,124.52,89.093,1.4154,1.2626,41.614,0.13412,0.12589,1.5249,0.31404,0.34623,1.2627,1.2903,4873.7,0.14862,0.2318,0.85138,0.021856,10.302,4.0968,107.59,3.3925,2.1304,0
-0.35951,1.0266,-0.56338,0.45123,-112.65,-0.20298,-0.35951,-0.026608,1.622,-0.027317,-0.3495,-0.35019,-0.20101,-0.35951,-1149.3,-0.31758,0.97406,-0.35951,-0.22165,23.4,,-0.3497,-0.22165,-0.35951,-0.046328,-0.31758,-34.949,-1.0496,2.9997,0.62355,-0.21548,170.84,2.1453,2.1453,-0.57084,1.8524,,-0.027317,-0.35194,0.025877,-0.10821,-0.2156,98.266,74.867,-3.4574,0.12716,17.233,-0.38317,-0.23624,0.45123,1.0266,0.46613,-0.050892,-0.050892,-563.04,-0.35225,13.161,1.189,0,15.599,4.8753,231.02,1.5799,3.0218,1
0.12265,0.14871,0.85129,6.7245,99.914,0,0.15223,5.7245,3.197,0.85129,0.15568,1.0237,0.047618,0.15223,356.55,1.0237,6.7245,0.15223,0.047618,0.79739,1.0653,0.15567,0.038363,,0.5455,0.82472,45.131,,1.9125,-0.096698,0.048697,17.843,20.457,20.457,0.15485,3.197,,0.85129,0.048437,3.0788,0.031843,0.048693,61.898,61.1,17.56,6.6775,0.83798,0.15567,0.048693,6.7245,0.14871,0.048884,,,69.598,0.048437,0.14407,0.9524,0,457.74,5.9738,16.978,21.498,,0
-0.040228,0.74496,-0.12563,0.82986,-33.372,0,-0.040228,0.34235,1.8251,0.25504,-0.029344,-0.054481,0.001351,-0.040228,110250,0.003311,1.3424,-0.040228,-0.022041,7.7031,1.0059,-0.030026,-0.022041,0.095538,-0.04005,0.003311,-2.7589,-0.32441,4.3569,0.40142,-0.016118,145.02,2.5169,2.4947,-0.033316,1.8251,,0.25504,-0.018255,0.022352,1.9602,-0.016452,119.24,111.54,-1.0444,0.77769,7.565,-0.07272,-0.039844,0.82253,0.73838,0.39732,0.65859,0.65859,-2857.5,-0.018255,-0.15773,1.022,0,47.384,3.2724,147.67,2.4718,4.713,0
0.077425,0.77722,0.041558,1.0602,-53.566,0,0.074413,0.28663,2.5713,0.22278,0.14441,0.10783,0.040854,0.074413,2700.5,0.13516,1.2866,0.074413,0.02894,53.879,1.2466,0.13197,0.030111,0.15884,0.22067,0.13904,1.8854,0.15487,4.9184,0.30061,0.045627,103.65,3.5215,3.1268,0.14114,2.5713,4.4415,0.30205,0.05489,0.033729,0.15933,0.051324,100.55,46.675,0.20398,0.51021,57.008,0.10133,0.039409,0.94137,0.6901,0.28397,0.8302,1.1256,3444.1,0.05489,0.34754,0.97129,0.35584,6.7744,7.82,97.959,3.726,9.5823,0
0,0.016957,0.005541,1.3267,7.9466,0.19531,0.19531,57.974,0.49346,0.98304,0.19531,11.518,0.53111,0.19531,23.615,15.456,58.974,0.19531,0.39579,0,0.9855,0.1953,0,0.52947,0.19531,3.938,,0.005668,2.8867,-0.00569,0.39579,19.473,18.744,18.744,0.17563,0.49346,,0.98304,0.35591,1.1655,0.002157,0.39578,2.0222,2.0222,,1.3267,0,0.12853,0.26046,1.3267,0.016957,0.053351,1.0057,1.0057,4.268,0.35591,0,0.61967,0,,180.5,12.542,29.101,0.50482,0
-0.014735,0.20582,0.24799,2.7533,26.579,-0.017418,-0.009723,3.7647,1.1029,0.77485,-0.009723,-0.068739,0.078971,-0.009723,747.17,0.48851,4.8586,-0.009723,-0.007637,47.096,0.89858,0.00758,-0.011573,-0.028106,0.77485,0.46415,0.06566,0.40617,4.7275,0.10606,-0.007637,44.724,8.1612,0.036826,0.00758,1.2862,3.4975,0.83923,0.005953,0.54727,0.057419,0.005953,89.452,42.356,-0.089696,1.5918,51.944,-0.10269,-0.080655,1.8921,0.14145,0.12253,1.2691,1.3745,13242,0.093334,-0.019017,0.90667,0.083082,7.7501,8.6174,40.55,9.0013,2.0853,0
0.098761,0.41641,0.15076,1.593,-8.7489,0.38114,0.098761,1.3473,1.1016,0.56105,0.098761,0.38846,0.13033,0.098761,892.24,0.40908,2.4015,0.098761,0.075562,30.347,1.167,0.12391,0.075562,0.39242,0.56105,0.40908,1.0443,0.25338,4.915,0.31055,0.075562,78.213,4.6668,0.29756,0.12391,1.3232,1.8273,0.72322,0.094802,0.31349,0.070029,0.094802,90.844,60.497,0.90883,1.1656,33.43,0.052321,0.040031,0.9726,0.25424,0.21428,0.94295,1.2155,12396,0.092226,0.17603,0.90777,0.28905,12.028,6.0334,70.999,5.1409,2.1967,0
-0.15231,0.082071,0.41426,6.0476,104.85,-0.24405,-0.15231,11.185,0.76723,0.91794,-0.1519,-1.8558,-0.19852,-0.15231,-196.68,-1.8558,12.185,-0.15231,-0.19852,29.974,1.0816,-0.29322,-0.19852,-0.20892,0.47517,-1.8558,-719.83,0.82249,2.0528,-0.25713,-0.19799,25.229,14.468,14.468,-0.42014,0.76723,,0.91794,-0.54761,3.47,-0.00933,-0.38218,100.64,70.666,-2.4174,5.2799,19.368,-0.29322,-0.38218,6.0476,0.082071,0.06912,1.8225,1.8225,46.781,-0.54761,-0.16593,1.1288,0,12.177,5.1651,39.045,9.3483,1.5233,0
0.22288,0.28484,0.14776,1.5187,21.49,0.48447,0.28119,2.5107,2.4937,0.71516,0.2881,0.98715,0.13177,0.28119,316.4,1.1536,3.5107,0.28119,0.11276,0.064181,1.0072,0.28108,0.089375,0.84693,0.70734,0.94892,40.673,0.26042,3.8063,0.055183,0.11361,47.085,7.7519,7.7519,0.28566,2.4937,,0.71516,0.11455,0.58127,0.028904,0.11271,39.084,39.02,508.28,1.5172,0.072484,0.23367,0.093701,1.5187,0.28484,0.129,1.2604,1.2604,945.88,0.11455,0.31165,0.88758,0,5687.1,9.3541,41.692,8.7548,4.3951,0
0.028826,0.14408,0.57724,5.0063,68.77,-0.21233,0.028826,5.9404,1.5375,0.85592,0.042596,0.20007,0.054787,0.028826,624.33,0.58463,6.9404,0.028826,0.018749,70.709,0.81069,0.037604,0.018749,-0.11902,-0.18351,0.58463,2.7309,2.0714,3.3223,0.07906,0.018777,34.898,10.459,10.459,0.03052,1.5375,,0.85592,0.01985,0.17096,0.051636,0.024458,165.39,94.685,0.096782,2.9391,72.141,-0.017805,-0.011581,5.0063,0.14408,0.095611,3.0714,3.0714,1212.3,0.01985,0.033679,0.98141,0,5.162,3.8549,34.205,10.671,5.5171,0
-0.2616,0.33971,0.089118,1.3438,-3.8742,0,-0.2616,1.9437,1.5655,0.66029,-0.19146,-1.0093,-0.081286,-0.2616,-974.36,-0.3746,2.9437,-0.2616,-0.1671,23.966,1.193,-0.26468,-0.1671,-0.23797,0.53479,-0.3746,-3.7732,0.13675,2.9014,0.1742,-0.12229,51.461,7.0928,5.4115,-0.2728,1.5655,,0.66029,-0.17425,0.27644,-0.08688,-0.16907,64.501,40.534,-2.5449,0.94723,20.41,-0.39903,-0.25489,1.0253,0.25918,0.14099,1.0132,1.0132,71.012,-0.17425,-0.3962,1.1555,0,15.23,9.0047,60.428,6.0403,2.4022,0
0.004136,0.86027,-0.032503,0.94927,-57.908,0.024845,0.005636,0.16157,1.0335,0.13899,0.005636,0.008797,0.055391,0.005636,4047.6,0.090176,1.1624,0.005636,0.004024,45.144,1.385,0.045236,0.002953,0.032563,0.13899,0.088432,0.3338,-0.082949,4.8479,0.60969,0.004024,172.56,2.1153,0.052584,0.045236,1.403,1.9806,0.3586,0.032299,0.01106,0.24137,0.032299,156.65,111.51,0.023878,0.67889,46.654,-0.026703,-0.019067,0.70694,0.64066,0.47276,0.35472,0.91516,-2290,0.032381,0.029757,0.96762,1.58,8.0853,3.2733,166.97,2.186,3.5742,0
0.351,0.25999,0.672,4.0607,70.293,0,0.43429,2.8463,2.0269,0.74001,0.43497,1.978,0.22044,0.43429,212.39,1.7185,3.8463,0.43429,0.21426,15.982,1.1169,0.42838,0.17317,0.64139,0.72901,1.3982,625.61,6.1966,3.6786,0.12269,0.21433,50.006,7.2991,6.1641,0.42427,2.0269,,0.74001,0.20933,1.2939,0.019656,0.21135,109.39,93.411,3.9549,3.6564,20.213,0.41586,0.20518,3.4292,0.21956,0.137,6.8238,6.8238,3206.2,0.20933,0.47432,0.79193,0,22.838,3.9075,39.539,9.2315,18.69,0
0.050949,0.60343,0.10377,1.3765,-0.5327,0,0.064024,0.65718,1.5081,0.39657,0.089818,0.23231,0.10094,0.064024,1446.9,0.25226,1.6572,0.064024,0.042455,20.179,1.1845,0.089079,0.033785,0.23903,0.38834,0.23059,3.4535,0.16719,3.7837,0.39431,0.059504,69.309,5.2662,2.4052,0.056694,1.5081,1.4641,0.59873,0.037594,0.11323,0.11346,0.059069,84.266,64.087,0.61111,1.074,20.967,0.000884,0.000586,0.62867,0.2756,0.18989,0.63897,0.96471,630.64,0.037594,0.12848,0.95855,0.5098,18.089,5.6954,66.704,5.472,2.4299,0
-0.008128,0.003334,0.099883,30.962,14.595,0,-0.008128,298.97,2.4919,0.99667,-0.008128,-2.4382,0.015782,-0.008128,30.94,11.797,299.97,-0.008128,-0.003262,0,0.64258,-0.008322,-0.003262,1.3963,-0.008128,11.797,,0.11138,3.1966,-0.018311,-0.003262,0.48921,753.28,753.28,0.004703,2.4919,,0.99667,0.001887,14.688,0.00284,-0.00334,7.9468,7.9468,,30.962,0,-0.055778,-0.022383,30.962,0.003334,0.001328,1.1114,1.1114,157.06,0.001887,-0.008155,1.0077,0,,45.931,0.48829,747.51,2.7787,1
0.21881,0.35883,0.40276,2.5493,18.703,0,0.21881,1.7868,1.9069,0.64117,0.25907,0.84168,0.16599,0.21881,413.78,0.88212,2.7868,0.21881,0.11474,55.672,0.77052,0.2378,0.11474,0.91862,0.44586,0.88212,5.9058,1.1941,3.2276,0.18209,0.12077,56.297,6.4835,4.6971,0.22146,1.9069,3.8777,0.73706,0.11613,0.15773,0.035649,0.1247,119,63.329,0.75228,1.4304,62.987,0.14007,0.073452,1.8469,0.25996,0.15424,1.901,2.1853,680.14,0.11613,0.34126,0.88786,0.14957,6.5562,5.7636,49.759,7.3353,5.6539,0
0.060186,0.6327,0.092142,1.1564,-123.75,0.17648,0.072793,0.58052,1.0788,0.3673,0.072793,0.12358,0.073743,0.072793,2069.4,0.17638,1.5805,0.072793,0.048102,129.66,1.0677,0.11809,0.039771,0.22016,0.3673,0.15645,0.84179,0.28902,5.2141,0.41552,0.048102,153.27,2.3815,0.18664,0.11809,1.5214,3.2895,0.41095,0.078033,0.046401,0.13258,0.078033,157.71,28.042,0.11195,0.24377,139.88,0.079285,0.052392,1.0766,0.58905,0.4199,1.1521,1.289,15086,0.073016,0.16386,0.92698,0.11885,2.815,13.016,142.07,2.5691,4.7468,0
0.036857,0.20324,0.4419,3.1743,67.039,0,0.036857,3.9203,1.377,0.79676,0.036857,0.18135,0.040226,0.036857,1339.3,0.27254,4.9203,0.036857,0.026766,55.213,1.1456,0,0.026766,0.11719,0.68539,0.27254,,1.2453,4.0324,-0.008729,0.061686,62.398,5.8495,5.8495,0.00206,1.377,,0.79676,0.001496,1.1362,0.36553,0,109.8,54.582,0.17694,2.1494,63.951,-0.018534,-0.01346,3.1743,0.20324,0.17095,2.2453,2.2453,4761.5,0.13663,0.046258,0.86681,0,6.6107,6.6871,53.873,6.7752,3.8803,0
0.066155,0.34365,0.22705,1.6984,68.348,0,0.066155,1.91,1.058,0.65635,0.066155,0.2035,0.062528,0.066155,1896,0.19251,2.91,0.066155,0.062528,18.708,1.1011,0,0.062528,0.14589,0.2678,0.19251,,0.50694,5.4105,0.009088,0.12808,130.65,2.7937,2.6428,0.002157,1.058,204.52,0.65879,0.002039,1.0288,,0,75.102,56.395,1.22,1.5316,21.794,0,0,1.6067,0.32508,0.35794,1.4655,1.4709,58433,0.14162,0.10079,0.88031,0.003709,19.511,6.4722,112.15,3.2546,2.3623,0
0.11071,0.33258,0.36303,2.2663,17.802,0.22701,0.13783,1.7253,1.1076,0.5738,0.13783,0.48078,0.13779,0.13783,621.03,0.58773,3.0068,0.13783,0.097155,77.231,1.3513,0.13298,0.078043,0.28455,0.5738,0.50621,1.0383,1.0363,4.3878,0.20168,0.097155,81.698,4.4677,0.39986,0.13298,1.4442,7.6141,0.6197,0.093742,0.17038,0.057359,0.093742,154.59,77.364,0.36884,1.2193,85.545,0.075343,0.05311,1.9535,0.28667,0.22383,1.638,1.7691,8866.6,0.097185,0.19295,0.90281,0.080003,4.7261,4.718,73.758,4.9486,4.0497,0
0.027445,0.2744,-0.11459,0.32834,-124.93,0.083485,0.034468,1.6976,1.0923,0.46582,0.034468,0.20203,0.21119,0.034468,1079.8,0.33802,3.6443,0.034468,0.078479,2.0357,0.91094,0.045813,0.062488,0.10357,0.46582,0.31242,1.1394,-0.12139,5.1997,0.62285,0.078479,154.88,2.3567,0.16696,0.045813,0.4531,0.51612,0.56961,0.10431,0.018216,0.086663,0.10431,43.971,41.936,11.204,0.31399,2.2237,-0.012471,-0.028396,0.20415,0.17061,0.42432,0.49347,0.60342,-18148,0.084534,0.058917,0.91547,0.22281,179.3,8.7038,141.79,2.5743,0.46527,0
-0.11321,0.72599,0.23905,1.3293,21.148,0,-0.11321,0.37743,2.242,0.27401,-0.10407,-0.15595,-0.040802,-0.11321,-2896.7,-0.12601,1.3774,-0.11321,-0.050496,9.7134,0.88447,-0.10646,-0.050496,-0.3089,0.16775,-0.12601,-11.646,6.8371,3.1497,0.21677,-0.046419,112.58,3.2422,3.2422,-0.11178,2.242,,0.27401,-0.049857,0.38894,-0.28561,-0.047486,111.14,101.42,-1.8975,1.2471,9.2521,-0.1282,-0.05718,1.3293,0.72599,0.30843,7.8372,7.8372,337.44,-0.049858,-0.41317,1.0498,0,37.577,3.5987,118.19,3.0882,64.126,0
0.090884,0.42563,-0.005038,0.98815,-15.574,0.28773,0.11387,1.1059,1.0429,0.4707,0.11387,0.26772,0.074784,0.11387,799.64,0.45646,2.3495,0.11387,0.043829,13.744,1.1803,0.12479,0.034983,0.34671,0.4707,0.40246,0.50098,-0.00869,4.5323,0.16361,0.043829,62.32,5.8569,0.2932,0.12479,2.6203,1016.1,0.47102,0.048036,0.004709,0.06819,0.048036,58.766,45.023,0.92908,0.75816,14.333,0.044378,0.017082,0.98742,0.42531,0.17074,0.81193,0.81248,-171.61,0.041153,0.19308,0.95885,0.000674,26.558,8.1071,59.755,6.1082,4.4813,0
0.052551,0.23046,0.43483,3.4361,55.928,0.39352,0.064752,2.7754,1.0154,0.63962,0.064752,0.36277,0.078783,0.064752,598.37,0.60999,4.3392,0.064752,0.036289,32.856,0.6799,0.051458,0.029451,0.49192,0.63962,0.55705,0.29282,1.1245,3.9671,0.095785,0.036289,37.073,9.8454,0.22329,0.051458,1.8411,8.712,0.69158,0.028838,0.40625,0.059526,0.028838,110.63,77.769,0.32717,2.5362,33.361,-0.024367,-0.013656,2.6613,0.1785,0.10157,1.6541,1.7885,4031.4,0.015137,0.08216,0.98486,0.081241,11.109,4.6934,36.512,9.9967,4.6146,0
-0.001063,0.72725,-0.21533,0.4835,-132.07,-0.001063,0.000743,0.26088,1.0009,0.18973,0.000743,0.001783,0.10664,0.000743,2932.7,0.12446,1.375,0.000743,0.000876,24.994,0.95618,0.040501,-0.001253,0.000743,0.18973,0.12198,,-0.2697,4.1734,0.85072,0.000876,179.45,2.0339,0.055691,0.040501,0.89594,0.46226,0.50006,0.047718,0.02373,0.18354,0.047718,82.432,57.438,-0.018295,0.3441,25.017,-0.049269,-0.058048,0.27718,0.41691,0.49166,0.23763,0.62631,-3209.9,0.00092,-0.005604,0.99908,1.6357,14.604,6.3547,179.29,2.0358,1.063,1
-0.02682,0.59013,0.062298,1.1922,-27.655,-0.012173,-0.033504,0.64919,1.0468,0.3831,-0.033504,-0.10338,0.020521,-0.033504,9585.9,0.038077,1.6945,-0.033504,-0.030597,43.923,1.2565,0.040719,-0.024493,-0.014833,0.3831,0.049403,0.38927,0.10153,4.5502,0.51749,-0.030597,113.09,3.2276,0.069,0.040719,1.1015,0.95712,0.64914,0.037186,0.092761,0.20065,0.037186,118.78,74.853,-0.20354,0.78564,45.979,-0.015255,-0.013932,0.65476,0.3241,0.30983,0.62435,1.0579,2211.3,0.044712,-0.070007,0.95529,0.69441,8.3099,4.8762,108.03,3.3786,1.7845,0
-0.050772,0.7073,0.057759,1.1273,-66.756,0,-0.050772,0.41383,1.5848,0.2927,-0.028503,-0.1119,0.007017,-0.050772,23215,0.015723,1.4138,-0.050772,-0.032037,68.404,1.3361,0,-0.032037,0.008645,0.29152,0.015723,0,0.11823,4.6275,0.44356,-0.070593,122.03,2.991,1.9187,0.009225,1.5848,0.88139,0.53604,0.005821,0.011663,0.38093,0,116.58,48.179,-0.17095,0.47271,79.881,-0.061892,-0.039054,0.72314,0.45372,0.33433,0.59916,1.0973,2449.9,0.14368,-0.17346,0.87069,0.83136,5.336,7.5759,104.5,3.4929,3.244,0
0.0041,0.6345,-0.050116,0.9103,-57.415,0.012023,0.005031,0.54513,0.99529,0.34588,0.005031,0.009005,0.060892,0.005031,2534.9,0.14399,1.576,0.005031,0.003353,41.974,1.3249,0.026044,0.002733,0.015372,0.34588,0.14252,0.17276,-0.10198,4.7021,0.41074,0.003353,135.28,2.6982,0.041046,0.026044,1.5521,4.4337,0.42168,0.017358,0.039792,0.18563,0.017358,118.32,76.344,0.023763,0.60148,41.776,-0.060286,-0.04018,0.80156,0.55871,0.37062,0.70386,0.8581,-2524.1,-0.004732,0.011854,1.0047,0.21913,8.696,4.781,135.92,2.6855,3.0532,0
0.15976,0.16927,0.4369,3.581,57.105,0.42393,0.19864,4.2015,1.1742,0.71119,0.19864,1.1735,0.19717,0.19864,258.36,1.4128,5.9076,0.19864,0.16378,79.156,1.1693,0.19419,0.13172,0.52804,0.71119,1.1831,1.88,1.1094,4.9541,0.10535,0.16378,59.816,6.102,1.1472,0.19419,1.2337,,0.71119,0.16011,0.34236,0.023712,0.16011,164.98,85.827,0.60739,2.0272,92.946,0.15369,0.12672,3.581,0.16927,0.16388,1.8058,1.8058,39305,0.14837,0.22463,0.85163,0,4.6111,4.2527,50.942,7.1651,3.0796,0
0.007826,0.58605,0.075573,1.1309,-74.572,0,0.007826,0.70635,1.1383,0.41395,0.041641,0.013555,0.07592,0.007826,2475.2,0.14746,1.7063,0.007826,0.006875,88.364,1.0156,0.04104,0.006875,0.052754,0.37142,0.14746,1.2137,0.21776,3.5992,0.5141,0.024848,186.99,1.9519,1.923,0.011302,1.1383,43.509,0.42263,0.009929,0.031212,0.16329,0.036054,203.59,115.23,0.028399,0.6536,89.25,-0.037553,-0.032991,1.1142,0.57737,0.51231,1.1928,1.2178,300.28,0.009929,0.018906,0.99332,0.020953,4.1306,3.1676,185.14,1.9715,3.2799,0
0.21973,0.51947,0.47872,1.9216,34.412,0.000014,0.27276,0.92504,4.708,0.48053,0.29099,0.5251,0.058506,0.27276,688.37,0.53024,1.925,0.27276,0.057936,4.1021,2.5441,0.28583,0.046673,0.44498,0.47216,0.42816,15.682,262.22,3.776,0.053637,0.060477,42.883,8.5115,8.5112,0.28669,4.708,,0.48053,0.060894,0.52053,0.060018,0.060711,56.423,52.321,4.1529,1.8197,4.3681,0.28315,0.060142,1.9215,0.51945,0.11749,263.21,263.21,2858.2,0.060894,0.45728,0.94213,0,88.978,6.9761,40.272,9.0634,2578.8,0
0.004915,0.4494,0.29969,2.1958,50.23,0.023292,0.004915,1.2252,0.79704,0.5506,0.024441,0.01961,0.62754,0.004915,327.95,1.113,2.2252,0.004915,0.006166,162.9,0.49205,0,0.006166,,0.45921,1.113,0,0.66642,3.6285,0.5415,0.012332,,0,0,0.003436,0.79704,0.91634,0.76293,0.004311,0.12314,0.030247,0,237.88,74.971,0.013816,0.77638,,-0.49526,-0.62137,1.2245,0.25061,,1.2244,1.6966,1274,1,0.008926,0.028577,0.38565,2.2406,4.8686,114.77,3.1804,1.7724,0
0.024498,0.55621,0.40974,1.7369,-24.839,0,0.031282,0.79789,1.5577,0.44379,0.04642,0.056255,0.022696,0.031282,5742.5,0.063561,1.7979,0.031282,0.020082,120.13,1.1248,0.039933,0.015727,0.074918,0.14175,0.051364,2.6379,11.985,3.9971,0.35512,0.029801,132.81,2.7482,2.7475,0.029471,1.5577,,0.44379,0.01892,0.009557,0.42132,0.025637,225.07,104.94,0.047787,0.81495,122.44,0.035862,0.023023,1.7364,0.55607,0.36387,12.981,12.981,4069.8,0.01892,0.055201,0.98023,0,3.0385,3.478,130.3,2.8012,45.561,0
0.035825,0.57527,0.77125,7.144,-9.674,0.39016,0.035825,0.7383,2.1398,0.42473,0.047088,0.28539,0.024078,0.035825,4075.5,0.08956,1.7383,0.035825,0.016742,140.28,1.2873,0.041025,0.016742,0.32581,0.42463,0.08956,3.6423,7.4718,3.6358,0.24545,0.016743,21.832,16.718,3.6481,0.04114,2.1398,,0.42473,0.019226,0.43767,0.33807,0.019173,143.6,3.3242,0.043564,0.59291,143.03,0.025328,0.011837,1.5589,0.12553,0.059814,4.1147,4.1147,3334.6,0.019226,0.084348,0.98336,0,2.602,109.8,21.412,17.046,20.73,0
0.1007,0.066094,0.48113,8.2795,117.49,0.40793,0.1242,13.305,1.0887,0.87935,0.1242,1.8791,0.12729,0.1242,173.85,2.0996,15.13,0.1242,0.11393,37.117,0.98108,0.1147,0.092377,0.51505,0.87935,1.7441,1.1454,1.0626,4.2823,-0.11922,0.11393,24.092,15.151,1.7354,0.1147,1.1409,,0.87935,0.10522,3.6958,0.016809,0.10522,101.43,64.317,0.90842,6.6022,40.408,0.10013,0.09185,8.2795,0.066094,0.066004,1.9421,1.9421,9216.4,0.081445,0.11452,0.91856,0,9.8338,5.6751,22.129,16.494,2.4077,0
-0.045724,0.73505,-0.24672,0.66435,-69.97,0,-0.02343,0.36045,2.2281,0.26495,0.075792,-0.031875,0.002074,-0.02343,58058,0.006287,1.3604,-0.02343,-0.010516,26.646,0.78,0.074433,-0.020522,0.34835,0.21523,-0.024043,0.75016,-0.48219,3.0024,0.32769,0.004765,124.28,2.937,2.937,0.069235,2.2281,,0.26495,0.031074,0.013177,0.23908,0.033407,78.41,51.764,-0.28111,0.44306,27.501,0.046382,0.020817,0.66435,0.73505,0.34048,0.51781,0.51781,-248.1,0.031074,-0.17258,1.0105,0,13.698,7.0513,120.41,3.0312,4.3545,0
0.17246,0.32274,0.1488,1.472,-6.7426,0.24433,0.2135,2.0963,1.1211,0.67655,0.2135,0.67722,0.14461,0.2135,406.58,0.89773,3.0985,0.2135,0.10656,32.517,1.7284,0.21547,0.086078,0.30241,0.67655,0.77056,1.2057,0.27766,4.6232,0.12488,0.10656,64.389,5.6687,0.66764,0.21547,2.005,38.215,0.68402,0.10755,0.23754,0.036375,0.10755,70.9,38.383,0.96622,0.90584,36.454,0.13924,0.0695,1.4379,0.31526,0.17641,1.2624,1.2763,6248.8,0.10801,0.25491,0.89199,0.011046,11.225,9.5094,57.434,6.3551,3.7384,0
0.002731,0.25377,0.32357,2.3218,34.285,0.063706,0.007202,2.9406,0.8446,0.74623,0.025714,0.029421,0.060493,0.007202,1812.9,0.20134,3.9406,0.007202,0.008527,103.03,0.84784,0.024391,0.003233,0.044747,0.72814,0.18372,1.3176,0.74962,4.4448,0.25049,0.022706,109.46,3.3346,3.2168,0.0283,0.8446,,0.74623,0.033506,0.21981,0.12388,0.028879,222.37,119.34,0.011455,1.3479,106.6,-0.0195,-0.023087,2.2397,0.2448,0.29988,1.7288,1.7288,9011.4,0.033506,0.00366,0.99152,0,3.5428,3.0585,105.79,3.4502,1.9567,0
-0.12772,0.23563,0.76849,6.0723,65.473,0,-0.15489,3.2439,1.2492,0.76437,-0.15391,-1.0223,-0.10919,-0.15489,-630.53,-0.57888,4.2439,-0.15489,-0.124,56.154,0.66928,-0.16252,-0.10224,0.27744,0.34237,-0.46355,-165.63,9.6066,4.379,0.14204,-0.12399,39.149,9.3233,5.9948,-0.16341,1.2492,,0.76437,-0.13081,2.5145,-0.054531,-0.13011,157.5,101.35,-0.66457,4.8039,49.658,-0.18101,-0.14491,3.9044,0.15151,0.10726,9.5551,9.5551,18391,-0.13081,-0.16709,1.1228,0,6.5,3.6014,44.271,8.2447,15.615,0
0.075218,0.52751,0.052163,1.1015,-33.335,0.075218,0.075218,0.89569,1.0376,0.47249,0.075218,0.14639,0.046683,0.075218,1619.4,0.2254,1.8957,0.075218,0.029533,38.806,0.90944,0.0894,0.029533,0.075218,0.47249,0.2254,,0.12019,4.4758,0.18837,0.029533,76.401,4.7775,0.16947,0.0894,2.5694,21.558,0.48618,0.035101,0.10193,0.13032,0.035101,73.605,34.799,0.27778,0.57452,40.263,0.045719,0.01795,1.0729,0.51382,0.20932,1.0886,1.1202,1560.3,0.036194,0.1592,0.96381,0.028982,9.4058,10.489,73.635,4.9569,5.8683,1
0.1777,0.38495,-0.045277,0.87042,-77.052,0,0.20291,1.5977,0.56342,0.61505,0.21384,0.58068,0.41156,0.20291,605.94,0.60237,2.5977,0.20291,0.36013,17.477,1.2735,0.18496,0.3154,0.58188,0.24773,0.53689,16.911,-0.065068,6.3441,0.33677,0.36013,340.61,1.0716,0.97273,0.18897,0.56342,,0.61505,0.3354,0.56347,0.05998,0.32828,69.484,52.007,6.5868,0.79322,26.297,0.15599,0.27685,0.7901,0.34943,0.93317,0.88388,0.88388,-100010,0.3354,0.28892,0.65825,0,20.884,7.0183,226.37,1.6124,0.80969,0
0.045087,0.66581,0.016063,1.0245,-105.57,0,0.056566,0.50192,1.5101,0.33419,0.15641,0.0862,0.074827,0.056566,2150.8,0.16971,1.5019,0.056566,0.037459,95.885,1.0265,0.15629,0.029858,0.38425,0.26343,0.15247,1.5654,0.049014,4.1917,0.43597,0.05062,176.04,2.0733,2.0435,0.1495,1.5101,,0.33419,0.099001,0.014155,0.10434,0.1035,160.25,64.367,0.11366,0.41996,106.42,0.099859,0.066129,1.0097,0.65622,0.48231,1.0197,1.0197,249.74,0.099001,0.13492,0.96311,0,3.8066,5.6706,158.62,2.3012,4.6078,0
0.096129,0.31798,0.55091,3.2459,143.07,0,0.1189,2.1448,1.1028,0.68202,0.11918,0.48471,0.14067,0.1189,748.22,0.48783,3.1448,0.1189,0.10782,55.123,1.2632,0.10665,0.087171,0.34306,0.67287,0.41623,372.55,2.7032,4.1772,-0.007765,0.10798,89.262,4.0891,3.1543,0.099744,1.1028,,0.68202,0.090449,1.3319,0.074188,0.09671,155.4,100.27,0.5772,2.567,60.605,0.070423,0.06386,2.5039,0.24529,0.24455,3.3465,3.3465,8284.8,0.090448,0.14095,0.89447,0,6.6215,3.64,81.188,4.4957,5.411,0
0.18027,0.25753,0.65812,3.6589,28.658,0,0.18027,2.8831,1.5755,0.74247,0.21238,0.72829,0.13774,0.18027,433.14,0.84269,3.8831,0.18027,0.11442,127.23,1.0745,0.21238,0.11442,0.58017,0.66162,0.84269,6.6138,6.9749,4.1532,0.162,0.11917,66.13,5.5194,5.305,0.20931,1.5755,,0.74247,0.13286,0.021852,0.034458,0.1348,208.56,81.329,0.32825,1.4401,146.73,0.17563,0.11148,3.5167,0.24752,0.18118,7.8688,7.8688,9364.9,0.13286,0.24279,0.88732,0,2.8688,4.4879,57.344,6.3651,16.697,0
0.20375,0.040741,0.74233,19.221,59.44,0,0.2542,23.545,2.158,0.95926,0.25451,6.2395,0.14704,0.2542,46.863,7.7886,24.545,0.2542,0.11779,73.694,0.95587,0.23434,0.094415,0.48501,0.25233,6.5503,764.34,3.422,3.6956,-0.081949,0.11793,7.7737,46.953,46.953,0.24514,2.158,,0.95926,0.11359,5.3702,0.004566,0.10859,95.44,21.746,0.46763,8.5261,83.138,0.17123,0.079345,19.221,0.040741,0.021298,4.422,4.422,3682.6,0.11359,0.21241,0.88353,0,4.9529,16.785,6.8907,52.97,9.9482,0
0.07661,0.57233,0.53252,2.2641,-30.939,0,0.097491,0.74724,2.1695,0.42767,0.12824,0.23143,0.049204,0.097491,1956.9,0.18652,1.7472,0.097491,0.044937,18.432,1.059,0.1278,0.035312,0.30632,0.41883,0.15003,4.156,11.522,3.7528,0.26124,0.047526,75.702,4.8216,3.5489,0.13839,2.1695,5.5882,0.57874,0.063787,1.4297,0.13919,0.058909,59.134,40.702,0.69928,2.004,19.688,0.11855,0.054642,1.6665,0.42126,0.2074,9.2531,12.522,3014.2,0.063787,0.17914,0.95514,0.35325,19.803,8.9676,70.873,5.1501,46.94,0
0.077592,0.43857,0.31435,1.8373,79.735,0.2266,0.094238,1.2801,1.031,0.56143,0.094238,0.251,0.056842,0.094238,1034.5,0.35283,2.2801,0.094238,0.034617,20.86,1.3098,0.082376,0.028502,0.27605,0.56143,0.31488,0.31198,1.0134,6.5594,0.006854,0.034617,51.9,7.0328,0.18783,0.082376,2.7626,8.4629,0.62455,0.030259,0.019349,0.10091,0.030259,91.511,70.652,0.49872,1.4229,21.507,0.021871,0.008034,1.5728,0.37545,0.14219,1.8099,2.0134,1139900,0.030087,0.1382,0.96991,0.11244,17.498,5.1662,50.338,7.2509,8.776,0
0.096655,0.091573,0.6558,8.3125,236.04,0.31629,0.11977,9.9202,1.1331,0.90843,0.11977,1.3355,0.14752,0.11977,250.15,1.4591,10.92,0.11977,0.13224,56.452,1.234,0.11966,0.10672,0.36554,0.90843,1.2066,1.497,2.5766,5.1197,0.088768,0.13224,40.952,8.9128,1.3067,0.11966,0.92136,320.15,0.91032,0.13211,0.13251,0.022552,0.13211,295.63,239.18,0.69,6.7505,63.966,0.10582,0.11683,8.1408,0.089682,0.1122,3.5692,3.5766,86388,0.11748,0.1064,0.88252,0.002082,6.4657,1.526,36.141,10.099,3.5586,0
0.040783,0.80579,0.018834,1.0234,-15.547,0.000003,0.048184,0.24103,8.1837,0.19421,0.26947,0.059797,0.009318,0.048184,3857.1,0.09463,1.241,0.048184,0.005888,16.069,0.97498,0.038317,0.004983,0.80633,0.043566,0.085445,0.17315,0.10739,2.5245,0.081917,0.005888,36.14,10.1,10.1,0.04558,8.1837,,0.19421,0.00557,0.17897,0.40461,0.004682,30.347,14.278,0.1132,0.57627,16.159,0.01025,0.001252,1.0234,0.80579,0.099014,1.1074,1.1074,6.301,0.005569,0.20999,0.99427,0,22.715,25.563,35.939,10.156,46.662,0
0.015422,0.56719,0.13633,1.2851,-27.178,0.018965,0.018839,0.65118,1.0119,0.36934,0.018839,0.039391,0.03079,0.018839,3457.4,0.10557,1.7631,0.018839,0.009687,51.957,1.2601,0.034963,0.00793,0.040055,0.36934,0.099548,0.18191,0.35372,4.1952,0.22526,0.009687,90.823,4.0188,0.061643,0.034963,1.9723,3.7975,0.45828,0.017978,0.27308,0.24535,0.017978,90.835,38.877,0.055709,0.70621,52.573,-0.006077,-0.003125,1.0836,0.47825,0.24883,0.95829,1.189,2137.1,0.011714,0.041756,0.98829,0.2408,7.025,9.3885,89.76,4.0664,5.0459,0
0.11704,0.26569,0.5406,3.2335,45.074,-0.019836,0.14605,2.763,2.0068,0.7341,0.14822,0.60339,0.084992,0.14605,568.56,0.64197,3.7638,0.14605,0.072777,54.52,0.99394,0.14404,0.058322,0.56196,0.71857,0.53279,66.331,2.4872,4.5491,0.12269,0.073783,47.484,7.7214,7.0344,0.14626,2.0217,87.275,0.73964,0.072883,0.12141,0.052542,0.071777,137,82.483,0.39045,1.995,58.542,0.11953,0.059561,2.9458,0.24205,0.12951,3.3775,3.403,3.2335,0.072883,0.15943,0.92554,0.007537,6.6947,4.4251,44.023,8.291,9.233,0
0.10368,0.48042,0.27493,1.5747,67.18,0.19482,0.1291,0.76669,1.0722,0.36833,0.1291,0.26985,0.20219,0.1291,1052,0.34695,2.0815,0.1291,0.1566,60.34,1.1138,0.13156,0.12576,0.24416,0.36833,0.29404,1.7111,1.1146,5.2073,0.35204,0.1566,227.11,1.6071,0.27384,0.13156,0.92717,306.74,0.37035,0.15958,0.40215,0.093381,0.15958,248.36,188.02,0.76074,1.2898,64.698,0.093975,0.11399,1.5681,0.47841,0.62223,1.4933,1.5015,44309,0.067358,0.28148,0.93264,0.005462,6.049,1.9413,211.82,1.7232,3.3423,0
0.024089,0.58423,-0.014468,0.94588,-10.679,0.024089,0.025381,0.55531,1.0098,0.32443,0.025381,0.094946,0.02091,0.025381,4548.2,0.080252,1.7117,0.025381,0.01132,7.5582,1.001,0.042697,0.010743,0.025381,0.32443,0.07804,,-0.019364,4.922,0.25702,0.01132,43.943,8.3062,0.073083,0.042697,2.2784,0.65139,0.64133,0.019042,0.045839,0.29918,0.019042,39.166,31.608,0.51881,0.77219,7.6324,0.021193,0.009452,0.43281,0.26732,0.12039,0.43423,0.85838,-1209,0.009713,0.07425,0.99029,0.9768,48.292,11.548,43.516,8.3877,3.0011,1
0.27107,0.40527,0.21516,1.6077,5.3246,0,0.28485,1.4675,1.3596,0.59473,0.29184,0.80459,0.26047,0.28485,417.72,0.8738,2.4675,0.28485,0.20951,53.459,1.5339,0.27989,0.19938,0.46786,0.5505,0.8398,40.043,0.49942,5.4334,0.28495,0.21226,118.4,3.0828,2.6931,0.26816,1.3596,,0.59473,0.19724,0.053033,0.038689,0.20586,147.77,94.308,1.3613,1.0453,66.593,0.21061,0.15491,1.4045,0.35403,0.32438,1.3805,1.3805,58367,0.19724,0.45578,0.79531,0,6.8277,3.8703,95.045,3.8403,3.1558,0
0.041292,0.24564,0.36354,2.601,15.934,0.015139,0.046814,2.9851,1.0061,0.73327,0.046814,0.20617,0.15832,0.046814,613.3,0.59514,4.0709,0.046814,0.050697,97.976,1.1747,0.045618,0.044717,0.023979,0.73327,0.57266,0.49701,0.88801,4.0862,0.23906,0.050697,90.298,4.0422,0.18571,0.045618,0.98621,18.449,0.75184,0.049402,0.45955,0.055697,0.049402,192.21,94.232,0.16659,1.5094,98.569,-0.053761,-0.058221,2.4043,0.22707,0.24739,1.7911,1.8365,4433.6,0.006019,0.056312,0.99398,0.025335,3.7254,3.8734,89.754,4.0667,2.2555,0
-0.073214,0.43386,0.10205,1.3011,-74.418,-0.015218,-0.072228,1.3049,1.2137,0.56614,-0.057353,-0.21309,0.039592,-0.072228,3295.5,0.11076,2.3049,-0.072228,-0.05951,94.451,0.95133,-0.057353,-0.060323,-0.19458,-0.087307,0.10848,-3.8556,0.18256,3.9583,0.35561,-0.049776,95.61,3.8176,2.9825,-0.080282,1.2137,5.0235,0.5914,-0.066146,0.096957,0.22982,-0.047254,122.74,28.29,-0.23311,0.37448,88.591,-0.17763,-0.14636,1.0165,0.33895,0.26195,1.0128,1.058,927.09,-0.066146,-0.12932,1.0584,0.044632,3.8644,12.902,101.93,3.5807,2.1712,0
0.063663,0.89984,-0.39386,0.56229,-112.26,-0.2072,0.084869,0.11131,2.2287,0.10016,0.14807,0.094316,0.053943,0.084869,2732,0.1336,1.1113,0.084869,0.03808,35.118,1.1604,0.14793,0.028565,-0.11008,-0.14354,0.11004,2.3407,-0.79725,3.6923,0.39963,0.064479,160.33,2.2766,2.2766,0.18009,2.2287,,0.10016,0.080806,0.03187,0.16365,0.066376,78.169,43.05,0.29689,0.32399,38.206,0.11258,0.050513,0.56229,0.89984,0.43925,0.20275,0.20275,-1939.4,0.080806,0.6356,0.96192,0,10.393,8.4785,147.37,2.4768,4.5113,0
0.3119,0.09958,0.57936,10.679,245.98,0,0.31317,9.0422,1.0516,0.90042,0.31561,5.2318,0.3126,0.31317,110.56,3.3012,10.042,0.31317,0.2978,26.038,1.3465,0.29879,0.29659,0.68489,0.89894,3.2885,122.36,1.6059,4.5276,-0.29864,0.30012,29.082,12.551,7.5443,0.30035,1.0516,14.204,0.94014,0.28561,6.9378,0.010559,0.28413,77.725,51.687,4.1577,9.4256,36.448,0.28322,0.26932,6.4192,0.059859,0.079677,2.4958,2.6059,19525,0.28561,0.3464,0.70705,0.044114,14.018,7.0618,20.776,17.568,2.9149,0
0.008006,0.71604,0.082585,1.1156,-165.04,0,0.008006,0.39657,1.2426,0.28396,0.02147,0.011208,0.026464,0.008006,7947.8,0.045925,1.3966,0.008006,0.006443,192.37,0.80994,0.019257,0.006443,0.30645,0.008006,0.045925,1.4302,0.40652,3.0363,0.55901,0.017279,203.14,1.7968,1.7923,-0.040772,1.2426,,0.28396,-0.032811,0.036465,0.54079,0.015497,226.41,34.047,0.012224,0.19875,186.26,-0.005621,-0.004524,1.1129,0.71426,0.55655,1.3978,1.3978,89.781,-0.032811,0.028192,0.99389,0,1.8974,10.72,209.81,1.7397,6.1166,0
0.033356,0.41464,-0.14625,0.64729,-59.931,0.033356,0.040243,1.1084,1.0415,0.45957,0.040243,0.097055,0.031974,0.040243,2729.9,0.13371,2.4117,0.040243,0.023209,26.328,,0.068851,0.019237,0.040243,0.45957,0.1171,,-0.1999,3.4764,0.23053,0.023209,90.909,4.015,0.16605,0.068851,1.7401,,0.45957,0.039709,0.043962,0.16219,0.039709,52.662,26.334,0.2667,0.34566,27.421,0.053654,0.030944,0.64729,0.41464,0.24906,0.62818,0.62818,-438.05,0.039865,0.072579,0.96014,0,13.864,13.861,87.285,4.1817,2.37,1
-0.037259,0.10476,0.30282,4.3821,184.1,-0.005571,-0.037259,8.5456,0.40705,0.89524,-0.036571,-0.41613,0.027164,-0.037259,3458.3,0.10554,9.5456,-0.037259,-0.091535,84.075,0.87412,-0.04173,-0.091535,-0.013579,-0.04283,0.10554,-60.613,0.49835,3.8619,-0.18948,-0.091405,72.858,5.0097,4.2817,-0.041505,0.40705,,0.89524,-0.10197,2.0803,0.53022,-0.10252,184.8,100.72,-0.39739,3.3349,76.296,-0.090046,-0.22122,3.7453,0.089536,0.19961,1.4733,1.4733,2203.2,-0.10197,-0.041619,1.0878,0,4.3414,3.6237,80.287,4.5462,0.66988,0
-0.11153,0.50794,0.053665,1.1058,-27.667,-0.11818,-0.10996,0.83547,0.92973,0.42437,-0.10996,-0.21683,-0.037898,-0.10996,-2874.1,-0.127,1.9687,-0.10996,-0.064602,40.729,1.0695,-0.10846,-0.065527,-0.12141,0.42437,-0.13009,-0.59247,0.12218,4.393,0.29705,-0.064602,101.1,3.6101,-0.21354,-0.10846,1.7423,446.31,0.4252,-0.063725,0.00647,-0.26502,-0.063725,119.55,78.822,-0.58723,0.73129,37.867,-0.15392,-0.090429,1.104,0.50711,0.277,0.96616,0.96805,1326.6,-0.075581,-0.26282,1.0756,0.001958,8.9616,4.6307,108.75,3.3564,3.8751,0
-0.038804,0.19573,0.44686,3.3879,-22.57,-0.34488,-0.038804,4.1092,0.55934,0.80427,-0.035069,-0.20736,0.056127,-0.038804,2275.6,0.1604,5.1092,-0.038804,-0.069374,140.69,1.4418,-0.03575,-0.069374,-0.20463,-0.1283,0.1604,-9.5732,1.2209,4.4793,0.33756,-0.069335,114.74,3.1811,3.0414,-0.035948,0.55934,,0.80427,-0.064269,1.4487,0.18939,-0.063915,236.81,96.119,-0.17998,2.2358,132.19,-0.10595,-0.18942,3.2392,0.18713,0.31436,2.1974,2.1974,13472,-0.064268,-0.048247,1.0685,0,2.5944,3.7974,122.12,2.989,1.5282,0
0.048309,0.41474,0.52334,2.3043,29.256,0.029109,0.048309,1.4111,4.0698,0.58526,0.048309,0.1204,0.01466,0.048309,2537.3,0.14386,2.4111,0.048309,0.01187,19.752,0.88358,0,0.01187,0.12134,0.45863,0.14386,,6.9385,3.4391,0.069768,0.026561,40.669,8.9749,8.6825,0.005352,4.0698,,0.58526,0.001315,0.35437,1.2176,0,70.168,50.417,0.21935,1.7554,22.323,-0.011354,-0.00279,2.2293,0.40123,0.11142,7.7593,7.7593,1438.3,0.1152,0.082542,0.89242,0,18.479,7.2397,35.984,10.143,53.958,0
0.008133,0.18809,0.2913,3.8027,188.9,0.00765,0.008153,4.2945,1.0067,0.80777,0.008153,0.078444,0.05781,0.008153,2149.5,0.16981,5.3165,0.008153,0.014757,3.9232,0.85516,0.000723,0.01472,0.009814,0.80777,0.1697,0.013175,0.48168,4.4551,0.069613,0.014757,69.124,5.2804,0.003844,0.000723,0.56859,4.6257,0.89193,0.001309,1.5346,0.2523,0.001309,155.74,151.81,1.3695,3.7456,3.9496,-0.023064,-0.041745,2.1013,0.10393,0.18938,1.3357,1.4748,8307.1,0.006674,0.010068,0.99333,0.10419,93.036,2.4043,68.663,5.3159,0.91358,0
0.21684,0.38794,0.29994,1.7834,37.295,0.39014,0.21684,1.5777,2.572,0.61206,0.21758,0.56639,0.091642,0.21684,600.75,0.60757,2.5777,0.21684,0.084309,6.5446,1.6461,0.20956,0.084309,0.35664,0.60698,0.60757,282.18,0.94554,3.8528,0.10964,0.084598,58.853,6.2018,6.1204,0.1976,2.572,148.79,0.61634,0.07683,0.30233,0.056612,0.081478,80.471,73.927,4.7021,1.663,7.0892,0.1907,0.074145,1.76,0.38285,0.16124,1.9295,1.943,2137.4,0.07683,0.35428,0.91695,0.006991,55.771,4.9373,54.332,6.718,8.108,0
-0.12792,0.89537,-0.52622,0.37103,-265.37,-0.017477,-0.12821,0.11686,0.99329,0.10463,-0.0411,-0.15325,-0.10369,-0.12821,-3173.1,-0.11503,1.1169,-0.12821,-0.12908,78.331,1.5032,-0.041104,-0.12879,-0.16349,-0.1454,-0.1147,-0.47184,-0.7631,4.0971,0.90006,-0.11866,296.93,1.2292,1.1486,-0.035149,0.99329,3.3994,0.13324,-0.035387,0.001764,-1.8791,-0.041381,113.53,35.197,-0.60011,0.11625,75.654,-0.066324,-0.066772,0.3467,0.83664,0.81351,0.15173,0.19322,-6580.2,-0.035387,-1.2226,1.1286,0.27345,4.6597,10.37,307.44,1.1872,1.4404,0
0.11475,0.10511,0.40016,5.2594,67.858,-0.65845,0.11475,8.5138,1.7101,0.89489,0.12196,1.2214,0.17175,0.11475,130.63,2.7942,9.5138,0.11475,0.067101,11.933,1.0497,0.12092,0.067101,0.36014,-0.64655,2.7942,16.763,0.79099,3.4601,0.061465,0.07132,21.52,16.961,15.16,0.11665,1.7101,39.257,0.90605,0.068211,0.82628,0.011684,0.070711,88.893,76.96,2.0525,4.6643,12.806,-0.058029,-0.033933,4.7008,0.093948,0.058959,1.7689,1.791,1154.3,0.068211,0.12823,0.93311,0.012473,30.588,4.7427,20.052,18.202,3.3803,0
0.074415,0.70386,-0.004158,0.99373,-88.679,0.23466,0.092874,0.39372,1.11,0.27712,0.092874,0.14012,0.098727,0.092874,1955.3,0.18667,1.4207,0.092874,0.069785,68.78,1.1708,0.12823,0.055915,0.29193,0.27712,0.16045,1.0695,-0.01218,5.2194,0.50278,0.069785,201.78,1.8089,0.18219,0.12823,1.3345,9.9388,0.31816,0.096355,0.09905,0.13877,0.096355,162.64,93.86,0.29673,0.61537,76.344,0.089718,0.067414,0.93579,0.66282,0.55281,0.81188,0.93211,-689,0.099071,0.26852,0.90093,0.14809,5.3067,3.8888,181.79,2.0078,3.8989,0
0.043272,0.31362,0.40796,3.9875,135.15,0.091719,0.05288,2.1885,0.86829,0.68638,0.05915,0.38724,0.12659,0.05288,1041.5,0.35047,3.1885,0.05288,0.060901,47.224,0.94016,0.054236,0.049836,0.24493,0.66713,0.31983,8.6499,0.89567,4.7339,0.050585,0.067483,60.678,6.0815,2.648,0.046855,0.88961,2.87,0.83696,0.053962,2.0135,0.093952,0.062463,113.31,66.088,0.38519,3.1648,49.375,-0.002799,-0.003224,1.7362,0.13656,0.16443,1.5069,1.8375,3.9875,0.053962,0.063045,0.94056,0.21939,7.7291,5.5229,57.403,6.3585,1.9063,0
-0.002445,0.56949,0.038483,1.0975,-72.746,0,-0.002445,0.75583,1.1189,0.43044,0.039354,-0.006194,0.051712,-0.002445,3592.5,0.1016,1.756,-0.002445,-0.002185,77.263,1.2148,0.023466,-0.002185,-0.024379,0.064922,0.1016,0.56139,0.067896,4.1598,0.50718,0.016797,130.47,2.813,1.9494,0.014814,1.1495,1.1613,0.59946,0.01324,0.039986,0.22661,0.020972,136.15,58.884,-0.010321,0.64013,77.871,-0.03684,-0.032925,0.76057,0.39466,0.35549,0.75943,1.0576,556,0.013238,-0.005679,0.96577,0.39267,4.7241,6.1986,128.74,2.8351,1.9741,1
0.044309,0.30769,0.063124,1.374,0.27154,0,0.053152,2.25,0.65166,0.69231,0.065326,0.31494,0.20141,0.053152,855.69,0.42656,3.25,0.053152,0.081565,28.745,1.1532,0.064005,0.067994,0.18334,0.15586,0.39781,5.2577,0.08218,4.2791,0.4385,0.08749,104.84,3.4816,1.9096,0.064082,0.65166,1.367,0.8244,0.098336,0.19768,0.072177,0.098218,111.2,82.453,0.86337,1.0699,31.88,-0.014091,-0.021624,0.75364,0.16877,0.28723,0.90131,1.0733,1200.2,0.098336,0.064001,0.91899,0.1908,12.698,4.4268,94.528,3.8613,0.84839,0
0.001347,0.74321,0.33276,1.5471,-11.78,0,0.005148,0.34551,2.8818,0.25679,0.03349,0.008463,0.003979,0.005148,23657,0.015429,1.3455,0.005148,0.001786,48.544,1.3047,0.033424,0.000468,0.034636,0.052546,0.010315,1.1793,5.637,3.8659,0.2573,0.010178,77.113,4.7333,3.8735,0.002978,2.8818,4.131,0.39179,0.001033,0.074304,0.62335,0.011598,113.45,64.911,0.003515,0.91694,48.594,0.027105,0.009405,1.2661,0.60821,0.21127,4.35,6.637,2443.9,0.001033,0.005247,0.99823,0.52574,7.519,5.6231,77.033,4.7382,48.819,0
0.009159,0.73093,0.06545,1.1534,10.156,-0.022942,0.042362,0.36811,1.7333,0.26907,0.10148,0.099274,0.063372,0.042362,2428.8,0.15028,1.3681,0.042362,0.02444,3.3309,1.3145,0.09646,0.005284,0.051048,0.25168,0.10485,1.6316,0.12888,3.7598,0.37969,0.03969,95.287,3.8305,2.2363,0.098753,1.7333,1.6116,0.56465,0.056973,0.18332,0.14862,0.05565,87.167,83.836,0.579,1.1163,3.5322,0.028978,0.016718,0.67335,0.42672,0.26106,0.52984,1.1119,376.48,0.056973,0.034039,0.97572,1.0985,109.58,4.3537,89.858,4.062,3.4132,0
0.05003,0.58566,0.23298,1.4348,-92.318,0,0.05003,0.70747,1.0531,0.41434,0.092966,0.09338,0.093881,0.05003,2162.2,0.16881,1.7075,0.05003,0.047509,44.15,1.2358,0,0.047509,0.14365,0.41292,0.16881,0,1.0075,4.812,0.47434,0.10813,244.36,1.4937,1.3665,0.012799,1.0531,65.086,0.42419,0.012154,0.71756,0.39977,0,133.2,89.051,0.39277,1.1971,58.095,-0.048833,-0.046372,1.3126,0.53577,0.66947,1.7917,1.8344,15113,0.24004,0.12075,0.807,0.023783,8.2674,4.0988,185.7,1.9655,4.5538,0
0.59391,0.3448,0.31309,1.908,60.471,0,0.73609,1.9002,2.028,0.6552,0.75872,2.1348,0.38849,0.73609,159.74,2.2849,2.9002,0.73609,0.36297,14.585,1.5139,0.75862,0.29286,1.2207,0.6076,1.8726,33.521,0.9152,3.9508,0.15887,0.36844,99.308,3.6754,3.6754,0.76066,2.028,,0.6552,0.37509,0.14647,0.014183,0.37408,109.32,94.735,7.3289,1.673,23.34,0.70686,0.34856,1.908,0.3448,0.27208,1.9152,1.9152,2795.8,0.37509,0.90646,0.63765,0,25.025,3.8528,62.059,5.8815,5.9279,0
0.093898,0.47864,0.044666,1.1194,-6.3845,0.21416,0.11751,0.92368,1.031,0.44211,0.11751,0.31411,0.099442,0.11751,1091.3,0.33446,2.0892,0.11751,0.072996,15.421,1.1413,0.12846,0.058328,0.26876,0.44211,0.28512,0.82269,0.076849,4.4121,0.29482,0.072996,87.449,4.1739,0.26839,0.12846,1.7262,3.3555,0.54665,0.079799,0.020385,0.092004,0.079799,93.22,77.8,1.3806,0.9376,15.898,0.085889,0.053352,0.87492,0.37411,0.23958,0.76066,0.94051,1153.6,0.03003,0.21239,0.96997,0.23644,23.67,4.6915,84.822,4.3031,2.7698,0
0.084122,0.25535,0.18634,1.7298,13.633,0.19053,0.084122,2.9117,1.056,0.74349,0.084122,0.32944,0.13167,0.084122,461.27,0.7913,3.9163,0.084122,0.054818,30.886,0.97039,0.07956,0.054818,0.19115,0.74349,0.7913,0.54751,0.33375,3.9326,0.16202,0.054818,64.138,5.6909,0.31158,0.07956,1.5472,,0.74349,0.051845,0.049484,0.042507,0.051845,102.05,71.164,0.64782,1.2212,32.617,-0.038373,-0.025006,1.7298,0.25535,0.17572,1.3317,1.3317,1595.5,0.053066,0.11315,0.94693,0,11.818,5.129,60.734,6.0098,2.7486,0
0.098266,0.29141,0.051063,1.2053,-38.407,0.37336,0.12174,2.4316,1.1127,0.70859,0.12174,0.48934,0.16072,0.12174,485.17,0.75231,3.4316,0.12174,0.089246,40.549,1.1256,0.098424,0.07204,0.4604,0.70859,0.67178,0.80287,0.07293,5.0068,0.17636,0.089246,74.07,4.9277,0.33775,0.098424,1.4275,3.4784,0.75122,0.072156,0.28448,0.0489,0.072156,61.296,20.747,0.64848,0.59614,45.118,0.000925,0.000678,1.0289,0.24878,0.20293,1.012,1.0729,5187,0.10127,0.13868,0.89873,0.06017,9.0016,17.593,66.569,5.483,1.9482,0
0.38538,0.10392,0.84504,9.1652,53.082,0,0.47676,8.623,2.1773,0.89608,0.49292,4.6067,0.23287,0.47676,74.808,4.8792,9.623,0.47676,0.21897,41.829,0.99182,0.47956,0.177,1.2012,0.78361,3.9998,29.667,16.418,3.4318,0.047728,0.21897,23.014,15.86,15.795,0.53592,2.1773,,0.89608,0.24614,3.4588,0.006794,0.22025,99.002,57.173,1.5445,6.7542,55.486,0.44928,0.20635,9.1277,0.10349,0.063052,17.41,17.41,2284,0.24614,0.43007,0.78292,0,8.726,6.3841,17.349,21.038,42.303,0
0.16541,2.6107,-2.1846,0.16321,-741.73,0.16541,0.24012,-0.62911,0.73995,-1.6424,0.24012,0.091977,0.35156,0.24012,2725.4,0.13392,0.38304,0.24012,0.24145,131.63,0.85619,0.5616,0.16632,0.24012,-1.6424,0.10531,,-3.8065,3.9936,2.6207,0.24145,708.99,0.51482,0.21512,0.5616,2.1359,,-1.6424,0.5647,0.001795,0.12789,0.5647,154.66,23.027,0.4612,0.025828,97.399,0.45209,0.45458,0.16321,2.6107,1.9424,-2.8617,-2.8617,-21525,-0.35144,-0.10071,1.3514,0,2.7729,15.851,958.15,0.38094,1.7329,1
0.1522,0.5567,0.21904,1.643,-35.115,0,0.1522,0.79631,1.8347,0.4433,0.15672,0.44682,0.093712,0.1522,1181.8,0.30884,1.7963,0.1522,0.082959,75.13,1.1375,0.15627,0.082959,0.41371,0.37328,0.30884,34.606,0.49744,4.1103,0.27614,0.083715,73.579,4.9606,3.0353,0.14492,1.8347,0.84248,0.65937,0.078989,0.15957,0.10543,0.085178,100.53,25.4,0.40304,0.53439,81.573,0.13655,0.074425,1.0053,0.34063,0.20159,1.0068,1.4974,2823.8,0.078989,0.34334,0.91782,0.4874,4.8583,14.37,67.767,5.3861,4.1666,0
0.11387,0.41032,0.40563,2.3753,69.494,0,0.14981,1.4371,1.3708,0.58968,0.15505,0.50795,0.13352,0.14981,818.3,0.44605,2.4371,0.14981,0.10929,44.837,1.0351,0.14349,0.083069,0.52368,0.58198,0.35845,27.393,1.3546,3.8129,0.054796,0.11304,86.799,4.2051,3.0226,0.13051,1.3708,4.6123,0.70506,0.095208,1.1509,0.077405,0.10468,96.158,51.321,0.67624,1.8044,49.555,0.11028,0.08045,1.7074,0.29494,0.23781,1.9693,2.3546,2636.6,0.095208,0.1931,0.89265,0.19567,8.1406,7.1121,78.535,4.6476,4.5779,0
-0.10796,0.42488,0.48752,4.6542,20.813,0,-0.10796,1.3536,2.6625,0.57513,-0.10645,-0.8092,-0.037586,-0.10796,-1549.7,-0.23553,2.3536,-0.10796,-0.040548,44.738,0.77895,-0.10645,-0.040548,-0.18415,0.47306,-0.23553,-70.663,1.2861,2.6634,0.1038,-0.039992,17.585,20.756,6.5176,-0.10668,2.6625,,0.57513,-0.040066,1.1246,-0.14368,-0.039982,64.555,19.816,-0.33081,2.2081,43.015,-0.11434,-0.042944,1.4615,0.13342,0.048179,1.5172,1.5172,224.59,-0.040066,-0.18772,1.0405,0,8.1585,18.419,18.29,19.957,7.024,0
-0.09457,0.27014,0.24912,1.9222,-20.392,-0.41462,-0.09457,2.1898,0.95358,0.59157,-0.09457,-0.35008,-0.021294,-0.09457,-3063.9,-0.11913,3.7018,-0.09457,-0.062574,80.482,1.0992,-0.058554,-0.062574,-0.41462,0.59157,-0.11913,-0.36945,0.5182,5.2639,0.17206,-0.062574,62.213,5.8669,-0.21676,-0.058554,1.5282,,0.59157,-0.038744,0.045198,2.3166,-0.038744,122.46,41.975,-0.28378,0.68858,76.746,-0.12094,-0.080024,1.9222,0.27014,0.17045,1.2305,1.2305,45737,-0.048677,-0.15986,1.0487,0,4.5352,8.6956,65.242,5.5946,3.1437,0
0.000082,0.69679,0.34546,1.561,-5.7427,0,0.00063,0.43516,3.1396,0.30321,0.031857,0.001023,0.002957,0.00063,27396,0.013323,1.4352,0.00063,0.000201,45.517,0.84128,0.031144,0.000026,0.17052,0.26505,0.012536,0.99732,8.9145,3.8623,0.21005,0.006451,72.362,5.0441,4.4577,0.033513,3.1396,7.0333,0.38422,0.010674,0.066039,0.58361,0.00992,107.02,61.507,0.000208,0.9252,46.009,0.02249,0.007164,1.3795,0.61578,0.19825,7.8242,9.9145,2516.2,0.010674,0.000269,0.9998,0.26715,8.0189,5.9343,71.589,5.0985,81.015,0
-0.019398,0.2694,0.28762,2.2748,-41.456,0,-0.019398,2.712,1.1182,0.7306,-0.013727,-0.085974,0.026345,-0.019398,3337.7,0.10936,3.712,-0.019398,-0.017347,124.33,0.99548,-0.013803,-0.017347,-0.18243,0.60289,0.10936,-2.4341,0.5909,4.2621,0.23584,-0.014209,75.015,4.8657,4.0751,0.02042,1.1182,3.1933,0.77205,0.018261,0.14712,0.25616,-0.012343,156.69,32.367,-0.050928,0.58662,126.64,-0.062661,-0.056035,1.9052,0.22563,0.20552,1.501,1.5861,5258.8,0.018261,-0.026551,1.0173,0.056731,2.9359,11.277,73.645,4.9562,2.2974,0
0.004243,0.076753,-0.017803,0.76805,-9.2177,0.43045,0.005583,12,1.0046,0.92101,0.005583,0.072738,0.061829,0.005583,425.46,0.8579,13.029,0.005583,0.005242,0,0.41841,0.005662,0.003984,0.53343,0.92101,0.84044,0.053412,-0.018918,4.054,0.031696,0.005242,26.426,13.812,0.073773,0.005662,1.1313,,0.92101,0.005317,0.66181,0.038276,0.005317,2.7948,2.7948,,0.76805,0,-0.054601,-0.05127,0.76805,0.076753,0.0724,0.97871,0.97871,-201.6,0.004548,0.004607,0.99545,0,,130.6,26.306,13.875,1.1317,0
-0.025187,0.91946,-0.003023,0.98019,-41.312,-0.078518,-0.025187,0.087594,0.59057,0.080539,0.058052,-0.16507,0.087085,-0.025187,6525.4,0.055935,1.0876,-0.025187,-0.042649,31.225,1.8534,0.057973,-0.042649,-0.059313,0.016502,0.055935,0.69646,-0.003554,4.7499,1.5409,-0.002977,100.15,3.6447,0.60483,0.034453,0.59057,0.18796,0.60744,0.058339,0.071616,0.22772,0.098163,85.681,54.456,-0.49854,0.64908,33.16,-0.018645,-0.031571,0.16266,0.15258,0.27437,0.094703,0.71426,-169.92,0.058339,-0.31274,1.0408,6.5421,11.689,6.7026,94.303,3.8705,0.69443,0
0.11293,0.18194,0.49485,3.7198,161.15,0.12191,0.1407,4.4962,1.0115,0.81806,0.14206,0.7733,0.16686,0.1407,393.48,0.92763,5.4962,0.1407,0.1391,35.489,0.95408,0.11184,0.11165,0.47307,0.8118,0.77504,82.234,1.531,3.9023,-0.20792,0.13911,72.999,5.0001,5.0001,0.10173,1.0115,,0.81806,0.10058,2.166,0.043343,0.11058,102.02,66.527,1.1483,3.1793,39.458,0.083765,0.082816,3.7198,0.18194,0.2,2.531,2.531,3952,0.10058,0.13805,0.86694,0,10.285,5.4865,65.657,5.5592,3.1294,0
0.027656,0.23865,-0.03169,0.73095,-53.752,0,0.023026,3.1902,0.33335,0.76135,0.026843,0.19549,0.18714,0.023026,1396.3,0.2614,4.1902,0.023026,0.069076,11.762,0.15744,0.029031,0.082964,,0.36244,0.28079,7.6064,-0.034676,4.5844,0.69162,0.080526,128.57,2.8388,1.4011,-0.001029,0.33335,73.33,0.76237,-0.003088,0.08256,0.11632,0.087089,83.624,71.862,2.5745,0.63975,11.726,-0.010326,-0.030978,0.36076,0.11779,0.35226,0.83307,0.83419,-1217.1,-0.003088,0.036325,0.93,0.00135,31.031,5.0792,128.97,2.8301,0.36475,0
-0.16316,0.32305,0.41093,2.8427,-17.031,0,-0.16316,2.0947,0.73713,0.6767,-0.11833,-0.73167,-0.22135,-0.16316,-722.69,-0.50506,3.0955,-0.16316,-0.22135,175.23,0.69285,-0.12922,-0.22135,-0.18525,0.48928,-0.50506,-3.7457,1.1233,3.6043,0.38969,-0.19289,162.18,5.1221,3.5357,-0.22683,1.0137,,0.6767,-0.30772,0.65861,-0.083332,-0.17531,241.17,65.936,-0.46105,2.2456,113.09,-0.12922,-0.17531,1.9623,0.223,0.19523,1.8498,1.8498,1652.3,0.31916,-0.24111,0.67127,0,2.0829,5.5356,110.42,3.3056,2.015,1
0.33496,0.12482,0.62122,7.5561,88.706,0,0.41429,7.0117,1.8281,0.87518,0.41436,4.3723,0.25721,0.41429,96.891,3.7671,8.0117,0.41429,0.22662,56.176,1.264,0.3951,0.18323,0.92488,0.86793,3.1315,6053.3,2.1872,3.9949,-0.016077,0.22666,24.148,15.115,11.475,0.39589,1.8281,,0.87518,0.21655,1.6351,0.009225,0.21612,112.02,55.841,1.1905,4.5868,71.703,0.33919,0.18554,5.7362,0.094755,0.066158,3.0814,3.0814,6139.1,0.21655,0.38273,0.77607,0,6.4975,6.5364,18.919,19.293,6.4366,0
0.072413,0.57617,-0.15132,0.73736,-40.306,0.36181,0.094634,0.73561,1.0668,0.42383,0.094634,0.16425,0.073727,0.094634,1325,0.27548,1.7356,0.094634,0.043958,11.426,0.86883,0.09434,0.033636,0.46009,0.42383,0.23691,0.4675,-0.2631,4.4518,0.2657,0.043958,104.21,3.5024,0.16374,0.09434,2.1595,,0.42383,0.043821,0.007289,0.11956,0.043821,71.317,59.892,1.0745,0.6204,12.189,0.03025,0.014051,0.73736,0.57617,0.28552,0.7369,0.7369,-4282.4,0.062652,0.17085,0.93735,0,31.946,6.0943,97.685,3.7365,3.7431,0
-0.038135,0.691,0.21671,1.737,27.002,-0.05012,-0.043748,0.43282,1.0115,0.29908,-0.043748,-0.14878,0.005824,-0.043748,27957,0.013056,1.4472,-0.043748,-0.02824,24.363,1.5432,-0.003698,-0.024617,-0.053453,0.29908,0.021178,-0.024147,0.44295,4.1591,0.44565,-0.02824,70.076,5.2086,-0.005352,-0.003698,1.5727,1.0261,0.69604,-0.002387,0.01026,0.46296,-0.002387,119.63,95.266,-0.3688,1.3854,24.644,-0.056468,-0.036451,0.73914,0.29404,0.19199,0.6113,1.4227,3125.7,0.011367,-0.12751,0.98863,1.3273,14.981,3.8314,69.279,5.2685,3.1663,0
0.022197,0.39924,0.14293,1.3855,-54.995,0.078692,0.022197,1.4675,1.0281,0.58587,0.022197,0.05987,0.030192,0.022197,2046.5,0.17835,2.5047,0.022197,0.009412,74.149,1.6947,0.051811,0.009412,0.078692,0.58587,0.17835,0.22587,0.2939,4.3048,0.16479,0.009412,58.994,6.187,0.12977,0.051811,2.3846,1.2136,0.61436,0.021969,0.046807,0.13019,0.021969,76.815,2.6658,0.04633,0.093266,76.235,0.002802,0.001188,1.2866,0.37075,0.16163,1.2047,1.2633,2883.2,0.027373,0.037887,0.97263,0.048633,4.9225,136.92,57.379,6.3612,4.8495,0
0.008082,0.63218,0.024012,1.0417,-150.17,0,0.011196,0.58183,0.79274,0.36782,0.027265,0.019421,0.041002,0.011196,7099.1,0.051415,1.5818,0.011196,0.014123,111.48,1.3743,0.026601,0.010195,0.030367,0.19545,0.04649,1.6554,0.060104,5.6434,0.79746,0.014123,288.61,1.2685,1.1567,0.063689,0.79274,6.4331,0.42353,0.08034,0.13379,0.43985,0.033556,240.97,129.49,0.033381,0.62166,120.85,0.005293,0.006677,0.94986,0.57647,0.78832,0.92067,1.0601,1.0417,0.08034,0.021973,0.93255,0.15145,3.2742,2.8187,265.42,1.3752,1.9843,0
-0.10176,0.71846,-0.1213,0.76336,-132.13,-0.10176,-0.10176,0.26116,0.9763,0.18763,-0.10176,-0.19852,-0.036402,-0.10176,-8322.1,-0.043859,1.3919,-0.10176,-0.11756,75.197,0.81054,-0.040578,-0.11756,-0.10176,0.18763,-0.043859,,-0.19929,5.4223,0.82742,-0.11756,211.02,1.7297,-0.056479,-0.040578,1.0907,1.0346,0.39348,-0.046877,0.00433,0.79604,-0.046877,164.06,88.866,-0.57062,0.41547,73.415,-0.11083,-0.12803,0.54465,0.51262,0.57815,0.30825,0.64643,-32078,-0.024278,-0.54235,1.0243,1.0971,4.8539,4.1073,216.15,1.6887,1.4221,1
0.19251,0.25986,0.30216,2.1628,115.4,0,0.24302,2.8482,1.2318,0.74014,0.26105,0.93519,0.21376,0.24302,360.22,1.0133,3.8482,0.24302,0.19729,0,1.0892,0.25555,0.15628,0.51697,0.6749,0.8189,14.173,0.6899,2.9636,0.1668,0.19729,98.887,3.6911,3.6911,0.27262,1.2318,,0.74014,0.22132,0.21395,0.031402,0.20746,150.06,150.06,,2.1628,0,0.23526,0.19099,2.1628,0.25986,0.27092,1.6899,1.6899,277.89,0.22132,0.2601,0.80573,0,,2.4323,77.001,4.7402,2.8124,0
0.077859,0.69127,0.2692,1.7517,14.446,0.14867,0.10265,0.35621,1.0887,0.24624,0.10265,0.28662,0.079889,0.10265,1538.3,0.23727,1.4466,0.10265,0.049999,27.66,1.3655,0.15035,0.037924,0.19773,0.24624,0.20141,0.79729,0.72238,4.118,0.32086,0.049999,69.321,5.2653,0.21749,0.15035,2.0782,1.4162,0.57937,0.073231,0.20365,0.10735,0.073231,98.565,70.906,0.50045,1.3173,30.114,0.088981,0.043341,0.90752,0.35814,0.18992,0.66076,1.5547,3532.2,0.081493,0.31619,0.91851,1.3529,13.196,5.1477,63.672,5.7325,5.5091,0
0.27419,0.24062,0.68076,3.8292,219.22,0,0.27419,3.1559,1.4587,0.75938,0.28673,1.1395,0.188,0.27419,320.27,1.1397,4.1559,0.27419,0.18798,54,1.3156,0,0.18798,0.50528,0.74193,1.1397,0,8.6595,3.7582,0.052403,0.41993,127.63,2.8598,2.8598,0.019135,1.4587,,0.75938,0.013118,0.87332,244.5,0,177.98,123.97,1.2706,2.9323,114.47,-0.000033,-0.000022,3.8292,0.24062,0.34967,9.6595,9.6595,3901.4,0.52824,0.36108,0.49974,0,6.7593,2.9441,60.211,6.062,18.554,0
0.012449,0.36558,0.3765,2.988,31.807,0.049716,0.022937,1.3956,1.0213,0.51022,0.022937,0.12112,0.043981,0.022937,2276.7,0.16032,2.7354,0.022937,0.017212,72.222,1.2161,0.031215,0.009342,0.071249,0.51022,0.13163,0.23923,0.86727,5.2047,0.22797,0.017212,52.977,6.8898,0.085386,0.031215,1.3597,1.7152,0.68641,0.023424,0.32986,0.17969,0.023424,137.88,65.662,0.047214,1.5957,73.761,-0.004457,-0.003345,1.5479,0.18938,0.14514,1.1753,1.5812,60326,0.02086,0.0244,0.97914,0.34533,5.0539,5.5588,51.872,7.0366,3.0697,0
0.17417,0.27087,0.23349,1.862,-4.4585,0.39377,0.17743,2.6378,1.094,0.71451,0.17743,0.65502,0.12688,0.17743,402.94,0.90583,3.6918,0.17743,0.091751,48.027,1.3558,0.2027,0.090065,0.39703,0.71451,0.8938,1.1467,0.4711,4.8788,0.13275,0.091751,55.933,6.5256,0.74831,0.2027,1.9738,,0.71451,0.10482,0.052622,0.032906,0.10482,92.507,44.48,0.68449,0.92263,52.542,0.13476,0.069686,1.862,0.27087,0.15324,1.4416,1.4416,17665,0.085944,0.24376,0.91406,0,7.5999,8.2059,51.126,7.1392,3.9017,0
0.00398,0.7753,0.15526,1.2003,-137.03,-0.22994,0.00398,0.28982,1.6405,0.2247,0.004719,0.005133,0.008787,0.00398,19632,0.018592,1.2898,0.00398,0.002426,146.31,1.2416,0,0.002426,0.009982,-0.22596,0.018592,0,2.2356,3.5976,0.47215,0.005976,212.74,1.7157,1.7157,0.000606,1.6405,,0.2247,0.00037,0.000932,2.4766,0,206.88,60.569,0.006052,0.35206,180.45,-0.010435,-0.006361,1.2003,0.7753,0.58286,3.2356,3.2356,614.66,0.18918,0.017711,0.81294,0,2.4947,6.0262,172.5,2.116,23.623,0
0.14244,0.48912,0.30355,1.6243,16.531,0,0.18549,1.0445,3.0571,0.51088,0.21146,0.38149,0.067806,0.18549,861.25,0.4238,2.0445,0.18549,0.060676,17.501,1.0482,0.16902,0.046594,0.56117,0.495,0.33579,6.5099,1.444,3.8161,0.11991,0.061498,59.44,6.2176,6.181,0.071325,3.2347,,0.51088,0.023331,0.29138,0.085441,0.055288,77.38,59.879,0.97176,1.3228,17.697,0.14722,0.048158,1.6147,0.48623,0.16083,2.4303,2.4303,1987.8,0.023331,0.27882,0.94266,0,20.856,6.0956,58.054,6.2873,14.543,0
0.097031,0.18163,0.76229,5.5851,346.19,0,0.13405,4.5056,0.88696,0.81837,0.13407,0.80632,0.16475,0.13405,453.69,0.80452,5.5056,0.13405,0.15114,20.971,0.87711,0.13314,0.1094,0.5638,0.31234,0.6007,8426.9,10.668,4.2028,0.12204,0.15116,80.809,4.5168,4.1343,0.13603,0.88696,,0.81837,0.15336,0.44631,0.041694,0.1501,351.58,330.61,1.9041,5.2786,24.77,0.12106,0.13649,5.1122,0.16625,0.22139,11.452,11.452,12159,0.15336,0.11857,0.8492,0,17.405,1.104,68.416,5.335,12.412,0
0.050086,0.6937,0.1654,1.3335,-10.032,0,0.050086,0.44154,1.4951,0.3063,0.051758,0.10099,0.22405,0.050086,755.86,0.48289,1.4415,0.050086,0.033499,45.21,1.6131,0,0.033499,,0.11487,0.48289,0,0.48846,5.1951,0.46114,0.076968,173.37,2.1054,1.5053,0.003403,1.4951,7.4481,0.37023,0.002276,0.01129,0.081164,0,160.09,114.88,0.27045,0.9601,64.734,-0.2849,-0.19055,0.9534,0.49597,0.47498,0.90453,1.0933,25921,0.30161,0.16352,0.69998,0.20873,8.0734,3.1772,121.08,3.0146,4.4153,0
-0.030479,0.91357,-0.39942,0.54472,-116.67,-0.06988,-0.030479,0.094601,1.0084,0.086425,-0.030479,-0.034741,-0.001778,-0.030479,-85620,-0.004263,1.0946,-0.030479,-0.013917,45.842,1.3521,0.012709,-0.013917,-0.061654,0.086425,-0.004263,0.058517,-0.76503,5.351,0.41466,-0.013917,147.45,2.4755,0.013911,0.012709,2.194,5.595,0.12268,0.005803,0.029876,0.76439,0.005803,75.281,29.439,-0.11081,0.23121,46.227,-0.013876,-0.006336,0.52311,0.87732,0.40396,0.16553,0.23497,-89636,0.00832,-0.35267,0.99168,0.41949,7.9621,12.399,146.22,2.4962,4.1946,0
0.084057,0.6858,0.0554,1.1884,-18.801,-0.20734,0.12175,0.45814,2.7487,0.3142,0.2768,0.4141,0.0922,0.12175,987.71,0.36954,1.4581,0.12175,0.044294,20.566,1.1739,0.25871,0.03058,0.25448,-0.12328,0.31458,1.6685,0.085154,3.6601,0.21334,0.055231,44.92,8.1256,3.4836,0.35964,2.7487,0.49655,0.70598,0.13084,0.40062,0.058557,0.094119,30.758,10.191,0.54273,0.66166,23.662,0.12703,0.046213,0.50951,0.29402,0.12307,0.48295,1.0852,253.27,0.13084,0.26753,0.95618,1.2469,17.748,35.814,39.043,9.3488,4.2251,0
0.22332,0.30127,0.58993,3.4216,63.23,0,0.2776,2.3193,2.0134,0.69873,0.29199,1.1395,0.15583,0.2776,350.49,1.0414,3.3193,0.2776,0.13787,53.23,2.0688,0.26391,0.11091,,0.54491,0.86123,18.334,3.5442,4.114,0.14809,0.13815,51.65,7.0668,5.7144,0.29186,2.0134,,0.69873,0.14496,0.01387,0.033469,0.13107,150.5,97.266,0.76054,2.2163,62.254,0.22776,0.11312,2.7668,0.24362,0.14151,4.1978,4.1978,7670.2,0.14496,0.3196,0.86591,0,6.857,3.7526,44.163,8.2648,12.096,0
0.058365,0.49723,-0.013722,0.97182,-60.181,0.10003,0.07329,0.86991,1.0687,0.43255,0.07329,0.15052,0.087354,0.07329,1656.3,0.22038,2.0111,0.07329,0.058425,50.695,1.1352,0.088415,0.046528,0.12715,0.43255,0.19036,0.75326,-0.026047,4.4291,0.39467,0.058425,151.41,2.4107,0.17782,0.088415,1.2645,28.957,0.44287,0.070483,0.008931,0.13109,0.070483,136.42,85.723,0.335,0.61399,54.178,0.052127,0.041555,0.95164,0.48691,0.41482,0.82106,0.84066,-368.53,0.064289,0.13493,0.93571,0.023869,7.1999,4.2579,141.68,2.5763,2.3811,0
0.006896,0.35273,0.028593,1.0811,-23.355,0.028723,0.008612,1.4136,0.9989,0.49863,0.008612,0.024414,0.012469,0.008612,2600.6,0.14035,2.835,0.008612,0.002169,25.505,0.9541,0.008189,0.001737,0.036386,0.49863,0.13549,0.020602,0.046217,3.8184,0.075615,0.002169,32.39,11.269,0.023216,0.008189,3.9896,,0.49863,0.002063,0.1669,0.23626,0.002063,29.642,4.1379,0.024856,0.29451,25.477,-0.032706,-0.008237,1.0811,0.35273,0.08874,0.80597,0.80597,188.2,-0.001099,0.01383,1.0011,0,14.311,88.209,32.426,11.256,6.4178,0
0.092838,0.40839,0.75443,5.0225,180.03,0.005316,0.12885,1.4486,1.0832,0.59161,0.12894,0.68701,0.13218,0.12885,1041.1,0.35059,2.4486,0.12885,0.11895,14.829,1.6874,0.075856,0.085709,0.15233,0.4211,0.26241,871.3,13.003,3.6977,0.1819,0.11903,67.988,5.3686,2.4655,0.076303,1.0832,,0.59161,0.070443,2.2683,0.15095,0.070031,174.06,159.23,2.1096,4.7879,15.953,0.061529,0.056804,2.3066,0.18755,0.18627,10.197,10.197,3760.9,0.070443,0.15692,0.88741,0,24.613,2.2922,63.199,5.7754,18.67,0
-0.21534,0.54123,0.19887,1.5484,-20.335,-0.070179,-0.22373,0.84765,1.8393,0.45877,-0.21968,-0.61692,-0.10112,-0.22373,-1062.2,-0.34363,1.8476,-0.22373,-0.12164,55.746,0.91401,-0.22593,-0.11707,-0.14083,0.15728,-0.32813,-55.734,0.45356,4.7222,0.28037,-0.1197,64.525,5.6567,3.7904,-0.21214,1.8393,2.8736,0.55642,-0.11534,0.15784,-0.095869,-0.12283,100.07,44.327,-0.76656,0.77377,49.981,-0.26368,-0.14335,1.0375,0.36266,0.17678,1.0463,1.269,10490,-0.11534,-0.46938,1.1209,0.21286,6.5476,8.2343,71.967,5.0718,4.1949,0
0.069936,0.23464,0.39305,2.8863,78.944,0,0.080918,3.2618,0.94557,0.76536,0.12048,0.38833,0.12675,0.080918,714.57,0.5108,4.2618,0.080918,0.085576,99.56,1.0496,0.088221,0.073962,0,0.75377,0.46399,2.23,0.98614,5.0308,0.19704,0.092334,118.17,3.2552,2.8908,0.30197,0.94557,173.95,0.76733,0.31935,0.24408,0.06151,0.093299,212.52,112.96,0.27115,1.6485,138.79,0.049285,0.052122,2.5632,0.20837,0.3072,1.9202,1.9252,2.8863,0.31935,0.091377,0.72581,0.00258,3.6661,3.2311,80.434,4.5379,2.3724,0
0.005434,0.36096,0.19536,1.728,10.777,0.014622,0.006785,1.4433,0.99827,0.52099,0.006785,0.025283,0.025823,0.006785,1891.2,0.193,2.7704,0.006785,0.002515,14.158,1.0789,0.005567,0.002014,0.019787,0.52099,0.18926,0.0206,0.36429,4.3232,0.060087,0.002515,36.245,10.07,0.015423,0.005567,2.7319,3.8776,0.61359,0.002064,0.78462,0.17337,0.002064,34.252,20.094,0.051924,1.338,14.134,-0.057314,-0.021245,1.2847,0.26836,0.0993,0.97148,1.1442,4112.1,-0.001731,0.010429,1.0017,0.17774,25.78,18.165,36.307,10.053,5.0305,0
0,0,17.631,,10273,0,0,,1.2784,21.653,0,,0,0,,,,0,0,84.741,2.6955,2.7534,0,0,21.653,,7.5449,1.5943,2.8735,-8.7266,0,0,,,2.7534,82.66,,21.653,0.59019,,0,0.59019,5047.3,4962.6,0,,108.33,2.7534,0.59019,,0,0,1.958,1.958,13176,0.21776,0,0.78224,0,4.3072,0.073551,0,,0.42187,0
-0.073702,0.30749,0.036049,1.1185,-48.988,0,-0.073702,2.2522,0.94512,0.69251,-0.051237,-0.24229,-0.030539,-0.073702,-3888.5,-0.093867,3.2522,-0.073702,-0.077982,59.767,0.76336,-0.051694,-0.077982,-0.30074,0.64169,-0.093867,-2.3011,0.054639,2.9929,0.31897,-0.059344,109.23,3.3415,3.3057,-0.071329,0.94512,56.291,0.69581,-0.075471,0.064191,-1.4953,-0.054695,123.86,64.092,-0.47624,0.60976,55.573,-0.096533,-0.10214,1.1065,0.30419,0.29927,1.0496,1.0546,35.468,-0.075471,-0.10643,1.0761,0.004758,6.1071,5.695,117.48,3.107,1.4325,0
0.035999,0.33975,0.158,1.5586,-8.9378,0.15764,0.051682,1.7712,1.1007,0.60176,0.051682,0.18273,0.059502,0.051682,1994,0.18305,2.9433,0.051682,0.049447,62.501,1.3236,0.084147,0.034442,0.20013,0.60176,0.13689,0.88616,0.28257,4.6928,0.3234,0.049447,108.72,3.3573,0.24767,0.084147,1.0505,4.6009,0.65867,0.080508,0.0144,0.118,0.080508,152.53,90.024,0.20114,0.92585,68.796,0.073637,0.070453,1.2975,0.28283,0.29785,1.0762,1.178,7788.8,0.091497,0.059823,0.9085,0.094582,5.8399,4.0545,98.77,3.6955,1.8692,0
0.032789,0.43109,0.16366,1.5205,-30.949,0.014943,0.043937,1.3197,0.65484,0.56891,0.056278,0.13974,0.096966,0.043937,2478,0.1473,2.3197,0.043937,0.067096,90.614,1.2137,0.030517,0.050071,0.091501,0.53605,0.12143,2.4728,0.31356,5.5446,0.65831,0.067096,209.19,1.748,1.2749,0.10625,0.65484,2.7041,0.68559,0.16225,0.14812,0.28695,0.046603,240.51,149.9,0.20169,1.0035,107.97,0.010957,0.016733,1.109,0.31441,0.57209,1.09,1.3136,1.5205,0.16225,0.057634,0.80625,0.20509,4.0281,2.435,175.25,2.0828,1.2547,0
0.013938,0.51858,0.17267,1.4924,-41.419,0.060508,0.020725,0.71081,1.0244,0.36861,0.020725,0.059098,0.028949,0.020725,3997,0.091319,1.9284,0.020725,0.01267,74.242,1.0504,0.16086,0.008521,0.073024,0.36861,0.07823,1.0073,0.36228,4.0599,0.31525,0.01267,80.158,4.5535,0.3102,0.16086,1.8629,1.1356,0.53649,0.098338,0.066963,0.090932,0.098338,111.54,37.297,0.04189,0.5436,76.051,0.13423,0.082058,1.0092,0.3507,0.21961,0.77337,1.1256,1982,0.023791,0.037812,0.97621,0.45544,4.9163,9.7862,78.251,4.6645,3.432,0
0.015217,0.21077,0.17087,2.168,4.4953,0,0.015217,3.7445,1.0368,0.78923,0.015643,0.10402,0.034558,0.015217,2147.1,0.17,4.7445,0.015217,0.014677,55.594,1.0166,0,0.014677,0.15121,-0.03071,0.17,0,0.25024,4.0513,0.15325,0.029354,60.902,5.9932,4.1599,0.009643,1.0368,16.906,0.79865,0.009301,0.37009,0.34084,0,92.595,37.001,0.096359,1.0885,65.742,-0.020613,-0.019881,1.5048,0.14629,0.16685,1.1558,1.1696,1923.2,0.15435,0.019281,0.84668,0.011935,6.5654,9.8647,51.501,7.0872,1.5184,0
0.071457,0.57053,0.2304,2.3746,44.49,0,0.090024,0.75277,1.0771,0.42947,0.093653,0.53711,0.14622,0.090024,1322.2,0.27605,1.7528,0.090024,0.083578,39.761,1.3114,0.089267,0.06634,0.31247,0.071457,0.2435,24.603,0.38273,5.307,0.43121,0.083608,62.59,5.8316,1.7132,0.099694,1.0771,0.82479,0.76977,0.092556,0.63638,0.12133,0.082876,98.727,58.966,0.60899,1.6746,43.817,0.021799,0.020238,0.69762,0.16761,0.17148,0.71343,1.2787,46722,0.092556,0.16638,0.91698,0.79236,9.1798,6.19,56.797,6.4264,1.7893,0
0.094185,0.32262,0.13448,1.6697,1.0746,0,0.11964,2.0997,1.5031,0.67738,0.13485,0.59586,0.10621,0.11964,737.58,0.49486,3.0997,0.11964,0.079599,28.772,1.2252,0.12791,0.062661,0.26238,0.30698,0.41595,8.411,0.2023,3.7515,0.19346,0.083383,53.187,6.8626,4.2712,0.12513,1.5031,3.1773,0.74561,0.08325,0.21826,0.064043,0.085097,70.772,42,0.79492,1.0796,31.385,0.087902,0.058481,1.0392,0.20079,0.14572,1.019,1.1217,758.77,0.08325,0.13904,0.92024,0.10072,12.686,8.6904,48.759,7.4858,2.2612,0
0.36092,0.34675,0.018799,1.062,-11.472,0.29139,0.36092,1.8839,1.8854,0.65325,0.36837,1.191,0.21421,0.36092,313.38,1.1647,2.8839,0.36092,0.19143,12.279,1.2341,0.35651,0.19143,0.79847,0.65231,1.1647,47.825,0.02772,4.0297,0.17357,0.19538,72.178,5.057,4.4193,0.35299,1.8854,5.9097,0.69697,0.18722,0.073706,0.028935,0.18909,57.98,45.701,5.6905,0.85273,15.107,0.31356,0.16631,0.92812,0.30303,0.19775,0.96324,1.0277,201.3,0.18722,0.5525,0.81265,0.066936,29.726,7.9867,58.664,6.2218,2.7801,0
0.1476,0.31506,0.84106,14.164,89.239,0,0.20344,2.174,3.4246,0.68494,0.20391,3.1841,0.06296,0.20344,533.37,0.68433,3.174,0.20344,0.059406,0,1.0471,0.20388,0.043101,0.51879,0.65066,0.50712,428.51,8.8485,3.1639,-0.048446,0.05951,7.231,50.477,10.236,0.19951,3.4246,,0.68494,0.05826,8.2266,0.048609,0.059535,40.432,40.432,,14.164,0,0.19171,0.055981,2.8723,0.063891,0.019811,7.206,7.206,1226.8,0.05826,0.2155,0.94095,0,,9.0276,6.8097,53.6,36.029,0
0.087521,0.61407,0.035888,1.0605,-42.789,0,0.10876,0.62847,1.5765,0.38593,0.13043,0.18335,0.12057,0.10876,1179.2,0.30953,1.6285,0.10876,0.068986,45.682,1.4054,0.127,0.055517,0.26147,0.088165,0.27495,5.858,0.096746,5.1747,0.36977,0.082738,150.01,2.4332,2.3504,0.13319,1.5765,,0.38593,0.084487,0.053285,0.098259,0.080557,138.32,92.641,0.44358,0.72787,49.898,0.045677,0.028974,1.0244,0.59315,0.41097,1.0404,1.0404,5366.6,0.084487,0.22678,0.93138,0,7.99,3.9399,137.33,2.6578,4.2498,0
-0.049804,0.25086,0.6309,3.5149,78.699,0,-0.049804,2.9863,2.2065,0.74914,-0.032854,-0.19853,-0.010098,-0.049804,-4109.5,-0.088819,3.9863,-0.049804,-0.022572,0,0.83528,-0.070199,-0.022572,-0.081697,0.73253,-0.088819,-4.1415,5.3358,3.4787,0.011354,-0.022572,40.019,9.1208,9.1208,-0.081571,2.2065,,0.74914,-0.036969,1.4452,-0.19594,-0.031815,85.891,85.891,,3.5149,0,-0.097722,-0.044289,3.5149,0.25086,0.10964,6.3358,6.3358,1899.5,-0.036969,-0.066482,1.0221,0,,4.2496,41.498,8.7956,18.661,0
0.038749,0.1922,0.075909,1.3949,-19.57,0.14944,0.04862,4.1764,1.0371,0.80271,0.04862,0.25296,0.095474,0.04862,566.12,0.64474,5.2028,0.04862,0.037459,39.044,1.0649,0.058233,0.029854,0.18816,0.80271,0.59338,0.46529,0.10372,5.6706,0.14718,0.037459,56.055,6.5115,0.30298,0.058233,1.3136,,0.80271,0.044865,0.011327,0.047321,0.044865,74.784,35.74,0.27908,0.67256,40.493,-0.017069,-0.013151,1.3949,0.1922,0.15358,1.0968,1.0968,35557,0.035772,0.048272,0.96423,0,9.3483,10.213,54.05,6.753,1.7734,0
0.10024,0.38535,0.45721,2.1875,-6.1659,0,0.11932,1.595,1.8326,0.61465,0.16341,0.30988,0.087065,0.11932,881.52,0.41406,2.595,0.11932,0.065107,76.921,1.2104,0.13128,0.054697,0.29682,0.57521,0.36455,2.977,2.8983,4.7263,0.12489,0.065132,82.519,4.4232,4.4196,0.12953,1.8326,4030.5,0.61476,0.070683,0.66478,0.07489,0.071633,116.77,39.849,0.25954,1.1844,82.771,0.091034,0.049674,2.1857,0.38503,0.22608,3.8962,3.897,24347,0.070683,0.16308,0.93611,0.000184,4.7451,9.1597,76.687,4.7596,11.617,0
0.019273,0.75566,-0.14938,0.8014,-209.35,-0.1268,0.015442,0.31118,1.056,0.23515,0.015442,0.02053,0.03785,0.015442,7703.7,0.04738,1.3234,0.015442,0.016325,137.32,1.121,0.046244,0.020375,-0.13082,0.23515,0.052449,0.51625,-0.37607,4.4056,0.78665,0.016325,306.49,1.1909,0.061197,0.046244,0.97069,70.753,0.23864,0.048888,0.020412,0.373,0.048888,226.67,89.35,0.054155,0.32826,145.01,0.025883,0.027363,0.7977,0.75217,0.8397,0.59199,0.60078,-3801.1,0.053033,0.08196,0.94697,0.014841,2.658,4.085,290.24,1.2576,2.3814,0
0.005253,0.11888,0.41125,5.4286,202.34,0.25538,0.007917,7.4122,0.98523,0.88112,0.007917,0.085252,0.090287,0.007917,618.66,0.58999,8.4122,0.007917,0.010191,0,0.64756,-0.007144,0.006762,0.26646,0.88112,0.56758,-0.090612,0.82931,4.6858,-0.23984,0.010191,42.989,8.4905,-0.060099,-0.007144,0.80155,19.379,0.90714,-0.009197,3.3194,0.070963,-0.009197,92.032,92.032,,5.4286,0,-0.069363,-0.089292,4.2407,0.092862,0.11778,1.7769,1.8293,19950,-0.01499,0.005961,1.015,0.029523,,3.966,43.634,8.3651,1.5665,0
0.11913,0.036941,0.25037,8.767,198.82,0,0.14837,26.07,0.59096,0.96306,0.14838,4.6029,0.31325,0.14837,72.837,5.0112,27.07,0.14837,0.25107,10.561,0.96853,0.14334,0.20159,0.44451,0.86339,4.2196,31159,0.349,3.7174,-0.30824,0.25108,25.784,14.156,12.353,0.13464,0.59096,,0.96306,0.22783,6.8448,0.006838,0.24255,38.271,27.71,6.9672,8.2366,13.677,0.10659,0.18037,7.6502,0.032235,0.070641,1.3424,1.3424,1306.2,0.22783,0.1237,0.75836,0,34.561,13.172,19.91,18.333,0.82375,0
0.24384,0.38333,0.64742,3.1432,208.25,0,0.24384,1.6087,1.2245,0.61667,0.28734,0.8072,0.20858,0.24384,547.82,0.66627,2.6087,0.24384,0.19914,26.872,0.96286,0.28489,0.19914,0.88367,0.59773,0.66627,6.5499,12.823,3.4216,0.30963,0.21872,115.53,3.1593,2.4897,0.27012,1.2245,10.577,0.69791,0.2206,0.053211,0.043102,0.23266,278.24,251.37,2.7048,2.8447,34.478,0.27333,0.22322,2.477,0.30209,0.31653,12.214,13.823,1709.3,0.2206,0.39542,0.8056,0.13175,13.583,1.4521,90.047,4.0535,24.252,0
0.11568,0.56075,0.40236,1.7175,26.211,0,0.14348,0.78331,3.5461,0.43925,0.1483,0.25587,0.042983,0.14348,1342.8,0.27181,1.7833,0.14348,0.040461,15.592,1.1575,0.10334,0.032622,0.35085,0.42096,0.22224,21.441,10.909,3.4367,0.089021,0.040461,59.442,6.1404,6.1404,0.10281,3.5461,,0.43925,0.028993,0.43853,0.16647,0.029143,73.823,58.23,0.76365,1.4474,16.058,0.0944,0.026621,1.7175,0.56075,0.16286,11.909,11.909,1099.9,0.028993,0.26336,0.96008,0,23.409,6.2682,57.719,6.3238,96.14,0
0.010303,0.17297,0.59179,4.4213,-4.3438,0.024707,0.010296,4.711,1.0147,0.81488,0.010296,0.059522,0.055925,0.010296,1202.4,0.30355,5.7812,0.010296,0.010966,230.35,1.022,0.0062,0.010974,0.024782,0.81488,0.30359,0.067011,2.5157,4.6154,0.17926,0.010966,68.235,5.3492,0.035845,0.0062,0.95498,,0.81488,0.006604,0.084467,0.11747,0.006604,291.64,61.286,0.017389,0.99583,233.73,-0.03601,-0.038355,4.4213,0.17297,0.18694,3.464,3.464,24407,0.014481,0.012644,0.98552,0,1.5846,5.9556,67.247,5.4278,3.991,0
0.065559,0.46442,0.043338,1.0933,-60.805,-0.23571,0.072053,1.1532,2.0594,0.53558,0.088151,0.15515,0.052209,0.072053,1576.6,0.23152,2.1532,0.072053,0.034987,66.143,1.6711,0.080031,0.031834,-0.012679,0.24471,0.21753,4.9714,0.08804,3.6631,0.22381,0.037161,85.004,4.2939,4.2939,0.065251,2.0594,,0.53558,0.031684,0.009632,0.13403,0.038861,89.198,23.056,0.17567,0.28974,68.307,0.044564,0.021639,1.0933,0.46442,0.23289,1.088,1.088,199.5,0.031684,0.12241,0.96543,0,5.5184,15.831,82.31,4.4344,4.1837,0
0.11272,0.16038,0.53375,4.3281,185.15,0.31666,0.14106,4.9138,1.1734,0.78805,0.14106,0.87954,0.17729,0.14106,359.15,1.0163,6.2353,0.14106,0.15344,55.981,1.2065,0.13516,0.12261,0.39547,0.78805,0.8396,1.7252,1.745,4.6607,-0.049126,0.15344,74.715,4.8852,0.84278,0.13516,0.92812,,0.78805,0.14702,1.2884,0.033564,0.14702,193.55,137.57,0.79945,3.4489,65.687,0.11323,0.12317,4.3281,0.16038,0.2047,2.5764,2.5764,24435,0.14777,0.14304,0.85223,0,6.5201,2.6532,63.675,5.7323,3.0055,0
0.023908,0.81639,0.13699,1.1678,-24.355,0.056361,0.029386,0.21035,1.0168,0.17173,0.029386,0.035995,0.009757,0.029386,9720.9,0.037548,1.2249,0.029386,0.009354,39.714,1.3119,0.062375,0.00761,0.071177,0.17173,0.030839,0.20188,2.9384,5.2832,0.22642,0.009354,96.444,3.7846,0.076404,0.062375,3.1681,,0.17173,0.019854,0.13369,0.42173,0.019854,98.084,58.37,0.069942,0.74909,40.382,0.061107,0.019451,1.1678,0.81639,0.26423,3.6835,3.6835,26294,0.01654,0.13922,0.98346,0,9.1907,6.2532,94.848,3.8482,67.386,0
0.0028,0.80524,0.10574,1.1505,-2.9299,0,0.004627,0.24186,3.2458,0.19476,0.019166,0.006586,0.016848,0.004627,5374.8,0.06791,1.2419,0.004627,0.001426,0,1.0799,0.01909,0.000863,0.057415,0.18133,0.06564,1.313,0.55164,3.5708,0.2272,0.005905,78.912,4.6254,4.0357,-0.003932,3.2458,8.2516,0.29272,-0.001211,0.28408,0.38818,0.005882,68.454,68.454,,1.1505,0,-0.030967,-0.009541,1.0038,0.70258,0.2162,1.0161,1.5271,393.58,-0.001211,0.014375,0.99859,0.50298,,5.332,79.008,4.6198,16.933,0
0.44711,0.082568,0.50856,7.1593,70.31,0,0.44711,11.111,1.7268,0.91743,0.44745,5.415,0.27737,0.44711,62.921,5.8009,12.111,0.44711,0.25892,48.711,1.2079,0.44732,0.25892,1.3264,0.91725,5.8009,1318,1.2438,3.5142,0.017759,0.25892,20.937,17.433,17.433,0.28739,1.7268,,0.91743,0.16643,0.66743,0.005744,0.25905,113.3,64.589,1.9402,4.3682,58.437,0.41547,0.2406,7.1593,0.082568,0.057362,2.2438,2.2438,1661.7,0.16643,0.48735,0.76518,0,7.4932,5.6511,17.453,20.914,4.2233,0
0.16231,0.43362,0.54502,2.2588,27.081,0,0.20131,1.3062,2.5804,0.56638,0.24346,0.46496,0.080607,0.20131,760.93,0.47968,2.3062,0.20131,0.078018,51.336,1.3039,0.23876,0.062902,0.46215,0.55094,0.38973,5.6657,24.765,3.5102,0.10757,0.078018,67.293,5.424,5.4159,0.23192,2.5804,,0.56638,0.08988,0.37411,0.058889,0.09253,115.43,64.091,0.44724,1.4206,56.406,0.23208,0.089941,2.2554,0.43297,0.18436,25.735,25.735,1764.5,0.08988,0.28658,0.92246,0,7.11,5.695,61.245,5.9597,117.25,0
-0.19238,0.89893,-0.32795,0.51675,-75.325,-0.21968,-0.19238,0.11244,2.8039,0.10107,-0.19238,-0.28349,0.049014,-0.19238,2387.5,0.15288,1.1124,-0.19238,-0.068614,7.3192,0.91037,0,-0.068614,,-0.41207,0.15288,,-0.50508,3.1234,0.31691,-0.13723,110.77,3.295,2.4875,0.039484,2.8039,3.4038,0.18758,0.014082,0.036902,0.090852,0,42.391,35.072,-3.4217,0.4339,9.1776,-0.32981,-0.11763,0.39012,0.67864,0.30349,0.15566,0.28889,-435.74,0.20249,-1.9034,0.79785,0.85592,49.869,10.407,88.343,4.1316,4.3182,0
0.093744,0.48668,0.20285,1.4508,7.5347,0,0.11962,1.0547,1.8168,0.51332,0.12221,0.26584,0.12707,0.11962,769.48,0.47435,2.0547,0.11962,0.06584,31.639,1.0058,0.11744,0.051598,0.47986,0.50754,0.42118,45.26,0.58428,4.7947,0.2221,0.06584,96.871,3.7679,3.4836,0.1214,1.8168,,0.51332,0.066821,0.21197,0.070942,0.06464,111.99,80.351,0.59526,1.1008,33.904,0.006201,0.003413,1.3414,0.44996,0.2654,1.4785,1.4785,12645,0.066821,0.18262,0.9349,0,11.536,4.5426,90.398,4.0377,5.233,0
-0.23942,0.77136,-0.071795,0.9063,-163.61,-0.14688,-0.2341,0.20736,0.85359,0.15995,-0.2341,-0.30551,-0.32956,-0.2341,-1365.7,-0.26726,1.2964,-0.2341,-0.37423,19.416,0.71113,-0.12805,-0.38273,-0.082362,0.15995,-0.27416,-1.7473,-0.23498,4.9406,1.1315,-0.37423,381.64,0.9564,-0.166,-0.12805,0.64647,129.58,0.16505,-0.2047,0.36388,-0.25333,-0.2047,242.52,223.1,-7.1948,0.86288,16.574,-0.15599,-0.24936,0.90031,0.76625,1.0456,0.5235,0.5402,-6262.2,-0.17152,-1.4968,1.1715,0.0319,18.798,1.636,447.1,0.81637,2.0473,0
-0.48671,0.7131,-0.19814,0.64763,-305.26,-1.192,-0.34496,0.40234,0.7586,0.2869,-0.30661,-0.61346,-0.43917,-0.34496,-781.27,-0.46719,1.4023,-0.34496,-0.45473,84.794,1.0589,-0.30661,-0.64159,-1.6644,-1.1724,-0.66597,-7.9949,-0.31163,4.7089,0.94002,-0.45473,451.03,1.4335,1.1304,0.30354,0.7586,1.2464,0.43769,0.40013,0.002642,-0.08063,-0.40417,174.51,89.712,-2.7618,0.33423,79.799,-0.31841,-0.41974,0.51069,0.56231,0.69759,0.45123,0.68837,0.64763,0.40013,0,0.93319,0.52555,4.3046,4.0686,270.56,1.3491,1.1931,0
0.72049,0.21559,0.74731,4.4663,130.55,0,0.90301,3.6383,3.0186,0.78441,0.94144,4.1885,0.306,0.90301,85.195,4.2843,4.6383,0.90301,0.29915,0,1.2777,0.89085,0.23869,2.05,0.76351,3.4377,23.181,20.147,3.4862,-0.15793,0.29915,37.841,9.6457,9.6457,0.93901,3.0186,,0.78441,0.31108,3.2143,0.007884,0.29513,32.64,32.64,,4.4663,0,0.87019,0.28828,4.4663,0.21559,0.10367,21.147,21.147,2289.1,0.31108,0.91852,0.70753,0,,11.183,26.069,14.001,81.379,0
0.1599,0.39808,0.41557,2.4139,109.91,0.045193,0.1599,1.5121,1.3487,0.60192,0.1599,0.54405,0.13953,0.1599,772.09,0.47274,2.5121,0.1599,0.11856,33.728,1.3218,0,0.11856,0.2051,0.51778,0.47274,,1.4304,3.6536,0.25939,0.26707,109.61,3.3299,2.4586,0.001014,1.3487,,0.60192,0.000752,0.16672,0.46916,0,178.75,145.02,1.283,1.9899,46.479,-0.028283,-0.020971,1.7823,0.29391,0.30031,2.0719,2.0719,1871.8,0.27434,0.26565,0.75525,0,10.822,2.5169,79.541,4.5888,4.6423,0
0.23637,0.14132,0.53692,4.7994,63.65,0.6587,0.23637,6.0161,1.1677,0.85017,0.23637,1.6726,0.16047,0.23637,201.48,1.8116,7.0764,0.23637,0.14817,68.042,1.3353,0.22731,0.14817,0.6587,0.85017,1.8116,1.6639,1.6687,5.0062,-0.05148,0.14817,37.756,9.6673,1.6086,0.22731,1.6091,,0.85017,0.14249,1.5915,0.018814,0.14249,103.72,35.68,0.79482,2.695,79.454,0.20768,0.13018,4.7994,0.14132,0.10344,2.6422,2.6422,54470,0.14363,0.27803,0.85637,0,5.3643,10.23,32.333,11.289,4.9579,0
-0.036523,0.13074,0.042745,1.327,-45.053,0.018509,-0.036523,6.6477,0.24486,0.8691,-0.033481,-0.27936,-0.14916,-0.036523,-1306.5,-0.27936,7.649,-0.036523,-0.14916,1.5522,0.61594,-0.033749,-0.14916,-0.26405,0.01376,-0.27936,-9.8108,0.051728,3.4296,0.4701,-0.13511,4277200,2.1311,2.1311,-0.032551,0.24553,,0.8691,-0.13294,0.70522,-0.12913,-0.13783,121.16,119.61,-35.075,0.71318,1.3641,-0.033749,-0.13783,1.327,0.13074,0.46923,1.0518,1.0518,114.94,0.99995,-0.042024,0.004938,0,235.16,3.0516,194.88,1.873,0.29633,1
-0.040527,0.2771,0.71005,3.7757,219.85,0,-0.040527,2.6088,1.0816,0.7229,-0.038325,-0.15842,-0.037304,-0.040527,-2506.7,-0.14561,3.6088,-0.040527,-0.037468,49.279,0.79161,0,-0.037468,-0.16121,0.15319,-0.14561,0,20.8,3.3497,-0.16807,-0.074937,101.45,3.5979,3.3215,0.013517,1.0816,,0.7229,0.012497,1.8019,51.918,0,170.38,121.11,-0.27752,3.2048,57.912,-0.000178,-0.000164,3.4856,0.25581,0.27794,21.177,21.177,1588.4,0.14907,-0.056061,0.88857,0,7.4068,3.0139,86.325,4.2282,31.685,0
0.000266,0.65037,0.063386,1.1493,-14.475,0.006137,0.002881,0.50429,1.0392,0.32798,0.002881,0.006786,0.04027,0.002881,3639.2,0.1003,1.5376,0.002881,0.001779,14.545,1.1122,0.05393,0.000164,0.017637,0.32798,0.096276,0.34598,0.12378,5.2562,0.37685,0.001779,99.411,3.6716,0.082922,0.05393,1.6372,1.8747,0.55381,0.033294,0.23309,0.18389,0.033294,87.649,73.104,0.004127,0.99726,15.115,-0.008419,-0.005197,0.75023,0.42454,0.27236,0.64049,1.0815,11435,0.037686,0.000812,0.96231,0.68856,25.094,4.9929,95.664,3.8154,3.1632,0
0.25061,0.2956,0.10004,1.3741,6.9771,0,0.25061,2.3829,1.443,0.7044,0.25187,0.93717,0.17529,0.25061,426.56,0.85568,3.3829,0.25061,0.17367,19.419,1.3232,0,0.17367,0.60114,0.12339,0.85568,0,0.15815,4.0482,0.20469,0.34734,95.681,3.8148,3.451,0.006399,1.443,10.312,0.73259,0.004435,0.014083,4.23,0,91.992,72.572,3.2643,1.087,27.47,-0.002329,-0.001614,1.2431,0.26741,0.26214,1.1136,1.1582,1117.9,0.29307,0.35578,0.71194,0.040019,18.796,5.0295,67.64,5.3962,2.2813,0
0.003406,0.66463,0.1978,1.449,-70.332,0,0.003406,0.50459,1.5124,0.33537,0.084452,0.007731,0.046298,0.003406,3464.6,0.10535,1.5046,0.003406,0.002252,111.89,0.92081,0.081119,0.002252,0.20129,0.019367,0.10535,1.0009,0.54697,4.1753,0.43406,0.020658,111.06,3.2865,2.1786,0.064447,1.5124,0.79268,0.55581,0.042613,0.027687,0.14996,0.053636,151.12,39.229,0.007347,0.39663,116.87,0.014505,0.009591,0.96049,0.44057,0.30428,0.92738,1.537,2961.5,0.042613,0.010157,0.99779,0.65732,3.2621,9.3044,106.33,3.4328,4.1821,0
0.024673,0.11191,0.29785,5.8127,11.571,0.10614,0.024673,7.5162,1.0405,0.8411,0.024673,0.39866,0.12067,0.024673,422.54,0.86383,8.9361,0.024673,0.0308,123.81,1.1268,0.030801,0.0308,0.10614,0.8411,0.86383,0.40006,0.46521,4.9584,0.10463,0.0308,29.341,12.44,0.27524,0.030801,0.80914,1.7597,0.89112,0.03845,0.51352,0.035791,0.03845,149.43,25.622,0.090799,1.4221,128.82,-0.041194,-0.051424,3.2147,0.061889,0.080385,1.3137,1.3918,27064,0.038901,0.029334,0.9611,0.059465,2.948,14.246,28.199,12.944,1.2512,0
0.1871,0.28329,0.63434,3.4503,-74.746,0,0.28168,2.5299,0.73593,0.71671,0.28333,1.0881,0.41229,0.28168,340.8,1.071,3.5299,0.28168,0.38276,58.925,0.9021,0.27206,0.25423,0.3765,0.65956,0.73714,165.48,5.941,3.6124,0.38495,0.38332,92.157,3.9607,3.6194,-0.28942,0.73593,,0.71671,-0.39327,2.7963,0.032142,0.36969,83.974,25.049,1.5748,2.9914,42.292,0.25033,0.34016,3.153,0.25888,0.25248,6.7124,6.7124,2598.7,-0.39327,0.26105,0.79183,0,6.1944,14.571,128.4,2.8427,6.8925,0
0.076692,0.24632,0.34537,2.4147,56.247,0.092398,0.066496,2.5685,1.041,0.63268,0.066496,0.27238,0.071989,0.066496,809.19,0.45107,4.0597,0.066496,0.043084,22.574,1.0977,0.053,0.049689,0.077829,0.63268,0.49246,0.35747,0.84133,5.2556,0.044292,0.043084,60.102,6.073,0.21516,0.053,1.5759,225.42,0.63487,0.034339,0.83232,0.082964,0.034339,91.356,68.781,0.80341,2.0237,23.5,0.008386,0.005434,2.3932,0.24413,0.16466,1.5412,1.5466,62215,0.039397,0.12122,0.9606,0.003464,16.169,5.3067,57.734,6.3221,3.7599,0
0.005366,0.51078,0.35496,1.7211,14.574,-0.009945,0.005366,0.95779,1.376,0.48922,0.005366,0.010901,0.0039,0.005366,34745,0.010505,1.9578,0.005366,0.0039,78.179,1.0529,0,0.0039,-0.026479,-0.00458,0.010505,,2.3229,3.501,0.37044,0.007799,136.12,2.6815,2.5841,0.000767,1.376,29.782,0.50777,0.000557,0.015963,,0,222.64,144.47,0.018206,1.1224,81.501,0,0,1.6586,0.49223,0.37293,3.2015,3.3229,1125.1,0.04076,0.010968,0.95927,0.037918,4.6688,2.5265,130.57,2.7954,9.0048,0
-0.006154,0.59583,0.33024,2.1481,53.361,0.051608,-0.004749,0.64253,1.0532,0.38284,-0.004749,-0.016511,0.078626,-0.004749,2066.8,0.1766,1.6783,-0.004749,-0.003549,42.795,1.095,0.057936,-0.004599,0.070354,0.38284,0.17424,0.45594,0.86426,5.0384,0.25602,-0.003549,82.624,4.4176,0.097235,0.057936,1.3473,1.4958,0.69103,0.043292,0.88481,0.11667,0.043292,99.108,56.314,-0.039223,1.6026,45.071,-0.052036,-0.038883,1.037,0.28764,0.22637,1.0019,1.8084,36076,0.050495,-0.016075,0.94951,0.80501,8.5291,6.4815,78.452,4.6525,3.5023,0
0.24735,0.091413,0.82773,10.785,203.72,0,0.29348,9.9377,1.6659,0.90843,0.29353,3.4693,0.19093,0.29348,104.9,3.4794,10.939,0.29348,0.17617,0.13127,,0.2737,0.14848,0.6427,0.85972,2.9747,5619.1,9.4334,3.3124,-0.22321,0.17617,21.657,16.876,15.617,0.24009,1.7211,,0.90843,0.14412,5.8686,0.010216,0.1643,91.122,90.991,412.85,5.8757,0.15318,0.24912,0.14955,9.9803,0.084593,0.059257,10.353,10.353,1699.3,0.14415,0.27228,0.82943,0,2780.5,4.0114,18.535,19.693,18.985,1
0.071992,0.74169,0.52273,3.5563,13.364,-0.11479,0.088903,0.3483,7.8448,0.25833,0.088927,0.43476,0.013154,0.088903,2623.5,0.13913,1.3483,0.088903,0.011333,10.864,,0.088831,0.009177,0.088903,-0.042795,0.11633,3687.5,1.9163,2.9192,0.070264,0.011334,9.5878,38.174,10.525,0.060092,7.895,0.91908,0.79553,0.00766,0.9315,0.23976,0.011324,24.973,14.11,0.30833,2.0733,10.918,0.074546,0.009503,0.9805,0.20449,0.026196,0.94701,2.9164,433.99,0.007677,0.27869,0.98872,2.0795,33.598,25.869,9.5142,38.364,28.759,1
0.14195,0.35293,0.38421,2.0886,-14.686,0.389,0.14812,1.6511,1.0765,0.58273,0.14812,0.41971,0.13984,0.14812,626.91,0.58222,2.8334,0.14812,0.10081,28.213,0.9479,0.11672,0.096606,0.44418,0.58273,0.56473,0.85515,1.4616,5.9583,0.22932,0.10081,94.376,3.8675,0.33072,0.11672,1.5301,67922,0.58274,0.079436,0.96321,0.066654,0.079436,98.663,70.45,1.2498,1.7668,30.372,0.059364,0.0404,2.0886,0.35292,0.25856,2.2168,2.2168,349030,0.071095,0.2436,0.9289,0.000016,12.937,5.181,87.666,4.1635,5.5898,0
0.080226,0.40438,0.015479,1.0574,-62.904,0,0.1019,1.473,1.0598,0.59562,0.12357,0.37784,0.12534,0.1019,1111.2,0.32848,2.473,0.1019,0.09615,56.986,1.3471,0.12349,0.075701,0.26002,0.59449,0.27489,5.6994,0.021654,4.7982,0.37044,0.10322,105.6,3.4565,2.3052,0.12763,1.0598,0.94717,0.722,0.12044,0.07149,0.087284,0.11653,91.573,34.587,0.48487,0.44387,64.789,0.092561,0.08734,0.70519,0.26968,0.28931,0.83323,1.01,972.75,0.12044,0.13469,0.90425,0.21218,6.4051,10.553,92.882,3.9297,1.4825,0
0.080697,0.6952,-0.022511,0.9618,-53.572,0.33814,0.080697,0.42878,1.0852,0.29809,0.080697,0.13695,0.088842,0.080697,1699.5,0.21476,1.4384,0.080697,0.048018,41.905,0.9145,0.13304,0.048018,0.33814,0.29809,0.21476,0.85907,-0.051959,4.1813,0.39136,0.048018,138.88,2.6282,0.19137,0.13304,1.7089,3.5284,0.40403,0.079165,0.071772,0.11334,0.079165,113.91,72.002,0.41825,0.63437,45.473,0.064434,0.038341,0.81523,0.58926,0.38049,0.68803,0.93255,-341.72,0.078475,0.27072,0.92153,0.3554,8.7103,5.0693,127.98,2.852,3.8789,0
0.2918,0.70689,-0.10122,0.84209,-41.214,1.0894,0.2918,0.41465,1.0865,0.29311,0.2918,0.45521,0.098809,0.2918,715.99,0.50978,1.4147,0.2918,0.080011,26.442,1.1911,0.29359,0.080011,1.0894,0.29311,0.50978,0.87468,-0.21995,4.5903,0.1666,0.080011,69.705,5.2363,0.41533,0.29359,3.665,4.1843,0.35898,0.080502,0.17209,0.064173,0.080502,42.984,16.542,1.1045,0.42994,28.729,0.22504,0.061705,0.76363,0.64102,0.19097,0.63692,0.78005,-3940.3,0.079632,0.99553,0.92037,0.22471,13.804,22.065,64.155,5.6894,7.9249,0
0.085633,0.27769,0.90994,11.103,121.22,0,0.10669,2.6011,1.4942,0.72231,0.17689,1.1846,0.071404,0.10669,950.03,0.3842,3.6011,0.10669,0.071404,113.72,1.0058,0.17541,0.057312,0.74962,0.65599,0.30837,2.4987,,3.1784,-0.003336,0.090672,24.924,14.645,4.7496,0.17522,1.4942,2.8528,0.90967,0.11727,3.1424,0.052771,0.11739,175.15,61.434,0.18396,5.9347,128.82,0.17541,0.11739,3.6011,0.090063,0.068285,,,1372,0.11727,0.11855,0.9292,0.25939,3.2098,5.9413,22.001,16.59,,0
0.23766,0.11663,0.76504,7.5616,177.54,0,0.29589,7.5744,1.4616,0.88337,0.2959,2.5378,0.24884,0.29589,117.04,3.1185,8.5744,0.29589,0.20245,42.56,1.2927,0.26138,0.16261,0.41855,0.87039,2.6192,55345,6.4633,3.6268,-0.37422,0.20245,35.03,10.42,10.417,0.2467,1.4616,,0.88337,0.16879,5.9396,0.01181,0.17883,47.228,4.6674,1.3945,6.0999,51.203,0.19357,0.13244,7.5595,0.11659,0.095973,7.4631,7.4631,3239.9,0.16879,0.26904,0.80697,0,8.5761,78.202,29.117,12.536,12.348,0
0.010202,0.34081,0.1771,1.6626,4.9409,0,0.016995,1.9342,0.42043,0.65919,0.027704,0.06358,0.12577,0.016995,2352.5,0.15515,2.9342,0.016995,0.040422,147.43,1.3579,0.012783,0.024265,0.039062,0.43091,0.13522,1.1936,0.31875,4.5958,0.80812,0.065893,242.17,1.5072,1.1821,0.017555,0.42043,3.9327,0.72901,0.041754,0.012311,0.23344,0.030404,382.95,235.52,0.060075,1.0272,153.85,-0.0231,-0.054942,1.3039,0.2673,0.66347,1.1864,1.3121,6982.1,0.041754,0.015477,0.96084,0.10592,2.4757,1.5498,232.05,1.5729,0.75672,0
-0.086112,0.66215,-0.12294,0.78632,-26.128,-0.1688,-0.098018,0.51022,1.9969,0.33785,-0.068969,-0.17037,0.022456,-0.098018,5389.7,0.067722,1.5102,-0.098018,-0.049085,0.52447,1.0623,-0.070796,-0.043123,0.075459,-0.24006,0.085702,-2.4371,-0.2245,4.0924,0.3285,-0.045503,104.7,3.4863,3.0292,-0.008899,1.9969,,0.33785,-0.004456,0.027071,0.30628,-0.035453,79.845,79.32,-30.011,0.78134,0.52214,-0.21366,-0.10699,0.68323,0.57534,0.28684,0.61696,0.61696,-1521,-0.004456,-0.25489,1.0483,0,695.94,4.6016,105.16,3.4708,3.6466,0
0.20984,0.080444,0.84959,11.944,105.48,0,0.26117,11.431,1.5618,0.91956,0.26134,3.3641,0.1762,0.26117,106.7,3.4208,12.431,0.26117,0.16722,106.62,1.0615,0.23358,0.13436,0.65795,0.91612,2.7827,1365.8,11.674,4.1626,-0.19304,0.16733,21.158,17.251,16.648,0.22253,1.5618,,0.91956,0.14249,4.9852,0.01083,0.14956,126.25,19.633,0.45997,6.0673,124.33,0.21956,0.14058,11.526,0.077633,0.057968,12.635,12.635,12355,0.14249,0.22819,0.84013,0,3.4234,18.591,18.143,20.118,21.46,0
0.003813,0.28333,0.1853,2.8148,67.177,0.010735,0.002723,2.5294,0.51036,0.71667,0.022017,0.026672,0.065528,0.002723,3092.4,0.11803,3.5294,0.002723,0.005336,74.473,0.96873,0.002979,0.00747,0.034706,0.64249,0.12188,0.15439,0.26003,5.5167,0.55517,0.005336,86.171,4.2849,1.5441,0.077879,0.51036,1.0112,0.8979,0.1526,0.060675,0.28026,0.005837,201.11,126.64,0.036613,1.7949,86.876,-0.027741,-0.054355,1.0143,0.1021,0.23338,1.0057,1.26,2.8148,0.1526,0,0.85539,0.25288,4.9011,2.8822,73.022,4.9985,0.71619,0
-0.036244,0.23259,0.46401,3.3075,26.968,0,-0.036244,3.2994,1.4817,0.76741,-0.035968,-0.18024,-0.010723,-0.036244,-5343.1,-0.068312,4.2994,-0.036244,-0.024461,78.016,1.0207,-0.03837,-0.024461,-0.12233,0.66522,-0.068312,-138.94,1.3855,3.6296,0.11639,-0.024426,38.914,9.3797,8.1094,-0.40447,1.4817,,0.76741,-0.27297,0.33654,-0.43038,-0.025896,147.17,69.154,-0.11444,1.7326,61.286,-0.058725,-0.039633,2.8595,0.20109,0.10661,2.2915,2.2915,1977.7,-0.27297,-0.047229,1.0196,0,4.6786,5.2781,49.536,7.3683,4.4244,0
0.12294,0.26235,0.52575,3.004,253.96,-0.074666,0.14091,2.7619,1.1514,0.72459,0.14091,0.5371,0.18296,0.14091,661.35,0.5519,3.8117,0.14091,0.17805,0.13596,4.0488,0.10324,0.15534,-0.04514,0.72459,0.48339,1.502,2.4811,5.2094,-0.3895,0.17805,139.32,2.6199,0.39351,0.10324,0.84174,,0.72459,0.13045,2.3401,0.080518,0.13045,80.332,80.196,417.03,3.0028,0.15655,0.099355,0.12554,3.004,0.26235,0.3817,3.4195,3.4195,85142,0.13149,0.16966,0.86851,0,2684.6,4.5514,121,3.0165,3.7348,0
0.044342,0.40104,0.49991,4.611,74.264,0,0.044342,1.4935,1.2652,0.59896,0.044342,0.32029,0.062194,0.044342,1860.3,0.1962,2.4935,0.044342,0.035048,93.596,1.1782,0.000002,0.035048,0.061345,0.45708,0.1962,2.44,1.3823,4.8972,0.22887,0.079771,58.012,6.2918,2.1719,0.028334,1.2652,1.4574,0.81436,0.022396,0.82607,0.38922,0.000001,151.17,57.574,0.13668,2.2676,135.95,-0.034343,-0.027145,1.5917,0.13844,0.15894,1.6562,2.2518,39454,0.31152,0.074031,0.70442,0.35963,3.8998,6.3397,39.94,9.1387,3.4983,0
0,0.36223,0.12076,1.3475,-28.298,0.001856,0.001856,1.7607,2.6488,0.63777,0.049103,0.00534,0.050117,0.001856,995.97,0.36648,2.7607,0.001856,0.000701,40.277,1.0936,0.049103,0,0.03204,0.001855,0.36135,1.0393,0.22711,3.4168,0.13331,0.00818,48.181,7.5756,7.2675,0.016292,2.6488,11.945,0.6525,0.006151,0.098508,0.067081,0.018538,59.809,19.532,0,0.50639,40.527,-0.08179,-0.030879,1.2927,0.3475,0.132,1.1994,1.2271,315.29,0.006151,0,0.99931,0.0231,9.0622,18.688,47.885,7.6224,4.9813,0
-0.034493,0.4264,0.14439,1.4271,-0.45147,0,-0.034982,1.3452,2.1449,0.5736,-0.013962,-0.10347,0.020051,-0.034982,3618.7,0.10086,2.3452,-0.034982,-0.016309,24.224,0.94642,-0.014051,-0.016081,0.10355,0.005724,0.10201,-0.66845,0.279,4.8186,0.17616,-0.007585,57.321,6.3677,5.0489,-0.007904,2.1449,3.9443,0.65984,-0.003685,0.15726,0.22229,-0.006551,73.055,48.831,-0.24231,1.006,24.135,-0.092041,-0.042911,1.1315,0.33809,0.15704,1.1084,1.275,9509.2,-0.003685,-0.060134,1.0163,0.15033,15.068,7.4748,57.532,6.3443,4.1446,0
0.057192,0.37291,0.16179,1.4362,2.8716,0.22567,0.071397,1.4807,1.0329,0.55218,0.071397,0.19251,0.062814,0.071397,843.93,0.4325,2.6816,0.071397,0.027806,19.651,1.1322,0.085345,0.022274,0.28103,0.55218,0.39441,0.34331,0.34619,4.8504,0.13737,0.027806,54.454,6.7029,0.22886,0.085345,2.5829,193.29,0.55422,0.033238,0.06639,0.069965,0.033238,72.219,52.568,0.41372,1.0635,20.297,-0.004543,-0.001769,1.4284,0.37087,0.14919,1.1815,1.1859,11463,0.031839,0.10357,0.96816,0.003695,18.574,6.9434,52.72,6.9233,5.4942,0
0.041561,0.079918,-0.015575,0.80512,-49.898,0.12245,0.043148,11.441,1.1753,0.91437,0.043148,0.53991,0.308,0.043148,278.7,1.3096,12.513,0.043148,0.12698,16.885,0.97811,0.045277,0.1223,0.12512,0.91437,1.2898,1.566,-0.016646,6.0717,0.23022,0.12698,100.89,3.6177,0.56654,0.045277,0.34571,,0.91437,0.13324,0.024274,0.024603,0.13324,67.028,50.144,2.6439,0.60842,19.845,-0.016238,-0.047786,0.80512,0.079918,0.27642,0.97725,0.97725,-18372,0.14918,0.045453,0.85082,0,21.617,7.2791,85.841,4.2521,0.36318,0
0.039625,0.59003,-0.0944,0.80349,-148.73,-0.092873,0.039625,0.15833,0.96467,0.093422,0.039625,0.082485,0.085459,0.039625,2921.8,0.12492,1.6948,0.039625,0.045942,41.516,0.93502,0.063987,0.045942,-0.092873,0.093422,0.12492,0.71567,-0.15374,4.2803,0.65705,0.045942,196.11,1.8612,0.10845,0.063987,0.97157,2.6256,0.20307,0.074188,0.38746,0.1978,0.074188,84.577,43.062,0.40391,0.59928,40.049,0.029903,0.03467,0.65418,0.48039,0.53729,0.15215,0.33072,-1800,-0.036619,0.42415,1.0366,1.1737,8.7918,8.4762,203.29,1.7954,1.4047,0
-0.16865,0.60634,0.21873,1.3835,-10.794,0,-0.16865,0.64923,3.3718,0.39366,-0.13853,-0.29572,-0.042028,-0.16865,-1561.8,-0.23371,1.6492,-0.16865,-0.050018,34.664,0.86053,-0.13983,-0.050018,-0.16936,0.30629,-0.23371,-4.6418,1.0369,2.7576,0.17852,-0.041084,55.552,6.5704,6.18,-0.37541,3.3718,,0.39366,-0.11134,0.025361,-0.17903,-0.041472,83.85,49.186,-0.52668,0.82206,31.191,-0.16678,-0.049462,1.3013,0.57032,0.1522,1.8661,1.8661,125.19,-0.11134,-0.42842,1.0466,0,10.53,7.4208,61.737,5.9121,15.984,0
0.23278,0.25361,0.71197,4.2268,98.984,-0.000616,0.28302,2.9431,1.9397,0.74639,0.31352,1.2827,0.15724,0.28302,303.49,1.2027,3.9431,0.28302,0.14591,48.859,1.1121,0.31351,0.12001,0.53661,0.46657,1.0046,10.28,10.566,3.588,0.086942,0.14591,49.168,7.4235,6.4585,0.30179,1.9397,,0.74639,0.15559,0.42137,0.025197,0.16163,158,109.14,0.89652,3.05,57.861,0.29152,0.15029,3.6773,0.22064,0.13471,11.076,11.076,2757.1,0.15559,0.31188,0.85592,0,7.4705,3.3444,41.518,8.7913,28.785,0
-2.4099,5.5369,-4.5369,0.18061,-239.52,-3.7227,-2.4099,-0.81939,5.5631,-4.5369,-2.2145,-0.43524,-0.42723,-2.4099,-850.32,-0.42925,0.18061,-2.4099,-0.4332,47.886,,-2.3755,-0.4332,-3.5854,-6.1326,-0.42925,-12.153,,1.7971,0.99469,-0.39806,273.35,1.4373,1.4373,-1.8302,5.7436,,-4.5369,-0.32899,0.0017,-0.078797,-0.427,64.993,17.107,-3.3019,0.13352,33.475,-2.4086,-0.43297,0.18061,5.5369,0.69575,,,-284.33,-0.32899,0.53118,1.3856,0,7.6222,21.337,363.28,1.0047,,1
0.031217,0.42147,0.32804,1.9053,38.448,0,0.045924,1.3727,2.6698,0.57853,0.071928,0.12673,0.040648,0.045924,1417.5,0.25749,2.3727,0.045924,0.017201,7.7809,0.78127,0.071891,0.011693,0.2691,0.55159,0.22259,2.7646,1.0596,3.3477,0.13887,0.025719,50.848,7.1783,6.1718,0.068594,2.6698,10.72,0.63763,0.025692,0.1399,0.10446,0.026927,87.458,79.677,0.5485,1.7482,7.9861,0.009293,0.003481,1.6381,0.36237,0.13931,1.8687,2.0596,730.48,0.025692,0.05396,0.98282,0.10214,46.909,4.581,49.541,7.3676,8.6237,0
0.13897,0.3877,0.18027,1.6379,-3.63,0.010722,0.17471,1.5793,1.1048,0.6123,0.1967,0.6182,0.25349,0.17471,505.3,0.72234,2.5793,0.17471,0.15814,52.998,1.2792,0.18997,0.12579,0.37424,0.58549,0.63014,8.6399,0.33563,4.2708,0.34747,0.17804,112.79,3.2406,2.3622,0.19023,1.1125,3.5603,0.69725,0.17219,0.1127,0.043762,0.17195,142.4,89.407,0.8663,1.0703,63.932,0.084634,0.076606,1.1939,0.28261,0.30859,1.14,1.2981,3362.7,0.17219,0.22696,0.84296,0.13875,6.8871,4.0825,93.37,3.9092,2.0569,0
0.085255,0.2113,0.46189,3.1859,63.047,0.2514,0.10589,2.912,1.0959,0.61531,0.10589,0.50113,0.11253,0.10589,598.39,0.60997,4.7325,0.10589,0.092452,88.054,1.2258,0.09639,0.074435,0.3092,0.61531,0.51231,0.92226,1.4134,4.3617,-0.12499,0.092452,73.794,4.9462,0.45616,0.09639,1.1801,,0.61531,0.084157,1.7086,0.058188,0.084157,99.479,11.424,0.30855,1.8783,96.497,0.07339,0.064077,3.1859,0.2113,0.20218,1.8828,1.8828,10622,0.087489,0.13855,0.91251,0,4.1452,31.95,67.338,5.4204,3.5047,0
-0.091721,0.54414,0.25514,1.5492,5.7813,0,-0.091721,0.83778,4.6733,0.45586,-0.064163,-0.19742,-0.005005,-0.091721,-8491.1,-0.042986,1.8378,-0.091721,-0.019627,9.8495,1.268,-0.069762,-0.019627,0.25197,0.42742,-0.042986,-2.5315,0.91038,3.2941,0.11323,-0.014326,35.646,10.239,8.7427,-0.08393,4.6733,16.694,0.49142,-0.01796,0.14789,-12.67,-0.014928,50.848,40.998,-0.72732,1.2777,9.6757,-0.13809,-0.029549,1.3227,0.46459,0.097661,1.6266,1.7534,502.26,-0.01796,-0.2012,1.0195,0.078004,37.058,8.9028,36.287,10.059,16.675,0
0.051134,0.10938,0.72503,8.066,202.59,-0.68439,0.051134,8.1424,1.6231,0.89062,0.051134,0.49835,0.28667,0.051134,85.804,4.2539,9.1424,0.051134,0.031504,121.77,1.0314,0,0.031504,0.12631,-0.63325,4.2539,,4.2063,3.4703,0.022116,0.065512,50.755,7.1914,6.7461,0.034541,1.6231,,0.89062,0.021281,0.72937,0.008804,0,169.29,47.519,0.094434,2.7888,267.85,-0.41416,-0.25516,7.5666,0.10261,0.13905,5.167,5.167,2141,0.54538,0.057414,0.45462,0,2.9975,7.6811,23.074,15.818,9.4165,0
0.14817,0.35656,0.26826,1.8731,-0.007903,0,0.18218,1.8045,2.099,0.64344,0.22147,0.59292,0.10715,0.18218,578.65,0.63078,2.8045,0.18218,0.086795,36.393,1.3414,0.17522,0.070592,0.22261,0.37756,0.5354,4.4598,0.63199,3.5098,0.1371,0.095641,56.469,6.4638,5.5701,0.11293,2.099,23.183,0.65923,0.053801,0.41598,0.054534,0.083475,77.853,41.46,0.708,1.1919,38.462,0.13249,0.063118,1.6141,0.30727,0.15471,1.5159,1.5531,867.72,0.053801,0.23029,0.91751,0.024552,10.029,8.8037,53.431,6.8313,4.945,0
0.16697,0.76032,0.24942,1.3377,-12.635,0,0.20492,0.31523,4.2071,0.23968,0.22096,0.27742,0.054373,0.20492,1213.2,0.30086,1.3152,0.20492,0.048709,33.662,2.6705,0.22077,0.039687,0.28521,0.2367,0.25094,13.768,20.934,4.225,0.17879,0.052521,67.667,5.3941,5.2405,0.22265,4.2071,,0.23968,0.052923,0.011603,0.10362,0.052475,84.981,51.318,0.43033,0.81238,35.543,0.19694,0.046811,1.2996,0.73867,0.18539,20.117,20.117,4186.9,0.052923,0.69665,0.95132,0,10.843,7.1125,64.085,5.6955,353.12,0
0.073562,0.37474,0.19898,1.6735,-29.022,0.17126,0.092748,1.2867,1.0527,0.48219,0.092748,0.31391,0.10887,0.092748,925.76,0.39427,2.6685,0.092748,0.068345,78.95,1.1746,0.0951,0.054207,0.21002,0.48219,0.34307,0.73771,0.39359,4.203,0.26095,0.068345,83.656,4.3631,0.25378,0.0951,1.3977,2.5344,0.56146,0.070079,0.086485,0.08208,0.070079,126.11,47.164,0.25061,0.67998,83.111,0.040102,0.029551,1.3194,0.29546,0.2292,0.95378,1.1106,3175.4,0.050054,0.15256,0.94995,0.1644,4.6232,7.7389,79.469,4.593,2.6843,0
0.21482,0.30771,0.4181,2.3692,0.86927,0.037094,0.26668,2.2498,1.2981,0.69229,0.26764,0.8733,0.21653,0.26668,399.58,0.91347,3.2498,0.26668,0.20543,116.85,1.3197,0.24344,0.16549,,0.58676,0.74495,253.52,1.5119,4.2357,0.2162,0.20617,105.22,3.4688,3.4424,0.23887,1.2981,,0.69229,0.18401,0.088602,0.03978,0.18753,195.81,78.964,0.51693,1.0083,143.2,0.22903,0.17643,2.3511,0.30537,0.28828,2.5034,2.5034,7194.9,0.18401,0.31031,0.80086,0,3.1237,4.6224,85.862,4.251,4.6942,0
0.18074,0.36883,0.29202,1.7917,20.903,0.39663,0.22387,1.6794,1.1183,0.6194,0.22387,0.60698,0.14045,0.22387,452.83,0.80604,2.7113,0.22387,0.10577,31.987,1.2807,0.22275,0.085388,0.48247,0.6194,0.68909,1.1769,0.86103,5.1598,0.16906,0.10577,71.128,5.1316,0.60393,0.22275,2.1326,,0.6194,0.10523,0.032195,0.040943,0.10523,111.91,79.923,0.97434,1.2888,35.772,0.14933,0.070547,1.7917,0.36883,0.19487,1.8263,1.8263,42186,0.10581,0.29179,0.89419,0,11.411,4.5669,63.602,5.7388,6.2411,0
0.1257,0.34698,0.55874,2.6103,154.47,0.2179,0.15531,1.8356,1.1065,0.63692,0.15531,0.44761,0.1319,0.15531,702.45,0.51961,2.882,0.15531,0.11363,3.5297,1.4076,0.14158,0.091966,0.26613,0.63692,0.43428,1.1461,5.9266,4.2948,0.068264,0.11363,102.52,3.5602,0.40805,0.14158,1.3997,,0.63692,0.10358,0.80656,0.068487,0.10358,167.13,163.6,9.5102,2.5722,3.9055,0.1166,0.085307,2.6103,0.34698,0.28088,6.7558,6.7558,11016,0.096237,0.19736,0.90376,0,103.41,2.231,92.657,3.9393,14.498,0
-0.68229,4.7709,0.23526,1.6401,1032.2,-3.277,-0.68229,-0.7904,0.031879,-3.7709,-0.42519,-1.8563,-9.6386,-0.68229,-5667.2,-0.064406,0.2096,-0.68229,-21.402,0,,-0.42519,-21.402,-1.3298,-3.9593,-0.064406,-1.6538,0.5923,2.441,149.58,-13.337,293.52,1.2435,0.095804,-0.42519,0.031879,0.1369,0.63244,-13.337,0.006801,-3.1696,-13.337,6873.2,6873.2,,1.6401,0,-0.80021,-25.101,0.12635,0.36756,0.80415,-9.494,1.5923,64.94,-13.337,0.18094,22.402,-1.1677,,0.053105,4208.3,0.086734,0.080263,1
0.002065,0.59039,-0.12855,0.71998,-77.461,0,0.018062,0.69381,1.654,0.40961,0.071908,0.039344,0.049683,0.018062,2622.3,0.13919,1.6938,0.018062,0.01092,43.933,1.1567,0.070822,0.001249,0.24944,0.31177,0.1121,1.3153,-0.19202,4.3105,0.34238,0.01092,105.45,3.4614,2.6915,0.064991,1.654,1.34,0.5077,0.039293,0.053506,0.14584,0.042818,67.518,23.585,0.010373,0.28632,45.73,0.006707,0.004055,0.55985,0.45907,0.2889,0.61184,0.75836,-2627.6,0.039293,0.005042,0.9896,0.23947,8.3081,15.476,101.31,3.6029,2.4706,0
0.36765,0.2919,0.36932,2.2727,89.986,-0.082504,0.46761,2.4258,2.0705,0.7081,0.46768,1.6115,0.23662,0.46761,217.47,1.6784,3.4258,0.46761,0.22584,0,3.0606,0.46767,0.17756,0.51521,0.56481,1.3359,7095.1,1.0847,2.5428,0.1001,0.22587,70.619,5.1686,5.1381,0.57071,2.0705,,0.7081,0.27564,0.29168,0.019859,0.22587,101.34,101.34,,2.2727,0,0.44536,0.2151,2.2593,0.29018,0.19348,2.0796,2.0796,128.87,0.27563,0.5192,0.77531,0,,3.6018,51.154,7.1353,6.0809,0
0.013711,0.84815,-0.063553,0.92492,-122.41,0.12159,0.017874,0.17904,1.1612,0.15185,0.050077,0.021117,0.037421,0.017874,7124.5,0.051232,1.179,0.017874,0.015393,99.873,1.2361,0.032458,0.011808,-0.019261,0.1353,0.046323,1.0079,-0.29271,3.4803,0.72473,0.023165,266.02,1.3721,1.3693,-0.000212,1.1612,,0.15185,-0.000182,0.013641,0.48714,0.027953,242.46,142.59,0.043153,0.54955,99.855,0.00688,0.005925,0.92305,0.84644,0.72882,0.69939,0.69939,-192.04,-0.000182,0.090291,0.98531,0,3.6546,2.5598,266.07,1.3718,5.3481,0
0.01973,0.52286,0.14176,1.3582,-2.0582,-0.093319,0.019998,0.91257,2.1125,0.47714,0.023628,0.050532,0.034908,0.019998,2588,0.14104,1.9126,0.019998,0.009467,26.582,1.1478,0.00579,0.00934,0.12426,0.39507,0.14052,1.5948,0.30652,3.6421,0.18771,0.011154,63.219,5.7736,4.37,-0.17242,2.1125,,0.47714,-0.081622,0.3209,0.29275,0.002741,70.93,44.348,0.12825,0.96947,24.576,-0.047954,-0.0227,1.028,0.39575,0.1732,1.0317,1.0317,621.83,-0.081622,0.041351,0.99134,0,13.731,8.2304,68.379,5.3379,4.5676,0
0.15695,0.46223,0.34201,1.8629,9.0358,0,0.19507,1.1634,2.3777,0.53776,0.2382,0.4922,0.082045,0.19507,864.87,0.42203,2.1634,0.19507,0.082045,43.863,1.1479,0.19559,0.066009,0.44849,0.33827,0.33954,10.394,1.3071,4.9964,0.1885,0.088008,72.19,5.5338,4.7448,0.18978,2.4071,22.442,0.55793,0.079818,0.038547,0.078776,0.082261,111,67.136,0.54929,0.75948,47.552,0.19559,0.082261,1.5973,0.39633,0.18071,2.0553,2.1323,33916,0.1572,0.29185,0.8347,0.037504,8.3213,5.4367,60.842,5.9992,9.0872,1
-0.061624,0.63555,-0.21887,0.50195,-202.32,-0.077929,-0.071775,0.57345,0.90657,0.36445,-0.071775,-0.16333,-0.040825,-0.071775,-9274.4,-0.039355,1.5734,-0.071775,-0.11715,72.821,1.1994,-0.053951,-0.10058,-0.086657,0.36445,-0.023384,-0.79831,-0.28081,4.66,1.0214,-0.11715,237.34,1.5379,-0.084889,-0.053951,0.63138,0.50151,0.56055,-0.088058,0.050567,-2.907,-0.088058,118.17,45.352,-0.50415,0.2238,66.018,-0.10071,-0.16439,0.34707,0.43945,0.65025,0.4676,0.71919,-10004,-0.10306,-0.16909,-0.16439,0.53807,5.0123,8.0482,261.8,1.3942,0.78606,0
-0.18827,0.072367,0.75913,11.49,97.671,0,-0.18827,12.819,0.63743,0.92763,-0.18659,-2.6016,-0.20188,-0.18827,-205.26,-1.7783,13.819,-0.18827,-0.29536,226.67,,-0.18659,-0.29536,-0.18827,0.40095,-1.7783,-110.71,4.5051,2.4545,0.092817,-0.29536,28.872,12.704,12.704,-0.27746,0.73272,,0.92763,-0.43528,1.9791,-0.018994,-0.29272,394.11,167.44,-0.47561,7.4493,157.17,-0.24617,-0.3862,11.49,0.072367,0.078718,5.5051,5.5051,216.2,-0.43522,-0.20296,1.2546,0,1.6103,2.1799,41.438,8.8083,3.7829,1
0.22762,0.045767,0.79098,18.283,128.18,0.23387,0.22762,20.85,1.2254,0.95423,0.22762,4.9734,0.23135,0.22762,61.996,5.8875,21.85,0.22762,0.19543,144.82,1.1846,0.21428,0.19543,0.23387,0.95423,5.8875,2.2545,4.8451,4.4446,-0.19784,0.19543,17.576,20.767,4.682,0.21428,1.1799,,0.95423,0.18398,6.1518,0.005875,0.18398,173.99,29.173,0.49256,8.1858,177.47,0.17244,0.14806,18.283,0.045767,0.048154,5.8451,5.8451,22017,0.18397,0.23853,0.81603,0,2.5204,12.512,14.343,25.449,7.1344,0
0.039925,1.1334,0.10386,1.3211,-20.256,-0.23801,0.039925,-0.11773,1.874,-0.13344,0.17849,0.12342,0.039046,0.039925,5653.9,0.064557,0.88227,0.039925,0.021305,37.279,1.8458,0.17844,0.021305,-0.008051,-0.19808,0.064557,1.2878,0.18136,4.5215,0.58351,0.036594,70.1,5.2069,1.486,0.18967,1.874,0.77402,0.17138,0.10121,0.14012,0.17847,0.095222,74.405,37.126,0.2086,0.72937,41.477,0.1452,0.077481,0.37702,0.32348,0.19205,-0.23301,0.29927,3450.7,0.10121,-0.2992,0.97884,-2.2843,9.791,9.8314,63.004,5.7932,3.2724,0
0.029346,0.061168,0.68261,12.16,147.75,0.11903,0.039751,13.692,1.0298,0.83752,0.039751,0.64986,0.067252,0.039751,309.15,1.1807,16.348,0.039751,0.037017,89.016,1.0322,0.024088,0.027328,0.15284,0.83752,1.0106,0.23099,2.6641,4.4023,-0.2289,0.037017,21.41,17.048,0.39381,0.024088,1.1011,,0.83752,0.022432,5.1175,0.035557,0.022432,146.41,57.394,0.11205,7.8781,91.666,-0.00838,-0.007804,12.16,0.061168,0.058656,3.2687,3.2687,17238,0.028908,0.035039,0.97109,0,4.1004,6.3595,20.791,17.556,4.1911,0
0.078814,0.04926,0.82512,26.812,394.57,0,0.10329,19.301,0.36452,0.95074,0.11599,3.2312,0.40142,0.10329,122.88,2.9704,20.301,0.10329,0.28337,0,1.0881,0.032439,0.21621,0.11865,0.22192,2.4735,2.5546,5.7738,4.2212,-0.72253,0.28337,34.746,10.505,6.8172,0.028705,0.36452,,0.95074,0.078748,25.553,0.021757,0.088991,40.284,40.284,,26.812,0,-0.010592,-0.029058,17.399,0.031967,0.095194,6.6528,6.6528,13730,0.078748,0.082897,0.77138,0,,9.0607,32.01,11.403,2.5507,0
-0.036434,0.70119,-0.27436,0.42322,-121.45,-0.20337,-0.023805,0.42615,1.0116,0.29881,-0.023805,-0.050044,0.000711,-0.023805,322060,0.001133,1.4261,-0.023805,-0.021302,29.393,1.0395,0.002184,-0.032604,-0.21903,0.29881,-0.016879,0.019774,-0.34351,4.5502,0.6269,-0.021302,157.18,2.3222,0.003115,0.002184,1.134,0.49363,0.52433,0.001955,0.001369,0.86071,0.001955,65.542,36.149,-0.40488,0.23404,29.735,-0.022415,-0.020059,0.2871,0.47567,0.43062,0.37413,0.65649,-9739.3,0.011503,-0.12193,0.9885,0.75473,12.418,10.097,155.37,2.3493,1.3991,0
0.40175,0.57796,-0.045083,0.92154,-8.3134,0,0.40175,0.73021,3.8041,0.42204,0.41866,0.6992,0.11448,0.40175,484.42,0.75347,1.7302,0.40175,0.10561,2.6866,1.1369,0.41866,0.10561,0.80979,0.40175,0.75347,24.752,-0.095819,3.4001,0.13413,0.10709,62.385,5.8507,5.8165,0.44236,3.8041,,0.42204,0.11629,0.1244,0.042586,0.11006,43.947,41.261,14.348,0.87281,3.0401,0.38493,0.10119,0.91614,0.57458,0.17092,0.89699,0.89699,-113.28,0.11629,0.95193,0.89454,0,135.86,8.8462,55.131,6.6206,8.0851,0
-0.035857,0.5364,-0.053228,0.83873,-25.034,-0.013716,-0.041672,0.86427,1.0144,0.4636,-0.041672,-0.12626,0.008043,-0.041672,17644,0.020687,1.8643,-0.041672,-0.030207,9.487,1.3927,-0.028225,-0.025992,-0.009492,0.4636,0.031527,-0.20754,-0.073604,4.6157,0.37455,-0.030207,88.581,4.1205,-0.05262,-0.028225,1.3876,1.1678,0.66995,-0.02046,0.065184,0.71855,-0.02046,67.55,58.063,-1,0.73009,9.6234,-0.080993,-0.05871,0.51608,0.33005,0.24269,0.64106,0.9264,-2197,0.014173,-0.077345,0.98583,0.4451,38.474,6.2863,87.325,4.1798,1.9076,0
-0.06023,0.26179,0.57124,3.9919,144.83,0.027416,-0.06023,2.8198,1.3467,0.73821,-0.059867,-0.31547,-0.005214,-0.06023,-13610,-0.026819,3.8198,-0.06023,-0.044725,5.1371,1.1934,-0.059994,-0.044725,-0.091592,0.57059,-0.026819,-164.86,2.4018,3.1336,0.007033,-0.044455,48.893,7.4653,5.4444,-0.078625,1.3467,,0.73821,-0.058384,1.3231,-1.2861,-0.044549,138.11,132.97,-3.1778,3.8926,4.8537,-0.1132,-0.084061,2.9113,0.19093,0.13395,3.1038,3.1038,777,-0.058384,-0.08159,1.0418,0,71.052,2.745,51.747,7.0535,5.6622,0
0.013134,0.65923,-0.16336,0.73878,-183.87,-0.056082,0.01657,0.45134,1.0345,0.29753,0.01657,0.026496,0.057346,0.01657,4127.7,0.088427,1.5169,0.01657,0.016301,90.807,1.3636,0.034814,0.012921,-0.054095,0.29753,0.083214,0.35428,-0.30365,4.2853,0.64383,0.016301,232.29,1.5713,0.05281,0.034814,1.023,6.1771,0.33139,0.034248,0.11046,0.28317,0.034248,141.09,50.284,0.051935,0.33439,93.936,-0.00691,-0.006797,0.70084,0.62537,0.63641,0.55305,0.61598,-3150.7,0.033313,0.044143,0.96669,0.11378,4.0195,7.2588,224.55,1.6255,1.8895,0
0.1408,0.22305,0.41062,2.919,79.916,0.000927,0.17419,3.4833,1.2818,0.77695,0.1742,0.81407,0.20403,0.17419,311.31,1.1725,4.4833,0.17419,0.1359,49.386,1.2387,0.16342,0.10985,0.40435,0.77485,1.0228,14810,1.0938,4.3772,0.035592,0.13591,68.468,5.331,5.114,0.14106,1.2818,,0.77695,0.11005,0.8449,0.029651,0.1275,126.38,76.995,0.81187,2.1085,55.493,0.076091,0.059365,2.8002,0.21397,0.18758,2.0696,2.0696,9787.1,0.11005,0.18122,0.86785,0,7.3908,4.7406,60.933,5.9902,3.4143,0
-0.019465,0.99973,-0.52644,0.47341,-128.58,-0.082633,-0.020501,-0.055829,1.0126,-0.055814,-0.020501,-0.020506,0.012012,-0.020501,16773,0.021761,1.0003,-0.020501,-0.011319,15.575,1.2022,0.037922,-0.010748,-0.091795,-0.055814,0.022797,0.21202,-0.99949,5.8821,0.51673,-0.011319,204.01,1.7891,0.037933,0.037922,1.8359,,-0.055814,0.020939,0.083919,0.40993,0.020939,78.475,62.9,-0.25187,0.39611,15.771,-0.004334,-0.002393,0.47341,0.99973,0.55893,-0.10597,-0.10597,-401260,0.012416,0.34875,0.98758,0,23.435,5.8029,201.48,1.8116,3.4385,0
-0.16461,0.6054,0.052825,1.1193,-54.249,0.18637,-0.16461,0.6518,0.83552,0.3946,-0.16438,-0.37164,-0.13578,-0.16461,-1947.8,-0.18739,1.6518,-0.16461,-0.19701,84.245,1.0128,-0.16466,-0.19701,-0.33362,0.046225,-0.18739,-713.32,0.10476,3.163,0.69195,-0.19684,160.62,2.2724,1.6626,-0.17099,0.83552,1.8642,0.55708,-0.20464,0.07045,-0.1778,-0.19708,202.94,118.69,-0.85358,0.68387,69.933,-0.21582,-0.25831,0.81887,0.44292,0.44006,0.78254,1.1048,76.89,-0.20464,-0.41715,1.1948,0.41176,4.3326,3.0752,193.49,1.8864,1.6569,0
0.088998,0.52507,0.15453,1.2943,54.607,0,0.1195,0.9045,1.1716,0.47493,0.13088,0.22758,0.13728,0.1195,1191.6,0.30631,1.9045,0.1195,0.10199,0.000076,1.5393,0.13088,0.075961,0.25026,0.47087,0.24823,11.497,0.48229,4.0913,0.44575,0.1053,184.28,1.9806,1.9806,0.13165,1.1716,,0.47493,0.11237,0.011172,0.10163,0.11171,209.89,209.89,366030,1.2943,0.000085,0.089542,0.076425,1.2943,0.52507,0.50489,1.4823,1.4823,1906.6,0.11237,0.18739,0.89801,0,4818700,1.739,163.58,2.2314,3.6568,0
0.16257,0.17711,0.28283,2.7591,62.682,0,0.16257,4.6463,0.79484,0.82289,0.19212,1.0111,0.36186,0.16257,224.75,1.624,5.6463,0.16257,0.20453,42.306,1.0714,0,0.20453,0.45232,0.51149,1.624,0,0.50834,5.8131,0.1919,0.45733,160.86,2.269,2.0599,0.007645,0.79484,,0.82289,0.009619,1.0793,0.047209,0,124.02,81.716,1.7646,2.1861,92.174,-0.12505,-0.15733,2.5048,0.16078,0.44072,1.479,1.479,183910,0.54102,0.19756,0.54515,0,8.6275,4.4667,73.833,4.9436,1.4286,0
0.083367,0.09518,0.081826,2.1363,1.6931,0,0.069647,9.5064,0.69829,0.90482,0.070088,0.96717,0.18842,0.069647,264.05,1.3823,10.506,0.069647,0.099739,4.1612,1.1351,0.050177,0.11939,0.16583,0.82768,1.5265,113.69,0.096702,5.4049,0.13595,0.10037,41.108,9.0038,6.812,0.05891,0.7184,,0.90482,0.084362,0.99085,0.028302,0.071857,43.115,38.954,10.472,2.0257,4.4816,-0.011747,-0.016822,1.6163,0.072011,0.11106,1.0693,1.0693,20787,0.084362,0.092136,0.90314,0,87.715,9.3701,37.64,9.6971,0.82525,0
0.021676,0.2423,0.53444,6.0819,252.6,0,0.035607,3.1272,0.7325,0.7577,0.064824,0.33858,0.12255,0.035607,985.22,0.37048,4.1272,0.035607,0.04861,51.843,0.9105,0.03456,0.029592,0.15951,0.74365,0.31298,1.1828,1.4829,3.8855,-0.14004,0.05584,57.929,6.3008,2.7348,0.069869,0.7325,5.0889,0.86295,0.095384,3.3122,0.091036,0.047181,145.14,93.3,0.20834,5.0926,57.309,-0.019598,-0.026755,2.6398,0.10516,0.15871,2.1024,2.3945,4105.6,0.095384,0.028608,0.95362,0.13889,7.0405,3.9121,52.403,6.9652,2.0325,0
0.11142,0.063869,0.93949,16.802,556.91,0,0.11142,14.657,0.67399,0.93613,0.12771,1.874,0.17463,0.11142,198.06,1.8429,15.657,0.11142,0.16531,0,,0.083176,0.16531,0.11142,0.14145,1.8429,5.1057,886.67,2.8322,-1.3231,0.16817,36.089,10.321,9.6071,0.072684,0.74129,,0.93613,0.10784,16.074,0.023798,0.12341,23.455,23.455,,16.074,0,0.076893,0.11409,15.641,0.059454,0.096894,883.5,883.5,638.4,0.10784,0.11902,0.82774,0,,15.562,32.197,11.336,636.1,1
0.06928,0.77957,0.23836,1.4381,6.9376,0,0.11886,0.28277,3.4426,0.22043,0.13305,0.21845,0.045715,0.11886,1808,0.20188,1.2828,0.11886,0.034526,17.691,1.519,0.13305,0.020124,0.19751,0.074293,0.13828,9.3778,1.0958,2.5342,0.11653,0.036308,60.43,6.0401,4.2158,0.1561,3.4426,2.6146,0.45589,0.045343,0.71179,0.15146,0.038647,41.899,24.208,0.4152,1.1314,18.531,0.09453,0.027459,1.0037,0.54412,0.16556,1.0134,2.0958,81.551,0.045344,0.31429,0.96552,1.0681,20.632,15.078,57.69,6.327,15.826,0
0.068254,0.37003,0.47344,2.2794,-74.956,0,0.068254,1.7025,1.0579,0.62997,0.068259,0.18445,0.064518,0.068254,1978.8,0.18445,2.7025,0.068254,0.064518,233.31,1.1941,0.084661,0.064518,0.21691,0.60313,0.18445,15931,3.0246,3.2746,0.31415,0.064523,151.17,2.6571,2.6571,0.078605,1.0679,,0.62997,0.074301,0.10703,0.14569,0.080026,277.35,44.034,0.10093,0.45194,251.04,0,0,2.2794,0.37003,0.41415,4.0246,4.0246,890.89,0.15544,0.10835,0.92071,0,1.5644,8.289,127.67,2.859,6.7586,0
-0.57805,0.96702,-0.80085,0.16576,-67.365,-0.57805,-0.57805,-0.40334,0.93979,-0.39004,-0.57805,-0.60216,-0.11022,-0.57805,-742.28,-0.49173,1.0341,-0.57805,-0.13399,3.2965,0.6477,-0.53492,-0.13399,-0.57805,-0.39004,-0.49173,,-0.9524,4.0622,0.21864,-0.13399,76.33,4.7819,-0.55316,-0.53492,4.3912,17.036,-0.38299,-0.12399,0.024771,-0.073529,-0.12399,11.451,8.1548,-14.836,0.12517,3.098,-0.63746,-0.14776,0.16455,0.95997,0.20912,-0.46385,-0.45546,-9242.1,-0.064073,1.482,1.0641,-0.018084,110.72,44.759,81.22,4.494,5.1305,1
0.006137,0.37464,0.31172,2.0759,47.601,-0.032051,0.006137,1.6692,0.78644,0.62536,0.009242,0.02118,0.1156,0.006137,1504.1,0.24267,2.6692,0.006137,0.007803,107.42,1.1201,0,0.007803,-0.025915,0.19927,0.24267,0,0.78217,5.757,0.36873,0.015612,175.87,2.0753,1.605,0.084988,0.78644,80.609,0.62995,0.10807,0.3335,0.1473,0,234.3,126.88,0.026514,1.277,140.49,-0.084779,-0.1078,1.6054,0.28974,0.48185,1.5691,1.5807,178140,0.2354,0.009813,0.79778,0.00734,3.3978,2.8767,134.47,2.7143,1.9733,0
0.060165,0.16139,0.39502,3.6357,-5.7577,0.047249,0.067447,4.7281,1.0248,0.76307,0.067447,0.45003,0.10409,0.067447,477.81,0.7639,6.1962,0.067447,0.056945,104.64,1.2881,0.032461,0.050797,0.050893,0.76307,0.71878,0.28086,0.86799,4.2731,0.12231,0.056945,47.331,7.7116,0.20114,0.032461,1.2477,17.832,0.77458,0.027407,0.59785,0.060091,0.027407,140.31,35.672,0.17719,1.3702,107.23,-0.023376,-0.019736,3.3763,0.14987,0.12967,1.6767,1.702,7408.3,0.024193,0.078846,0.97581,0.015092,3.4883,10.232,46.186,7.9028,2.6025,0
-0.047623,0.51115,-0.12261,0.74259,-43.933,-0.047623,-0.04147,0.91534,0.96931,0.46787,-0.04147,-0.087062,0.002257,-0.04147,37060,0.009849,1.9564,-0.04147,-0.018593,24.231,1.2536,-0.070898,-0.021352,-0.04147,0.46787,-0.002189,,-0.18971,5.3174,0.22863,-0.018593,75.559,4.8307,-0.1387,-0.070898,2.2924,5.9048,0.5027,-0.031788,0.011892,-0.68888,-0.031788,56.959,32.727,-0.32163,0.43174,23.488,-0.1174,-0.052639,0.69199,0.47632,0.20701,0.72394,0.77783,-25463,-0.031664,-0.10179,1.0317,0.074437,15.063,11.153,77.951,4.6824,3.451,1
-0.23402,0.55833,-0.2073,0.37264,-40.581,-0.20706,-0.23402,0.79085,1.8979,0.44155,-0.21439,-0.70823,-0.089545,-0.23402,-1199.1,-0.30439,1.7911,-0.23402,-0.1233,4.4697,0.4983,-0.21507,-0.1233,-0.50566,-0.44132,-0.30439,-10.957,-0.23641,3.9292,0.29284,-0.11296,57.65,6.4545,3.8199,-0.19411,1.9183,1.2337,0.52252,-0.10228,0.015711,-0.12325,-0.11332,22.681,18.212,-10.069,0.086049,4.055,-0.27914,-0.14707,0.22054,0.33043,0.15795,0.50356,0.5959,-1761,-0.10228,-0.52999,1.1118,0.18338,81.66,20.042,63.546,5.7439,2.1645,1
0.05155,0.28072,0.21104,1.9843,-9762.8,0,0.06733,2.5622,2.8353,0.71928,0.067793,0.31404,0.052986,0.06733,682.05,0.53515,3.5622,0.06733,0.023747,8.2124,1.0564,0.063601,0.018182,0.42274,0.57996,0.47894,137.35,0.36731,3.9298,0.053455,0.023911,27.631,13.258,10.126,0.003088,2.8353,,0.71928,0.001089,0.62175,0.063873,0.022432,37.609,29.396,0.8081,1.6868,8.1916,-0.019297,-0.006806,1.5155,0.2144,0.075428,1.2519,1.2519,1795.6,0.001089,0.07167,1.0027,0,44.445,12.416,27.601,13.224,4.9347,0
-0.45309,0.71588,-0.30245,0.53555,-275.61,-0.70452,-0.45674,0.39688,0.39012,0.28412,-0.41445,-0.70138,-0.95858,-0.45674,-698.73,-0.52238,1.3969,-0.45674,-1.1708,192.69,0.51933,-0.43583,-1.1614,0.57825,-0.52987,-0.51728,-10.306,-0.46441,4.3357,1.718,-1.0943,419.65,1.1582,1.0535,-0.435,0.39012,123.72,0.28527,-1.115,0.078766,-0.067591,-1.1172,278.31,85.613,-2.2,0.21928,99.673,-0.51861,-1.3293,0.48717,0.6512,0.86343,0.43627,0.43804,-6551,-0.45183,-1.5947,2.0417,0.004062,1.8942,4.2634,609.27,0.59908,0.59904,1
0.1431,0.62942,0.16821,1.2672,-39.909,0.18811,0.17802,0.54244,1.0996,0.34142,0.17802,0.28284,0.099347,0.17802,997.68,0.36585,1.5888,0.17802,0.076805,46.276,1.1674,0.20314,0.061738,0.23645,0.34142,0.31036,0.9637,0.83118,5.0587,0.19041,0.076805,108.99,3.3491,0.32275,0.20314,2.3293,,0.34142,0.087644,0.46126,0.081025,0.087644,79.887,33.611,0.48695,0.80036,50.884,0.1509,0.065102,1.2672,0.62942,0.29859,1.6871,1.6871,19256,0.09055,0.41912,0.90945,0,7.8875,10.86,99.117,3.6825,11.453,0
0.090582,0.50964,0.39422,1.9289,44.347,0,0.1139,0.96216,2.747,0.49036,0.11787,0.26837,0.046052,0.1139,1470.5,0.24822,1.9622,0.1139,0.041462,8.4375,1.0294,0.11364,0.032975,0.26829,0.37777,0.20248,28.619,2.1733,4.3635,0.15172,0.041469,59.195,6.1661,5.1347,0.13013,2.747,,0.49036,0.047373,0.2422,0.13457,0.041367,95.113,86.675,1.4265,1.7793,8.8571,0.10103,0.036777,1.6062,0.4244,0.16218,2.7033,2.7033,9103.9,0.047373,0.18473,0.9592,0,43.259,4.2111,56.39,6.4727,15.144,0
0.31924,0.027945,0.61223,24.348,494.87,0.5383,0.32194,34.785,0.44293,0.97206,0.32409,12.277,0.81022,0.32194,28.422,12.842,35.785,0.32194,0.72683,51.578,1.0321,0.2853,0.72074,0.92052,0.85984,12.746,132.58,1.6934,4.3866,-0.83677,0.73169,22.07,16.538,15.519,0.009258,0.44293,,0.97206,0.020901,15.362,0.002891,0.6441,194.16,142.58,5.1004,21.961,52.68,0.24836,0.56071,22.847,0.026223,0.060466,2.6886,2.6886,14913,0.020901,0.32842,0.5759,0,7.0766,2.56,21.609,16.891,1.2251,0
0.1481,0.43853,0.79045,6.8881,278.31,0.011411,0.18542,1.2804,1.0279,0.56147,0.19064,1.3812,0.1983,0.18542,785.22,0.46484,2.2804,0.18542,0.18038,51.903,1.5451,0.18246,0.14408,0.27302,0.55837,0.37973,34.987,10.497,4.2159,0.084709,0.18039,57.812,6.3136,1.9328,0.18038,1.0279,,0.56147,0.17547,2.6424,0.072769,0.1775,202.38,150.48,1.0132,5.7993,62.949,0.16404,0.15958,2.1087,0.13424,0.15839,7.4564,7.4564,12996,0.17547,0.26378,0.82219,0,7.0323,2.4256,47.667,7.6572,13.651,0
0.012047,0.097347,0.61904,7.3591,75.189,0.000738,0.017406,9.2725,1.4971,0.90265,0.029893,0.1788,0.033628,0.017406,705.75,0.51718,10.273,0.017406,0.011626,75.207,1.1604,0.007347,0.008047,0.37261,0.89093,0.46213,0.58832,2.1827,3.63,-0.041125,0.014483,23.442,15.57,15.57,-0.018547,1.4971,,0.90265,-0.012388,1.6414,0.080544,0.004907,135.7,60.49,0.039052,4.1902,74.286,-0.025594,-0.017095,7.3591,0.097347,0.064226,3.1827,3.1827,2640.7,-0.012388,0.013346,0.98881,0,4.8533,6.0341,23.733,15.379,5.2788,0
0.16583,0.338,0.013657,1.0558,-10.23,0,0.2141,1.9586,2.9855,0.662,0.22386,0.87477,0.1108,0.2141,372.94,0.97872,2.9586,0.2141,0.071711,10.647,,0.2236,0.055544,0.2141,0.16583,0.83591,22.911,0.018416,4.0327,0.10648,0.073721,31.976,11.566,8.3747,0.19177,3.0545,3.1275,0.71678,0.064232,0.097201,0.033107,0.074894,28.683,18.036,1.9041,0.69996,11.23,0.10689,0.035802,0.76451,0.24474,0.086463,0.89267,0.96653,147.26,0.064232,0.25049,0.92991,0.082743,34.281,20.238,29.922,12.199,4.0258,1
0.005235,0.45751,-0.009159,0.9716,-103.49,0.005235,0.004734,0.35707,1.0456,0.16336,0.004734,0.01468,0.058717,0.004734,4146.7,0.088022,2.1858,0.004734,0.006902,89.545,1.2734,0.034837,0.007632,0.004734,0.16336,0.089117,,-0.013337,5.6749,0.61245,0.006902,179.44,2.0341,0.076146,0.034837,0.70281,1.074,0.29841,0.050795,0.11904,0.21373,0.050795,146.31,56.762,0.031111,0.4498,93.631,-0.0007,-0.00102,0.6848,0.32246,0.49162,0.23789,0.43456,-4332,0.043634,0.032043,0.95637,0.82667,4.0762,6.4304,171.61,2.1269,0.99876,1
-0.019769,0.82302,-0.017142,0.93665,-81.034,0,-0.019769,0.21504,0.73397,0.17698,0.04275,-0.073057,-0.021446,-0.019769,-19085,-0.019125,1.215,-0.019769,-0.026934,55.792,1.0309,0,-0.026934,0.029705,0.15299,-0.019125,0,-0.022962,4.6613,1.1055,-0.057415,167.08,2.1846,0.71827,0.010843,0.73397,0.27224,0.69586,0.014774,0.053386,6.8104,0,118.86,63.064,-0.17621,0.52204,69.271,-0.004028,-0.005488,0.30795,0.27059,0.45774,0.23707,0.9321,-785.95,0.19459,-0.1117,0.89105,2.9318,6.5422,5.7878,134.56,2.7124,0.98314,0
-0.010348,0.69757,-0.22067,0.22343,-2420.4,0.000397,-0.010348,0.43354,0.098339,0.30243,-0.010348,-0.036417,0.1921,-0.010348,13478,0.027081,1.4335,-0.010348,-0.10523,50.368,0.66184,0,-0.10523,-0.009878,0.29491,0.027081,,-0.23563,4.9519,6.9974,-0.21046,1603.4,0.22764,0.092733,0.006455,0.098339,0.1841,0.57359,0.065636,0.047663,0.79525,0,185.39,135.02,-0.76258,0.17568,76.569,-0.029239,-0.29733,0.091017,0.28416,4.3929,0.32293,0.61248,-19753,0.3422,-0.034217,0.67035,0.89663,7.2467,2.7033,1054.7,0.34606,0.10501,0
0.007576,0.56051,0.08696,1.1794,-75.745,0.18325,0.007576,0.69981,1.0024,0.39225,0.007576,0.015627,0.049699,0.007576,3436,0.10623,1.7841,0.007576,0.006324,95.948,1.1004,0.042439,0.006324,0.18325,0.39225,0.10623,0.35508,0.20308,4.4259,0.45838,0.006324,148.06,2.4652,0.075716,0.042439,1.2662,3.394,0.46793,0.035423,0.049305,0.1952,0.035423,166.92,70.97,0.024057,0.52978,96.177,-0.009527,-0.007952,1.0201,0.48483,0.40564,0.91601,1.0927,2318.6,0.002378,0.019315,0.99762,0.19294,3.8041,5.143,147.71,2.4711,2.7978,0
0.25793,0.071915,0.86318,13.003,153.72,0,0.31753,12.905,2.3971,0.92809,0.31753,4.4153,0.15671,0.31753,69.876,5.2235,13.905,0.31753,0.13246,0,1.0429,0.31753,0.1076,0.93778,0.78251,4.3949,,13.299,2.5359,-0.27265,0.13246,12.622,28.918,28.918,0.31753,2.3971,,0.92809,0.13246,10.088,0.006381,0.13246,31.915,31.915,,13.003,0,0.2594,0.10821,13.003,0.071915,0.034581,14.299,14.299,296.47,0.13246,0.27792,0.86754,0,,11.437,10.95,33.333,36.934,0
0.14689,0.76688,0.22586,1.2945,31.586,0,0.14689,0.30398,1.4219,0.23312,0.15072,0.19154,0.10524,0.14689,1870.7,0.19512,1.304,0.14689,0.10331,29.163,1.6581,0.14995,0.10331,0.34661,0.15509,0.19512,39.182,31.115,3.8076,0.37752,0.106,220,1.6591,1.6591,0.14953,1.4219,,0.23312,0.10517,0.30117,0.16741,0.10546,195.55,166.39,1.293,1.1464,32.591,0.14721,0.10353,1.2945,0.76688,0.60273,32.115,32.115,1450.1,0.10517,0.6301,0.8972,0,12.516,2.1937,196.86,1.8541,195.88,0
0.070596,0.2813,0.19634,1.7757,-4.3478,0,0.087777,2.5549,1.1758,0.7187,0.09519,0.34677,0.11729,0.087777,744.51,0.49026,3.5549,0.087777,0.074651,4.07,0.32641,0.085458,0.060039,0.64648,0.6389,0.42918,11.528,0.35665,3.9431,0.13257,0.076934,84.725,4.308,3.8765,0.085364,1.1758,19.209,0.74141,0.072599,1.269,0.069155,0.072678,39.81,35.74,5.3844,1.7239,4.3886,0.035324,0.030042,1.5978,0.25313,0.23212,1.3055,1.3467,1722.4,0.072599,0.098228,0.92618,0.031608,89.681,10.213,78.574,4.6453,2.1358,0
0.017987,0.1327,0.43179,7.9736,181.29,0,0.017987,6.5357,0.70741,0.8673,0.019865,0.2905,0.11895,0.017987,575.63,0.63409,7.5357,0.017987,0.025426,1.1246,1.0058,-0.009123,0.025426,-0.14714,0.83032,0.63409,-4.8592,0.85283,4.0297,0.16983,0.028081,31.484,11.593,5.4092,-0.010393,0.70741,11.507,0.91002,-0.014692,1.8411,0.077557,-0.012897,195.91,194.79,8.2522,7.9384,1.1083,-0.075281,-0.10642,3.7204,0.061917,0.086259,1.713,1.7974,4623.4,-0.014692,0.020739,0.97565,0.049253,324.55,1.8738,31.947,11.425,1.3972,0
0.038065,0.98653,-0.58636,0.40564,-136.75,-0.28539,0.04035,-0.024523,1.0412,-0.024193,0.04035,0.040901,0.05673,0.04035,3304.9,0.11044,1.0137,0.04035,0.021009,16.381,4.8043,0.0851,0.019819,-0.27416,-0.024193,0.10812,0.46133,-0.97755,4.3037,0.42108,0.021009,195.2,1.8698,0.086262,0.0851,1.934,,-0.024193,0.044309,0.18237,0.21102,0.044309,41.86,25.479,0.44161,0.31827,17.055,0.016496,0.008589,0.40564,0.98653,0.53481,-0.040333,-0.040333,-11799,0.039535,-1.5734,0.96046,0,22.282,14.325,187.49,1.9468,3.2019,0
0.18894,0.085883,0.91412,11.644,59.016,0,0.24428,10.644,3.012,0.91412,0.27472,2.8444,0.081236,0.24428,128.11,2.849,11.644,0.24428,0.081104,55.503,1.1494,0.22931,0.062731,0.75433,0.18894,2.2047,7.5335,,3.685,-0.030638,0.081104,11.265,32.401,32.401,0.22931,3.012,,0.91412,0.076133,2.0745,0.012463,0.076133,99.592,44.09,0.41253,6.3108,60.076,0.22891,0.076001,11.644,0.085883,0.030863,,,4425.8,0.076133,0.2067,0.9201,0,6.5763,8.2786,10.408,35.071,,0
0.10676,0.27805,0.61706,3.2193,35.656,0,0.13524,2.5965,2.7745,0.72195,0.13679,0.48639,0.05616,0.13524,651.31,0.5604,3.5965,0.13524,0.048743,46.909,1.3081,0.13606,0.038479,0.13151,0.70161,0.45799,87.419,5.8827,3.6994,0.036078,0.048743,38.514,9.4904,9.4904,0.13948,2.7756,,0.72195,0.050272,0.6442,0.059169,0.049038,94.191,47.282,0.29941,1.9368,49.322,0.11548,0.04162,3.2193,0.27805,0.10537,6.8827,6.8827,3088.5,0.050272,0.14788,0.95128,0,7.7811,7.7196,36.578,9.9787,26.451,0
0.1347,0.45876,0.15775,1.429,36.503,0,0.1347,1.1798,1.3339,0.54124,0.1347,0.36631,0.32899,0.1347,381.57,0.95657,2.1798,0.1347,0.10098,24.739,1.4316,0,0.10098,0.33209,0.54047,0.95657,,0.33243,4.8113,0.329,0.21401,156.53,2.3318,1.8691,0.000546,1.3339,4.8563,0.63083,0.000409,0.084671,0.05028,0,135.27,110.53,1.4899,1.1831,38.484,-0.30414,-0.228,1.1454,0.36772,0.42885,1.1406,1.3294,10217,0.35717,0.24888,0.64996,0.16552,14.754,3.3024,100.62,3.6275,2.811,0
0.5483,0.3716,0.55397,2.4907,204.92,0,0.5483,1.691,1.3366,0.6284,0.56029,1.4755,0.43471,0.5483,233.44,1.5636,2.691,0.5483,0.41022,34.41,2.717,0.56029,0.41022,0.53954,0.50183,1.5636,46.707,7.4429,2.5967,0.17409,0.41022,172.88,2.1113,2.1113,0.55202,1.3366,,0.6284,0.41301,0.37383,0.020887,0.41919,214.82,180.41,4.3514,2.1517,58.62,0.52756,0.3947,2.4907,0.3716,0.47364,8.4429,8.4429,218.85,0.41301,0.87253,0.59423,0,10.607,2.0231,101.48,3.5968,17.958,0
0.086278,0.62465,-0.061519,0.89152,-54.698,0.28381,0.086278,0.60091,2.3439,0.37535,0.10278,0.15214,0.048834,0.086278,1991.9,0.18325,1.6009,0.086278,0.036809,40.193,1.11,0.10254,0.036809,0.13192,0.37008,0.18325,6.214,-0.12443,3.5793,0.23843,0.043353,92.337,3.9529,3.5888,0.10221,2.3439,4.7727,0.42721,0.043606,0.14545,0.15928,0.043745,65.885,25.692,0.33427,0.43639,42.025,0.07435,0.03172,0.80939,0.5671,0.25298,0.75918,0.86406,-233.5,0.043606,0.22986,0.96323,0.13814,9.0812,14.207,88.31,4.1332,4.7408,0
0.010261,0.43913,0.045303,1.1116,-50.568,0.15218,0.01153,1.0677,1.005,0.46885,0.01153,0.028395,0.077199,0.01153,1489.1,0.24512,2.2772,0.01153,0.008269,58.623,1.1082,0.023297,0.00736,0.19459,0.46885,0.24223,0.16793,0.082571,4.8117,0.30299,0.008269,106.83,3.4167,0.053053,0.023297,1.4125,6.8743,0.50194,0.016709,0.047814,0.12091,0.016709,113.07,54.45,0.045822,0.56006,58.917,-0.072811,-0.052221,1.0278,0.40605,0.29268,0.85456,0.91485,2936.5,0.004989,0.021886,0.99501,0.070557,6.2262,6.7034,106.3,3.4338,2.5413,0
0.12329,0.40567,0.61098,2.6053,22.091,0,0.15686,1.4651,1.5939,0.59433,0.15697,0.41214,0.10322,0.15686,900.06,0.40553,2.4651,0.15686,0.098413,0,1.0884,0.11137,0.077352,,0.58982,0.32278,967.59,72.497,4.0451,0.23841,0.098485,92.885,3.9296,3.6867,0.098298,1.5939,,0.59433,0.061673,1.4329,0.11361,0.069873,102.19,102.19,,2.6053,0,0.10371,0.065071,2.4443,0.38059,0.25448,70.521,70.521,6778.7,0.061672,0.20744,0.90526,0,,3.5719,87.157,4.1879,189.12,0
0.066111,0.75917,-0.13821,0.76304,-119.65,0,0.081916,0.31723,1.6713,0.24083,0.13515,0.14044,0.076162,0.081916,2176.9,0.16767,1.3172,0.081916,0.049014,76.349,1.3125,0.13514,0.039557,0.19012,0.1399,0.14685,2.5385,-0.24906,4.0442,0.44922,0.059594,138.06,2.6438,2.0312,0.12923,1.6713,0.67408,0.38246,0.077323,0.030901,0.14019,0.080861,93.263,16.915,0.18911,0.16368,82.747,0.089769,0.053713,0.58624,0.58327,0.37825,0.43397,0.6892,-1530.3,0.077323,0.27451,0.95137,0.58811,4.7807,21.579,127.39,2.8653,3.0116,0
0,0,0.36932,,-3227.9,0,0,,0.6359,0.70944,0,,0,0,,,,0,0,-29.34,-95.563,-0.46947,0,0,0.70944,,11.162,5.1457,4.9904,3.2886,0,0,,,-0.46947,1.7456,,0.70944,1.7553,,0,1.7553,-3975.6,-3946.2,0,,-18.658,-0.46947,1.7553,,0,0,9.8844,9.8844,36129,-0.57257,0,1.5726,0,-12.44,-0.092493,0,,-3.7265,0
0.14982,0.55898,0.31769,1.7782,86.395,0,0.14982,0.78898,1.452,0.44102,0.15728,0.36699,0.14103,0.14982,996.31,0.36635,1.789,0.14982,0.10318,4.9271,1.0191,0.15598,0.10318,0.16582,0.43771,0.36635,20.9,1.1591,4.1945,0.27227,0.10818,115.79,3.1522,2.3021,0.16518,1.452,14.484,0.48979,0.11376,0.40686,0.08833,0.10742,140.73,135.8,7.6437,1.7302,5.5595,0.10101,0.069569,1.2987,0.40824,0.31724,1.6091,1.787,4972.2,0.11376,0.33971,0.899,0.11057,74.081,2.6878,102.62,3.5568,5.2978,0
0.057755,0.86364,0.11938,1.1391,-69.029,0,0.081336,0.15789,1.7347,0.13636,0.14912,0.094794,0.051601,0.081336,3521.7,0.10364,1.1579,0.081336,0.046889,88.1,1.4145,0.14711,0.033295,0.14856,0.10398,0.076339,2.1704,5.2844,3.7907,0.44042,0.047186,198.45,1.8393,1.8273,0.15651,1.7347,,0.13636,0.090228,0.11817,0.1854,0.084804,184.33,96.229,0.13794,0.65116,96.837,0.13893,0.080092,1.1317,0.85803,0.5437,6.036,6.036,737.31,0.090228,0.42355,0.95355,0,4.143,3.793,180.54,2.0217,76.784,0
0.049773,0.73573,0.69461,3.4045,46.391,0,0.06552,0.3592,2.9185,0.26427,0.11689,0.22681,0.026402,0.06552,3485.1,0.10473,1.3592,0.06552,0.02245,40.578,0.88719,0.072769,0.017054,0.29109,0.21833,0.083328,1.4166,42.056,3.0367,0.19576,0.027168,37.07,9.8462,3.866,0.07414,2.9185,1.4748,0.71112,0.025404,0.58677,0.2909,0.024934,101.8,61.222,0.1534,2.2813,41.636,0.061235,0.020982,1.3368,0.28888,0.10156,16.001,43.056,755.91,0.025404,0.18834,0.97789,1.6908,8.995,5.9619,36.129,10.103,176.7,0
0.005161,0.56215,0.12196,1.3734,-22.88,0,0.005161,0.77888,1.3691,0.43785,0.049927,0.0158,0.036926,0.005161,4058.5,0.089934,1.7789,0.005161,0.00377,53.963,1.0164,0.024486,0.00377,0.16345,0.42329,0.089934,0.54698,0.2212,3.5358,0.37042,0.006298,84.528,4.3181,2.5092,-0.041403,1.3691,1.0656,0.66889,-0.030241,0.18768,0.26815,0.017884,103.25,49.292,0.025498,0.7537,52.379,-0.02091,-0.015272,0.79804,0.32665,0.23158,0.79409,1.2131,418.81,-0.030241,0.011788,0.99647,0.52768,6.7639,7.4049,87.084,4.1914,2.4831,0
0.075298,0.53206,0.44626,1.9166,-201.31,0,0.075298,0.87947,1.2188,0.46794,0.075306,0.15467,0.2148,0.075298,741.79,0.49205,1.8795,0.075298,0.061779,196.4,1.0267,0,0.061779,0.26573,0.38972,0.49205,0,6.6704,3.659,0.39323,0.13889,315.34,1.1575,1.0591,0.005727,1.2188,,0.46794,0.004698,0.11099,0.095093,0,263.25,66.852,0.11481,0.56952,424.8,-0.18651,-0.15302,1.7537,0.48684,0.86395,6.9944,6.9944,2035.2,0.53766,0.16091,0.46573,0,1.8584,5.4598,145.79,2.5035,18.218,0
-0.10507,1.3226,-0.22836,0.65749,-101.79,-0.66059,-0.11262,-0.25655,1.0079,-0.33932,-0.11262,-0.16891,-0.028015,-0.11262,-11240,-0.032473,0.75606,-0.11262,-0.073455,40.209,1.563,0.006238,-0.068536,-0.65367,-0.33932,-0.026772,0.041011,-0.40659,4.4114,0.84217,-0.073455,159.98,2.2816,0.004717,0.006238,1.6027,0.41081,0.31661,0.004069,0.066997,0.57289,0.004069,93.728,53.519,-0.62215,0.40417,40.525,-0.063426,-0.041371,0.33142,0.66671,0.43829,-0.60416,0.56372,-5888.7,0.0078,0.30966,0.9922,-1.9331,9.0776,6.82,158.73,2.2995,2.7297,0
0.10584,0.53613,0.26792,1.4997,11.686,0.14807,0.13066,0.69,1.079,0.36993,0.13066,0.24371,0.20547,0.13066,1311,0.27842,1.8652,0.13066,0.17985,59.42,1.1741,0.1252,0.14569,0.18018,0.36993,0.23213,1.8595,1.3673,5.5312,0.070337,0.17985,290.64,1.2558,0.23352,0.1252,0.81763,,0.36993,0.17233,1.1442,0.12257,0.17233,95.77,36.35,0.89493,1.2791,64.114,0.10659,0.14672,1.4997,0.53613,0.79628,1.8879,1.8879,91035,0.073213,0.28611,0.92679,0,6.1427,10.041,269.36,1.355,3.7075,0
0.089042,0.3599,0.32039,2.0448,-76.378,0,0.1087,1.7786,1.0111,0.6401,0.13575,0.35447,0.14844,0.1087,875.22,0.41704,2.7786,0.1087,0.1075,175.94,1.1916,0.13005,0.088062,0.21493,0.6401,0.36241,4.8091,0.85905,3.9884,0.31719,0.12164,124.9,2.9223,2.49,0.11498,1.0111,13.29,0.65061,0.11372,0.17449,0.069975,0.12862,207.04,31.093,0.18269,0.45537,198.52,0.088663,0.087687,1.7423,0.30666,0.3422,1.7163,1.7445,3119.4,0.11372,0.13911,0.89471,0.016415,2.0745,11.739,110.7,3.2973,2.7112,0
0.11331,0.25018,0.49678,2.9857,63.768,0,0.1366,2.9971,2.5473,0.74982,0.13971,0.546,0.071782,0.1366,499.42,0.73085,3.9971,0.1366,0.053626,8.5816,1.3215,0.10898,0.044481,0.33541,0.74071,0.63774,35.025,1.9633,3.7495,-0.087446,0.053653,36.748,9.9326,9.9326,0.06228,2.5473,,0.74982,0.02445,1.91,0.053724,0.042784,38.563,29.981,1.8919,2.7463,8.7966,0.062734,0.024628,2.9857,0.25018,0.10068,2.9633,2.9633,2790.7,0.02445,0.15111,0.95611,0,42.533,12.174,35.849,10.182,10.067,0
0.12113,0.40036,0.48832,2.4001,2.2227,0.34294,0.15125,1.3235,1.0647,0.52989,0.15125,0.43366,0.071333,0.15125,800.32,0.45607,2.4977,0.15125,0.05909,65.595,1.2215,0.17258,0.047323,0.42861,0.52989,0.38083,0.71783,2.9977,5.3117,0.15382,0.05909,52.951,6.8932,0.43107,0.17258,2.6621,7.3108,0.58147,0.067423,0.058157,0.064547,0.067423,116.47,50.88,0.26333,1.0812,69.836,0.14124,0.05518,2.0909,0.34878,0.14507,3.2528,3.5695,100090,0.060736,0.2286,0.93926,0.097343,5.5645,7.1738,49.735,7.339,15.713,0
0.024872,0.50796,0.28405,1.5851,5.2738,0,0.031075,0.96867,4.1095,0.49204,0.044811,0.064006,0.024423,0.031075,1847.3,0.19758,1.9687,0.031075,0.007562,19.718,1.0781,0.043062,0.006053,0.23302,0.33031,0.18537,3.135,1.2325,3.3475,0.10478,0.008243,43.587,8.374,8.0037,0.043935,4.1095,24.376,0.51451,0.010691,0.16655,0.1507,0.010479,61.168,41.451,0.11204,1.1278,19.931,-0.026227,-0.006382,1.515,0.48549,0.11942,2.1351,2.2325,632.27,0.010691,0.050549,0.99257,0.045651,18.511,8.8057,43.121,8.4645,17.832,0
0.24251,0.28879,0.50386,2.7562,56.367,0,0.30351,2.4627,1.9042,0.71121,0.33224,1.0579,0.16584,0.30351,333.79,1.0935,3.4627,0.30351,0.15939,40.617,1.1916,0.27089,0.12736,0.6586,0.70323,0.88228,9.4286,2.408,4.0982,0.046197,0.1594,63.419,5.7554,5.7178,0.2529,1.9042,,0.71121,0.13281,0.82315,0.033995,0.14226,106.31,65.691,1.1445,2.0176,46.837,0.25861,0.13581,2.7382,0.28691,0.17375,3.399,3.399,6317.2,0.13281,0.34099,0.84737,0,8.9864,5.5563,54.996,6.6369,9.1004,0
-0.18492,0.90535,0.011482,1.0335,-18.398,-0.30543,-0.19257,0.042467,0.90849,0.038448,-0.19257,-0.56141,-0.09194,-0.19257,-2357.5,-0.15483,1.1045,-0.19257,-0.12631,16.595,0.85643,-0.15335,-0.12129,-0.32315,0.038448,-0.14637,-0.91377,0.017787,5.741,0.58709,-0.12631,74.605,4.8924,-0.16938,-0.15335,1.5917,0.50714,0.60078,-0.10058,0.10356,-0.29486,-0.10058,76.365,59.77,-2.6677,0.83139,15.076,-0.20575,-0.13495,0.39156,0.34302,0.2044,0.059563,0.93072,6323.6,-0.10073,-4.8095,1.1007,14.626,21.995,6.1068,82.12,4.4447,2.3619,0
0.38642,0.19437,0.57531,3.9772,133.09,0,0.47732,4.1448,1.9055,0.80563,0.48088,2.4702,0.25894,0.47732,143.79,2.5384,5.1448,0.47732,0.2505,10.62,1.6233,0.48002,0.20279,,0.59918,2.0707,134.93,2.4856,3.6852,0.079972,0.2515,49.589,7.3605,7.3174,0.48319,1.9055,,0.80563,0.25358,0.21728,0.01306,0.25191,139.17,128.55,6.9699,3.6903,14.228,0.46394,0.24348,3.954,0.19324,0.13586,3.4806,3.4806,2786.7,0.25358,0.47964,0.74974,0,34.37,2.8393,37.015,9.861,8.2325,0
0.017326,0.50671,0.077071,1.163,-8.2365,0.046239,0.022381,0.85317,1.0052,0.43231,0.022381,0.047329,0.027971,0.022381,2069.4,0.17638,1.9735,0.022381,0.007005,16.908,1.0676,0.028123,0.005423,0.059582,0.43231,0.1664,0.08847,0.17125,4.6235,0.14902,0.007005,54.298,6.7222,0.055501,0.028123,3.2349,11.883,0.46614,0.008802,0.065153,0.17514,0.008802,59.304,42.396,0.11706,0.84999,16.995,-0.03887,-0.012165,1.0853,0.47289,0.14876,0.96061,1.0358,3239.1,0.005131,0.040078,0.99487,0.078241,21.588,8.6093,54.019,6.7569,7.0999,0
0.063092,0.81513,0.35744,1.7142,3.6712,-0.14678,0.064257,0.2268,4.6523,0.18487,0.11244,0.12839,0.01712,0.064257,3735.4,0.097714,1.2268,0.064257,0.013812,24.418,1.6912,0.10539,0.013561,0.068911,-0.024942,0.096284,2.1873,2.5157,2.6738,0.17243,0.013812,40.175,9.0853,5.5782,0.10539,4.6523,1.7374,0.49953,0.022652,0.025831,0.22497,0.022652,66.294,41.876,0.20272,1.0923,24.984,0.089994,0.019344,1.0525,0.50047,0.11007,1.3011,3.5157,168.66,0.022652,0.34128,0.98621,1.7021,14.948,8.7162,39.265,9.2959,32.744,0
0.025616,0.3557,0.42086,2.3456,85.294,0,0.025616,1.8113,1.2392,0.6443,0.033186,0.081898,0.048151,0.025616,2175.9,0.16775,2.8113,0.025616,0.020671,37.35,2.2813,0.019995,0.020671,0.36806,0.64101,0.16775,2.6414,1.58,4.1818,0.26122,0.021857,91.129,4.0053,3.5219,-0.013558,1.2392,,0.6443,-0.010941,0.11927,0.21937,0.016135,205.1,167.75,0.20201,1.9401,36.946,-0.014058,-0.011345,2.0625,0.31278,0.24967,2.4189,2.4189,6395.8,-0.010941,0.039758,0.98014,0,9.7725,2.1759,92.126,3.962,4.6523,0
0.07384,0.10688,0.56979,6.3313,119.8,0.16575,0.09343,5.7773,1.0323,0.61745,0.09343,0.87419,0.10107,0.09343,211.74,1.7238,9.3566,0.09343,0.051254,0,1.0475,0.085247,0.040507,0.21689,0.61745,1.5405,0.48275,1.7622,4.5475,-0.068672,0.051254,22.091,16.522,0.79762,0.085247,1.8739,,0.61745,0.046765,2.2868,0.019958,0.046765,86.552,86.552,,6.3313,0,-0.005561,-0.003051,6.3313,0.10688,0.060524,1.9096,1.9096,20100,0.031284,0.11959,0.96872,0,,4.2171,21.4,17.056,5.6377,0
0.05761,0.82157,0.057439,1.0767,-26.631,-0.045056,0.075289,0.21718,2.2049,0.17843,0.091722,0.10047,0.034146,0.075289,3982.9,0.091641,1.2172,0.075289,0.034146,29.581,2.0744,0.090715,0.026128,0.39626,0.013708,0.070122,5.5205,0.29729,4.0298,0.32236,0.041597,136.23,2.7015,2.464,0.091705,2.2049,8.8297,0.24957,0.041592,0.18588,0.30189,0.041143,110.5,80.918,0.3224,0.83819,32.219,0.090715,0.041143,0.98202,0.74935,0.37017,0.92353,1.2917,615.24,0.089382,0.32287,0.92558,0.39867,12.339,4.5107,124.05,2.9424,11.412,1
-0.10395,0.9201,-0.21018,0.77157,-36.009,0,-0.10395,0.086842,2.5422,0.079904,-0.094572,-0.11298,0.013259,-0.10395,9963.3,0.036635,1.0868,-0.10395,-0.040891,8.5258,1.521,-0.38462,-0.040891,-0.82787,-0.097039,0.036635,-40.998,-0.72455,2.4511,0.2735,-0.037201,114.74,3.181,3.181,-0.38462,2.5422,,0.079904,-0.15129,0.25457,-0.12419,-0.15129,68.299,59.773,-1.7506,0.70703,7.4054,-0.52228,-0.20544,0.77157,0.9201,0.31437,0.27546,0.27546,-59.391,-0.15129,-1.301,1.0367,0,42.811,6.1064,132.1,2.763,8.7639,0
0.097711,0.1805,0.81578,5.5195,85.329,0,0.12251,4.5401,3.5481,0.8195,0.14234,0.67871,0.036026,0.12251,515.42,0.70816,5.5401,0.12251,0.034528,0,1.0499,0.13669,0.027539,0.35807,0.66316,0.57078,6.894,219.2,3.1281,0.0001,0.034531,19.324,18.889,18.889,0.13859,3.5481,,0.8195,0.03906,1.0474,0.042371,0.038524,83.041,83.041,,5.5195,0,0.13137,0.037026,5.5195,0.1805,0.052941,220.2,220.2,1095.8,0.03906,0.11923,0.96553,0,,4.3954,18.569,19.657,953.36,0
0.21152,0.20843,0.74244,4.562,87.555,0,0.26353,3.7978,3.1397,0.79157,0.36159,1.2644,0.085286,0.26353,284.11,1.2847,4.7978,0.26353,0.083934,5.4659,1.4954,0.2768,0.067368,0.69557,0.78917,1.0352,2.8228,15.11,4.3601,-0.049865,0.084979,26.582,13.731,13.731,0.27775,3.1397,,0.79157,0.088462,1.753,0.024721,0.08816,68.063,62.597,4.4987,4.3364,5.9963,0.27256,0.086808,4.562,0.20843,0.072827,16.11,16.11,17012,0.088462,0.26722,0.91828,0,66.778,5.8309,24.23,15.064,63.902,0
0.17806,0.72485,0.25039,1.3592,-10.837,0,0.17806,0.3796,13.762,0.27515,0.24146,0.25545,0.014367,0.17806,1338.1,0.27278,1.3796,0.17806,0.012939,17.51,1.0548,0.090137,0.012939,0.47943,0.15168,0.27278,1.4218,4.7639,3.0845,0.052435,0.01714,18.381,19.858,19.096,-0.079859,13.762,,0.27515,-0.005803,0.013633,0.22005,0.00655,24.876,7.3663,0.26971,0.41208,17.409,0.070474,0.005121,1.3071,0.69705,0.050358,5.2351,5.2351,304.18,-0.005803,0.64713,0.98736,0,20.845,49.55,18.487,19.743,261.83,0
0.041157,0.4025,0.28311,2.0517,173.29,0,0.050246,1.4844,0.59996,0.5975,0.059638,0.18666,0.14836,0.050246,1650.5,0.22114,2.4844,0.050246,0.083749,18.942,1.1863,0.046209,0.0686,0.10326,0.29901,0.19856,4.9198,0.63236,5.1604,0.67089,0.083749,233.45,1.6138,1.0793,0.17909,0.59996,3.9091,0.73082,0.2985,0.2528,0.15789,0.077021,294.6,275.66,1.3219,1.9361,26.161,0.007444,0.012407,1.3721,0.26918,0.61965,1.3346,1.6324,2.0517,0.2985,0.068883,0.70303,0.22313,19.269,1.3241,163.77,2.2288,1.3401,0
0.011078,0.4531,0.12467,1.3572,1.04,0.039594,0.013461,1.099,1.0048,0.49795,0.013461,0.038569,0.028232,0.013461,2506.5,0.14562,2.207,0.013461,0.00576,18.07,1.2162,0.012976,0.00474,0.044122,0.49795,0.14036,0.055789,0.23686,4.2964,0.19081,0.00576,54.768,6.6645,0.028639,0.012976,2.3583,3.4387,0.60205,0.005552,0.027385,0.22744,0.005552,72.482,54.412,0.09574,1.0257,18.157,-0.039544,-0.01692,1.0454,0.349,0.15005,0.94608,1.1439,2467,0.00479,0.022246,0.99521,0.20905,20.199,6.7081,54.505,6.6966,4.4403,0
-0.23787,0.95856,0.021619,1.0227,-48.828,0.27435,-0.23787,0.043232,2.6925,0.04144,-0.097898,-0.24963,-0.085689,-0.23787,-1516.5,-0.24069,1.0432,-0.23787,-0.088345,53.424,1.083,-0.097913,-0.088345,0.020501,0.036483,-0.24069,-0.69952,0.84736,4.0038,0.28869,-0.088345,124.9,2.9224,2.9051,-0.092187,2.6925,,0.04144,-0.034239,0.19468,-0.35205,-0.036365,106.96,53.532,-0.60358,0.6091,51.656,-0.10506,-0.039021,1.0166,0.95287,0.34218,1.6243,1.6243,218.06,-0.034239,-5.7401,1.0876,0,6.8321,6.8184,129.17,2.8257,105.53,0
-0.21248,1.1735,-0.20052,0.82686,-76.012,-0.13818,-0.22118,-0.14786,2.4966,-0.17352,-0.16491,-0.19098,-0.082446,-0.22118,-2081,-0.1754,0.85214,-0.22118,-0.088592,51.816,1.3295,-0.16493,-0.085108,-0.17784,-0.17527,-0.16799,-2.931,-4.7324,4.4546,0.45967,-0.088589,158.84,2.2978,2.2677,-0.16465,2.4966,507.16,-0.17233,-0.065949,0.025586,-0.2615,-0.066064,135.67,83.856,-0.59951,0.52084,48.61,-0.18028,-0.07221,0.81603,1.1581,0.43519,-4.0952,-4.0671,-5711.5,-0.065949,1.2245,1.0874,-0.006855,7.0442,4.3527,169.32,2.1557,58.922,0
0.003813,0.28333,0.1853,2.8148,67.177,0.010735,0.002723,2.5294,0.51036,0.71667,0.022017,0.026672,0.065528,0.002723,3092.4,0.11803,3.5294,0.002723,0.005336,74.473,0.96873,0.002979,0.00747,0.034706,0.64249,0.12188,0.15439,0.26003,5.5167,0.55517,0.005336,86.171,4.2849,1.5441,0.077879,0.51036,1.0112,0.8979,0.1526,0.060675,0.28026,0.005837,201.11,126.64,0.036613,1.7949,86.876,-0.027741,-0.054355,1.0143,0.1021,0.23338,1.0057,1.26,2.8148,0.1526,0,0.85539,0.25288,4.9011,2.8822,73.022,4.9985,0.71619,0
0.005304,0.24072,0.52455,3.179,91.598,0.28394,0.023808,2.9012,1.0025,0.6984,0.023808,0.098899,0.026713,0.023808,1753.6,0.20815,4.1541,0.023808,0.012693,5.5126,0.59812,0.009772,0.002828,0.3702,0.6984,0.13128,0.052229,2.2347,4.2765,-0.21636,0.012693,46.962,7.7722,0.040594,0.009772,1.9101,,0.6984,0.00521,2.7974,0.21941,0.00521,17.878,12.365,0.18724,3.0614,5.5264,-0.016526,-0.008811,3.179,0.24072,0.12866,2.9753,2.9753,9915,0.002513,0.007595,0.99749,0,66.213,29.519,46.844,7.7918,7.9909,0
0.45635,0.17983,0.78685,5.6008,106.52,0,0.56386,4.561,1.8776,0.82017,0.5698,3.2969,0.3008,0.56386,116.21,3.1408,5.561,0.56386,0.3003,6.8183,1.6174,0.5613,0.24304,1.0662,0.81341,2.5429,94.497,18.68,4.3458,0.008006,0.3003,47.521,7.6809,7.305,0.56401,1.8776,,0.82017,0.30038,3.0882,0.010661,0.29894,83.533,76.715,13.011,5.3957,9.7457,0.56037,0.29844,5.3267,0.17103,0.13019,19.472,19.472,17447,0.30038,0.5564,0.70105,0,53.533,4.7579,33.246,10.979,44.576,0
0.089839,0.046631,0.92284,20.79,236.65,-0.067354,0.10197,20.445,1.4844,0.95337,0.102,2.1867,0.080876,0.10197,141.77,2.5745,21.445,0.10197,0.068693,0.12529,0.92457,0.071797,0.060522,-0.008612,0.87449,2.3144,2482.5,30.233,3.5802,-0.49248,0.068693,12.003,30.41,30.41,0.066372,1.4844,,0.95337,0.044713,16.721,0.017294,0.048368,46.654,46.529,176.31,20.779,0.13116,0.053714,0.036185,20.79,0.046631,0.032884,31.233,31.233,3509.9,0.044713,0.094233,0.93357,0,2913.2,7.8445,11.466,31.833,48.63,0
-0.11402,0.46381,0.064427,1.2737,-18.517,0,-0.11402,1.1561,1.8719,0.53619,-0.10856,-0.48439,-0.014359,-0.11402,-6298.2,-0.057953,2.1561,-0.11402,-0.06091,32.77,0.9033,-0.10858,-0.06091,-0.26655,0.51677,-0.057953,-19.909,0.092013,3.9041,0.21427,-0.058394,40.036,9.1168,4.6267,-0.27405,1.8719,0.94294,0.67591,-0.1464,0.2761,-0.72107,-0.058005,45.788,13.018,-0.67842,0.55972,28.585,-0.19571,-0.10456,0.6464,0.23538,0.10969,0.76578,0.96532,516.67,-0.1464,-0.21264,1.0559,0.26058,11.138,28.039,45.897,7.9526,2.6733,0
0.029268,0.68191,-0.027012,0.91494,-18.414,0,0.029268,0.46647,2.3092,0.31809,0.071784,0.092167,0.043115,0.029268,2499.9,0.14601,1.4665,0.029268,0.012675,8.0448,1.1729,0,0.012675,0.075023,0.22844,0.14601,0,-0.038075,4.1614,0.24471,0.030989,64.259,5.6801,2.6452,0.004155,2.3092,1.3532,0.49519,0.001799,0.40173,0.32336,0,25.76,17.715,0.57505,0.75466,10.299,-0.070295,-0.030441,0.42608,0.31756,0.17605,0.44836,0.69799,-391.71,0.21889,0.092014,0.79965,0.55678,45.371,20.604,50.194,7.2718,3.2549,0
0.12616,0.13878,0.43612,6.0167,151.37,0,0.15608,6.2058,1.0051,0.86122,0.15767,1.7954,0.2022,0.15608,249.25,1.4644,7.2058,0.15608,0.15529,35.537,0.94551,0.14669,0.12553,0.55332,0.12616,1.2488,92.419,0.91439,5.4834,-0.1837,0.15529,37.306,9.7839,6.1289,0.15454,1.0051,815.75,0.86174,0.15375,3.7256,0.023865,0.14595,72.332,36.795,1.2893,4.8911,41.994,0.099549,0.099046,3.769,0.086933,0.10221,1.8057,1.8068,132730,0.15375,0.14649,0.8466,0.000605,10.271,9.9197,31.57,11.562,2.1073,0
0.28129,0.12036,0.42369,4.5201,55.785,0,0.28129,7.3083,1.5617,0.87964,0.28283,2.337,0.20184,0.28129,139.38,2.6188,8.3083,0.28129,0.18012,53.368,1.1131,0.28227,0.18012,0.90481,0.12774,2.6188,182.69,0.92925,3.8041,0.06254,0.18111,34.357,10.624,10.624,0.28294,1.5617,,0.87964,0.18118,0.20906,0.012689,0.18075,121.28,67.911,1.2319,2.6231,65.176,0.24836,0.15904,4.5201,0.12036,0.094128,1.9292,1.9292,2698.8,0.18118,0.31978,0.81995,0,6.8394,5.3747,28.132,12.975,3.4251,0
0.094502,0.6437,0.05704,1.1286,9.2163,0,0.11785,0.55351,1.9309,0.3563,0.14562,0.26574,0.071347,0.11785,1705.5,0.21402,1.5535,0.11785,0.061035,0,1.1924,0.1456,0.048942,0.23741,0.28568,0.17774,5.2436,0.1142,3.4733,0.26763,0.075253,90.796,4.02,2.7696,0.14809,1.9309,2.5311,0.55404,0.076694,0.31307,0.12964,0.075405,68.369,68.369,,1.1286,0,0.12569,0.065092,0.77757,0.44348,0.24876,0.71334,1.1093,169.62,0.076694,0.26523,0.93901,0.55501,,5.3386,83.832,4.3539,3.8659,0
-0.22158,1.0464,-0.27628,0.43293,-107.08,-0.22158,-0.22158,-0.056671,0.8713,-0.059298,-0.22158,-0.4548,-0.088124,-0.22158,-3332.2,-0.10954,0.9557,-0.22158,-0.17037,37.388,0.68398,-0.22593,-0.17037,-0.22158,-0.059298,-0.10954,,-0.35013,4.3894,0.78535,-0.17037,119.13,3.0638,-0.21592,-0.22593,1.3587,0.13896,0.49985,-0.17371,0.056608,-0.28917,-0.17371,51.454,14.066,-1.6632,0.15948,32.576,-0.3329,-0.25595,0.20158,0.48721,0.32639,-0.075148,0.63346,-6771.8,-0.14771,3.7368,1.1477,-9.4295,9.7624,25.949,136.73,2.6695,1.6483,1
0.030005,0.51583,0.16926,1.4977,-49.338,0,0.030005,0.93862,1.1583,0.48417,0.030005,0.088222,0.076441,0.030005,2126.4,0.17165,1.9386,0.030005,0.025904,94.583,1.1949,0,0.025904,0.24688,0.37399,0.17165,,0.345,4.259,0.43966,0.052677,119.32,3.0591,2.017,0.009891,1.1583,1.3209,0.64255,0.008539,0.030066,0.29373,0,157.29,62.703,0.099965,0.61513,105.3,-0.058539,-0.050537,0.98749,0.34011,0.3269,0.98684,1.3097,3072.7,0.10179,0.061973,0.8987,0.32713,3.8591,5.8211,107.17,3.4057,2.361,0
-0.12104,1.0814,-0.79326,0.26644,-601.57,-1.4785,-0.12104,-0.09522,0.80467,-0.10297,-0.12104,-0.11193,-0.2677,-0.12104,-3345,-0.10912,0.92475,-0.12104,-0.27459,88.582,0.76693,-0.01363,-0.27459,-1.4486,-0.10297,-0.10912,-0.24883,-1.1143,4.8117,2.438,-0.27459,720.55,0.50656,-0.012605,-0.01363,0.62458,,-0.10297,-0.030924,0.015549,-3.3562,-0.030924,224.66,136.08,-1.1315,0.16751,71.279,-0.016668,-0.037815,0.26644,1.0814,1.9741,-0.14464,-0.14464,-51412,-0.24275,1.1755,1.2427,0,4.1205,2.6823,895.46,0.40761,0.61918,0
0.06848,0.42167,0.12164,1.5431,41.764,0,0.06848,1.3715,1.0689,0.57833,0.091842,0.30573,0.090555,0.06848,1590.1,0.22955,2.3715,0.06848,0.064066,3.6673,1.0457,0.089555,0.064066,0.18506,0.3379,0.22955,3.8334,0.18589,3.6938,0.39449,0.083337,83.533,4.3695,2.3211,0.090165,1.0689,1.6941,0.77601,0.084353,0.002865,0.11925,0.083783,117.8,114.14,6.3763,1.4951,4.0052,0.061241,0.057294,0.81967,0.22399,0.22886,0.88379,1.1859,601.06,0.084353,0.11841,0.9362,0.34182,99.528,3.1979,76.487,4.7721,1.6335,0
0.063326,0.55605,0.1499,1.2881,-41.367,0.36993,0.087758,0.7984,2.1671,0.44395,0.09529,0.16866,0.06332,0.087758,1479.1,0.24678,1.7984,0.087758,0.040496,63.395,1.7398,0.092929,0.029222,0.24377,0.43326,0.20284,12.337,0.45456,3.67,0.24272,0.043972,92.181,3.9596,3.7053,0.10677,2.1671,,0.44395,0.049268,0.066566,0.13017,0.042882,107.05,43.659,0.16825,0.56473,66.68,0.043467,0.020058,1.2053,0.52033,0.25255,1.3463,1.3463,701.11,0.049268,0.14264,0.95969,0,5.7576,8.3603,87.64,4.1648,6.5715,0
0.092329,0.283,0.45208,2.6936,14.483,0,0.092329,2.5336,2.8621,0.717,0.094937,0.34589,0.090225,0.092329,400,0.91251,3.5336,0.092329,0.032259,44.909,1.2437,0,0.032259,0.11098,0.29944,0.91251,0,1.6089,3.7315,0.087622,0.072844,43.145,8.4599,7.9798,0.03239,2.8621,64.689,0.72268,0.011317,0.17969,0.056859,0,85.577,40.668,0.26219,1.3744,56.918,-0.16591,-0.057966,2.5407,0.26694,0.11821,2.5518,2.5719,2436,0.21099,0.12877,0.79049,0.00791,8.1276,8.975,34.042,10.722,10.186,0
-0.046184,0.58821,0.22755,1.3869,-143.71,-0.23751,-0.046138,0.63621,1.0028,0.37423,-0.046138,-0.078438,-0.004461,-0.046138,-39461,-0.00925,1.7001,-0.046138,-0.037827,208.24,0.88912,-0.002531,-0.037864,-0.23773,0.37423,-0.009328,-0.020806,1.2351,3.9474,0.47318,-0.037827,176.51,2.0679,-0.004303,-0.002531,1.234,,0.37423,-0.002075,0.020503,0.50668,-0.002075,240.51,32.267,-0.066369,0.20382,208.82,-0.043228,-0.035441,1.3869,0.58821,0.48359,2.0312,2.0312,2015.9,0.002771,-0.12341,0.99723,0,1.7528,11.312,176.02,2.0736,6.6204,0
0.054102,0.15329,0.33132,3.4103,46.498,0.20327,0.06776,4.8987,1.0332,0.75094,0.06776,0.49295,0.10574,0.06776,349.64,1.0439,6.5235,0.06776,0.044776,35.361,1.1238,0.065552,0.03575,0.23446,0.75094,0.95482,0.44755,0.62368,5.1232,0.007164,0.044776,34.255,10.655,0.42763,0.065552,1.551,20.348,0.76677,0.043317,1.0905,0.031934,0.043317,76.911,41.55,0.36902,2.3437,36.535,-0.026712,-0.017651,3.0581,0.13746,0.093849,1.4136,1.4434,43997,0.032135,0.072046,0.96787,0.021084,10.322,8.7845,33.154,11.009,2.8487,0
0.34808,0.50939,0.070485,1.3995,-18.845,0.13369,0.34808,0.96314,1.298,0.49061,0.374,1.9729,0.26837,0.34808,533.76,0.68383,1.9631,0.34808,0.26817,30.776,1.2925,0,0.26817,0.8283,0.48176,0.68383,0,0.093594,4.3558,0.38264,0.53633,78.754,4.6347,1.6052,0.014378,1.298,0.47625,0.77926,0.011077,0.093853,65.428,0,64.776,34,3.1804,0.77918,48.854,-0.00026,-0.0002,0.48472,0.17642,0.21576,0.65146,1.0347,1599.2,0.37004,0.70947,0.64559,0.58834,11.86,10.735,49.612,7.3571,1.7235,0
0.051717,0.31152,0.27298,3.0833,47.175,0.23843,0.056729,2.1861,1.0478,0.681,0.056729,0.43293,0.15789,0.056729,787.52,0.46348,3.2101,0.056729,0.062037,63.002,1.1493,0.039975,0.056557,0.25843,0.681,0.44739,0.45804,0.45804,4.8831,0.19079,0.062037,54.802,6.6603,0.12832,0.039975,0.96301,1.364,0.86148,0.043716,1.1396,0.080245,0.043716,101.66,38.661,0.32766,1.8787,66.012,-0.047679,-0.052141,1.2969,0.13103,0.15014,1.1426,1.4455,20857,0.045591,0.075943,0.95441,0.26503,5.7935,9.4409,52.303,6.9785,1.5343,0
0.032618,0.74375,0.052153,1.1584,-49.698,0.11127,0.044782,0.33163,1.0545,0.24665,0.044782,0.13602,0.045104,0.044782,2981.4,0.12242,1.3445,0.044782,0.022183,55.707,1.2193,0.11684,0.016157,0.14182,0.24665,0.10607,0.61029,0.084305,4.8942,0.36333,0.022183,62.768,5.815,0.15709,0.11684,2.0409,0.17674,0.66118,0.057875,0.037088,0.14991,0.057875,66.746,11.039,0.10586,0.22254,58.743,0.070565,0.034954,0.51277,0.32922,0.17197,0.39871,1.0688,4087.9,0.051681,0.13224,0.94832,1.6806,6.5521,33.065,59.524,6.1319,3.2633,0
0.080548,0.54418,0.17008,1.3128,-5.6059,0,0.10854,0.83762,3.1325,0.45582,0.12484,0.19962,0.047605,0.10854,1332,0.27403,1.8376,0.10854,0.03465,24.919,1.1231,0.071095,0.025714,0.33114,0.08007,0.22259,4.3612,0.59429,3.2312,0.17289,0.039854,64,5.7031,5.6985,0.031438,3.1325,,0.45582,0.010036,0.011927,0.16243,0.022696,82.42,57.501,0.37664,0.91948,25.172,0.030513,0.009741,1.3117,0.54374,0.17534,1.5927,1.5927,289.64,0.010036,0.17671,0.96662,0,14.647,6.3478,63.358,5.761,10.946,0
0.083122,0.46927,0.53073,2.131,107.45,0,0.083122,1.131,2.4372,0.53073,0.083122,0.17713,0.034106,0.083122,2060.6,0.17713,2.131,0.083122,0.034106,6.3884,0.8037,0,0.034106,0.62781,0.22724,0.17713,,,2.219,-0.085189,0.076211,104.75,3.4844,3.4844,0.005291,2.4372,,0.53073,0.002171,1.4424,,0,48.389,42,1.9486,2.0401,9.522,0,0,2.131,0.46927,0.28699,,,87.875,0.32909,0.15662,0.6755,0,57.134,8.6904,70.279,5.1936,,0
0.15496,0.23175,0.6242,3.6977,3.2954,0.3369,0.19307,3.295,1.1636,0.76362,0.19307,0.83441,0.14641,0.19307,382.49,0.95426,4.315,0.19307,0.12782,147.55,1.0454,0.20843,0.10259,0.41934,0.76362,0.7898,1.6057,4.3221,4.995,0.11033,0.12782,65.06,5.6102,0.89938,0.20843,1.5156,669.8,0.76398,0.13799,0.28973,0.032215,0.13799,190.54,42.99,0.25376,1.0586,171.7,0.18035,0.1194,3.6918,0.23138,0.17825,5.2875,5.29,61703,0.14062,0.20292,0.85938,0.000479,2.4737,8.4904,55.912,6.5281,10.459,0
0.33493,0.45262,0.49784,2.2239,53.838,0,0.40602,1.2094,2.6487,0.54738,0.42098,0.99814,0.16523,0.40602,377.49,0.96692,2.2094,0.40602,0.15329,21.127,1.4629,0.41946,0.12645,1.0272,0.51189,0.80984,28.04,5.2198,4.2281,0.12413,0.15894,66.614,5.4793,4.9244,0.41979,2.6487,17.261,0.59091,0.15849,0.34361,0.033447,0.15836,105.4,84.273,2.1846,1.847,25.106,0.38783,0.14643,1.9986,0.40678,0.1825,5.7392,6.1956,8416.8,0.15849,0.61188,0.84715,0.079518,17.277,4.3312,56.056,6.5113,27.771,0
-0.078878,0.12147,-0.053546,0.53034,-87.303,0,-0.078878,7.2327,0.30855,0.87853,-0.054222,-0.69184,-0.075054,-0.078878,-1914.5,-0.19066,8.2327,-0.078878,-0.25564,33.223,0.63755,-0.054716,-0.25564,-0.24668,0.86637,-0.19066,-2.2192,-0.056992,4.6931,0.38876,-0.17573,105.13,3.472,3.259,-0.087298,0.30855,4.3437,0.88599,-0.28293,0.020758,4.0341,-0.17733,68.727,35.504,-2.8085,0.28401,25.896,-0.11044,-0.35791,0.4978,0.11401,0.28802,0.93507,0.94301,-2641.3,-0.28293,-0.089783,1.2291,0.008485,10.986,10.281,134.87,2.7063,0.32841,0
-0.25245,0.58239,0.64248,5.2468,-3209.4,0,-0.25245,0.71705,0.57919,0.41761,0.096408,-1.6687,-0.17771,-0.25245,-2065.2,-0.17673,1.7171,-0.25245,-0.43587,286.91,0.87962,0,-0.43587,-0.11719,0.41175,-0.17673,0,3.1154,3.9312,0.92792,-0.85096,428.46,0.85189,0.22129,0.070776,0.57919,1.0565,0.73801,0.1222,0.31835,0.12984,0,469.88,182.97,-0.55451,2.2375,1289.4,-0.14952,-0.25816,1.3629,0.15129,1.1739,2.025,3.5786,5484,0.77748,-0.60452,1.0068,0.76724,1.2722,1.9948,95.34,3.8284,2.8085,0
0.017406,0.49727,0.23306,1.844,15.883,0,0.017406,1.011,2.3664,0.50273,0.047826,0.063032,0.035569,0.017406,2156.4,0.16926,2.011,0.017406,0.007356,14.218,1.1112,0.033046,0.007356,0.054124,0.40513,0.16926,1.0863,0.47487,2.713,0.20319,0.02021,33.611,10.86,6.0306,-0.63241,2.3664,3.5244,0.62106,-0.26725,0.10127,0.16607,0.013965,74.228,60.01,0.18883,1.5102,11.22,-0.033718,-0.014249,1.024,0.27614,0.092085,1.0243,1.2654,120.35,-0.26725,0.034623,0.99429,0.23537,25.672,6.0823,42.593,8.5694,4.8216,0
0.10333,0.04554,0.43633,10.581,229.38,0.28158,0.12871,20.546,1.1748,0.9357,0.12871,2.8263,0.23843,0.12871,94.008,3.8826,21.958,0.12871,0.17356,27.999,1.147,0.11656,0.13934,0.35039,0.9357,3.3254,1.8465,0.84213,4.4935,-0.287,0.17356,26.333,13.861,2.5594,0.11656,0.76297,,0.9357,0.15717,5.8468,0.009093,0.15717,106.12,78.119,1.8164,9.332,32.894,0.068448,0.092301,10.581,0.04554,0.072146,1.8059,1.8059,13592,0.14881,0.11043,0.85119,0,13.036,4.6723,22.415,16.284,1.4313,0
-0.09266,0.6846,-0.12397,0.76691,-288.14,-0.27626,-0.099359,0.46071,1.018,0.3154,-0.033362,-0.18682,-0.043629,-0.099359,-5626,-0.064877,1.4607,-0.099359,-0.097602,117.53,1.0354,-0.033411,-0.091021,-0.40992,0.006729,-0.055091,-0.50624,-0.20936,5.0134,0.67249,-0.097602,296.01,1.3174,1.0234,0.36222,1.018,0.52418,0.46816,0.35582,0.0548,1.0597,-0.03282,135.79,18.261,-0.28268,0.15056,170.77,-0.088355,-0.086792,0.59578,0.53184,0.7591,0.53266,0.79064,0.76691,0.35582,-0.29378,0.71239,0.48434,3.1056,19.988,190.69,1.9141,1.7192,0
0.015977,0.78663,0.034564,1.0459,-38.346,0,0.015977,0.27125,2.5473,0.21337,0.13234,0.02122,0.014621,0.015977,7709.2,0.047346,1.2712,0.015977,0.006272,41.934,1.2146,0.10305,0.006272,0.15789,0.20877,0.047346,0.88555,0.16264,3.8289,0.26596,0.012968,112.43,3.2464,3.1072,0.10305,2.5473,14.678,0.24708,0.040453,0.14498,0.21093,0.040453,97.197,55.263,0.054594,0.65722,43.702,0.081779,0.032104,1.0011,0.75292,0.30804,1.004,1.1626,233.07,0.040453,0.074879,0.9938,0.158,8.7042,6.6048,107.89,3.3832,11.986,0
0.014362,0.79393,0.45735,1.8998,26.386,0,0.029397,0.25956,1.5103,0.20607,0.094609,0.057834,0.026344,0.029397,7283.5,0.050114,1.2596,0.029397,0.019465,82.465,1.5553,0.052671,0.00951,0.072589,0.19,0.031177,0.80768,13.312,3.8452,0.49515,0.036236,128.76,2.8347,1.8148,0.069404,1.5103,2.1861,0.49171,0.045955,0.11295,0.41966,0.034875,219.5,137.04,0.042091,1.2285,86.437,0.042281,0.027996,1.2163,0.50829,0.35277,5.9979,14.312,3202.3,0.045955,0.069696,0.98128,1.3861,4.4261,2.6635,122.84,2.9713,43.958,0
0.13357,0.59551,0.067387,1.1142,-58.206,0.16059,0.14993,0.60296,1.1269,0.35907,0.14993,0.25409,0.11411,0.14993,1092.9,0.33397,1.6792,0.14993,0.086024,16.641,1.2249,0.18907,0.076633,0.19025,0.35907,0.30649,1.2224,0.19673,6.1522,0.33029,0.086024,139.25,2.6211,0.31749,0.18907,1.7577,106.48,0.3645,0.10848,0.42354,0.082254,0.10848,85.348,68.706,1.6808,0.97953,18.753,0.14012,0.080394,1.104,0.59009,0.38152,1.0483,1.0642,95672,0.1126,0.37198,0.8874,0.015117,21.933,5.3125,123.57,2.9537,5.0885,0
0.1271,0.013388,0.68635,52.268,825.4,0.48045,0.15708,73.696,0.46162,0.98661,0.1571,11.733,0.38813,0.15708,27.273,13.383,74.696,0.15708,0.34028,1.7983,1.3935,0.14049,0.27532,,0.98065,11.144,8924.4,2.2859,3.9235,-1.2422,0.34031,15.26,23.918,23.918,0.14141,0.46162,,0.98661,0.30634,43.876,0.002745,0.30434,88.837,87.039,55.884,52.098,2.5924,0.1184,0.25649,52.268,0.013388,0.041809,3.2859,3.2859,5755.1,0.30634,0.12882,0.67184,0,202.97,4.1935,10.585,34.481,1.5374,0
-0.35723,0.15923,0.79847,6.0145,28.793,-0.35723,-0.35665,5.2813,0.87928,0.84095,-0.35665,-2.2398,-0.16896,-0.35665,-174.5,-2.0917,6.2801,-0.35665,-0.18093,111.67,0.93321,-0.33306,-0.18122,-0.35665,0.84095,-2.0953,,18.684,3.0179,0.015404,-0.18093,25.925,14.079,-2.0917,-0.33306,1.9722,,0.84095,-0.16896,0.92225,-0.016916,-0.16896,150.14,38.474,-0.59235,2.2272,98.188,-0.35665,-0.18093,6.0145,0.15923,0.071027,19.678,19.678,832.01,-0.13729,-0.42479,1.1373,0,3.2686,9.4869,29.484,12.379,46.126,1
0.16694,0.12937,0.24936,2.9274,38.917,0.3818,0.17335,6.6714,1.1337,0.8631,0.17335,1.3399,0.16668,0.17335,228.66,1.5963,7.7296,0.17335,0.13991,38.183,1.4493,0.14554,0.13474,0.40066,0.8631,1.5467,1.3318,0.40137,5.6416,0.044859,0.13991,43.21,8.4471,1.125,0.14554,1.2802,,0.8631,0.11747,0.61058,0.023801,0.11747,88.304,50.121,1.288,1.9256,43.289,0.11238,0.090703,2.9274,0.12937,0.11838,1.3893,1.3893,109260,0.11795,0.19342,0.88205,0,9.5592,7.2824,38.114,9.5766,1.9942,0
0.11911,0.5049,0.19717,1.3905,-76.361,0,0.14203,0.98057,1.7798,0.49509,0.16703,0.28131,0.10275,0.14203,1007.7,0.36221,1.9806,0.14203,0.079804,109.8,0.90625,0.16701,0.066924,0.4413,0.43375,0.3168,6.6828,0.66184,2.9283,0.28048,0.093846,114.1,3.239,3.239,0.16456,1.7798,,0.49509,0.09246,0.011303,0.080969,0.093839,142.81,33.013,0.22247,0.33013,119.5,0.12617,0.070888,1.3905,0.5049,0.30874,1.6618,1.6618,167.15,0.09246,0.24058,0.93291,0,3.3242,11.056,103.55,3.525,5.974,1
-0.089161,0.39714,-0.14603,0.52121,-157.56,-0.089161,-0.086738,1.504,0.87147,0.59729,-0.086738,-0.2844,-0.17056,-0.086738,-2200,-0.16591,2.518,-0.086738,-0.22453,33.048,0.52538,-0.073689,-0.2308,-0.086738,0.59729,-0.17201,,-0.17363,4.8854,1.0244,-0.22453,251.13,1.4534,-0.18555,-0.073689,0.39588,1.3454,0.68945,-0.19075,0.017293,-0.2471,-0.19075,145.21,112.16,-2.5491,0.40652,28.8,-0.094537,-0.24472,0.40027,0.30499,0.68802,0.71019,0.81976,-11216,-0.14749,-0.14927,1.1475,0.15429,11.045,3.2542,288.17,1.2666,0.45932,1
0.08308,0.076455,0.55571,8.2684,25.719,0,0.08308,12.08,1.2269,0.92354,0.084961,1.0866,0.10106,0.08308,225.06,1.6218,13.08,0.08308,0.067715,141.56,0.99525,0.084349,0.067715,0.2159,0.12049,1.6218,44.833,1.5108,4.0704,0.007602,0.067803,24.355,14.987,14.987,0.081089,1.2269,,0.92354,0.066092,0.89007,0.020345,0.068749,167.82,26.258,0.17459,2.0445,151.58,0.043437,0.035404,8.2684,0.076455,0.066725,2.5108,2.5108,6535.4,0.066092,0.089957,0.93252,0,2.5783,13.9,22.745,16.047,3.3355,0
0.050272,0.055723,0.53429,10.588,56.735,0,0.062065,16.946,2.2673,0.94428,0.062065,1.1138,0.042915,0.062065,209.04,1.7461,17.946,0.062065,0.027374,30.958,1.0914,0.062022,0.022173,0.14642,0.76156,1.5345,,1.3032,3.3914,0.018055,0.027374,9.223,39.575,39.575,0.062022,2.2673,,0.94428,0.027356,0.26537,0.019098,0.027356,92.604,61.646,0.26143,7.1373,31.828,0.026788,0.011815,10.588,0.055723,0.025268,2.3032,2.3032,1315.9,0.027356,0.053239,0.97263,0,11.79,5.9209,8.9707,40.688,5.5301,0
0.24304,0.39918,0.39097,2.2253,-1.9911,0,0.24304,1.5052,1.4314,0.60082,0.24358,0.76173,0.18458,0.24304,551.46,0.66188,2.5052,0.24304,0.1698,100.22,0.8348,0,0.1698,0.65992,0.58115,0.66188,0,1.3483,3.7062,0.15376,0.33959,109.24,3.3412,2.6707,0.001694,1.4314,,0.60082,0.001184,0.573,0.6287,0,134.44,34.22,0.61842,0.9936,134.56,-0.021164,-0.014786,1.7787,0.31907,0.29929,2.072,2.072,1987.7,0.25522,0.40452,0.75516,0,3.6421,10.666,81.361,4.4862,4.9364,0
0.15188,0.14486,0.77837,6.3732,64.077,0.65959,0.19089,5.6529,1.0316,0.81888,0.19089,1.3178,0.071664,0.19089,245.18,1.4887,6.9032,0.19089,0.063435,21.53,0.78528,0.15789,0.050473,0.82635,0.81888,1.2194,0.54129,10.139,4.1054,0.015481,0.063435,18.127,20.136,1.09,0.15789,3.112,,0.81888,0.05247,1.2726,0.026074,0.05247,89.622,68.092,0.85565,5.1479,22.212,0.13313,0.044241,6.3732,0.14486,0.049662,10.667,10.667,9921.1,0.030663,0.18548,0.96934,0,16.953,5.3604,17.571,20.773,39.198,0
0.000324,0.55491,0.52849,2.4023,6.7973,0,0.000324,0.8021,2.1179,0.44509,0.008848,0.000861,0.000153,0.000324,624210,0.000585,1.8021,0.000324,0.000153,84.325,1.0168,0,0.000153,0.001419,0.34647,0.000585,0,5.5848,3.006,0.23178,0.000603,76.891,4.747,3.224,0.012797,2.1179,2.4386,0.61571,0.006042,0.18428,,0,144.06,59.738,0.000663,1.104,99.827,0,0,1.6316,0.37688,0.21066,4.7035,6.5065,535.86,0.15528,0.000729,0.84874,0.38334,4.3285,6.11,64.951,5.6196,22.381,0
0.099989,0.088708,0.68074,8.674,43.365,0.33816,0.12451,10.181,1.0771,0.90318,0.12451,1.4036,0.062988,0.12451,219.25,1.6648,11.273,0.12451,0.053107,63.196,1.1186,0.16816,0.042648,0.42068,0.90318,1.3883,0.77253,2.9527,4.9065,-0.074359,0.053107,14.875,24.538,1.8956,0.16816,2.3585,,0.90318,0.071723,3.1389,0.015243,0.071723,76.441,13.245,0.24632,4.0979,68.068,0.14499,0.061843,8.674,0.088708,0.040753,3.9175,3.9175,54889,0.071581,0.11071,0.92842,0,5.7757,27.557,13.81,26.43,10.169,0
0.14409,0.29665,0.64447,3.1725,126.42,0.65113,0.18079,2.1561,1.0997,0.6396,0.18079,0.60944,0.10446,0.18079,509.81,0.71596,3.371,0.18079,0.088919,0,0.84787,0.18309,0.070871,0.79551,0.6396,0.59226,0.99029,10.944,4.1573,-0.14042,0.088919,58.565,6.2324,0.61719,0.18309,2.0332,,0.6396,0.09005,1.9836,0.045428,0.09005,63.313,63.313,,3.1725,0,0.15149,0.074509,3.1725,0.29665,0.16045,10.861,10.861,9257.9,0.090675,0.22529,0.90933,0,,5.765,53.254,6.8539,34.526,0
0.16217,0.32686,0.35359,2.7024,46.562,0,0.20053,2.0595,1.1672,0.67314,0.2267,0.96549,0.18824,0.20053,543.01,0.67218,3.0595,0.20053,0.17181,72.635,1.0728,0.22302,0.13894,0.48061,0.63196,0.55482,8.5201,0.80598,4.2304,0.094709,0.17658,80.296,4.5457,2.8885,0.22305,1.1672,2.7625,0.79225,0.1911,1.0496,0.044985,0.19107,107.35,34.717,0.6982,1.5841,89.794,0.20384,0.17464,1.7172,0.2077,0.21999,1.5344,1.8059,6010,0.1911,0.24091,0.82967,0.17694,5.0252,10.513,64.952,5.6196,2.6605,0
-0.044904,1.3814,0.56999,2.4994,0.29965,-0.34681,-0.044904,-0.27609,1.6226,-0.38139,-0.01303,-0.11813,-0.019758,-0.044904,-15727,-0.023208,0.72391,-0.044904,-0.027674,96.73,1.7804,-0.033365,-0.027674,-0.22808,-0.39187,-0.023208,-1.0468,11.424,3.6787,0.80216,-0.013412,82.097,4.5837,1.2614,-0.067506,1.7294,2.6779,-0.18716,-0.041604,0.57442,-2.2438,-0.020563,164.61,67.881,-0.10442,1.7056,90.077,-0.046209,-0.028479,0.6878,0.38013,0.21816,-7.6438,-3.7512,2720,-0.041586,0.11774,1.0075,-0.50926,3.7734,5.3771,85.511,4.2685,32.52,1
0.024851,0.49478,0.14227,1.7761,7.2175,0.000044,0.024851,1.0211,0.83627,0.50522,0.052905,0.13556,0.069117,0.024851,3124.4,0.11682,2.0211,0.024851,0.029717,51.921,1.0638,0.000043,0.029717,0.092568,0.50513,0.11682,0.001535,0.21096,5.7213,0.56914,0.060001,123.91,2.9457,1.0914,0.004709,0.83627,0.71637,0.79368,0.005631,0.17441,0.49989,0.000051,128.16,76.236,0.20891,1.1272,80.404,-0.032906,-0.039349,0.65807,0.18333,0.33948,0.74914,1.1769,74890,0.35425,0.049189,0.68139,0.57095,7.03,4.7878,80.015,4.5616,1.24,0
0.022774,0.13896,0.18003,2.2955,29.061,0.072489,0.029261,4.5267,0.99594,0.62904,0.029261,0.21057,0.076205,0.029261,538.93,0.67726,7.1962,0.029261,0.023693,24.24,1.0837,0.026677,0.01844,0.085207,0.62904,0.63058,0.21513,0.26436,4.6746,0.009148,0.023693,40.902,8.9237,0.19197,0.026677,1.2753,,0.62904,0.021601,0.94133,0.049914,0.021601,55.617,31.377,0.27767,1.7053,24.142,-0.038176,-0.030911,2.2955,0.13896,0.11206,0.92369,0.92369,8510,-0.004079,0.036204,1.0041,0,15.058,11.633,41.069,8.8874,1.8135,0
0.087072,0.41804,0.046747,1.1118,-7.4579,0,0.1075,1.3921,3.4468,0.58196,0.11461,0.25715,0.041525,0.1075,1066,0.34239,2.3921,0.1075,0.031187,11.861,0.99145,0.11439,0.025262,0.33238,0.56979,0.29353,16.072,0.087342,3.6146,0.11256,0.032452,45.075,8.0977,8.0977,0.061695,3.4468,,0.58196,0.017899,0.081816,0.092885,0.033186,45.596,33.735,0.77738,0.84389,12.077,0.078754,0.022848,1.1118,0.41804,0.12349,1.0873,1.0873,192.46,0.017899,0.14962,0.9693,0,30.773,10.82,44.268,8.2453,6.4401,0
0.023003,0.14456,0.71724,5.9615,111.45,0.037327,0.031597,5.6395,1.0203,0.81525,0.031597,0.21858,0.045797,0.031597,662.56,0.55089,6.9175,0.031597,0.018171,41.548,1.0478,0.02474,0.013228,0.056756,0.81525,0.49144,0.14516,5.1901,4.0961,-0.10691,0.018171,30.959,11.79,0.17114,0.02474,1.7496,,0.81525,0.014227,2.3311,0.065302,0.014227,110.16,68.611,0.11621,4.5923,42.39,-0.0233,-0.013399,5.9615,0.14456,0.084818,5.8994,5.8994,8949.7,0.019881,0.028216,0.98012,0,8.7851,5.3198,30.343,12.029,12.583,0
0.009774,0.5932,0.001682,1.0063,-29.254,0,0.011433,0.68578,0.94222,0.4068,0.018274,0.042716,0.16498,0.011433,1392.9,0.26205,1.6858,0.011433,0.012134,32.487,0.89234,0.018048,0.010373,0.11205,0.31655,0.25925,2.6381,0.002301,3.5429,0.60402,0.016591,74.933,4.871,2.1978,-0.3615,0.94222,1.2946,0.55006,-0.38366,0.13501,0.12201,0.019155,90.335,57.848,0.11655,0.69295,23.479,-0.12596,-0.13369,0.45403,0.26765,0.2053,0.55675,0.75282,5.869,-0.38366,0.024026,0.99136,0.35215,11.235,6.3096,103.68,3.5204,1.2895,0
0.027738,0.91434,0.059276,1.0648,-40.946,-0.018126,0.032608,0.09368,1.8173,0.085656,0.038635,0.035662,0.027838,0.032608,6597,0.055328,1.0937,0.032608,0.017943,50.952,2.7126,0.038635,0.015264,0.058584,0.034862,0.050003,6.4097,2.2471,3.2942,0.50202,0.02126,189.53,1.9258,1.9258,0.056403,1.8173,,0.085656,0.031037,0.006415,0.53832,0.02126,194.37,143.42,0.10934,0.78738,52.584,0.020654,0.011365,1.0648,0.91434,0.51926,3.2471,3.2471,116.7,0.031037,0.32383,0.98206,0,7.1636,2.545,183.65,1.9875,68.89,0
-0.0163,0.84547,0.1731,1.7735,2.052,-0.01084,-0.01686,0.16959,1.0449,0.14338,-0.01686,-0.075334,0.068378,-0.01686,3736.9,0.097675,1.1828,-0.01686,-0.01396,49.68,1.3702,0.060983,-0.013496,-0.002994,0.14338,0.098337,0.52761,0.28702,4.6298,0.66216,-0.01396,70.674,5.1646,0.072129,0.060983,1.2195,0.37402,0.76505,0.050495,0.21654,0.17327,0.050495,105.31,55.626,-0.099157,1.0389,51.911,-0.038457,-0.031843,0.46944,0.2238,0.19363,0.23774,1.2685,7380.3,0.042962,-0.11368,0.95704,4.3358,7.347,6.5617,67.638,5.3964,2.0025,0
0.1799,0.67117,0.32883,1.4899,25.696,0,0.22389,0.48993,4.7955,0.32883,0.22412,0.33359,0.046688,0.22389,1094.2,0.33359,1.4899,0.22389,0.046688,0,1.1357,0.21064,0.037515,0.67495,0.29012,0.26805,938.27,,3.1112,0.045856,0.046688,53.43,6.8314,6.8314,0.21047,4.7955,,0.32883,0.043889,0.67468,0.10621,0.043925,41.647,41.647,,1.4899,0,0.21064,0.043925,1.4899,0.67117,0.14638,,,424.76,0.043889,0.54711,0.95359,0,,8.7642,51.085,7.145,,0
0.24443,0.32671,0.2014,1.6364,-6.7233,0.60754,0.24443,2.0295,1.1597,0.66306,0.24443,0.7724,0.18047,0.24443,355.92,1.0255,3.0609,0.24443,0.13166,44.313,1.1347,0.25109,0.13166,0.60754,0.66306,1.0255,1.5684,0.4177,4.2887,0.13525,0.13166,72.151,5.0589,0.76854,0.25109,1.8707,28.537,0.67331,0.13525,0.25224,0.031435,0.13525,86.118,41.806,1.0845,0.92418,51.388,0.16048,0.08644,1.5851,0.31646,0.19767,1.3752,1.3965,3915.3,0.13768,0.36864,0.86232,0.015456,8.2369,8.7309,62.217,5.8666,3.8505,0
0.043717,0.40203,0.003937,1.0098,-19.779,0.10698,0.057799,1.292,0.99109,0.51945,0.057799,0.14377,0.033898,0.057799,1110.1,0.32879,2.4873,0.057799,0.014822,19.923,0.98854,0.05122,0.011211,0.14216,0.51945,0.29376,0.13018,0.006628,3.9216,0.064688,0.014822,37.296,9.7867,0.1274,0.05122,3.9934,,0.51945,0.013135,0.38046,0.10523,0.013135,23.682,3.7598,0.20539,0.48037,19.745,-0.023166,-0.005941,1.0098,0.40203,0.10218,0.87445,0.87445,32.87,-0.008991,0.08416,1.009,0,18.321,97.079,37.631,9.6995,6.5645,0
0.11161,0.5412,0.20228,1.3989,-31.78,0.20521,0.14238,0.74993,1.0647,0.40586,0.14238,0.28076,0.099929,0.14238,1004.3,0.36345,1.8478,0.14238,0.072333,66.823,1.1143,0.15829,0.056701,0.23394,0.40586,0.3066,0.85619,0.69608,4.2565,0.27375,0.072333,100.12,3.6456,0.29249,0.15829,2.0304,10.245,0.43993,0.080417,0.005248,0.083686,0.080417,131.05,64.228,0.30971,0.68826,71.146,0.10397,0.052821,1.3108,0.50713,0.2743,1.3967,1.5139,3650.9,0.060764,0.27499,0.93924,0.083943,5.4622,5.6829,94.036,3.8815,6.7737,0
-0.041606,0.41496,0.099502,1.2398,-33.981,0,-0.041606,1.4099,1.7065,0.58504,-0.024234,-0.10027,-0.014183,-0.041606,-6258,-0.058325,2.4099,-0.041606,-0.024382,46.134,0.94666,-0.024234,-0.024382,-0.31265,-0.041606,-0.058325,-1.3949,0.20493,3.4726,0.23359,-0.024382,87.272,4.1823,4.1823,-0.02904,1.7065,,0.58504,-0.017018,0.15022,-2.0252,-0.014201,96.706,50.572,-0.1929,0.72001,45.362,-0.041637,-0.0244,1.2398,0.41496,0.2391,1.2049,1.2049,295.42,-0.017018,-0.071117,1.0243,0,7.9118,7.2174,88.757,4.1124,3.5146,0
-0.10009,0.20499,0.53852,3.627,-58.418,-0.28472,-0.077324,3.7237,0.51051,0.76332,-0.077324,-0.37721,-0.1828,-0.077324,-1478.6,-0.24685,4.8782,-0.077324,-0.27932,142.2,0.53084,-0.34741,-0.36154,-0.24969,0.76332,-0.35789,-6.4068,2.0996,4.2644,0.72943,-0.27932,137.98,2.6453,-1.6948,-0.34741,0.8286,,0.76332,-1.255,2.5239,-0.021015,-1.255,298.14,155.94,-0.92798,3.1009,72.597,-0.37413,-1.3515,3.627,0.20499,0.37803,2.9761,2.9761,9899.3,-0.95881,-0.13112,1.9588,0,2.5667,2.3407,270.28,1.3504,1.0793,0
0.076033,0.33241,0.16293,1.7393,18.626,0.15822,0.094135,2.0083,1.0991,0.66759,0.094135,0.42717,0.13215,0.094135,807.91,0.45178,3.0083,0.094135,0.082837,35.626,1.3582,0.1022,0.066908,0.19799,0.66759,0.39733,0.98849,0.26419,4.7717,0.28935,0.082837,77.796,4.6917,0.30746,0.1022,1.1493,2.4311,0.77963,0.089936,0.022742,0.069061,0.089936,121.5,85.877,0.6855,1.236,39.157,0.04616,0.04062,1.1531,0.22037,0.21314,1.0825,1.2642,9631.5,0.090174,0.11389,0.90983,0.16783,10.245,4.2503,70.781,5.1567,1.8427,0
0.019101,0.35404,0.42115,2.3028,56.547,-0.002773,0.019101,1.8245,2.4374,0.64596,0.046994,0.059088,0.007837,0.019101,6765.4,0.053951,2.8245,0.019101,0.007837,17.819,1.0747,0,0.007837,0.023082,0.62638,0.053951,0,1.6477,3.4484,0.079392,0.015673,68.561,5.3237,4.8609,0.002991,2.4374,25.658,0.67034,0.001227,0.59511,,0,82.668,64.849,0.16052,1.9347,25.237,0,0,2.1026,0.32326,0.18784,2.5273,2.6227,1182.7,0.29393,0.02957,0.72958,0.037735,20.484,5.6284,48.409,7.5399,9.5361,0
-0.36532,1.5063,-0.51441,0.14438,-183.23,-1.1122,-0.36532,-0.3361,0.90546,-0.50626,-0.17552,-0.60763,-0.34123,-0.36532,-1779.4,-0.20512,0.6639,-0.36532,-0.40346,2.5,1.0939,-0.1757,-0.40346,-0.8009,-1.4775,-0.20512,-0.92574,-0.56331,3.7117,1.6605,-0.35349,203.29,1.7954,0.71664,-0.17398,0.90546,0.08982,0.39113,-0.19215,0.004687,-0.42068,-0.19404,33.856,31.356,-58.905,0.13407,2.097,-0.23205,-0.25627,0.05763,0.60121,0.55697,-0.55438,0.42831,-2648.3,-0.19215,0.7216,1.4031,-1.7726,146,11.64,242.36,1.5061,0.99153,0
-0.1574,1.1378,0.19823,1.27,25.623,-0.89355,-0.1574,-0.12111,2.323,-0.1378,-0.047614,-0.2144,-0.059335,-0.1574,-3013,-0.12114,0.87889,-0.1574,-0.067759,4.4399,1.0212,-0.047616,-0.067759,-0.66581,-1.051,-0.12114,-0.4337,2.9316,4.1346,0.47591,-0.055254,111.94,3.2606,2.1039,-0.070773,2.323,2.3583,0.24558,-0.030466,0.045298,-1.3523,-0.020498,141.27,136.83,-5.5703,1.2315,4.3087,-0.067185,-0.028921,0.81946,0.73414,0.30669,-2.0379,3.6318,2702.8,-0.030466,1.1422,1.0669,-2.7821,82.208,2.6675,115.35,3.1642,34.354,0
0.020225,0.25451,0.30398,2.7994,143.87,0,0.02555,2.9291,0.46894,0.74549,0.034902,0.15124,0.13225,0.02555,1497.9,0.24367,3.9291,0.02555,0.054485,133.04,1.3823,0.005191,0.04313,0.05987,0.554,0.22275,0.55502,0.57672,4.6503,0.43855,0.067032,184.39,2.0222,1.3423,0.13453,0.46894,4.0329,0.82037,0.28688,0.372,0.20365,0.011069,319.18,186.14,0.11832,1.7876,182.62,-0.031277,-0.066698,1.8581,0.16894,0.4945,1.4144,1.5564,2.7994,0.28688,0.02713,0.69309,0.10045,2.7435,1.9609,131.49,2.7758,0.88968,0
0.016903,0.80293,-0.13016,0.83789,-38.307,0.016903,0.016903,0.24433,1.0026,0.19618,0.016903,0.021052,0.013576,0.016903,5502.2,0.066338,1.2454,0.016903,0.004308,25.526,0.88077,0.015389,0.004308,0.016903,0.19618,0.066338,,-0.39786,4.0899,0.19473,0.004308,74.887,4.874,0.019166,0.015389,3.9332,,0.19618,0.003922,0.058424,0.5101,0.003922,58.223,32.696,0.061603,0.49615,25.592,-0.020972,-0.005345,0.83789,0.80293,0.20517,0.59965,0.59965,-1601,0.002549,0.086162,0.99745,0,14.299,11.163,74.696,4.8865,11.993,1
-0.15582,0.62128,-0.13176,0.71211,-98.032,-0.19328,-0.15462,0.57115,0.95815,0.35484,-0.15462,-0.33785,-0.083358,-0.15462,-2661.7,-0.13713,1.6096,-0.15462,-0.15129,47.986,0.70773,-0.10869,-0.15246,-0.19347,0.35484,-0.13906,-1.019,-0.19546,5.1743,0.60482,-0.15129,156.6,2.3307,-0.17495,-0.10869,1.0333,1.1706,0.51846,-0.10635,0.018721,-0.5202,-0.10635,113.33,65.343,-1.1597,0.41851,45.978,-0.17812,-0.17427,0.52457,0.45766,0.42905,0.5264,0.76912,-19684,-0.043676,-0.43913,1.0437,0.4611,7.6064,5.5859,163.44,2.2332,1.5162,0
0.13345,0.33289,0.57038,3.2441,48.58,0,0.15595,2.004,1.7395,0.66711,0.15724,0.61358,0.12778,0.15595,546.67,0.66768,3.004,0.15595,0.089653,76.421,1.3305,0.14574,0.076721,0.25109,0.22454,0.6001,112.82,3.2508,4.1381,0.044303,0.089653,58.212,6.2701,4.7873,0.14583,1.7395,5.8474,0.74584,0.083835,1.0068,0.052328,0.083784,119.32,42.899,0.36643,1.8112,83.414,0.079427,0.045661,2.4769,0.25417,0.15949,3.8021,4.2508,7838.8,0.083835,0.20005,0.91338,0.11801,4.7762,8.5083,53.332,6.8439,9.9141,0
0.27073,0.539,0.3138,1.8918,30.398,0.68653,0.33493,0.82703,1.2213,0.44577,0.33493,0.9519,0.15988,0.33493,554.98,0.65768,1.8553,0.33493,0.15106,26.649,1.4519,0.4027,0.1221,0.84225,0.44577,0.53856,2.2183,0.93855,4.9647,0.19006,0.15106,70.745,5.1594,0.74713,0.4027,2.219,2.6919,0.63291,0.18163,0.33505,0.041966,0.18163,90.176,63.526,1.6724,1.4318,32.548,0.38314,0.17281,1.235,0.35186,0.19382,1.3333,1.893,28930,0.18122,0.60732,0.81878,0.41982,13.696,5.7457,57.924,6.3013,6.6313,0
0,0.61337,-0.013916,0.92623,-74.846,0.36572,0.005923,0.63034,0.60909,0.38663,0.005923,0.031397,0.009724,0.005923,37801,0.009656,1.6303,0.005923,0.009724,52.703,1.082,0,0,0.12903,0.37695,0,,-0.016862,5.0142,0.98843,0.020972,140.52,2.5974,0.79879,0.000581,0.60909,0.2059,0.80804,0.000953,0.060025,,0,97.913,45.21,0,0.45998,65.518,0,0,0.28484,0.18863,0.385,0.46848,0.9791,-1438,0.1956,0,0.80858,1.09,6.9256,8.0734,113.04,3.229,0.73804,0
0.006232,0.001586,0.013208,11.714,1256,0,0.006232,629.58,0.001744,0.99841,0.007071,5.0548,3.6683,0.006232,90.494,4.0334,630.58,0.006232,3.5738,0,-135.15,-0.001923,3.5738,0.005572,0.93085,4.0334,-2.2907,0.013402,4.5614,-0.90901,3.5819,114.12,3.2118,2.4968,-0.002199,0.001744,,0.99841,-1.2613,2.593,-0.030065,-1.1028,2353.8,2353.8,,11.714,0,-0.002088,-1.1973,9.1063,0.001233,0.31136,1.013,1.013,11.714,-1.2613,0.006242,0.43506,0,,0.15507,258.06,1.4144,0.001769,0
0.14009,0.17256,0.52173,4.3465,40.169,0.39125,0.14659,4.5499,1.1924,0.78515,0.14659,0.94028,0.17337,0.14659,380.1,0.96028,5.7949,0.14659,0.15336,30.676,1.1216,0.13625,0.14657,0.44447,0.78515,0.92263,1.6997,1.6184,5.4805,0.17994,0.15336,70.986,5.1418,0.78959,0.13625,0.98331,35.847,0.80181,0.14255,2.2749,0.036514,0.14255,123.33,92.655,1.7439,3.8313,36.577,0.11713,0.12255,3.9268,0.1559,0.19448,2.4356,2.4873,157720,0.16134,0.17843,0.83866,0.021222,11.899,3.9393,59.534,6.131,2.9651,0
0.18131,0.21273,0.4106,2.9302,83.33,0.76133,0.22745,3.4094,1.1318,0.72528,0.22745,1.0692,0.15244,0.22745,289.93,1.2589,4.7008,0.22745,0.12946,12.283,0.9933,0.21191,0.1032,0.96717,0.72528,1.0421,1.3652,1.0901,4.664,-0.023,0.12946,50.022,7.2969,0.99614,0.21191,1.7813,,0.72528,0.12062,1.1971,0.027723,0.12062,76.594,64.311,3.0667,2.6522,13.902,0.17155,0.097642,2.9302,0.21273,0.13705,1.9255,1.9255,18943,0.11647,0.24999,0.88353,0,29.715,5.6755,44.196,8.2587,4.6643,0
-0.029019,0.89003,-0.098491,0.87961,-80.994,0,-0.000079,0.12356,2.029,0.10997,0.073751,-0.000096,0.043107,-0.000079,3714.2,0.098273,1.1236,-0.000079,-0.000039,66.716,1.2464,0.073546,-0.014302,,0.068495,0.065757,0.99616,-0.35122,4.7112,0.41188,0.01299,137.06,2.6631,2.4478,-0.14959,2.029,5.8242,0.16984,-0.073726,0.067732,0.18417,0.036247,119.48,52.761,-0.078245,0.42625,62.135,-0.013998,-0.006899,0.80848,0.81807,0.3755,0.39215,0.60566,-5064.6,-0.073726,-0.26388,1,0.54443,5.4709,6.9181,147.16,2.4803,7.2355,0
0.058241,0.29261,0.13752,1.6422,12.194,0,0.058241,2.4175,1.4024,0.70739,0.065171,0.27198,0.089986,0.058241,846.3,0.43129,3.4175,0.058241,0.041528,19.421,1.2348,0.063961,0.041528,0.000024,0.27857,0.43129,9.2288,0.21211,3.9192,0.19764,0.044316,57.626,6.334,4.6352,0.046128,1.4024,23.088,0.71939,0.032892,0.16206,0.073936,0.045607,82.49,63.069,0.78048,1.2938,20.081,-0.003998,-0.002851,1.2018,0.21413,0.15788,1.0911,1.1096,1141.7,0.032892,0.082332,0.96286,0.016963,18.794,5.7873,55.73,6.5494,2.1631,0
-1.1725,1.4166,-0.39729,0.7074,-84.255,-0.37742,-1.1725,-0.29407,3.0046,-0.41656,-1.0983,-0.86355,-0.38853,-1.1725,-442.91,-0.8241,0.70593,-1.1725,-0.39024,67.071,0.73645,-1.0983,-0.39024,-1.4852,-0.79232,-0.8241,-14.794,-10.058,2.4865,0.45968,-0.36894,120.65,3.0273,2.9017,-1.1029,3.0122,6.9478,-0.35779,-0.36708,0.034473,-0.043195,-0.36553,110.99,43.923,-2.1236,0.30077,49.027,-1.1034,-0.36723,0.67805,1.3578,0.33032,-10.546,-9.0578,-121.8,-0.36708,2.8147,1.3893,-0.1411,5.442,8.31,164.94,2.2129,76.066,1
0.004701,0.74872,0.070571,1.0943,-34.319,0.012488,0.004701,0.27871,1.0037,0.20868,0.004701,0.006279,0.006119,0.004701,12825,0.02846,1.3356,0.004701,0.00135,41.63,1.1689,0.022192,0.00135,0.016527,0.20868,0.02846,0.063958,0.39053,4.1769,0.2145,0.00135,78.762,4.6342,0.02964,0.022192,3.5023,,0.20868,0.006372,0.005691,0.63443,0.006372,85.422,43.792,0.011835,0.56375,41.784,0.005584,0.001603,1.0943,0.74872,0.21579,1.1548,1.1548,1060.6,0.003678,0.022527,0.99632,0,8.7677,8.3348,78.472,4.6513,19.272,0
0.4056,0.18893,0.46347,4.3972,39.478,0.010948,0.4056,4.293,1.8259,0.81107,0.4096,2.973,0.25858,0.4056,146.05,2.4991,5.293,0.4056,0.22213,62.236,1.1454,0.38646,0.22213,1.013,0.41655,2.4991,96.569,1.1584,4.7437,0.054716,0.22285,34.571,10.558,7.6242,0.38551,1.8259,6.4163,0.85605,0.21113,0.66329,0.013902,0.21165,101.83,39.593,1.3028,2.1151,78.893,0.31992,0.17521,3.1753,0.13643,0.094715,2.0272,2.1396,25685,0.21113,0.50008,0.78155,0.055449,5.8647,9.2187,27.272,13.384,4.5637,0
0.045377,0.36139,0.1704,1.6678,-24.447,0.2192,0.060471,1.7471,1.1097,0.6314,0.060471,0.23699,0.096814,0.060471,1189.7,0.30679,2.7671,0.060471,0.052804,73.78,1.1631,0.075663,0.039623,0.28128,0.6314,0.26502,0.73315,0.29663,4.7535,0.31261,0.052804,90.244,4.0446,0.20937,0.075663,1.1525,1.8269,0.73763,0.06607,0.035154,0.094249,0.06607,132.78,58.996,0.19602,0.76059,81.871,0.025263,0.02206,1.1775,0.25516,0.24724,1.0991,1.2841,9659.5,0.098823,0.071867,0.90118,0.16825,4.9471,6.1868,81.326,4.4881,1.9936,0
0.14931,0.48253,0.15194,1.3149,-22.144,0.38238,0.18429,1.0462,1.0833,0.50482,0.18429,0.38192,0.079771,0.18429,878.54,0.41546,2.0724,0.18429,0.073331,42.471,1.3668,0.19334,0.059411,0.47228,0.50482,0.34297,0.83343,0.41568,5.2242,0.1919,0.073331,75.92,4.8077,0.40069,0.19334,2.5135,,0.50482,0.076935,0.003087,0.075712,0.076935,91.934,49.463,0.51059,0.70888,46.008,0.17716,0.070495,1.3149,0.48253,0.208,1.3811,1.3811,25462,0.076894,0.29576,0.92311,0,8.5942,7.3792,70.082,5.2082,6.8752,0
0.072168,0.42879,0.44962,2.0527,26.121,-0.016357,0.080757,1.3322,2.2443,0.57121,0.085428,0.18908,0.038993,0.080757,1788.4,0.20409,2.3322,0.080757,0.035983,47.648,1.3338,0.084459,0.032156,0.29331,0.42823,0.18406,18.081,3.6473,3.8447,0.18507,0.03615,71.985,5.0705,5.0506,0.078705,2.2443,,0.57121,0.035069,0.031453,0.15669,0.037632,140.4,92.751,0.24632,1.3668,49.38,0.077703,0.034622,2.0447,0.4271,0.19722,4.6336,4.6336,3144.7,0.035069,0.12634,0.96415,0,7.6603,3.9353,69.461,5.2548,18.205,0
0.011929,0.60104,-0.15899,0.73547,-37.609,0.11694,0.011929,0.58338,1.0142,0.35064,0.011929,0.019847,0.046776,0.011929,1998,0.18268,1.6638,0.011929,0.005082,10.897,1.0066,0.024468,0.005082,0.11694,0.35064,0.18268,0.10571,-0.28495,6.8473,0.25497,0.005082,94.782,3.8509,0.040709,0.024468,2.3589,40258,0.35065,0.010424,0.008403,0.16152,0.010424,67.95,57.054,0.17022,0.61888,11.051,-0.073403,-0.031271,0.73546,0.60103,0.25968,0.62843,0.62845,-1118500,0.013971,0.03402,0.98603,0.000026,33.496,6.3975,93.458,3.9055,4.207,0
-0.44378,1.8379,-1.7444,0.04919,-534.54,-1.5041,-0.44378,-0.45591,0.90061,-0.83795,-0.44116,-0.24189,-0.35657,-0.44378,-2089,-0.17472,0.54409,-0.44378,-0.49275,0,0.87459,-0.44154,-0.49275,-1.5889,-1.3775,-0.17472,-168.31,-1.9175,2.7715,2.0205,-0.48984,497.94,0.73301,0.73171,-0.44423,0.90061,,-0.83795,-0.49325,0.048315,-0.19212,-0.49027,0.65098,0.65098,,0.04919,0,-0.56419,-0.62646,0.049102,1.8347,1.3642,-0.92107,-0.92107,-1030.6,-0.49325,0.5296,1.4911,0,,560.7,743.55,0.49089,0.98996,0
0.091183,0.5429,0.46084,2.2393,40.762,0,0.091183,0.84197,1.4849,0.4571,0.093169,0.24521,0.069749,0.091183,1913.2,0.19078,1.842,0.091183,0.061406,22.475,1.037,0,0.061406,0.70744,0.091183,0.19078,0,2.7546,3.982,0.33464,0.12281,114.29,3.1937,2.1875,0.01876,1.4849,6.8545,0.56525,0.012634,0.75921,1.4606,0,135.28,112.81,0.99723,1.9934,28.102,-0.01239,-0.008344,1.5338,0.37186,0.31312,2.7322,3.3786,4421.5,0.20023,0.19948,0.80229,0.23658,16.24,3.2355,91.405,3.9932,8.8758,0
-0.26989,1.1283,0.017269,1.0219,-44.771,-0.34236,-0.26989,-0.11371,2.7647,-0.1283,-0.24607,-0.34237,-0.085854,-0.26989,-1735,-0.21037,0.88629,-0.26989,-0.097619,41.484,0.99175,-0.24644,-0.097619,-0.21854,-0.14631,-0.21037,-10.346,0.088812,3.4436,0.40557,-0.089003,96.581,3.7792,2.6403,-0.21439,2.7647,1.445,0.21171,-0.077545,0.097077,-0.17582,-0.089139,96.247,54.763,-0.8589,0.62329,38.499,-0.27897,-0.1009,0.71395,0.78828,0.26461,-0.65984,1.0888,47.958,-0.077545,2.1035,1.0967,-2.6501,8.7985,6.6651,104.07,3.5072,14.218,0
0.11673,0.67658,0.24282,1.6423,24.563,0.11652,0.13781,0.26315,1.1517,0.17804,0.13781,0.36452,0.13598,0.13781,1544.6,0.23631,1.478,0.13781,0.11721,54.093,1.531,0.15872,0.099277,0.14667,0.17804,0.20515,1.5547,0.64048,4.4002,0.57433,0.11721,135.16,2.7004,0.23459,0.15872,1.1845,1.4961,0.47657,0.13499,0.004573,0.12303,0.13499,192.2,138.11,0.66988,1.1814,62.299,0.13665,0.11622,0.91766,0.37805,0.37031,0.46961,1.257,6102.9,0.13172,0.65561,0.86828,1.6767,6.7476,2.6428,117.36,3.1101,3.1012,0
-0.22189,0.65914,0.089715,1.1826,-27.471,-0.092576,-0.22352,0.51712,1.2109,0.34086,-0.2084,-0.45481,-0.13136,-0.22352,-1512.6,-0.24131,1.5171,-0.22352,-0.18459,56.322,0.93658,-0.2099,-0.18324,-0.28447,-0.25719,-0.23884,-13.885,0.2142,4.5155,0.52597,-0.17853,126.37,2.8883,2.1535,-0.20855,1.2109,,0.34086,-0.17223,0.057993,-0.15107,-0.17334,166.59,110.26,-1.1875,0.80234,48.047,-0.27436,-0.22657,0.8817,0.49145,0.34622,0.81382,0.81382,2940.2,-0.17223,-0.65097,1.1805,0,6.4805,3.3102,148.14,2.464,2.8911,0
0.14589,0.37449,0.34299,2.0913,32.403,0,0.17397,1.6703,1.2889,0.62552,0.21962,0.55351,0.1424,0.17397,744.73,0.49011,2.6703,0.17397,0.13498,67.735,1.1822,0.15576,0.11319,0.53348,0.53501,0.41512,3.4121,1.0008,4.0316,0.28381,0.13955,100.89,3.6379,3.0532,0.15173,1.363,8.0485,0.67747,0.11773,0.03325,0.075503,0.12085,183.18,115.45,0.60995,1.3303,76.353,0.14619,0.11343,1.7552,0.3143,0.27489,1.8252,1.9768,3689.1,0.11773,0.23323,0.87236,0.083049,5.3886,3.1616,89.01,4.1007,3.7608,0
-0.19513,0.1828,0.57588,4.6853,102.87,0,-0.19513,4.4704,1.8052,0.8172,-0.19513,-1.2487,-0.097263,-0.19513,-380.02,-0.96047,5.4704,-0.19513,-0.1081,0,0.64424,-0.19515,-0.1081,-0.099508,0.67752,-0.96047,,2.1499,2.5792,-0.097044,-0.1081,28.513,12.801,10.942,-0.19515,1.8052,,0.8172,-0.10811,2.354,-0.034701,-0.10811,73.659,73.659,,4.6853,0,-0.21471,-0.11894,4.0051,0.15626,0.078119,3.0508,3.0508,218.52,-0.10811,-0.23878,1.1072,0,,4.9553,31.596,11.552,6.7392,0
0.036123,0.60226,0.38538,2.0038,15.742,0,0.046647,0.66042,3.8447,0.39774,0.060349,0.1215,0.025376,0.046647,2253.1,0.162,1.6604,0.046647,0.012133,14.775,1.8338,0.059807,0.009395,0.11591,0.1856,0.14452,4.3649,1.6705,3.8311,0.15252,0.015628,36.996,9.866,6.2893,0.056967,3.8447,2.8107,0.61608,0.014817,0.21414,0.18131,0.015556,65.228,50.453,0.2321,1.5984,14.997,0.008889,0.002312,1.2774,0.38392,0.10136,1.7241,2.6705,2612.3,0.014817,0.090819,0.98789,0.54893,24.704,7.2344,36.448,10.014,16.666,0
-0.008519,1.0407,-0.06728,0.93535,-65.339,-0.076177,-0.006928,-0.039137,3.4196,-0.040731,0.065243,-0.006657,0.002873,-0.006928,38659,0.009442,0.96086,-0.006928,-0.002026,57.683,1.4722,0.054247,-0.002491,-0.10025,-0.084696,0.007913,0.75164,-2.5342,3.0559,0.30285,0.005416,112.89,3.2333,3.2333,0.054592,3.4196,,-0.040731,0.015964,0.004896,0.4886,0.015863,103.36,45.676,-0.015763,0.41608,58.619,0.037493,0.010964,0.93535,1.0407,0.30928,-1.5342,-1.5342,-76.516,0.015964,0.20914,1.002,0,6.3276,7.9911,111.08,3.2858,128.81,0
-0.015894,0.27548,0.67042,3.4337,-27.709,-0.022005,-0.016097,2.6215,0.99469,0.72217,-0.016097,-0.058435,0.008428,-0.016097,6473.9,0.05638,3.6301,-0.016097,-0.008736,160.45,1.3736,-0.01488,-0.008625,-0.01508,0.72217,0.057119,-0.080319,12.392,4.4265,0.12902,-0.008736,54.275,6.725,-0.054015,-0.01488,1.849,,0.72217,-0.008075,0.13874,0.54073,-0.008075,179.79,19.332,-0.01962,0.49304,159.6,-0.046509,-0.025239,3.4337,0.27548,0.1487,13.349,13.349,17900,-0.005336,-0.022009,1.0053,0,2.2748,18.88,54.564,6.6894,34.061,0
-0.070858,1.0607,-0.079431,0.92511,-3.0349,0,-0.07096,-0.057206,9.3949,-0.060678,-0.07096,-0.066901,-0.007553,-0.07096,-5455.8,-0.066901,0.94279,-0.07096,-0.007553,0,,-0.038463,-0.007542,-0.07096,-0.070858,-0.066805,-1.1836,-4.2356,2.6912,0.11277,-0.004094,42.451,8.9947,8.9947,-0.12488,9.5037,,-0.060678,-0.013292,0.002131,-0.91922,-0.004094,38.035,38.035,,0.002131,0,-0.038463,-0.004094,0.92511,1.0607,0.11118,-3.2356,-3.2356,-39.01,0.029259,1.1678,0.96198,0,,9.5965,41.208,8.8574,500.98,1
0.16531,0.31556,0.35519,2.1256,29.375,0.14621,0.20371,2.1278,1.1122,0.67146,0.20371,0.64556,0.13888,0.20371,420.51,0.86799,3.1689,0.20371,0.10329,39.797,1.4812,0.19873,0.08382,0.1862,0.67146,0.7463,1.1207,1.0788,4.4883,0.14297,0.10329,64.955,5.6193,0.62978,0.19873,1.9933,,0.67146,0.10077,0.11023,0.038578,0.10077,117.7,77.901,0.76876,1.4441,44.263,0.12854,0.065176,2.1256,0.31556,0.17796,2.0394,2.0394,10934,0.1009,0.2462,0.8991,0,9.1715,4.6854,58.401,6.2499,5.9902,0
0.042138,0.49438,0.372,1.7525,-0.91396,-0.05275,0.060396,1.0227,0.5169,0.50562,0.064407,0.12216,0.21475,0.060396,1625.6,0.22454,2.0227,0.060396,0.11684,103.34,0.89758,0.064405,0.08152,0.058643,0.1397,0.18761,16.056,2.7841,2.7588,0.094782,0.12179,461.46,0.79096,0.79096,0.12587,0.5169,,0.50562,0.2435,1.3591,0.14328,0.1246,137.32,33.985,0.28794,1.4564,136.6,0.013793,0.026685,1.7525,0.49438,1.2643,3.7841,3.7841,213.49,0.2435,0.083339,0.88316,0,3.5321,10.74,349.1,1.0456,3.8685,0
-0.10518,0.63514,-0.011561,0.9735,-79.946,-0.10518,-0.10748,0.46034,0.94288,0.29239,-0.10748,-0.24637,-0.11682,-0.10748,-2157,-0.16922,1.5744,-0.10748,-0.11682,75.18,0.80492,-0.046238,-0.11432,-0.10748,0.29239,-0.1656,,-0.020095,4.5465,0.68739,-0.11682,163.18,2.2368,-0.072799,-0.046238,0.9434,1.1825,0.49128,-0.050255,0.042024,-0.45161,-0.050255,161.21,86.027,-0.55501,0.5391,70.886,-0.046238,-0.050255,0.66865,0.43625,0.44707,0.50822,0.85394,-406.88,-0.060581,-0.35972,1.0606,0.68024,4.855,4.2428,173.07,2.109,1.5992,1
0.15029,0.79214,0.14051,1.1774,-120.92,0.29277,0.19564,0.25219,1.2433,0.19977,0.19564,0.24697,0.18547,0.19564,1289.1,0.28315,1.2624,0.19564,0.16177,117.56,1.8376,0.20428,0.12427,0.37009,0.19977,0.2259,2.1001,2.0863,4.5693,0.37003,0.16177,297.24,1.228,0.25788,0.20428,1.2585,,0.19977,0.16892,0.52106,0.1118,0.16892,156.91,39.354,0.38584,0.68567,146.16,0.17562,0.14522,1.1774,0.79214,0.81436,2.9663,2.9663,5211.6,0.19567,0.75231,0.80433,0,3.1048,9.2748,239.08,1.5267,17.957,0
0.005535,0.79209,0.07554,1.1679,-277.84,0,0.003254,0.26248,0.70665,0.20791,0.052946,0.007231,0.029778,0.003254,13740,0.026565,1.2625,0.003254,0.004605,212.36,0.57455,0.050601,0.007832,-0.20361,0.040117,0.029445,1.0183,0.15921,4.096,1.0989,0.031615,340.06,1.1937,0.67811,0.22367,0.70665,0.40761,0.48856,0.31652,0.086711,0.38607,0.071607,251.29,38.935,0.013462,0.25422,279.38,0.032813,0.046434,0.66346,0.44998,0.83777,0.43818,1.0297,1.1679,0.31652,0.026624,0.57787,1.3499,1.7188,9.3747,232.43,1.5704,1.4893,0
0.063263,0.52474,0.015615,1.0352,-18.175,0.039803,0.066335,0.76427,1.0376,0.40104,0.066335,0.14963,0.033423,0.066335,2144.6,0.1702,1.9057,0.066335,0.024825,19.463,1.0304,0.087293,0.023676,0.045285,0.40104,0.16434,0.33897,0.028861,4.9581,0.1849,0.024825,62.836,5.8087,0.16636,0.087293,2.6858,3.888,0.48244,0.032669,0.073671,0.15645,0.032669,58.231,38.768,0.44401,0.71384,20.195,0.064321,0.024071,0.87464,0.44334,0.17215,0.74123,0.89168,1418,0.036239,0.15775,0.96376,0.20297,18.754,9.415,60.559,6.0272,4.9387,0
0.13673,0.38955,0.34771,2.0313,22.166,0.32591,0.17189,1.5279,1.0778,0.59519,0.17189,0.5098,0.084543,0.17189,698.62,0.52246,2.5671,0.17189,0.071402,31.893,1.363,0.17533,0.056799,0.41116,0.59519,0.43221,0.78498,1.1034,4.6185,0.15732,0.071402,55.098,6.6245,0.45009,0.17533,2.4282,9.0591,0.64757,0.072833,0.037427,0.06188,0.072833,101.93,70.035,0.65003,1.4074,34.374,0.1437,0.059691,1.7581,0.33717,0.15095,1.8888,2.055,14445,0.072176,0.22973,0.92782,0.088008,11.444,5.2117,51.122,7.1398,7.6393,0
-0.05575,0.77692,0.029965,1.0901,-15.875,0,-0.049739,0.28714,1.5308,0.22308,0.007021,-0.14952,0.003798,-0.049739,48777,0.007483,1.2871,-0.049739,-0.032492,18.956,1.1246,0.006657,-0.036419,-0.070423,0.003918,-0.000254,0.11728,0.047013,4.2741,0.50081,-0.013,79.365,4.599,1.9692,0.00091,1.5308,0.70303,0.6258,0.000594,0.077417,0.41629,0.004349,80.322,61.366,-0.70125,0.85109,18.967,-0.048895,-0.031941,0.46674,0.33266,0.21744,0.35,0.98183,563.31,0.000594,-0.24991,1.032,1.8052,19.255,5.9479,79.318,4.6017,2.4017,0
-0.005747,0.59106,0.092774,1.1797,-29.764,0.097274,-0.005497,0.69,1.0199,0.40783,-0.005497,-0.010647,0.041073,-0.005497,2739.4,0.13324,1.6919,-0.005497,-0.002867,44.006,1.1356,0.004636,-0.002997,0.11887,0.40783,0.13282,0.024659,0.23732,4.8839,0.30799,-0.002867,100.24,3.6412,0.007843,0.004636,1.9681,5.0546,0.48259,0.002418,0.020556,0.21862,0.002418,113.93,69.92,-0.024861,0.73196,44.882,-0.079614,-0.041523,1.0305,0.5163,0.27463,1.0432,1.2345,7101.7,0.019515,-0.014092,0.98049,0.18332,8.2944,5.2203,98.285,3.7137,4.9046,0
0.15562,0.54545,0.42588,1.7808,78.171,0,0.19237,0.83335,1.263,0.45455,0.20119,0.35268,0.15805,0.19237,997.34,0.36598,1.8333,0.19237,0.15231,54.244,0.97969,0.17277,0.12321,0.54563,0.44657,0.2986,19.578,14.856,3.797,0.39742,0.15929,185.67,1.9658,1.9658,0.19079,1.263,,0.45455,0.15106,0.092431,0.101,0.13679,266.13,211.89,0.82904,1.4367,63.896,0.16552,0.13105,1.7808,0.54545,0.5087,15.856,15.856,2668.4,0.15106,0.34235,0.85198,0,6.7288,1.7226,157.63,2.3156,44.058,0
-0.073376,0.32064,0.13239,1.5051,-15.064,0.008401,-0.073273,2.117,0.95309,0.67877,-0.073273,-0.27957,0.007846,-0.073273,10679,0.03418,3.1188,-0.073273,-0.05246,49.48,1.0708,-0.064362,-0.052534,0.034103,0.67877,0.033858,-0.43919,0.21863,4.5184,0.22589,-0.05246,65.277,5.5915,-0.20073,-0.064362,1.4101,3.5036,0.73732,-0.04608,0.022789,0.53052,-0.04608,101.53,52.045,-0.38753,0.78268,47.159,-0.14859,-0.10639,1.2303,0.26209,0.17884,1.121,1.2177,4367.6,-0.049219,-0.1081,1.0492,0.086257,7.3767,7.0131,68.49,5.3292,2.3066,0
0.014483,0.53655,0.4417,2.2022,51.298,-0.014059,0.016183,0.80351,0.94431,0.43113,0.016183,0.044046,0.038929,0.016183,3702.4,0.098585,1.8637,0.016183,0.01191,63.6,0.99945,0.009399,0.010659,-0.011554,0.43113,0.095416,0.065322,2.3139,4.5726,0.37012,0.01191,93.199,3.9163,0.017518,0.009399,1.5268,3.3838,0.60027,0.006917,0.10552,0.38255,0.006917,206.93,143.33,0.06117,1.5578,60.058,-0.027314,-0.020102,1.508,0.36741,0.25534,2.2585,3.1446,16511,-0.05897,0.033593,1.059,0.39233,5.739,2.5466,98.695,3.6983,7.1182,0
-0.050829,0.23746,0.2797,2.1779,547.67,0,-0.050829,3.2112,0.15672,0.76254,-0.050829,-0.21405,0.015135,-0.050829,36539,0.009989,4.2112,-0.050829,-0.32432,0,1.0502,-0.0649,-0.32432,0.27392,0.66603,0.009989,,0.57928,2.7144,-1.3348,-0.32432,372.6,0.97961,0.97961,-0.075898,0.15672,,0.76254,-0.48427,1.9094,-0.67663,-0.4141,148.48,148.48,,2.1779,0,-0.1181,-0.75356,2.1779,0.23746,1.0208,1.5793,1.5793,144.91,-0.48427,-0.066658,1.2796,0,,2.4582,553.03,0.66,0.32459,0
0.059782,0.89319,0.068057,1.0762,-72.303,-0.040287,0.059782,0.11958,1.7614,0.10681,0.1724,0.066931,0.20271,0.059782,913.04,0.39976,1.1196,0.059782,0.03394,46.312,1.209,0,0.03394,0.26672,0.019495,0.39976,0,1.7563,3.4739,0.34991,0.073808,303.47,1.2028,1.2028,0.007364,1.7614,,0.10681,0.004181,0.31064,0.10015,0,141.69,95.38,0.26749,0.82597,75.935,-0.29728,-0.16877,1.0762,0.89319,0.83142,2.7563,2.7563,202.66,0.3901,0.55972,0.67681,0,7.8813,3.8268,185.09,1.9721,45.457,0
0,0.28376,0.30758,2.8529,108,0.037948,0.047137,2.5241,0.84549,0.71624,0.057602,0.28396,0.13304,0.047137,920.78,0.3964,3.5241,0.047137,0.055751,36.438,0.81032,0.051902,0,0.47324,0.6737,0.23028,4.9593,0.58429,4.0701,0.14592,0.055751,74.873,4.8749,2.8519,0.036246,0.84549,3.7066,0.82124,0.04287,0.96617,0.080672,0.061387,135.21,98.771,0,2.3444,38.07,-0.013443,-0.0159,1.669,0.166,0.20513,1.3606,1.56,3615,0.04287,0,0.94562,0.14659,10.017,3.6954,71.663,5.0933,1.6061,0
-0.15012,0.92084,-0.15372,0.83306,-287.05,0,-0.15012,0.085971,0.82149,0.079165,-0.10858,-0.16303,-0.16911,-0.15012,-2419.4,-0.15086,1.086,-0.15012,-0.18275,254.38,,-0.10855,-0.18275,-0.13023,-0.000795,-0.15086,-2.613,-0.66009,4.0002,1.1183,-0.13218,361.74,1.0101,1.0101,-0.10755,0.8215,,0.079165,-0.13092,0.009335,-0.31534,-0.13213,337.02,82.646,-0.26222,0.63106,224.67,-0.11975,-0.14577,0.83306,0.92084,0.99004,0.33994,0.33994,-1538,-0.13104,-1.8963,1.1322,0,1.4349,4.4164,409.14,0.89211,3.5275,1
0.000284,0.81963,0.072897,1.2239,-105.82,-0.10696,0.006591,0.22007,0.64006,0.18037,0.098869,0.020246,0.052155,0.006591,8961.7,0.040729,1.2201,0.006591,0.010298,150.15,1.3497,0.098869,0.000443,-0.030906,-0.10667,0.033033,1.0714,0.12118,4.5098,1.2754,0.050106,175.76,2.0767,0.82487,-0.036029,0.64006,0.30911,0.61764,-0.05629,0.011571,0.21742,0.15447,225.08,74.93,0.001077,0.41517,142.14,0.072078,0.11261,0.48614,0.32556,0.48153,0.29985,1.0268,2357.7,-0.05629,0.001572,0.99149,2.4242,2.431,4.8712,185.65,1.966,1.064,0
0.065999,0.60862,0.3447,1.5966,3.7556,0,0.085516,0.64306,1.8784,0.39138,0.096176,0.14802,0.068917,0.085516,1716.1,0.2127,1.6431,0.085516,0.045527,54.155,1.4982,0.095468,0.035136,0.18742,0.22759,0.18063,8.9565,4.4449,3.6665,0.32387,0.05012,118.4,3.0828,2.9264,0.097269,1.8784,20.857,0.42224,0.051784,0.083367,0.14553,0.050825,169.89,115.74,0.23682,1.1142,57.112,0.051533,0.027435,1.5156,0.57776,0.32438,5.0469,5.4449,1599.4,0.051784,0.16863,0.95449,0.078865,6.7399,3.1538,112.27,3.2511,24.222,0
0.29885,0.72071,0.39629,3.1584,31.506,-0.31072,0.35332,0.38752,2.9864,0.27929,0.46514,1.9244,0.17041,0.35332,516.9,0.70613,1.3875,0.35332,0.11831,22.682,1.3558,0.46221,0.10007,0.61706,-0.011869,0.63056,4.1334,0.94328,3.2348,0.18367,0.13316,26.56,13.742,3.5009,0.46326,2.9864,0.76653,0.79369,0.15512,0.95714,0.038885,0.15477,49.397,26.715,1.6103,2.1476,26.847,0.3066,0.10267,0.8046,0.1836,0.072767,0.66479,1.8892,680.53,0.15512,1.07,0.88182,1.8418,16.092,13.663,22.44,16.266,7.1084,0
0.016403,0.93466,0.10702,1.3327,-42.573,0,0.030909,0.069908,0.76684,0.06534,0.095628,0.096094,0.12435,0.030909,3577.7,0.10202,1.0699,0.030909,0.040307,87.721,1.1263,0.071282,0.02139,0.057752,0.031132,0.086501,1.1014,0.18731,3.1648,1.0558,0.088288,163.43,2.2333,0.76859,0.048477,0.76684,0.52829,0.52792,0.063216,0.3889,0.22954,0.092955,144.5,56.777,0.089003,0.75974,93.641,0.006836,0.008915,0.45864,0.32166,0.44776,0.11437,0.92404,156.42,0.063217,0.25104,0.96212,7.0797,4.1609,6.4286,153.1,2.384,1.3422,0
0.00034,0.4225,-0.057441,0.86405,-103.32,0,0.003537,1.3669,1.1514,0.5775,0.016588,0.008372,0.053799,0.003537,2489.5,0.14662,2.3669,0.003537,0.003072,77.969,1.0231,0.014233,0.000295,0.012816,0.57055,0.13905,1.0906,-0.090466,4.0611,0.3514,0.013354,134.79,2.708,2.708,0.007314,1.1514,,0.5775,0.006352,0.061747,0.19388,0.012361,107.45,29.483,0.001381,0.28189,78.468,-0.044175,-0.038366,0.86405,0.4225,0.36928,0.90953,0.90953,-661.2,0.006352,0.000588,0.99703,0,4.6813,12.38,133.93,2.7253,1.8134,0
0.067341,0.93181,-0.30832,0.53868,-165.1,0.13102,0.08853,0.072772,1.1552,0.06781,0.08853,0.13246,0.080267,0.08853,2703.1,0.13503,1.0732,0.08853,0.056477,69.038,1.1902,0.21489,0.04296,0.17279,0.06781,0.11229,1.5836,-0.48177,4.1847,0.58616,0.056477,179.78,2.0303,0.23061,0.21489,1.583,0.24115,0.33127,0.13708,0.020013,0.12148,0.13708,80.717,11.679,0.22712,0.095061,79.754,0.17759,0.11329,0.38637,0.66834,0.49254,0.10596,0.51764,-4717,0.13436,0.99309,0.86564,3.8853,5.2869,31.252,155.62,2.3454,2.4494,0
-0.034037,0.86989,0.20529,1.6226,-142.18,-0.036785,-0.034037,0.14958,0.91231,0.13011,-0.018997,-0.10322,0.023369,-0.034037,14893,0.024508,1.1496,-0.034037,-0.037308,187.89,1.0536,0,-0.037308,-0.084933,0.029646,0.024508,0,0.4415,3.9011,0.95227,-0.074617,163.44,2.2333,0.84657,0.005436,0.91231,0.12107,0.67025,0.005958,0.017444,0.52381,0,211.76,23.861,-0.072475,0.19831,232.77,-0.055356,-0.060677,0.61506,0.32975,0.44777,0.27983,1.4415,1634.6,0.1928,-0.26159,0.82672,4.1513,1.9426,15.297,131.93,2.7667,1.9621,0
-0.16635,0.57642,0.15127,1.2626,3.9457,0.29811,-0.16635,0.60156,0.98857,0.34675,-0.16635,-0.28879,-0.03266,-0.16635,-1546,-0.23609,1.7348,-0.16635,-0.039922,8.3849,1.1661,-0.13956,-0.039922,0.26941,0.34675,-0.23609,-0.33109,0.55469,4.961,0.13745,-0.039922,49.879,7.3177,-0.24211,-0.13956,4.174,1513.5,0.34717,-0.033492,0.02319,-0.17339,-0.033492,62.537,54.152,-1.7378,1.0964,8.2891,-0.16981,-0.040754,1.2617,0.57601,0.13666,1.2715,1.273,13827,-0.011561,-0.47973,1.0116,0.001203,43.53,6.7403,50.456,7.234,15.279,0
0.071854,0.53257,0.1202,1.3167,-50.233,0.13699,0.086222,0.83661,1.1188,0.44555,0.086222,0.22717,0.10549,0.086222,1600.6,0.22803,1.8777,0.086222,0.074896,71.19,1.5624,0.13118,0.062415,0.17268,0.44555,0.20105,1.2748,0.24028,4.4053,0.38811,0.074896,134.63,2.7111,0.24632,0.13118,1.1668,1.7986,0.59857,0.11395,0.31642,0.10522,0.11395,120.37,49.18,0.32001,0.7251,79.646,0.095962,0.083356,0.93838,0.37955,0.36885,0.89067,1.1966,3056,0.10616,0.16127,0.89384,0.34343,5.1271,7.4217,120.34,3.0331,2.3013,0
0.016964,0.75503,0.081574,1.1268,-197.07,0.002708,0.016964,0.32445,0.8879,0.24497,0.06201,0.026366,0.019106,0.016964,16245,0.022468,1.3245,0.016964,0.019106,40.73,1.1724,0.072283,0.019106,0.049082,0.21637,0.022468,1.6046,0.29661,5.4194,0.84022,0.037342,331.67,1.2777,1.0888,0.076828,0.89533,90.948,0.25185,0.086528,0.68618,0.34818,0.081409,116.54,75.808,0.17121,0.97279,43.992,0,0,0.9602,0.64341,0.90868,0.89074,0.91577,21426,0.20253,0.069249,0.96847,0.028093,8.9614,4.8148,264.49,1.38,3.2285,1
0.038129,0.34499,0.2604,1.9658,0.39316,0.14618,0.038238,1.8987,1.0043,0.65501,0.038238,0.14182,0.081394,0.038238,1260.8,0.2895,2.8987,0.038238,0.031163,76.029,0.98195,0.011004,0.031075,0.15294,0.65501,0.28918,0.090072,0.55407,4.9184,0.19214,0.031163,80.551,4.5313,0.031898,0.011004,1.2781,3.6414,0.73038,0.008968,0.41826,0.15614,0.008968,124.12,48.09,0.14918,1.0179,76.358,-0.05063,-0.041263,1.5364,0.26962,0.22069,1.3937,1.5541,21581,0.004307,0.058211,0.99569,0.11506,4.8008,7.5899,80.204,4.5509,2.6108,0
0.0276,0.85121,0.021854,1.0263,-9.9878,-0.058814,0.026613,0.12588,1.0412,0.10715,0.026613,0.032033,0.028542,0.026613,7290.1,0.050068,1.1748,0.026613,0.017823,13.98,1.5276,0.050191,0.018484,-0.059801,0.10715,0.051227,0.34999,0.14832,4.7193,0.53183,0.017823,211.46,1.7261,0.058965,0.050191,1.5005,38.972,0.12756,0.033613,0.073528,0.42276,0.033613,193.49,179.51,0.48258,0.95746,14.557,0.034186,0.022894,1.0017,0.8308,0.57933,0.7272,0.86572,1145.2,0.039604,0.25759,0.9604,0.1905,26.108,2.0333,203.08,1.7973,10.134,0
0.018609,0.12976,0.5532,6.2017,8.9373,0,0.026482,6.7067,0.93398,0.87024,0.026577,0.24901,0.061194,0.026482,828.66,0.44047,7.7067,0.026482,0.028354,66.131,1.0071,0.01272,0.019925,0.16201,0.78681,0.37979,133.9,1.6249,3.2653,0.13893,0.028456,43.229,8.4435,6.9204,0.036015,0.93398,,0.87024,0.038561,3.4081,0.099678,0.013619,116.11,49.976,0.10997,4.6105,68.783,-0.017952,-0.019221,5.0829,0.10635,0.11843,2.5561,2.5561,1019.1,0.038561,0.021384,0.97221,0,5.5193,7.3035,41.562,8.7821,2.7434,0
0.14429,0.38287,0.29431,1.9785,10.401,0.14429,0.17202,1.0239,1.06,0.39202,0.17202,0.57194,0.11242,0.17202,643.82,0.56693,2.6119,0.17202,0.089098,44.437,1.0791,0.14004,0.074732,0.17202,0.39202,0.49448,,0.72686,5.0026,0.17865,0.089098,60.27,6.0561,0.36577,0.14004,2.0726,4.3855,0.47412,0.072533,0.15256,0.068012,0.072533,103.83,59.39,0.61384,1.197,47.101,0.095004,0.049207,1.5543,0.30077,0.16512,0.96816,1.1709,29610,0.056563,0.36806,0.94344,0.20942,8.2139,6.1458,56.861,6.4192,4.7682,1
-0.081641,0.14587,0.63529,7.5296,245.69,0.84711,-0.081641,5.8552,0.81218,0.85413,-0.081619,-0.83913,-0.056308,-0.081641,-1164.2,-0.31351,6.8552,-0.081641,-0.10052,15.589,0.54949,-0.096083,-0.10052,0.24872,0.85016,-0.31351,-4263,2.3756,4.1004,-0.31286,-0.10049,38.774,9.4136,6.2785,-0.1037,0.81218,,0.85413,-0.12768,4.1114,-0.080807,-0.1183,149.46,133.87,-2.3535,7.1731,13.824,-0.13199,-0.16252,5.022,0.097293,0.10623,3.1939,3.1939,8004.9,-0.12768,-0.095585,1.0975,0,23.413,2.7265,43.724,8.3478,3.0371,0
0.035883,0.007186,0.36635,51.982,213.24,0.85589,0.035883,138.16,0.60287,0.99281,0.035883,4.9935,0.059521,0.035883,73.095,4.9935,139.16,0.035883,0.059521,21.483,0.93314,0,0.059521,0.069911,0.89178,4.9935,,0.58479,2.6945,-0.13269,0.133,4.6956,77.732,77.732,0,0.60287,,0.99281,0,12.132,,0,173.37,151.89,1.0113,47.044,23.186,0,0,51.982,0.007186,0.012865,1.5848,1.5848,181.29,0.073475,0.036143,0.92653,0,16.99,2.4031,4.3506,83.896,0.96234,0
0.34978,0.21876,0.21944,2.0031,20.4,0.13116,0.34978,3.397,0.9818,0.74315,0.34978,1.5989,0.23636,0.34978,212.83,1.715,4.5711,0.34978,0.22035,16.05,0.97092,0.35358,0.22035,0.13116,0.74315,1.715,2.187,0.39062,5.2479,0.10805,0.22035,49.388,7.3905,1.6163,0.35358,2.0519,,0.74315,0.22275,0.48782,0.018977,0.22275,76.225,60.175,5.0112,1.684,15.758,0.32817,0.20674,2.0031,0.21876,0.13531,1.3228,1.3228,38833,-0.018541,0.47067,1.0185,0,22.742,6.0657,50.304,7.2559,2.8255,0
0.052866,0.37165,0.46915,2.3927,19.813,-0.57752,0.052866,1.6907,1.6451,0.62835,0.064019,0.15693,0.15381,0.052866,536.12,0.68082,2.6907,0.052866,0.032136,89.963,0.93808,0,0.032136,-0.4344,-0.52466,0.68082,0,2.4186,3.6699,0.22106,0.064272,95.34,3.8284,3.4701,0.023684,1.6451,,0.62835,0.014397,0.034789,0.061892,0,176.24,86.272,0.13038,1.189,114.75,-0.20016,-0.12167,2.1687,0.33687,0.26121,3.2393,3.2393,2193.8,0.21604,0.084135,0.81097,0,4.0572,4.2308,74.743,4.8834,8.4807,0
0.34868,0.363,0.40088,2.1044,54.232,0,0.34868,1.7549,1.5808,0.637,0.35753,0.96057,0.2361,0.34868,354.99,1.0282,2.7549,0.34868,0.22057,49.572,1.0197,0.31871,0.22057,0.79738,0.34868,1.0282,36.032,1.6977,3.466,0.071708,0.22617,105.71,3.4527,3.4527,0.3275,1.5808,,0.637,0.20717,0.69068,0.03525,0.20161,118.49,68.914,1.6241,1.5129,62.526,0.29417,0.18609,2.1044,0.363,0.28963,2.6977,2.6977,1172.2,0.20717,0.54738,0.78485,0,7.363,5.2965,83.813,4.3549,6.6948,0
0.1303,0.50773,0.38856,1.8102,54.549,0,0.16011,0.96956,2.1914,0.49227,0.16472,0.33386,0.080433,0.16011,1051.4,0.34715,1.9696,0.16011,0.073065,13.413,1.0233,0.16257,0.059461,0.48738,0.48855,0.28844,35.274,2.9468,4.4295,0.14782,0.073822,86.738,4.2466,4.0112,0.17327,2.2014,28.015,0.52039,0.079068,0.38721,0.094697,0.074188,113.67,100.26,1.6181,1.6423,14.432,0.14643,0.06682,1.7099,0.47958,0.23548,3.7333,3.9465,10445,0.079068,0.26469,0.92725,0.05711,27.213,3.6406,79.879,4.5694,16.619,0
0.048565,0.77731,0.1089,1.165,14.279,0,0.048565,0.28649,1.8422,0.22269,0.075168,0.073582,0.048101,0.048565,3201.8,0.114,1.2865,0.048565,0.026362,5.1133,1.3126,0.064563,0.026362,0.11394,0.048565,0.114,2.427,0.47124,3.5505,0.41116,0.040802,133.35,2.7371,2.3241,0.035699,1.8422,15.354,0.27109,0.019378,0.04981,0.24768,0.035046,145.83,140.72,1.8818,1.1259,5.2143,0.024516,0.013307,0.9892,0.66002,0.36535,0.96368,1.1731,386.86,0.019378,0.21808,0.97426,0.21733,71.383,2.5939,130.77,2.7912,7.9721,0
0.032389,0.53032,-0.14226,0.69213,-151.81,-0.017497,0.032389,0.88567,0.74968,0.46968,0.044127,0.070096,0.13787,0.032389,1872.8,0.1949,1.8857,0.032389,0.043204,23.863,1.1321,0.001492,0.043204,0.073275,0.37482,0.1949,0.12708,-0.20914,5.4897,0.70419,0.081844,303.02,1.2045,1.0495,0.013263,0.74968,5.3102,0.52068,0.017692,0.034435,0.24395,0.00199,147.96,124.1,0.66084,0.58606,32.142,-0.069478,-0.092677,0.60306,0.46207,0.8302,0.69052,0.76549,-43933,0.25758,0.068959,0.82292,0.10858,15.296,2.9412,224.97,1.6224,1.1022,0
0.083812,0.40567,0.083731,1.3771,-9.8337,0.15808,0.10797,1.3781,1.0483,0.55905,0.10797,0.48625,0.077138,0.10797,653.59,0.55846,2.4651,0.10797,0.036762,18.651,1.4403,0.11556,0.028538,0.20139,0.55905,0.49892,0.41249,0.12061,4.6318,0.1359,0.036762,28.929,12.617,0.28487,0.11556,2.957,0.84791,0.74267,0.039348,0.060781,0.056961,0.039348,36.324,17.673,0.55847,0.70121,19.553,-0.003019,-0.001028,0.75375,0.22204,0.079257,0.80528,1.0698,3586.7,0.046094,0.14992,0.95391,0.32846,19.57,20.653,27.595,13.227,4.2305,0
0.009735,0.59608,0.29594,1.5462,-1.7539,0,0.009735,0.67762,2.6804,0.40392,0.010158,0.017968,0.024759,0.009735,3278.5,0.11133,1.6776,0.009735,0.003632,40.208,1.1105,0.001512,0.003632,-0.035946,0.12446,0.11133,3.5752,1.824,3.4008,0.18147,0.00379,73.02,4.9986,4.5435,-0.027969,2.6804,,0.40392,-0.010435,0.22751,0.34176,0.000564,97.296,57.087,0.032972,1.0012,39.793,-0.055115,-0.020563,1.4054,0.54181,0.20005,2.4895,2.4895,744.67,-0.010435,0.024103,0.99658,0,9.0778,6.3937,73.782,4.947,16.52,0
0.060764,0.81806,0.15043,2.145,14.405,0,0.062296,0.22241,0.7882,0.18194,0.08369,0.47419,0.14584,0.062296,2597.6,0.14051,1.2224,0.062296,0.079035,54.843,1.2232,0.083064,0.077092,0.18315,0.17953,0.13864,3.8826,0.20945,4.329,1.0083,0.10542,68.525,5.3265,0.85539,0.088442,0.7882,0.2379,0.86863,0.11221,0.22385,0.20092,0.10539,116.88,62.034,0.51307,1.2435,61.775,0.030413,0.038585,0.34447,0.13137,0.18774,0.25333,1.2094,3208.4,0.11221,0.33397,0.92195,3.7742,6.6553,5.8839,60.836,5.9998,1.0975,0
0.24237,0.34886,0.64931,2.8661,15.581,0,0.30083,1.8665,1.9152,0.65114,0.40567,0.86457,0.15894,0.30083,418.31,0.87255,2.8665,0.30083,0.15708,110.58,1.2783,0.32075,0.12655,0.70605,0.62518,0.70498,3.0593,237.28,3.5857,0.1198,0.15709,79.765,4.5759,4.564,0.32299,1.9152,,0.65114,0.16865,0.34423,0.035856,0.16748,167.23,56.657,0.41773,1.1986,133.01,0.31718,0.16561,2.8587,0.34795,0.21854,237.95,237.95,2501.4,0.16865,0.37222,0.85065,0,3.3009,6.4423,66.313,5.5042,699.87,0
0.033963,0.18745,0.64015,4.4151,207.56,0,0.033963,4.3349,1.211,0.81255,0.033963,0.18119,0.028321,0.033963,1994.8,0.18297,5.3349,0.033963,0.028046,14.837,0.81712,0,0.028046,0.33447,0.50923,0.18297,,3.7131,3.7489,-0.22127,0.063827,67.136,5.4367,5.4367,0.010019,1.211,,0.81255,0.008274,2.4485,18.713,0,111.11,96.272,0.68993,4.1525,17.631,-0.000334,-0.000276,4.4151,0.18745,0.18393,4.7131,4.7131,3590.9,0.15847,0.041798,0.86345,0,24.6,3.7913,56.497,6.4606,7.0242,0
-0.7981,1.7619,-1.1056,0.37251,-271.16,-0.7981,-0.7981,-0.45677,0.78414,-0.80481,-0.7981,-0.45297,-0.4021,-0.7981,-863.17,-0.42286,0.56756,-0.7981,-0.43073,124.1,0.88802,-0.67303,-0.43073,-0.7981,-0.80481,-0.42286,,-3.2176,4.3104,0.94424,-0.43073,272.16,1.3411,-0.38198,-0.67303,1.8881,,-0.80481,-0.36323,0.009458,-0.093433,-0.36323,126.01,1.9127,-1.2669,0.014969,97.308,-0.72607,-0.39186,0.37251,1.7619,0.74564,-2.3422,-2.3422,-22594,-0.27529,0.99167,1.2753,0,2.9413,190.83,347.08,1.0516,5.3925,1
0.23683,2.3102,-1.4703,0.33799,-103.18,-1.9663,0.23683,-0.56713,6.9253,-1.3102,0.56767,0.10664,0.036985,0.23683,3292,0.11087,0.43287,0.23683,0.034197,12.328,1.2607,0.56056,0.034197,0.34723,-1.7874,0.11087,1.6943,-5.8962,3.1192,0.2916,0.072585,129.96,2.8085,2.7,0.68793,6.9253,6.1983,-1.2268,0.099335,0.16604,0.1328,0.080943,20.127,7.7991,1.0125,0.23267,13.687,0.54125,0.078155,0.32493,2.2209,0.35606,-5.2541,-4.9198,-1934.6,0.099335,-0.18076,0.96619,-0.063633,29.608,46.8,117.05,3.1183,27.773,0
-0.091709,0.89193,-0.38935,0.53422,-41.872,-0.26346,-0.091709,0.12117,0.98735,0.10807,-0.091709,-0.10971,-0.004815,-0.091709,-11642,-0.031353,1.1212,-0.091709,-0.01579,17.709,0.9487,-0.070399,-0.01579,-0.24662,0.10807,-0.031353,-0.11968,-0.7035,3.7288,0.14138,-0.01579,51.868,7.0371,-0.078929,-0.070399,5.8264,2.9412,0.16409,-0.012121,0.091448,-4.406,-0.012121,23.26,5.5512,-0.32546,0.19712,17.485,-0.13414,-0.023097,0.50066,0.83591,0.1421,0.19527,0.2965,-2085,-0.012815,-0.8486,1.0128,0.51839,20.611,65.751,52.533,6.9481,10.494,0
0.041107,0.36996,0.014514,1.0439,-11.303,0.16962,0.041107,1.2222,1.0014,0.45214,0.041107,0.12429,0.03178,0.041107,992.51,0.36776,2.703,0.041107,0.009602,11.848,1.3813,0.04612,0.009602,0.16962,0.45214,0.36776,0.10788,0.022167,4.1058,0.083816,0.009602,28.236,12.927,0.12466,0.04612,4.3253,5.2583,0.49137,0.010773,0.05419,0.086221,0.010773,27.906,16.058,0.29579,0.62369,11.865,-0.048827,-0.011405,0.9332,0.33073,0.077358,0.69055,0.75046,185.19,0.001369,0.090916,0.99863,0.086759,30.806,22.73,28.197,12.945,6.5386,0
-0.062973,0.78275,0.19668,1.3489,43.355,0,-0.062973,0.27754,0.74679,0.21725,-0.020033,-0.11171,-0.072823,-0.062973,-5253.5,-0.069477,1.2775,-0.062973,-0.084324,58.671,1.6075,0,-0.084324,-0.025819,0.082532,-0.069477,0,0.8209,5.0818,0.77569,-0.18876,321.08,1.1368,0.81869,0.002335,0.74679,9.1031,0.28759,0.003127,0.36184,3.0379,0,271.96,213.29,-0.52459,1.136,68.372,-0.008589,-0.011501,0.97145,0.56373,0.87968,0.90673,1.2003,23743,0.14189,-0.28987,0.91894,0.32381,6.2212,1.7113,275.53,1.3247,3.1169,0
0.074484,0.4115,0.58352,2.418,32.964,0,0.085052,1.4301,2.7426,0.5885,0.13682,0.20669,0.032345,0.085052,1693.1,0.21557,2.4301,0.085052,0.031012,38.966,1.0998,0.12989,0.027159,0.26071,0.57729,0.18989,2.5089,117.13,3.6492,0.11824,0.031013,57.542,6.3432,6.3432,0.13236,2.7426,,0.5885,0.04826,0.33848,0.10271,0.047361,113.89,74.921,0.2544,1.7065,40.942,0.12623,0.046028,2.418,0.4115,0.15765,118.13,118.13,2601.9,0.04826,0.12657,0.96933,0,9.3671,4.8718,54.765,6.6648,550.53,0
0.078208,0.58721,0.13513,1.2302,6.9879,0.089497,0.097407,0.63636,1.029,0.37368,0.097407,0.16593,0.030602,0.097407,2164.5,0.16863,1.703,0.097407,0.030102,8.2354,1.236,0.096516,0.024169,0.11463,0.37368,0.13594,0.30691,0.48636,5.2115,0.1742,0.030102,68.134,5.3571,0.16436,0.096516,3.2505,3533.4,0.37386,0.029827,0.041945,0.19673,0.029827,78.681,70.446,1.0712,1.1058,8.474,0.094899,0.029327,1.2298,0.58703,0.18667,1.3449,1.3456,21992,0.028154,0.20929,0.97185,0.000492,44.321,5.1813,66.216,5.5123,11.647,0
-0.77554,1.5132,-0.56077,0.62941,-34.783,-1.3796,-0.77554,-0.33914,11.164,-0.51319,-0.77554,-0.51252,-0.068329,-0.77554,-724.07,-0.5041,0.66086,-0.77554,-0.069471,19.343,0.99387,-0.77558,-0.069471,-0.028173,-1.2669,-0.5041,,-11.786,2.1228,0.12585,-0.069471,46.258,7.8905,7.8905,-0.77624,11.164,,-0.51319,-0.069533,0.071539,-0.066122,-0.069475,27.601,8.2574,-1.3109,0.23844,18.086,-0.78833,-0.070617,0.62941,1.5132,0.12673,-10.786,-10.786,-74.403,-0.069533,1.5112,1.0695,0,18.87,44.203,49.475,7.3775,234.63,1
0.023144,0.64435,0.24729,1.618,-28.483,0,0.023144,0.55194,0.85068,0.35565,0.032765,0.057836,0.040178,0.023144,6881.2,0.053043,1.5519,0.023144,0.027207,94.253,1.1922,0,0.027207,0.059376,0.15724,0.053043,0,0.70143,4.2587,0.75728,0.070984,247.71,1.4735,0.91508,0.039755,0.85068,1.7574,0.59906,0.046733,0.18379,1.9465,0,246.24,151.99,0.10536,1.069,135.98,-0.011034,-0.012971,1.0048,0.40017,0.67867,1.0088,1.6992,4486.9,0.30687,0.065076,0.70449,0.68443,3.8726,2.4014,171.7,2.1258,2.413,0
-1.3556,2.1821,-1.2091,0.44589,-427.87,-0.043526,-1.3556,-0.54173,1.562,-1.1821,-1.3502,-0.62123,-0.86784,-1.3556,-587.55,-0.62123,0.45827,-1.3556,-0.86784,9.6451,0.98553,0,-0.86784,-1.0745,-1.2486,-0.62123,0,-44.742,2.2743,1.2982,-1.7357,676.3,0.5397,0.5397,0.025116,1.562,,-1.1821,0.016079,0.13913,,0,156.41,146.77,-32.842,0.42697,12.793,0,0,0.44589,2.1821,1.8529,-43.742,-43.742,-227.38,0.24605,1.1468,0.75741,0,37.843,2.4869,509.9,0.71583,57.799,0
0.30561,0.28642,0.70834,3.4756,43.576,0.35744,0.30561,2.4914,6.1163,0.71358,0.30563,1.0681,0.050569,0.30561,338,1.0799,3.4914,0.30561,0.049966,0,1.2371,0.29614,0.049966,0.69343,0.66304,1.0799,13317,127.97,2.9953,-0.025906,0.049969,17.944,20.341,20.321,0.29614,6.1163,,0.71358,0.048418,1.5698,0.031842,0.048418,32.542,32.542,,3.4756,0,0.29245,0.047815,3.4721,0.28613,0.049161,128.92,128.92,700.78,0.048418,0.42827,0.95011,0,,11.216,17.075,21.376,1105,0
0.023928,0.79174,0.14705,1.1857,2.9638,0.11445,0.023928,0.25406,1.015,0.20115,0.023928,0.030222,0.016994,0.023928,5827.2,0.062637,1.263,0.023928,0.008199,15.417,1.0038,0.044121,0.008199,0.11445,0.20115,0.062637,0.15346,2.4024,4.6851,0.24044,0.008199,100.51,3.6315,0.055727,0.044121,2.9222,,0.20115,0.015119,0.11418,0.373,0.015119,106.11,90.696,0.19412,1.03,15.648,0.018456,0.006325,1.1857,0.79174,0.27537,3.2863,3.2863,7120.7,0.014751,0.11896,0.98525,0,23.675,4.0245,99.028,3.6858,47.676,0
0.014164,0.47989,0.50309,2.1939,36.904,0.25944,0.014164,1.0838,3.3331,0.52011,0.035423,0.033614,0.009982,0.014164,5264.7,0.06933,2.0838,0.014164,0.00425,15.803,1.2491,0.03458,0.00425,-0.0982,0.32861,0.06933,1.6267,6.6601,2.8939,0.14173,0.007389,46.226,7.896,6.9332,0.005924,3.3331,13.333,0.57862,0.001777,0.064484,0.29796,0.010375,98.26,82.458,0.098155,1.8515,15.831,0.015474,0.004643,1.9264,0.42138,0.12665,6.8855,7.6601,394.07,0.001777,0.027233,0.99579,0.1125,23.097,4.4265,46.144,7.91,44.125,0
-0.14132,0.098694,0.71306,8.5251,-13.741,0.97618,-0.14132,9.1323,1.468,0.9013,-0.12748,-1.4914,-0.096263,-0.14132,-254.91,-1.4319,10.132,-0.14132,-0.096263,185.35,0.98326,-0.12748,-0.096263,-0.43721,0.83487,-1.4319,-9.2119,3.7104,2.9179,0.058077,-0.093137,21.655,16.855,16.183,-0.12913,1.468,,0.9013,-0.087963,0.443,-0.025807,-0.086836,190.41,5.0616,-0.18956,0.65785,170.36,-0.12748,-0.086836,8.1851,0.094757,0.059328,4.6899,4.6899,590.3,-0.087963,-0.15679,1.0961,0,1.9692,72.112,23.56,15.493,7.6388,0
0.080963,0.42956,0.1249,1.684,-6.0879,0.43118,0.10144,1.328,0.73535,0.57044,0.12346,0.55551,0.19838,0.10144,1074.8,0.3396,2.328,0.10144,0.13794,57.368,1.2806,0.12091,0.1101,0.61669,0.56916,0.29194,5.4906,0.18036,5.5916,0.58416,0.13794,120.72,3.0652,1.303,0.18324,0.73535,0.77714,0.8174,0.24919,0.098055,0.086596,0.16442,143.74,86.376,0.70051,1.051,75.37,0.076463,0.10398,0.71585,0.1826,0.32624,0.82374,1.1804,1.684,0.24919,0,0.76366,0.43293,6.3624,4.2257,90.637,4.0271,1.0619,0
0.002924,0.46297,0.11142,1.3648,-537.31,0,0.002924,1.16,0.80064,0.53703,0.025125,0.009572,0.23104,0.002924,913.53,0.39955,2.16,0.002924,0.003652,130.13,1.0003,0,0.003652,0.093275,0.19858,0.39955,0,0.19108,4.618,0.56862,0.010647,362.53,1.0068,0.66428,0.011393,0.80064,0.8363,0.69421,0.01423,0.068703,0.084768,0,180.48,50.358,0.010243,0.43033,338.77,-0.18206,-0.22739,0.90045,0.30546,0.99325,0.92096,1.1905,4623.5,0.61588,0.005444,0.41301,0.29268,2.805,7.2481,139.26,2.6211,1.373,0
0.022291,0.58725,-0.041764,0.91933,-57.72,0.071347,0.023772,0.66321,1.0464,0.38947,0.023772,0.045918,0.08138,0.023772,1989.4,0.18348,1.7029,0.023772,0.017955,39.403,1.2044,0.048569,0.016837,0.074117,0.38947,0.18095,0.38388,-0.079692,4.9173,0.43131,0.017955,149.35,2.4439,0.082706,0.048569,1.3511,4.7877,0.45902,0.036684,0.040378,0.14566,0.036684,125.44,86.041,0.15596,0.64324,41.233,-0.035405,-0.026741,0.81044,0.51769,0.40918,0.74316,0.87588,-3452,0.044386,0.057236,0.95561,0.17859,9.2632,4.2422,142.72,2.5574,2.5263,0
0.098404,0.77464,-0.10496,0.84625,-23.052,0,0.098404,0.29093,2.9841,0.22536,0.12256,0.14414,0.038836,0.098404,2439.7,0.14961,1.2909,0.098404,0.032976,8.7223,1.1228,0.12256,0.032976,0.5885,0.21582,0.14961,5.0742,-0.24857,3.2755,0.25041,0.032976,87.335,4.1793,3.6833,0.13093,2.9841,5.5078,0.31731,0.043876,0.047898,0.18438,0.04107,66.665,57.942,1.3799,0.7418,9.1225,0.10507,0.03521,0.74581,0.68269,0.23927,0.53369,0.75143,-197.92,0.043876,0.43665,0.96702,0.40798,41.847,6.2994,83.503,4.3711,7.0668,0
-0.38298,0.92145,-0.17486,0.79418,-186.86,0,-0.38298,0.085259,0.39845,0.078561,-0.34815,-0.45077,-0.96118,-0.38298,-878.19,-0.41563,1.0853,-0.38298,-0.96118,214.7,0.40083,-0.34815,-0.96118,,-0.24793,-0.41563,-9.9955,-0.53761,2.1851,2.2891,-0.87376,267.92,1.3623,1.2561,-0.75899,0.39845,6.1303,0.1504,-1.9049,0.23648,-0.088224,-0.87376,434.05,219.35,-1.6341,0.51832,73.909,-0.34815,-0.87376,0.73226,0.8496,0.73404,0.24153,0.46239,-26.779,-1.9049,-4.8749,1.4732,0.91439,1.7001,1.664,778.28,0.46898,1.225,0
0.10268,0.53817,-0.025881,0.92948,-54.321,0,0.10268,0.85814,2.1071,0.46183,0.10454,0.27976,0.066506,0.10268,1401.7,0.26039,1.8581,0.10268,0.048729,30.873,1.0435,0,0.048729,0.19878,0.41316,0.26039,0,-0.039281,4.1921,0.2552,0.10717,87.822,4.1561,2.8343,0.014074,2.1071,1.0005,0.62464,0.00668,0.056816,0.4789,0,55.48,24.607,0.57611,0.44387,42.647,-0.037459,-0.017778,0.63386,0.36701,0.24061,0.70093,0.94805,-402.84,0.27609,0.22233,0.72505,0.35255,11.823,14.833,63.575,5.7412,3.198,0
0.13306,0.4691,0.50532,2.0781,43.322,0,0.16319,1.1318,3.0261,0.5309,0.16677,0.34817,0.066013,0.16319,857.11,0.42585,2.1318,0.16319,0.053929,18.689,1.0151,0.15316,0.043971,0.33783,0.5013,0.36161,42.818,19.468,3.2276,0.026804,0.053929,58.927,6.1941,6.1892,0.12277,3.0261,,0.5309,0.040571,0.83923,0.082415,0.050613,70.039,51.35,0.85875,1.7475,19.479,0.11659,0.038528,2.0764,0.46872,0.16144,20.454,20.454,853.4,0.040571,0.25063,0.947,0,19.53,7.1081,56.536,6.4561,116.58,0
0.046239,0.4554,0.46895,2.0298,-15.194,-0.28747,0.047609,1.1625,1.0529,0.52941,0.047609,0.10454,0.045182,0.047609,2422.6,0.15066,2.1958,0.047609,0.031351,94.118,0.96607,0.098058,0.030449,-0.2861,0.52941,0.14765,0.67989,6.1998,4.122,0.21409,0.031351,115.25,3.167,0.21532,0.098058,1.5765,,0.52941,0.064573,0.58772,0.12575,0.064573,157.85,63.727,0.11808,1.1699,99.098,0.077055,0.050742,2.0298,0.4554,0.31576,6.9991,6.9991,6209.9,0.050246,0.087339,0.94975,0,3.8781,5.7276,109.46,3.3345,20.076,0
0.018991,0.48621,0.51035,2.1354,32.613,0,0.026944,1.0567,3.3824,0.51379,0.041218,0.059943,0.015732,0.026944,3335.1,0.10944,2.0567,0.026944,0.007966,18.386,0.95403,0.03505,0.005615,0.11876,0.45006,0.093085,2.4554,12.712,2.8946,-0.000663,0.009383,48.907,7.5394,6.97,0.027798,3.4301,56.723,0.52771,0.008218,1.1653,0.26431,0.010362,47.054,28.668,0.11146,1.7563,18.351,0.008782,0.002596,1.9741,0.44949,0.13264,12.797,13.144,400.42,0.008218,0.036962,0.99214,0.027089,19.852,12.732,48.505,7.5249,84.248,1
0.022643,0.94285,0.028907,1.0348,-24.703,0,0.022643,0.060591,0.72558,0.057128,0.043234,0.027289,0.031206,0.022643,15199,0.024015,1.0606,0.022643,0.031206,40.096,0.82824,-0.000894,0.031206,-0.017809,0.028749,0.024015,-0.014118,0.20467,3.8794,1.2386,0.05915,456.23,0.95234,0.83808,-0.062755,0.87603,8.6636,0.14704,-0.086489,0.057294,-35.17,-0.001232,408.02,367.92,0.28408,0.15336,36.817,-0.000894,-0.001232,0.91068,0.82973,1.05,0.40449,1.0411,219,0.085137,0.39635,0.75975,1.5738,9.1033,0.99206,417.39,0.87448,5.1374,1
-0.006127,0.4846,0.43136,1.8901,57.295,-0.030118,-0.010302,0.6659,0.996,0.3227,-0.010302,-0.021259,-0.00001,-0.010302,-9632400,-0.000038,2.0635,-0.010302,-0.005512,25.528,1.2694,-0.002724,-0.003278,-0.035298,0.3227,0.008579,-0.014516,5.1328,4.2274,0.10731,-0.005512,94.248,3.8728,-0.005622,-0.002724,1.8881,,0.3227,-0.001457,0.59345,2.1075,-0.001457,122.7,97.173,-0.046864,1.6204,25.426,-0.013008,-0.006959,1.8901,0.4846,0.25821,3.8398,3.8398,7282.1,-0.004019,-0.018986,1.004,0,14.298,3.7562,94.627,3.8573,22.242,0
0.24409,0.3771,0.42185,2.1187,30.971,0.74601,0.24409,1.6454,1.1743,0.62048,0.24409,0.64728,0.1493,0.24409,515.68,0.7078,2.6518,0.24409,0.13653,57.387,1.0964,0.23417,0.13653,0.74601,0.62048,0.7078,1.5381,2.0982,4.915,0.17032,0.13653,90.408,4.0373,0.62097,0.23417,2.0819,,0.62048,0.13098,0.22369,0.048242,0.13098,145.9,88.509,0.86839,1.3733,67.388,0.21134,0.11822,2.1187,0.3771,0.24769,3.0861,3.0861,34685,0.1484,0.39339,0.8516,0,6.3603,4.1239,76.991,4.7408,8.892,0
-0.19246,0.65231,-0.18541,0.71356,-131.15,-0.54025,-0.19246,0.45776,0.91031,0.2986,-0.19246,-0.29734,-0.095612,-0.19246,-1746.9,-0.20894,1.533,-0.19246,-0.13501,79.791,1.2859,-0.16306,-0.13501,-0.54025,0.2986,-0.20894,-1.0413,-0.34454,4.8675,0.45099,-0.13501,150.87,2.4193,-0.24998,-0.16306,1.4411,29.834,0.30364,-0.11439,0.096395,-0.20062,-0.11439,102.28,22.492,-0.6176,0.23211,72.635,-0.21923,-0.15379,0.70805,0.64728,0.41334,0.55489,0.56425,-13666,-0.098525,-0.64455,1.0985,0.016865,4.5744,16.228,165.73,2.2023,2.649,0
0.00754,0.84471,-0.30205,0.43622,-78.331,-0.60665,0.00754,0.18384,1.96,0.15529,0.057856,0.014074,0.058136,0.00754,2705.7,0.1349,1.1838,0.00754,0.003847,16.405,1.8148,0.057856,0.003847,-0.39806,-0.59911,0.1349,1.1499,-0.39417,3.6483,0.4217,0.014707,102.42,3.5638,2.2604,0.050698,1.96,1.0949,0.28828,0.025866,0.03792,0.17141,0.029518,39.739,23.334,0.085594,0.2718,16.84,-0.048553,-0.024772,0.27668,0.53576,0.2806,0.20266,0.37621,-1344.1,0.025866,0.048555,0.99617,0.85639,22.25,15.642,99.77,3.6584,2.5578,0
-0.046906,0.76034,-0.028655,0.90305,-3043.1,-0.079437,-0.046906,0.31521,1.3137,0.23966,-0.040453,-0.1587,0.29648,-0.046906,712.5,0.51228,1.3152,-0.046906,-0.035704,46.368,1.0192,0,-0.035704,-0.10592,-0.12089,0.51228,0,-0.039088,3.4474,0.57458,-0.071234,234.69,1.5552,0.60456,0.017221,1.3137,61.633,0.24129,0.013109,0.022241,0.058075,0,72.331,25.962,-0.28106,0.3384,132.52,-0.43641,-0.33219,0.35105,0.29557,0.643,0.32692,0.32914,-80.269,0.6501,-0.19572,0.35439,0.006771,7.8717,14.059,82.118,4.4448,1.7921,0
0.17208,0.62362,0.11652,1.1911,-12.241,0,0.17208,0.60355,3.5234,0.37638,0.23091,0.28226,0.069018,0.17208,936.04,0.38994,1.6036,0.17208,0.048839,4.5315,0.97469,0.23015,0.048839,0.66802,0.11281,0.38994,3.9122,0.42551,3.3131,0.12613,0.062776,68.095,5.3602,5.24,0.2556,3.5234,,0.37638,0.072544,0.59167,0.069003,0.065322,37.859,33.328,3.9338,1.1194,4.8859,0.15905,0.045143,1.1644,0.60964,0.18656,1.3745,1.3745,239.63,0.072544,0.45718,0.95118,0,80.548,10.952,63.155,5.7794,12.866,0
0.043355,0.052513,0.81422,16.505,310.19,0,0.043355,18.043,0.99685,0.94749,0.043355,0.82561,0.096332,0.043355,199.6,1.8287,19.043,0.043355,0.043492,0,1.2008,0.040704,0.043492,-0.67352,0.75256,1.8287,,6.1099,2.4091,0.041611,0.043492,19.59,18.632,18.632,0.018424,0.99685,,0.94749,0.018483,0.52546,0.018746,0.040833,307.25,307.25,,16.505,0,-0.011968,-0.012006,16.505,0.052513,0.053671,7.1099,7.1099,208.85,0.018483,0.045758,0.95821,0,,1.1879,19.228,18.983,7.4803,0
-0.11765,0.16035,0.51939,4.6921,20.398,0,-0.11765,5.2362,0.8065,0.83965,-0.11612,-0.83633,-0.094224,-0.11765,-770.2,-0.47391,6.2362,-0.11765,-0.14588,211.66,1.0587,-0.11622,-0.14588,-0.31666,0.74581,-0.47391,-75.731,1.5279,3.9689,0.1678,-0.14588,55.448,6.5827,5.775,-0.11953,0.8065,,0.83965,-0.14821,0.18915,-0.071692,-0.1441,286.69,75.021,-0.25156,1.3675,184.34,-0.15787,-0.19575,4.1163,0.14068,0.15191,2.47,2.47,4835.2,-0.14821,-0.14012,1.1443,0,1.7244,4.8653,63.666,5.733,2.3725,0
0.03983,0.26223,0.68484,5.0601,58.165,-0.08023,0.03114,2.8135,1.5834,0.73777,0.031944,0.18462,0.036183,0.03114,1670.6,0.21849,3.8135,0.03114,0.019666,100.02,1.1111,0.023487,0.025154,0.16332,0.72003,0.25163,29.183,4.6749,4.0467,0.10078,0.020174,39.486,9.2439,5.9459,0.024255,1.5834,,0.73777,0.015318,0.62781,0.17608,0.014833,172.33,72.313,0.091794,2.4877,101.58,-0.002667,-0.001684,3.2548,0.16867,0.10818,5.0363,5.0363,7625.1,0.015318,0.053987,0.98051,0,3.6493,5.0475,38.881,9.3877,10.809,0
0.14539,0.96946,-0.13505,0.75188,-22.131,-0.19971,0.14539,0.031502,2.6654,0.03054,0.21508,0.26711,0.15587,0.14539,851.74,0.42853,1.0315,0.14539,0.054548,0,1.3806,0.19837,0.054548,0.12795,-0.054318,0.42853,2.8465,-0.22862,2.7703,0.30218,0.079266,80.533,4.5323,2.5447,0.19837,2.6654,0.96265,0.45568,0.074426,0.30136,0.068987,0.074426,33.582,33.582,,0.75188,0,-0.071681,-0.026893,0.42216,0.54432,0.22064,0.051699,0.77138,-79.577,0.074426,4.7607,0.94579,13.921,,10.869,74.54,4.8967,4.5119,0
0.16634,0.70019,0.18435,1.2633,-33.871,0.066257,0.23794,0.42818,1.2382,0.29981,0.23794,0.33983,0.13762,0.23794,1031.5,0.35385,1.4282,0.23794,0.13216,64.666,1.6777,0.24378,0.092393,0.14534,0.29981,0.25158,1.6765,1.5966,3.1435,0.36823,0.13216,175.76,2.0767,0.34816,0.24378,1.8276,,0.29981,0.13541,0.055021,0.090775,0.13541,171.52,106.85,0.52151,0.80775,80.066,0.23396,0.12995,1.2633,0.70019,0.48154,2.5966,2.5966,256.53,0.19235,0.55482,0.80765,0,5.6444,3.4159,141.96,2.5712,15.593,0
-0.13402,1.0812,-0.17468,0.53633,-289.79,-0.3193,-0.13402,-0.075142,0.40083,-0.081247,-0.07794,-0.35574,-0.33045,-0.13402,-2979.5,-0.1225,0.92486,-0.13402,-0.33435,101.48,2.2209,0,-0.33435,-0.31096,-0.26522,-0.1225,0,-0.21891,5.1557,2.6903,-0.68459,382.53,0.95417,0.33245,0.031087,0.40083,0.18788,0.40104,0.077557,0.012925,23.094,0,179.55,78.077,-1.2026,0.24052,113.16,-0.001561,-0.003894,0.18687,0.37672,1.048,-0.10182,0.50258,-24998,0.10322,1.6495,1.1212,-5.936,3.5969,4.6749,343.05,1.064,0.50232,0
-0.046563,0.61037,-0.24847,0.59261,-92.821,-0.041585,-0.05199,0.63831,2.1404,0.38961,-0.05199,-0.085243,-0.02429,-0.05199,-4285.2,-0.085178,1.6383,-0.05199,-0.02429,52.163,,-0.010849,-0.021754,-0.070425,-0.078952,-0.076286,-0.26212,-0.38912,4.7094,0.28411,-0.005528,105.65,3.5271,3.5244,0.010394,2.1406,,0.38961,0.004856,0.004225,-1.8754,-0.005069,61.196,9.0324,-0.15222,0.50576,51.901,-0.010849,-0.005069,0.59215,0.60991,0.28352,0.61014,0.61014,-12727,0.015525,-0.11951,0.99428,0,6.9973,40.41,104.01,3.5094,3.352,1
0.054975,0.46196,0.23046,1.5167,-24.733,0.20653,0.067117,0.95954,1.0476,0.44326,0.067117,0.15047,0.078386,0.067117,1176.7,0.3102,2.1647,0.067117,0.036714,66.322,1.0062,0.091209,0.030072,0.24082,0.44326,0.28392,0.52268,0.71242,4.1938,0.24251,0.036714,93.296,3.9123,0.19744,0.091209,1.8498,21.633,0.45918,0.049892,0.070773,0.090731,0.049892,128.77,62.445,0.1655,0.77197,69.48,0.015028,0.008221,1.4644,0.44604,0.25561,1.3702,1.4194,3601.1,0.045451,0.12402,0.95455,0.035909,5.5035,5.8451,89.056,4.0986,5.6511,0
0.22595,0.068694,0.85829,14.905,92.526,0,0.22595,13.557,2.535,0.93131,0.22595,3.6607,0.10239,0.22595,96.599,3.7785,14.557,0.22595,0.089132,50.755,1.9493,0,0.089132,0.40929,0.78876,3.7785,,10.731,3.7034,-0.081234,0.20008,11.441,31.902,28.665,0.002268,2.535,,0.93131,0.000894,4.5842,0.068139,0,91.726,40.971,0.64099,9.1943,65.342,-0.033605,-0.013256,13.393,0.061725,0.031346,11.644,11.644,4335.1,0.22324,0.24262,0.78309,0,7.1914,8.9087,8.8872,41.07,31.695,0
0.007821,0.041042,-0.018763,0.54283,-955.44,0.023342,0.005628,22.379,0.40788,0.91847,0.005628,0.13714,1.8135,0.005628,2321.5,0.15722,24.365,0.005628,1.5818,8.0658,0.4928,-0.004464,2.1981,0.020098,0.91847,0.21066,-5.1172,-0.019191,5.1674,11.532,1.5818,1717.2,0.21255,-0.10877,-0.004464,0.07602,,0.91847,-1.2546,0.051892,-0.37074,-1.2546,2066.9,2058.8,99.47,0.54091,3.2899,-0.005289,-1.4863,0.54283,0.041042,4.7047,0.9394,0.9394,-2758.5,-1.4517,0.008516,2.4517,0,45.253,0.17729,4210,0.086698,0.003639,0
-0.01214,0.7398,-0.19806,0.34359,-87.042,0,-0.01214,0.35171,1.305,0.2602,0.01067,-0.040232,0.052538,-0.01214,3938.4,0.092678,1.3517,-0.01214,-0.009302,23.598,0.92448,0.01067,-0.009302,0.13008,0.23272,0.092678,0.46776,-0.22097,4.0381,0.56676,0.008161,84.031,4.3436,1.7716,-0.005629,1.305,0.070095,0.53558,-0.004314,0.050086,0.26988,0.008176,24.77,1.1719,-0.14388,0.063972,23.497,-0.070034,-0.053665,0.14014,0.30174,0.23022,0.29029,0.59753,-2162,-0.004314,-0.046655,1.0092,1.0583,15.467,311.46,84.393,4.325,1.456,0
0.030069,0.58084,0.004893,1.0101,-9.063,0,0.03983,0.72163,4.6379,0.41916,0.044012,0.082162,0.017624,0.03983,2593.8,0.14072,1.7216,0.03983,0.008588,8.1848,1.3614,0.044012,0.006483,0.30611,0.26247,0.12391,10.523,0.009587,3.5039,0.10499,0.008588,38.504,9.4795,7.9115,0.042511,4.6394,4.1023,0.51317,0.009166,0.22572,0.22535,0.00949,29.925,21.74,0.28912,0.79556,8.2605,0.002105,0.000454,0.84302,0.48477,0.10549,0.82133,1.0055,15.613,0.009166,0.071737,0.99141,0.22429,44.595,16.789,38.151,9.5672,9.0879,0
-0.001318,0.23652,0.074577,1.3636,-49.294,0,-0.001318,3.2279,0.88269,0.76348,-0.001318,-0.006424,0.003236,-0.001318,30226,0.012076,4.2279,-0.001318,-0.001493,59.574,1.175,0,-0.001493,0.062975,0.35369,0.012076,,0.10353,6.1341,0.25678,-0.003073,88.606,4.1193,3.5722,0.001664,0.88269,,0.76348,0.001885,0.27057,1.889,0,92.704,33.13,-0.009145,0.6612,62.238,-0.004174,-0.004728,1.1825,0.20511,0.24276,1.0599,1.0599,101560,0.042808,-0.001726,0.96039,0,6.1269,11.017,84.813,4.3036,1.2254,0
0.64413,0.23555,0.63096,3.7562,241.32,1.6839,0.64413,3.2455,1.7015,0.76445,0.64413,2.8138,0.4163,0.64413,130.46,2.7977,4.2455,0.64413,0.40691,3.2424,1.3903,0.64071,0.40691,1.6839,0.76445,2.7977,6.887,4.5029,4.4096,-0.23725,0.40691,89.815,4.0639,2.7201,0.64071,1.5936,127.69,0.77108,0.40475,2.6837,0.011812,0.40475,56.615,53.373,45.807,3.6948,5.517,0.62585,0.39536,3.6506,0.22892,0.24607,5.4556,5.5029,16205,0.41229,0.8426,0.58771,0.008665,112.57,6.8387,52.785,6.9149,11.297,0
-0.039065,0.98595,-0.2196,0.7096,-145.53,0.034405,-0.046517,0.003728,1.0141,0.003676,-0.046517,-0.061517,-0.007141,-0.046517,-36319,-0.01005,1.0142,-0.046517,-0.033523,83.776,0.89988,0.034516,-0.028152,0.047281,0.003676,-0.002491,0.25225,-0.47385,5.1638,0.70446,-0.033523,201.71,1.8095,0.035008,0.034516,1.4109,0.94911,0.23345,0.024874,0.011478,0.45574,0.024874,138.86,55.082,-0.12266,0.28841,84.958,-0.002093,-0.001508,0.54422,0.75617,0.55263,0.007931,0.50376,-32019,0.013913,-10.628,0.98609,62.514,4.3569,6.6265,198.9,1.8351,2.9943,0
0.082063,0.73815,0.24133,1.3269,-123.25,-0.073478,0.094538,0.35474,1.1967,0.26185,0.10269,0.12807,0.081186,0.094538,2773.1,0.13162,1.3547,0.094538,0.078999,86.255,1.866,0.10071,0.068574,0.090762,0.25371,0.11472,12.349,11.761,4.0891,0.54808,0.085814,246.24,1.4823,1.4823,0.10255,1.1967,,0.26185,0.085697,0.56154,0.23812,0.084159,172.32,86.066,0.29018,0.94382,94.34,0.098095,0.081972,1.3269,0.73815,0.67464,12.761,12.761,2963.1,0.085697,0.3134,0.92114,0,4.2316,4.2409,225.14,1.6212,58.32,0
0.033636,1.2363,-0.22804,0.65386,-397.68,-0.30825,0.038696,-0.19114,0.3401,-0.23631,0.03874,0.058737,0.174,0.038696,7625.3,0.047867,0.80886,0.038696,0.11378,115.76,1.6854,0.086606,0.0989,0.15589,-0.27318,0.043775,1957.6,-0.4006,3.1323,3.0656,0.11384,735.13,0.49651,0.26458,0.013001,0.3401,0.55911,0.3412,0.038227,0.29827,0.38482,0.25465,251.41,135.64,0.31183,0.49012,120.37,0.066123,0.19442,0.34843,0.6588,2.0141,-0.41513,0.5994,-309.26,0.038227,-0.14234,0.7914,-2.4439,3.1529,2.6909,707.03,0.51624,0.59746,0
0.004538,0.3235,0.32541,2.0685,12.659,-0.031244,0.007017,2.0912,3.5758,0.6765,0.034063,0.023041,0.003244,0.007017,10179,0.035857,3.0912,0.007017,0.001962,17.59,1.186,0.032723,0.001269,-0.058441,0.21261,0.028196,1.2099,0.87938,5.2532,0.090469,0.001962,33.137,11.094,10.443,0.22139,3.5758,24.133,0.69546,0.061914,0.11588,0.28905,0.009151,60.7,43.11,0.026336,1.5027,18.618,0.02814,0.00787,1.9473,0.30454,0.090142,1.8281,1.8794,2.0685,0.061914,0,0.94834,0.028031,20.751,8.4668,31.086,11.742,9.6631,0
0.25389,0.17434,0.71639,5.1091,171.24,0.61802,0.31435,4.6747,1.3189,0.815,0.31435,1.8031,0.27503,0.31435,187.13,1.9505,5.7358,0.31435,0.25424,82.626,1.492,0.30347,0.20534,0.76508,0.815,1.6037,3.2372,6.5567,4.3792,-0.027012,0.25424,67.881,5.377,1.7407,0.30347,1.2546,,0.815,0.24544,1.2077,0.017413,0.24544,200.8,118.17,0.90708,3.5037,108.98,0.27777,0.22466,5.1091,0.17434,0.18598,7.4592,7.4592,17153,0.24181,0.31152,0.75819,0,4.4175,3.0888,51.467,7.0919,11.316,0
0.11059,0.4224,0.19104,1.6613,-158.64,0,0.11059,1.3674,0.92666,0.5776,0.11817,0.38283,0.29042,0.11059,572.9,0.63711,2.3674,0.11059,0.11934,117.34,1.0807,0,0.11934,0.2783,0.55835,0.63711,0,0.36733,4.3383,0.44917,0.24193,233.89,1.5606,1.0672,0.004897,0.92666,1.7083,0.68415,0.005284,0.097367,0.088817,0,177.96,60.618,0.37124,0.63011,241.19,-0.15853,-0.17108,1.1362,0.28887,0.64079,1.1106,1.3155,4163,0.51351,0.19146,0.49529,0.18447,3.1107,6.0214,113.78,3.2078,1.7817,0
0.039265,0.79837,0.097749,1.1264,-96.229,0.13503,0.049783,0.24189,1.023,0.19312,0.049783,0.064352,0.030083,0.049783,4415.5,0.082663,1.2526,0.049783,0.022692,109.76,0.94631,0.060206,0.017898,0.17065,0.19312,0.069489,0.28074,0.75981,4.3927,0.36344,0.022692,131.67,2.7721,0.075411,0.060206,2.2191,8.5447,0.21788,0.027444,0.010337,0.34347,0.027444,143.64,33.881,0.059518,0.27357,112.28,0.043993,0.020053,1.0914,0.7736,0.36073,1.5011,1.6936,2414.3,0.022461,0.20333,0.97754,0.12825,3.3254,10.773,128.71,2.8358,17.053,0
0.031007,0.55841,0.77663,6.2482,-43.622,0,0.038413,0.79079,0.8473,0.44159,0.038633,0.25958,0.069992,0.038413,3436.9,0.1062,1.7908,0.038413,0.045336,374.19,0.96088,0.038627,0.036595,0.082426,0.37155,0.092938,175.64,10.302,2.8536,0.60532,0.045595,67.04,5.4445,1.4428,0.041609,0.8473,0.13641,0.85202,0.049108,0.32864,0.31274,0.045588,377.36,3.168,0.035696,0.37834,0.049108,0.017735,0.020932,1.6558,0.14798,0.18367,5.8575,11.302,554.42,0.049108,0.070216,0.95526,0.92945,0.97545,115.21,63.748,5.7257,11.239,0
0.22676,0.19271,0.41426,3.3253,54.786,0,0.25861,4.1891,1.9277,0.80729,0.25862,1.4516,0.15495,0.25861,235.49,1.55,5.1891,0.25861,0.13416,30.103,1.8821,0.23476,0.11764,0.42908,0.7424,1.3847,18704,1.0164,5.2837,0.015157,0.13416,38.312,9.5271,8.8072,0.23043,1.9277,,0.80729,0.11954,0.93501,0.023372,0.12178,80.63,50.527,1.4263,2.4329,34.19,0.19467,0.10099,3.0741,0.17815,0.10496,1.9806,1.9806,79608,0.11954,0.2809,0.86819,0,12.125,7.2239,33.732,10.821,4.7295,0
0.1121,0.13793,0.72419,6.2506,51.51,-0.14007,0.1191,6.2503,1.6348,0.86207,0.1191,0.8635,0.12037,0.1191,255.83,1.4267,7.2503,0.1191,0.072853,78.841,1.6553,0.11908,0.06857,-0.02097,0.65981,1.376,,5.2521,2.3931,-0.11877,0.072853,33.215,10.989,10.989,0.11911,1.6348,,0.86207,0.072858,3.6064,0.023365,0.072843,81.427,2.5858,0.31745,3.6903,85.037,0.041399,0.025324,6.2506,0.13793,0.090999,6.2521,6.2521,179.02,0.07286,0.13003,0.92715,0,4.6296,141.16,30.795,11.853,11.856,0
0.052838,0.32095,0.23995,1.9003,37.643,0,0.05262,2.1157,0.60692,0.67905,0.054732,0.19742,0.11264,0.05262,1713.6,0.21301,3.1157,0.05262,0.086699,94.565,0.7745,0.050402,0.087058,-0.21325,0.24158,0.21368,23.855,0.48622,3.5293,0.18576,0.086699,129.29,2.823,2.3444,-0.14552,0.60692,,0.67905,-0.23976,0.8025,0.16174,0.083045,175.96,81.4,0.33603,1.3103,76.277,0.034656,0.057102,1.5781,0.26653,0.35423,1.3759,1.3759,811.79,-0.23976,0.077812,0.94064,0,3.8598,4.4841,160.29,2.2771,1.2298,0
0.16408,0.21968,0.2885,2.3133,53.532,0.5443,0.16408,3.552,1.7535,0.78032,0.16449,0.74689,0.13126,0.16408,348.36,1.0478,4.552,0.16408,0.09357,11.797,1.1769,0.15537,0.09357,0.46142,0.67687,1.0478,376.83,0.58659,3.518,0.031804,0.09357,49.34,7.3977,7.3977,0.1284,1.7535,,0.78032,0.073224,0.74614,0.033064,0.088605,71.66,59.863,2.8952,2.0553,12.729,0.089274,0.050911,2.3133,0.21968,0.13518,1.5866,1.5866,950.9,0.073224,0.21027,0.9096,0,30.941,6.0972,45.727,7.9821,3.5654,0
0.026793,0.66226,0.092265,1.1429,-104.61,0,0.02929,0.50999,1.8485,0.33774,0.11067,0.045368,0.032319,0.02929,4046.2,0.090208,1.51,0.02929,0.015845,96.929,1.5618,0.10646,0.014495,-0.010575,0.13665,0.086438,1.3081,0.35198,4.1591,0.34985,0.024092,133.71,2.7298,2.6611,0.086119,1.8485,,0.33774,0.046589,0.1862,0.16124,0.057591,121.96,25.034,0.054583,0.38257,101.67,0.076005,0.041117,1.1142,0.6456,0.36633,1.2885,1.2885,1331,0.046589,0.07933,0.9846,0,3.7657,14.58,127.48,2.8632,7.0517,0
-0.018116,0.19832,0.066844,1.5476,-7.5508,0.13744,-0.010251,4.0419,1.0467,0.80159,-0.010251,-0.083967,0.045342,-0.010251,1649.9,0.22123,5.0423,-0.010251,-0.010593,31.43,1.0937,-0.001981,-0.018722,0.18056,0.80159,0.18157,-0.021428,0.082414,5.2827,0.16114,-0.010593,48.201,7.5725,-0.009988,-0.001981,0.97402,1.385,0.87783,-0.002047,0.36185,0.12504,-0.002047,54.601,23.171,-0.21742,0.86502,32.899,-0.056105,-0.057982,0.95261,0.12208,0.13206,0.9883,1.0823,12817,0.044643,-0.0226,0.95536,0.095116,11.613,15.753,46.049,7.9263,1.193,0
0.030398,0.63481,0.17389,1.2783,-21.426,0.056451,0.047722,0.43077,1.0204,0.27346,0.047722,0.076381,0.026099,0.047722,2690,0.13569,1.5753,0.047722,0.014459,37.698,1.0974,0.070239,0.009211,0.095454,0.27346,0.1084,0.21717,0.86369,4.2564,0.17924,0.014459,70.509,5.1766,0.11065,0.070239,3.3177,45.624,0.28349,0.021282,0.10643,0.19208,0.021282,80.974,43.276,0.089179,0.73274,38.469,0.031824,0.009643,1.2581,0.62478,0.19318,1.3583,1.4081,3138.2,0.020033,0.11116,0.97997,0.036693,9.6822,8.4342,69.097,5.2824,16.393,0
-0.013938,0.76598,0.10009,1.8136,-32.515,-0.067056,-0.016096,0.26921,1.0668,0.20621,-0.016096,-0.13083,0.00477,-0.016096,73942,0.004936,1.3055,-0.016096,-0.020307,73.654,1.2977,0.045329,-0.017585,-0.082327,0.20621,0.007753,0.61011,0.12884,6.5496,0.95488,-0.020307,60.439,6.0392,0.059177,0.045329,0.79455,0.098252,0.84917,0.057188,0.11852,0.38621,0.057188,96.03,22.376,-0.087146,0.51349,78.577,0.025452,0.032111,0.29128,0.12302,0.16559,0.26543,1.093,354800,0.062649,-0.067593,0.93735,3.1179,4.9556,16.312,56.652,6.4428,1.0203,0
-0.64424,0.95148,-0.063014,0.93377,-124.56,-0.48353,-0.64424,0.050996,1.7291,0.048522,-0.6396,-0.6771,-0.25716,-0.64424,-781.04,-0.46733,1.051,-0.64424,-0.3726,65.596,0.84181,-0.6396,-0.3726,-1.1278,-1.1278,-0.46733,-137.66,-0.56497,1.9295,0.51734,-0.3726,146.39,2.4933,2.4933,-0.64325,1.7291,,0.048522,-0.37202,0.45716,-0.072081,-0.36991,95.729,30.133,-2.0732,0.60719,47.81,-0.83919,-0.48534,0.93377,0.95148,0.40107,0.43503,0.43503,-5.357,-0.37202,-13.277,1.3718,0,5.5643,12.113,200.85,1.8172,15.502,0
0.021966,0.8893,-0.15941,0.78076,-94.813,0.037383,0.028721,0.12031,1.0562,0.10699,0.028721,0.0395,0.052132,0.028721,4561.1,0.080024,1.1245,0.028721,0.02104,42.347,1.4482,0.069621,0.016091,0.053558,0.10699,0.072429,0.53868,-0.36876,5.1247,0.64575,0.02104,205.35,1.7775,0.078287,0.069621,1.3707,2.5238,0.26917,0.051001,0.026425,0.26089,0.051001,146.66,104.31,0.1387,0.56294,44.728,0.027176,0.019908,0.63837,0.72712,0.56259,0.24749,0.62266,-21245,0.053224,0.20531,0.94678,1.5159,8.6192,3.4992,194.42,1.8774,3.1578,0
-0.045747,0.54799,0.35343,1.9721,59.121,0,-0.045747,0.82485,1.8044,0.45201,-0.041298,-0.12582,-0.025353,-0.045747,-4372.3,-0.08348,1.8248,-0.045747,-0.025353,6.9448,1.0734,0,-0.025353,-0.080242,0.3199,-0.08348,0,1.2489,3.4709,0.20455,-0.050706,68.684,5.3142,3.5259,0.031367,1.8044,,0.45201,0.017384,0.49702,,0,108.49,101.54,-1.3325,1.8777,6.4855,0,0,1.3084,0.36358,0.18818,1.5973,1.5973,1045.2,-0.070815,-0.10121,1.0736,0,52.558,3.5945,73.548,4.9627,6.3762,0
0.11677,0.063602,0.59443,10.405,56.86,0.22735,0.12152,14.063,1.0315,0.89442,0.12152,1.9227,0.078239,0.12152,166.83,2.1878,15.723,0.12152,0.068325,64.091,1.0713,0.12769,0.065655,0.25684,0.89442,2.1132,0.74056,1.7362,4.7906,0.006083,0.068325,13.38,27.28,2.0076,0.12769,2.0168,865.34,0.89482,0.071792,1.0343,0.014389,0.071792,121.55,57.454,0.3739,5.4638,66.112,0.11005,0.061879,10.34,0.063203,0.036657,2.6124,2.6136,36702,0.030565,0.13055,0.96944,0.000446,5.695,6.3529,12.971,28.14,5.1948,0
0.072441,0.59891,0.11176,1.1949,-32.67,0.13422,0.090249,0.63483,1.0609,0.3802,0.090249,0.15738,0.066037,0.090249,1955.6,0.18665,1.6697,0.090249,0.053314,52.729,1.4288,0.096096,0.042794,0.16962,0.3802,0.15691,0.60224,0.35505,4.6989,0.31041,0.053314,131.18,2.7825,0.16045,0.096096,1.7031,17.312,0.40566,0.056768,0.14564,0.16739,0.056768,129.74,77.01,0.29623,0.76845,55.939,0.07456,0.044046,1.1441,0.57345,0.35939,1.2078,1.2887,5587.1,0.057383,0.19053,0.94262,0.06695,6.9222,4.7396,123.65,2.9519,5.3776,0
0.222,0.37936,0.27029,1.8795,44.564,0,0.222,1.636,1.515,0.62064,0.22478,0.72239,0.1999,0.222,457.24,0.79827,2.636,0.222,0.14654,34.537,1.32,0,0.14654,0.34682,0.58847,0.79827,0.14654,0.63988,4.6229,0.18001,0.32656,105.94,3.4455,2.7911,0.030469,1.515,12.928,0.65423,0.020112,0.36614,0.15643,0,112.05,77.514,1.5486,1.4131,49.416,-0.080838,-0.05336,1.5225,0.30731,0.29024,1.4693,1.5488,11343,0.30109,0.35769,0.73337,0.054122,10.568,4.7088,74.04,4.9298,3.5866,0
0.14517,0.32936,0.22125,2.1743,-31.249,0,0.15394,2.0362,1.017,0.67064,0.17269,0.81709,0.20657,0.15394,572.2,0.63789,3.0362,0.15394,0.15136,34.975,1.2243,0.16744,0.14274,0.27781,0.54823,0.61126,8.9323,0.37477,6.4356,0.32384,0.15136,97.301,3.7552,2.1481,0.31029,1.017,2.2148,0.8116,0.3051,0.95682,0.049101,0.16463,82.322,47.347,1.4896,1.6571,50.277,0.11129,0.10942,1.2438,0.1884,0.26629,1.136,1.3748,2.1743,0.3051,0.21646,0.70978,0.21018,10.436,7.709,67.614,5.3983,1.7228,0
0.020684,0.49394,0.50977,2.2881,65.259,-0.087916,0.023384,0.98869,1.0192,0.48835,0.023384,0.059087,0.019155,0.023384,4754.6,0.076768,2.0245,0.023384,0.011812,16.582,1.0906,0.00897,0.010449,-0.018372,0.48835,0.071304,0.046183,5.3956,4.0878,0.24726,0.011812,74.369,4.908,0.01816,0.00897,2.0306,8.3062,0.58654,0.004531,0.18912,0.69087,0.004531,153.16,136.58,0.23,2.0609,16.9,-0.005565,-0.002811,1.8333,0.39575,0.20375,5.1689,6.2082,6239.9,0.018839,0.042356,0.98116,0.20106,22.012,2.6725,72.968,5.0022,20.953,0
0.056983,0.94239,-0.071558,0.90106,-91.74,-0.001901,0.077355,0.061127,1.7396,0.057606,0.13544,0.10696,0.048103,0.077355,4110.6,0.088794,1.0611,0.077355,0.044467,65.318,2.2502,0.13527,0.032756,0.085349,0.055082,0.067177,2.329,-0.20542,4.2969,0.53867,0.073775,165.27,2.2085,1.6949,0.14235,1.7396,1.553,0.27676,0.081828,0.038552,0.22185,0.077762,130.88,65.562,0.18304,0.47061,71.139,0.12895,0.074127,0.69149,0.72321,0.45279,0.16537,0.7945,-1417.8,0.081828,0.98918,0.95592,3.8044,5.588,5.5673,151.74,2.4054,4.9939,0
0.02015,0.19665,0.42487,3.1606,14.305,0.03716,0.022843,3.8596,1.0217,0.75898,0.022843,0.11616,0.032022,0.022843,1060.2,0.34429,5.0853,0.022843,0.010804,59.031,1.2128,0.03931,0.009531,0.046742,0.75898,0.3306,0.18996,1.1226,4.6577,0.078902,0.010804,34.684,10.524,0.1999,0.03931,2.1241,,0.75898,0.018593,0.1643,0.076809,0.018593,101.72,42.688,0.058929,1.4217,60.31,-0.00555,-0.002625,3.1606,0.19665,0.095024,2.0053,2.0053,19319,0.021199,0.026549,0.9788,0,6.1832,8.5504,33.949,10.752,5.5861,0
0.12775,0.42886,0.36577,1.9105,-18.512,0.29068,0.15756,1.1351,1.1377,0.48678,0.15756,0.39222,0.10729,0.15756,817.23,0.44663,2.3318,0.15756,0.088253,90.192,1.2207,0.16619,0.071553,0.362,0.48678,0.37711,1.059,1.573,4.9001,0.22515,0.088253,93.434,3.9065,0.38753,0.16619,1.8166,12.02,0.51393,0.093089,0.075819,0.070435,0.093089,150.68,60.488,0.28957,0.81233,102.61,0.13221,0.074056,1.7896,0.40171,0.25598,2.0935,2.2102,29062,0.12101,0.26243,0.87899,0.05577,4.0469,6.0342,82.128,4.4443,7.6781,0
0.347,0.067681,0.61512,18.58,147.63,0,0.347,13.775,1.0767,0.93232,0.34704,9.9174,0.3558,0.347,64.484,5.6603,14.775,0.347,0.32228,105.91,1.2528,0.33027,0.32228,0.8881,0.54249,5.6603,8417.3,1.758,4.0275,0.041482,0.32228,16.901,21.596,11.165,0.32106,1.0767,,0.93232,0.29819,0.87541,0.006158,0.30674,210,104.09,1.1106,9.6508,150.91,0.29418,0.27322,9.6055,0.034989,0.046304,2.6646,2.6646,6553,0.29819,0.37219,0.68608,0,3.4462,3.5067,11.861,30.772,3.0773,0
-0.049391,0.12249,0.39346,4.603,104.96,0,-0.049391,7.1637,1.6044,0.87751,-0.049391,-0.45228,-0.030786,-0.049391,-905.22,-0.40321,8.1637,-0.049391,-0.030786,0.95403,0.99314,0,-0.030786,-0.12011,0.82127,-0.40321,,0.79115,3.2272,-0.073524,-0.061571,30.157,12.103,10.791,0.005455,1.6044,,0.87751,0.0034,2.2375,,0,58.771,57.817,-11.778,4.5646,1.158,0,0,4.1037,0.10921,0.082621,1.7644,1.7644,663.83,0.17614,-0.056286,0.83824,0,382.59,6.3131,24.845,14.691,3.2259,0
0.07694,0.32715,0.17428,2.3386,40.127,0.31228,0.07694,1.3508,1.0738,0.44191,0.07694,0.59093,0.14935,0.07694,920.85,0.39637,3.0567,0.07694,0.088614,33.66,1.1135,0.07546,0.088614,0.31228,0.44191,0.39637,0.93319,0.25058,4.7846,0.27584,0.088614,58.77,6.2106,0.23066,0.07546,0.90081,1.1394,0.63886,0.086909,0.74963,0.083902,0.086909,86.968,53.308,0.96092,1.7236,36.142,0.022727,0.026176,0.93071,0.1302,0.16101,0.63537,0.91854,10613,0.068685,0.17411,0.93132,0.44568,10.844,6.847,54.734,6.6686,1.2484,0
-0.28826,0.41209,0.58024,2.408,46.442,-0.94984,-0.28826,1.4266,1.8956,0.58791,-0.27735,-0.6995,-0.14922,-0.28826,-531.76,-0.6864,2.4266,-0.28826,-0.15207,52.774,,-0.28367,-0.15207,-0.239,-1.1728,-0.6864,-25.998,75.658,3.525,0.21108,-0.1494,66.315,5.7216,5.7216,-0.37259,2.0805,,0.58791,-0.19655,0.03554,-0.049363,-0.14965,188.25,135.48,-1.0517,1.7429,42.428,-0.28907,-0.15249,2.408,0.41209,0.17478,76.658,76.658,1943.6,-0.19655,-0.49031,1.1386,0,6.9163,2.6941,79.349,4.5999,247.17,1
0.30233,0.28759,0.69091,3.4024,68.368,0,0.37094,2.4772,3.9917,0.71241,0.37094,1.2898,0.097578,0.37094,269.5,1.3544,3.4772,0.37094,0.092927,0,1.063,0.37094,0.075741,0.59778,0.50602,1.1158,,32.133,2.3843,0.050218,0.092927,28.991,12.59,12.59,0.37094,3.9917,,0.71241,0.092928,0.32665,0.024612,0.092927,80.884,80.884,,3.4024,0,0.35237,0.088277,3.4024,0.28759,0.079427,33.133,33.133,167.38,0.092928,0.42438,0.90707,0,,4.5127,26.297,13.88,185.65,0
-0.021129,0.30992,0.18762,1.6054,-14.726,0.026442,-0.019367,1.6004,0.99427,0.49601,-0.019367,-0.062491,-0.011742,-0.019367,-18161,-0.020098,3.2266,-0.019367,-0.036508,28.243,0.72757,-0.020507,-0.039829,0.047782,0.49601,-0.025782,-0.38435,0.37339,4.7531,0.29419,-0.036508,212.02,1.7216,-0.066167,-0.020507,0.55775,,0.49601,-0.038656,1.038,-1.3829,-0.038656,120.98,92.734,-0.51473,1.4729,28.082,-0.033645,-0.063423,1.6054,0.30992,0.58087,0.98717,0.98717,10625,-0.005762,-0.042598,1.0058,0,12.923,3.936,213.24,1.7117,1.0558,0
0.001549,0.88415,0.076189,1.0862,-13.201,0,0.001912,0.13103,2.924,0.11585,0.002119,0.002163,0.007245,0.001912,15234,0.02396,1.131,0.001912,0.000654,23.147,1.1099,-0.006732,0.00053,0.005773,0.019315,0.02355,-32.592,1.9212,3.2203,0.20128,0.000654,107.42,3.3977,3.3977,-0.080143,2.924,,0.11585,-0.027409,0.33459,2.3501,-0.002302,82.952,59.805,0.008353,0.87645,22.529,-0.026005,-0.008894,1.0862,0.88415,0.29431,2.9212,2.9212,126.52,-0.027409,0.01337,0.99936,0,15.769,6.1032,110.37,3.3071,73.732,0
0.33008,0.15254,0.79227,6.2353,43.409,0,0.40989,5.5556,3.3902,0.84746,0.41132,2.7085,0.12714,0.40989,129.17,2.8258,6.5556,0.40989,0.1209,44.325,0.94934,0.41073,0.097362,1.0061,0.78207,2.3026,286.39,14.05,3.2489,0.032893,0.12132,18.375,19.864,19.707,0.38412,3.3902,,0.84746,0.1133,0.40745,0.011773,0.12115,94.952,50.627,0.80173,3.5147,49.989,0.38957,0.11491,6.186,0.15133,0.050342,15.028,15.028,1405.4,0.1133,0.38949,0.88097,0,8.2346,7.2096,16.293,22.402,60.12,0
0.14715,0.069592,0.40157,9.4038,65.562,0.011118,0.17884,13.369,0.82361,0.93041,0.18253,3.7427,0.27659,0.17884,111.5,3.2734,14.369,0.17884,0.21715,59.787,1.0058,0.17564,0.17866,0.43931,0.89823,2.818,47.623,0.72928,4.2721,0.084496,0.21715,44.688,8.4497,5.8018,0.43332,0.82361,14.419,0.95222,0.52612,4.2796,0.010328,0.21325,108.51,48.725,1.0907,6.5805,121.96,0.12668,0.15381,6.457,0.047784,0.11835,1.6897,1.7293,9.4038,0.52612,0.1581,0.47015,0.023439,6.105,7.491,21.177,17.236,1.4957,0
0.013795,0.66701,-0.15996,0.62542,-121.85,0,0.013966,0.49923,0.73484,0.33299,0.042248,0.032704,0.047663,0.013966,6951.1,0.052509,1.4992,0.013966,0.019005,36.208,1.2005,0.042171,0.018772,0.015828,0.21212,0.052253,1.4911,-0.21825,4.174,0.89148,0.043804,219.11,1.6658,1.0665,0.02347,0.73484,1.2657,0.48641,0.031938,0.029743,0.35163,0.057388,126.35,90.141,0.18924,0.45471,37.403,0.021112,0.028731,0.4004,0.42703,0.6003,0.45433,0.66365,-2388,0.031938,0.041426,0.98152,0.46072,10.081,4.0492,212.11,1.7208,1.0026,0
0.038353,0.6292,0.1499,1.246,-17.587,0.11603,0.038353,0.44749,1.0126,0.28156,0.038353,0.062954,0.031048,0.038353,3489.8,0.10459,1.5893,0.038353,0.018095,41.86,1.237,0.072797,0.018095,0.11603,0.28156,0.10459,0.34779,0.62233,4.5655,0.28767,0.018095,106.24,3.4357,0.1157,0.072797,2.1731,25.836,0.30153,0.034345,0.044639,0.20634,0.034345,126.04,84.183,0.15778,0.84705,42.39,0.045342,0.021392,1.2065,0.60923,0.29106,1.1689,1.2519,5511.9,0.012483,0.13622,0.98752,0.070942,8.7195,4.3358,104.91,3.4791,8.7997,0
0.025429,0.16968,0.74635,5.8923,0.58238,0,0.025429,4.8935,3.8344,0.83032,0.025429,0.16669,0.006632,0.025429,2435.5,0.14987,5.8935,0.025429,0.006632,70.241,0.92636,0,0.006632,0.16153,0.65996,0.14987,,7.3826,2.4676,0.036824,0.014843,14.646,24.921,22.406,0.000603,3.8344,,0.83032,0.000157,0.20177,,0,82.638,12.396,0.034461,1.0554,70.844,0,0,5.2977,0.15256,0.040127,8.2132,8.2132,219.04,0.008502,0.030625,0.9915,0,5.1964,29.445,14.522,25.134,37.929,0
0.13603,0.22218,0.2399,2.2524,17.821,0.41679,0.16818,3.4979,1.2261,0.77716,0.16818,0.87802,0.20958,0.16818,413.44,0.88284,4.5009,0.16818,0.1797,78.387,1.1222,0.17781,0.14535,0.51508,0.77716,0.73811,2.3294,0.42194,4.4629,0.1245,0.1797,91.596,3.9849,0.80029,0.17781,0.95953,7.5243,0.80779,0.18999,0.56468,0.035498,0.18999,126.08,47.695,0.67679,1.2031,96.11,0.14984,0.16011,1.9419,0.19155,0.25095,1.3669,1.4208,6965.7,0.1844,0.17503,0.8156,0.039411,4.6564,7.6529,74.705,4.8859,1.6461,0
0.038179,0.74854,-0.007512,0.9827,-51.177,0,0.050404,0.33593,1.3962,0.25146,0.073306,0.11609,0.093608,0.050404,2090.4,0.1746,1.3359,0.050404,0.0361,44.163,1.4247,0.070375,0.027344,0.087176,0.11066,0.15827,3.0729,-0.013102,4.5504,0.53126,0.051853,118.8,3.0723,1.7821,0.062274,1.3962,1.1201,0.48157,0.044602,0.019693,0.1656,0.050403,109.31,65.142,0.22599,0.59361,46.225,-0.00992,-0.007105,0.57001,0.43419,0.32549,0.4386,0.83996,-266.77,0.044602,0.15183,0.96453,0.91511,8.2648,5.6031,113.5,3.2157,2.4353,0
0.063471,0.28425,0.16086,1.737,-18.258,0.11878,0.063471,1.7812,1.0262,0.5063,0.063471,0.29079,0.13759,0.063471,585.98,0.62289,3.5181,0.063471,0.049322,61.723,1.0447,0.07774,0.049322,0.11878,0.5063,0.62289,0.61993,0.25909,4.297,0.21215,0.049322,63.531,5.7453,0.27349,0.07774,1.338,2.4479,0.57228,0.060411,0.056481,0.048845,0.060411,104.04,42.314,0.29167,0.73998,63.341,-0.035842,-0.027852,1.3338,0.21827,0.17406,0.81546,0.92173,3187.6,0.025533,0.12536,0.97447,0.13032,5.9135,8.6259,61.909,5.8958,2.0727,0
-0.055028,0.2974,-0.27077,0.089537,-548.84,-0.055028,-0.052376,-0.37193,0.70349,-0.11061,-0.052376,-0.17612,-0.075329,-0.052376,-9162.3,-0.039837,3.3625,-0.052376,-0.33302,18.389,0.91482,-0.046939,-0.34988,-0.052376,-0.11061,-0.048752,,-0.27818,4.8183,1.8562,-0.33302,485.54,0.75174,-0.15783,-0.046939,0.18563,,-0.11061,-0.29845,0.019548,-1.5252,-0.29845,48.305,29.916,-6.9447,0.062893,12.936,-0.087468,-0.55614,0.089537,0.2974,1.3302,-0.11364,-0.11364,-17818,-0.42148,0.49749,1.4215,0,19.849,12.201,690.18,0.52885,0.16158,1
0.026945,0.34119,0.16224,1.9024,10.498,0,0.033524,1.9309,1.4946,0.65881,0.052607,0.18647,0.05199,0.033524,1602.6,0.22775,2.9309,0.033524,0.022429,28.298,1.2287,0.046394,0.018027,0.072847,0.25034,0.20847,2.4312,0.24658,5.2053,0.22381,0.027763,44.534,8.1961,4.3187,0.021141,1.4946,1.5604,0.80373,0.014144,0.063201,0.12556,0.031041,80.749,52.451,0.23252,1.2579,28.704,0.002212,0.00148,1.0024,0.17978,0.12201,1.0013,1.2215,26026,0.014144,0.040899,0.97815,0.21998,12.898,6.9589,43.904,8.3137,2.2716,0
1.1608,7.4845,-6.8907,0.079339,-995.14,-17.955,1.1608,-0.86612,3.1588,-6.4825,1.3876,0.1551,0.36749,1.1608,2353.4,0.1551,0.13361,1.1608,0.36749,0,,1.3876,0.36749,1.1608,-16.792,0.1551,6.1182,-16.964,0.68574,2.1815,0.36749,1095.9,0.33306,0.33306,0.66598,3.8804,,-6.4825,0.21084,0.079339,0.17979,0.4393,0,0,,0.079339,0,1.3876,0.4393,0.079339,7.4845,3.0025,-15.959,-15.959,-33.42,0.21084,-0.17907,0.6424,0,,,864.85,0.42204,7.7766,1
0.15904,0.61093,0.30899,1.5058,-4.6194,-0.50844,0.15904,0.63686,9.5808,0.38907,0.25788,0.26033,0.020442,0.15904,1138.5,0.32059,1.6368,0.15904,0.0166,12.745,0.99645,0.25788,0.0166,0.79038,-0.26906,0.32059,2.6091,3.8584,2.4018,0.041745,0.017415,23.516,15.521,15.521,0.098328,9.5808,,0.38907,0.010263,0.5019,0.069103,0.026917,23.364,10.619,0.4754,0.95817,12.877,0.22107,0.023074,1.5058,0.61093,0.064427,4.8584,4.8584,77.935,0.010263,0.40877,0.98368,0,28.638,34.371,23.275,15.682,119.64,0
0.036806,0.79196,-0.051199,0.93278,-301.32,0.016741,0.044106,0.19605,1.1696,0.15526,0.044106,0.057911,0.094663,0.044106,3780.3,0.096554,1.2627,0.044106,0.054602,10.526,1.4743,0.11847,0.045564,0.030152,0.15526,0.087335,1.7154,-0.17681,4.9747,0.95189,0.054602,402.51,0.90681,0.1496,0.11847,0.81118,22.65,0.1856,0.14667,0.65589,0.17262,0.14667,95.29,84.764,1.58,0.90219,12.311,0.086114,0.10661,0.89705,0.76163,1.1028,0.53617,0.64094,-4830.3,0.145,0.23706,0.855,0.19539,34.676,4.3061,344.14,1.0606,2.7896,0
0.081559,0.10882,0.73598,7.7635,208.38,0.26901,0.10101,8.1406,1.152,0.88583,0.10101,0.92825,0.12419,0.10101,350.79,1.0405,9.1898,0.10101,0.11079,113.64,1.2095,0.086148,0.089456,0.33313,0.88583,0.86178,1.0885,4.7422,4.2513,-0.36569,0.11079,50.186,7.273,0.79168,0.086148,0.93042,,0.88583,0.09449,4.0739,0.03637,0.09449,160.73,47.094,0.28732,5.1549,130.91,0.073932,0.08109,7.7635,0.10882,0.1375,5.7077,5.7077,13128,0.13195,0.09207,0.86805,0,3.2119,7.7505,43.564,8.3785,5.8745,0
0.001196,0.7833,0.13036,1.1747,-76.009,-0.006704,0.00417,0.27665,2.02,0.2167,0.046001,0.00559,0.014179,0.00417,9982.1,0.036565,1.2766,0.00417,0.002064,97.922,1.1298,0.044667,0.000592,0.007204,0.13228,0.032769,1.0678,1.0549,3.5254,0.38766,0.014378,137.94,2.646,2.5202,0.045917,2.02,,0.2167,0.022731,0.000414,0.37765,0.022113,158.31,60.388,0.002207,0.44836,100.2,0.020195,0.009998,1.1189,0.74605,0.37793,1.7535,1.7535,437.04,0.022731,0.00552,0.99794,0,3.7275,6.0443,134.81,2.7075,16.345,0
-0.28339,1.8881,0.29878,4.8193,45.754,-1.3014,-0.28339,-0.47037,2.1698,-0.8881,-0.058904,-3.6226,-0.060431,-0.28339,-5255.8,-0.069447,0.52963,-0.28339,-0.13061,3.0555,1.1506,-0.063722,-0.13061,-0.8783,-1.5848,-0.069447,-0.28386,0.47959,2.5091,0.83183,-0.13061,12.783,28.554,1.1831,-0.063973,2.1698,0.19876,0.91731,-0.029483,1.269,0.71077,-0.029368,46.721,43.666,-15.602,4.5871,2.968,-0.21599,-0.099544,0.19968,0.078229,0.035021,-1.4256,1.4724,96.491,-0.029485,0.3191,1.1316,-2.0329,119.46,8.359,13.16,27.737,3.4829,0
0.006473,0.68704,-0.21972,0.6105,-131.01,0,0.006473,0.45552,1.2122,0.31296,0.006579,0.011475,0.05755,0.006473,3594.7,0.10154,1.4555,0.006473,0.00534,21.295,1.0941,0,0.00534,0.017083,0.2421,0.10154,0,-0.33515,3.8487,0.56398,0.011151,222.03,1.644,1.3498,0.012346,1.2122,11.106,0.3376,0.010185,0.048587,0.36186,0,95.447,74.152,0.091528,0.48513,27.835,-0.063288,-0.05221,0.50128,0.56412,0.60829,0.47736,0.51495,-1550.8,0.23495,0.020684,0.76447,0.078737,17.14,4.9223,169.86,2.1488,1.849,0
0.1023,0.88453,0.13187,1.1824,-32.91,0.41319,0.1023,0.086464,1.0717,0.07648,0.1023,0.1415,0.064434,0.1023,2861.2,0.12757,1.1305,0.1023,0.058418,58.39,0.96547,0.1165,0.058418,0.41319,0.07648,0.12757,0.71291,0.90864,5.0956,0.50196,0.058418,161.49,2.2602,0.13171,0.1165,1.7759,3.558,0.23801,0.066523,0.007772,0.22892,0.066523,177,118.61,0.36518,0.79491,62.574,0.10596,0.060507,0.96647,0.723,0.44244,0.52698,1.64,16432,0.066879,1.3377,0.93312,2.112,6.2511,3.0772,150.69,2.4222,12.067,0
0.064468,0.67143,-0.37354,0.41365,-67.239,0,0.080629,0.48935,3.1822,0.32857,0.14211,0.12656,0.035892,0.080629,2145.7,0.17011,1.4894,0.080629,0.025337,20.971,1.6545,0.14205,0.020259,0.28711,0.23952,0.14604,2.3104,-0.5072,2.7493,0.21023,0.041548,76.603,4.7648,4.5209,0.14677,3.1822,2.3473,0.36294,0.046122,0.01057,0.12743,0.044639,29.453,8.4818,0.3526,0.12665,21.985,0.10846,0.034083,0.39247,0.63706,0.20987,0.44613,0.4928,-209.74,0.046122,0.19621,0.97466,0.10461,17.405,43.033,73.07,4.9952,4.3209,0
0.000274,0.65562,0.034398,1.0525,-49.475,-0.071895,0.000274,0.52525,1.2162,0.34436,0.009042,0.000418,0.000225,0.000274,873330,0.000418,1.5253,0.000274,0.000225,81.626,,0.009042,0.000225,0.000274,0.25027,0.000418,1.0313,0.11097,2.6762,0.42848,0.007435,138.42,2.6368,2.6368,-0.51256,1.7378,,0.34436,-0.42144,0.20514,2.4169,0.007435,166.72,85.092,0.001007,0.62,57.425,0.009042,0.007435,1.0525,0.65562,0.37924,1.1109,1.1109,16.32,-0.42142,0.000796,0.99478,0,4.4716,4.2895,196.76,1.8551,3.9234,1
0.050646,0.53538,0.30018,1.5607,9.2717,0,0.070535,0.86783,2.0737,0.46462,0.11572,0.13175,0.037689,0.070535,2500.4,0.14598,1.8678,0.070535,0.034014,43.496,1.1113,0.10148,0.024423,0.41292,0.45827,0.10883,2.2458,1.8255,3.896,0.24475,0.037118,100.38,3.6361,3.6361,0.127,2.0737,,0.46462,0.061243,0.057834,0.16357,0.048939,141.62,98.126,0.20495,1.0991,46.334,0.093864,0.045264,1.5607,0.53538,0.27502,2.8255,2.8255,2362.4,0.061243,0.10901,0.96645,0,8.3915,3.7197,94.235,3.8733,12.611,0
0.017312,0.15636,0.19279,2.233,-9.5039,0.047263,0.020628,4.9933,1.061,0.78075,0.020628,0.13192,0.10333,0.020628,1119.5,0.32604,6.3955,0.020628,0.041812,79.335,0.99173,0.009604,0.035091,0.054366,0.78075,0.30483,0.20654,0.29621,4.6688,0.31032,0.041812,122.74,2.9737,0.06142,0.009604,0.51973,,0.78075,0.019466,0.6414,0.12866,0.019466,184.11,104.78,0.16144,1.5472,84.177,-0.020748,-0.042055,2.233,0.15636,0.33628,1.1996,1.1996,8992.2,0.057528,0.022174,0.94247,0,4.6008,3.4835,115.68,3.1552,0.758,0
0.13221,0.073515,0.3655,6.1723,73.761,0,0.13221,12.603,0.95924,0.92648,0.14438,1.871,0.17257,0.13221,162.1,2.2517,13.603,0.13221,0.13783,80.664,1.1184,0,0.13783,0.37471,0.92237,2.2517,0,0.64823,4.0842,-0.060125,0.30546,33.488,10.899,10.477,0.010871,0.95924,,0.92648,0.011332,1.8923,0.073546,0,115.08,34.418,0.62367,3.1723,100.46,-0.03332,-0.034735,5.9329,0.070664,0.091748,1.6432,1.6432,4437.4,0.19708,0.1427,0.84276,0,4.5249,10.605,26.888,13.575,1.7013,0
0.054636,0.64526,0.34573,2.4486,-3.1972,-0.019261,0.057976,0.54977,1.4214,0.35474,0.058118,0.24291,0.07285,0.057976,2274.5,0.16048,1.5498,0.057976,0.040788,90.335,1.2295,0.058118,0.038438,0.000141,0.26043,0.1553,408.14,0.83189,3.0168,0.44008,0.040888,63.428,5.7545,2.1285,0.047947,1.4214,,0.35474,0.033733,0.10673,0.20743,0.040888,143.53,53.193,0.15531,0.97465,93.488,0.012545,0.008826,0.90569,0.23867,0.17378,0.85358,0.85358,359.34,0.033733,0.15402,0.96136,0,4.0405,6.8618,61.289,5.9554,3.4201,0
0.033724,0.33628,0.30012,1.9975,-17.157,0.097167,0.042785,1.059,1.0388,0.35613,0.042785,0.1422,0.079841,0.042785,1640.4,0.2225,2.9737,0.042785,0.045654,85.994,1.2396,0.044202,0.035986,0.12377,0.35613,0.19556,0.48998,0.75216,4.635,0.34789,0.045654,121.74,2.9983,0.13145,0.044202,0.9648,10.741,0.39153,0.047167,0.43553,0.14501,0.047167,183.04,97.044,0.15274,1.2636,89.332,0.012164,0.01298,1.7872,0.30088,0.33352,0.89254,0.98126,12950,0.037369,0.094697,0.96263,0.099397,4.2445,3.7612,117.19,3.1147,2.3487,0
0.20442,0.28103,0.83674,6.5786,165.32,0,0.25305,2.5584,1.4782,0.71897,0.28152,1.6871,0.17278,0.25305,401.6,0.90886,3.5584,0.25305,0.17118,69.482,1.2255,0.27499,0.13828,0.53222,0.70062,0.7358,9.659,63.039,3.6644,-0.19441,0.17132,45.37,8.045,4.2937,0.27156,1.4782,,0.71897,0.18371,3.805,0.033774,0.18603,102.72,33.239,0.72643,4.7025,85.119,0.27263,0.18443,3.5111,0.14999,0.1243,54.167,54.167,3863.5,0.18371,0.28432,0.83017,0,5.2532,10.981,37.035,9.8556,111.37,0
0.10234,0.21694,0.42883,4.3037,84.114,0,0.12634,3.6096,1.7692,0.78306,0.17493,0.97336,0.13507,0.12634,331.35,1.1016,4.6096,0.12634,0.071412,14.309,1.2129,0.13233,0.057844,0.68692,0.76432,0.99091,2.7239,0.97159,3.4263,-0.036117,0.072959,28.694,12.72,7.611,0.11809,1.7692,5.6149,0.8702,0.066747,2.1636,0.029521,0.074796,57.31,43.001,1.4755,3.7694,15.333,0.019701,0.011135,2.575,0.1298,0.078614,1.7742,1.9716,1144.3,0.066747,0.13069,0.93081,0.11128,25.508,8.4882,26.779,13.63,4.0085,0
-0.032092,0.43008,0.51289,2.2099,-47.108,0,-0.032092,1.3252,1.3949,0.56992,-0.024977,-0.075705,-0.013191,-0.032092,-8531.4,-0.042783,2.3252,-0.032092,-0.023006,167.6,1.0464,0,-0.023006,-0.017803,0.53824,-0.042783,0,8.1152,3.8002,0.28176,-0.046012,147.31,2.4778,2.4422,0.020688,1.3949,125.77,0.57228,0.014831,0.10627,1.047,0,233.34,65.733,-0.050102,0.69889,222.59,-0.013692,-0.009816,2.1782,0.42391,0.40359,9.0176,9.0549,3237.6,0.24703,-0.05631,0.75882,0.004133,2.1778,5.5528,110.92,3.2906,22.071,0
0.002739,0.25847,0.59852,3.3157,57.983,0.03538,0.005926,2.8667,1.0043,0.74095,0.005926,0.022928,0.01339,0.005926,2651.3,0.13767,3.869,0.005926,0.00223,24.102,0.79598,-0.000601,0.001031,0.045247,0.74095,0.12533,-0.00227,4.1852,4.0323,0.094209,0.00223,35.653,10.238,-0.002324,-0.000601,2.6741,,0.74095,-0.000226,0.037691,0.29246,-0.000226,116.37,92.268,0.015608,2.6368,24.205,-0.030257,-0.011386,3.3157,0.25847,0.097678,5.1812,5.1812,6446.8,0.00427,0.003696,-0.011386,0,15.144,3.9559,35.5,10.282,18.582,0
0.064776,0.83261,0.28878,2.0585,-4.8602,0.083346,0.056238,0.16419,1.0312,0.1367,0.056238,0.20614,0.036486,0.056238,3322.4,0.10986,1.201,0.056238,0.022432,46.454,1.071,0.096563,0.025838,0.077577,0.1367,0.12011,0.39721,0.65869,5.123,0.31101,0.022432,40.961,8.911,0.11598,0.096563,2.5341,0.43324,0.6965,0.038518,0.20151,0.2077,0.038518,73.76,27.306,0.20302,0.88897,47.905,0.061331,0.024464,0.67449,0.27282,0.11222,0.31182,1.5887,38331,0.030287,0.47384,0.96971,4.0949,7.8573,13.367,39.72,9.1893,5.7183,0
0.027532,0.77215,-0.017261,0.90948,-115.29,0.15295,0.027532,0.29509,0.38258,0.22785,0.051737,0.14438,0.11875,0.027532,6203.6,0.058837,1.2951,0.027532,0.071965,79.105,0.73908,0.051648,0.071965,0.24522,0.22685,0.058837,2.1338,-0.020883,4.4759,2.0034,0.10549,192.86,1.8926,0.46738,0.021687,0.38258,0.15938,0.79577,0.056687,0.080466,0.37009,0.135,150.82,71.715,0.33206,0.47466,83.858,0.03375,0.088218,0.2246,0.19069,0.52838,0.27566,0.96273,-516.39,0.056687,0.12083,0.9337,2.4925,4.6141,5.0896,181.93,2.0063,0.46285,0
0.016336,0.27583,0.42678,2.5807,42.297,-0.018479,0.014053,2.591,1.0142,0.71465,0.014053,0.052051,0.027954,0.014053,2326.9,0.15686,3.6255,0.014053,0.00908,58.156,0.99288,0.015363,0.010554,-0.016909,0.71465,0.16514,0.10067,1.4074,4.1392,0.17316,0.00908,64.577,5.6522,0.0557,0.015363,1.5545,77.163,0.72049,0.009926,0.044863,0.20343,0.009926,161.46,103.3,0.066242,1.6673,58.984,-0.01385,-0.008948,2.5261,0.26999,0.17692,2.3568,2.376,5880.2,0.014042,0.022859,0.98596,0.008163,6.2762,3.5334,63.67,5.7327,5.1043,0
0.071479,0.38122,0.1956,1.6512,43.254,0.13717,0.090755,1.6201,1.0568,0.61763,0.090755,0.30213,0.11643,0.090755,1262.1,0.28921,2.6232,0.090755,0.095844,33.922,1.0619,0.049853,0.075487,0.17234,0.61763,0.23864,0.55636,0.38808,4.0215,0.39899,0.095844,122.36,2.983,0.13077,0.049853,1.003,5.047,0.69846,0.052648,0.018953,0.18073,0.052648,188.99,155.07,0.81224,1.3582,35.848,0.030357,0.032059,1.301,0.30038,0.33523,1.2254,1.3858,2055.2,0.053709,0.11573,0.94629,0.13088,10.76,2.3538,115.79,3.1523,1.8787,0
0.041919,0.47962,0.31586,3.4705,114.52,0.000723,0.054688,1.085,0.94319,0.52038,0.082892,0.42775,0.084532,0.054688,2195.7,0.16624,2.085,0.054688,0.057981,0.099689,0.70465,0.067228,0.044444,0.12854,0.50876,0.13961,2.3836,0.56779,3.9348,0.35176,0.087885,51.081,7.1456,1.9048,0.02963,0.94319,1.516,0.81289,0.031415,1.414,0.17326,0.071277,101.75,101.65,162.73,3.4685,0.10292,0.042186,0.044727,0.92512,0.12785,0.13995,0.93544,1.4613,2718.3,0.031415,0.080555,0.9458,0.56211,3661.4,3.5908,49.476,7.3773,1.6955,0
0.005726,0.47611,0.13293,1.7944,6.7028,0,0.011325,1.1004,0.70905,0.52389,0.03384,0.06768,0.072496,0.011325,3380.7,0.10796,2.1004,0.011325,0.015972,62.228,1.0258,0.033737,0.008075,0.12727,0.17007,0.096204,1.4984,0.18997,5.6776,0.66084,0.045432,89.089,4.097,1.4399,0.02349,0.70905,0.62219,0.81219,0.033129,0.045241,0.215,0.047581,150.67,88.441,0.047363,1.072,64.36,-0.006341,-0.008943,0.63065,0.16733,0.24408,0.74869,1.1607,63267,0.033129,0.010929,0.98429,0.5503,5.8655,4.127,86.137,4.2374,1.0133,0
0,0.63653,-0.077059,0.81392,-37.334,-0.1301,-0.1301,0.57103,1.6511,0.36347,-0.096498,-0.31417,-0.038845,-0.1301,-3622.4,-0.10076,1.571,-0.1301,-0.078797,21.099,0.78773,-0.096498,0,-0.021605,0.32114,0.10363,-2.8714,-0.11624,3.0723,0.37677,-0.061688,85.933,4.2475,2.7633,-0.10782,1.6511,2.4816,0.46083,-0.065301,0.042256,-0.69492,-0.058444,70.642,49.543,0,0.58344,19.805,-0.16246,-0.098395,0.52952,0.41411,0.23543,0.54827,0.69513,-91.021,-0.065301,0,1.0777,0.26786,17.3,7.3673,91.545,3.9871,2.4906,0
0.38598,0.74156,0.27477,3.5839,50.869,1.1219,0.38598,0.33648,1.4921,0.24952,0.38598,3.6297,0.36781,0.38598,626.48,0.58262,1.3485,0.38598,0.32859,51.703,0.85461,0.3911,0.32859,1.1219,0.24952,0.58262,4.9679,0.44396,4.4089,0.51914,0.32859,49.302,7.4033,0.5274,0.3911,1.2031,0.33801,0.88475,0.33295,1.2733,0.055768,0.33295,76.348,24.645,2.3197,2.0192,77.145,0.34502,0.29372,0.51392,0.10634,0.13507,0.40318,1.4296,7044.3,0.3298,1.5469,0.6702,2.5457,7.0596,14.81,33.042,11.046,1.898,0
-0.022484,0.18447,0.25939,2.4098,-2.6126,0,-0.022484,4.4209,0.68914,0.81553,-0.008613,-0.1222,0.032267,-0.022484,3028,0.12054,5.4209,-0.022484,-0.032626,137.81,1.3279,-0.009877,-0.032626,0.016899,0.77878,0.12054,-0.7121,0.466,5.0245,0.20122,-0.029383,96.258,3.7919,3.7821,-0.008537,0.68914,383.64,0.81601,-0.012387,0.27028,0.17648,-0.014333,208.49,70.681,-0.086411,0.99559,136.13,-0.054598,-0.079225,2.4035,0.18399,0.26372,1.4651,1.466,27443,-0.012387,-0.02757,1.0325,0.000585,2.6485,5.164,97.45,3.7455,1.2381,0
0.36187,0.014146,0.98585,70.69,-410.68,-0.16028,0.36187,69.69,1.9015,0.98585,0.36241,25.581,0.63549,0.36187,4.273,85.42,70.69,0.36187,0.19031,4.3001,1.7086,0,0.19031,0.36379,0.58782,85.42,0,,2.099,-0.44967,0.42027,2647.4,0.13787,0.13787,0.039167,1.9015,,0.98585,0.020598,61.443,0.000557,0,25.108,20.808,16.154,69.106,4192.3,-0.84651,-0.44518,70.69,0.014146,7.2531,,,123.84,0.99897,0.36707,0.005204,0,84.883,17.541,2.7154,134.42,,0
0.13421,0.32572,0.15605,1.6139,14.547,0,0.13829,2.0701,2.1472,0.67428,0.16032,0.54403,0.080001,0.13829,692.09,0.52739,3.0701,0.13829,0.064403,11.553,1.5617,0.15564,0.062506,,0.55381,0.51488,7.0649,0.2646,4.2202,0.085484,0.074663,46.269,7.8886,6.1562,0.14202,2.1472,6.3942,0.72781,0.066142,0.59239,0.057405,0.072485,44.139,32.586,1.9748,1.3465,12.371,0.12215,0.056887,1.2595,0.25419,0.12676,1.1433,1.2341,2590.7,0.066141,0.19905,0.93627,0.079387,31.594,11.201,43.209,8.4473,3.6409,0
0.062359,0.045405,0.011263,2.1684,11.025,0,0.062359,21.024,0.56429,0.95459,0.067334,6.4689,0.13999,0.062359,209.8,1.7398,22.024,0.062359,0.11051,0,0.27388,0,0.11051,0.5542,0.95314,1.7398,0,0.011504,4.5366,0.051134,0.25287,9.1802,39.759,8.4412,0.004223,0.56429,,0.95459,0.007484,1.7206,0.090985,0,2.7926,2.7926,,2.1684,0,-0.016635,-0.029479,0.46037,0.00964,0.025151,0.97497,0.97497,387.46,0.32078,0.065326,0.69147,0,,130.7,6.2354,58.537,0.57634,0
-0.012555,0.68012,-0.15531,0.67418,-99.524,-0.044064,-0.03256,0.24882,1.0376,0.16923,-0.03256,-0.068305,0.018958,-0.03256,12113,0.030134,1.4703,-0.03256,-0.030118,37.871,1.1181,0.034482,-0.011613,-0.060974,0.16923,0.059548,0.33094,-0.22887,4.6244,0.58814,-0.030118,166.99,2.1858,0.0507,0.034482,1.1116,1.0284,0.37266,0.031896,0.10529,0.25544,0.031896,91.56,53.689,-0.11193,0.43888,39.294,-0.018573,-0.01718,0.47253,0.47669,0.4575,0.24937,0.54914,-6541.2,0.03621,-0.074191,0.96379,1.2021,9.6381,6.7984,160.94,2.2679,1.5931,0
0.1317,0.1591,0.43723,3.7482,38.115,0.70352,0.1632,5.2853,1.0165,0.8409,0.16462,1.0258,0.17118,0.1632,333.72,1.0937,6.2853,0.1632,0.16055,124.3,1.2211,0.15936,0.12956,0.42866,0.83522,0.89573,112.17,1.0832,4.143,0.12637,0.16055,67.323,5.4216,5.4216,0.15397,1.0165,,0.8409,0.15146,0.19794,0.031165,0.15676,202.81,78.507,0.38042,1.5722,146.49,0.14854,0.14613,3.7482,0.1591,0.18445,2.0832,2.0832,6078,0.15146,0.15662,0.84117,0,2.9363,4.6493,57.126,6.3893,2.5183,0
0.008204,0.5188,0.23912,1.7443,24.141,0.034543,0.00542,0.72066,1.019,0.37388,0.00542,0.01687,0.043174,0.00542,3059,0.11932,1.9275,0.00542,0.00378,37.015,1.1508,0.021957,0.005722,0.040085,0.37388,0.12469,0.15605,0.54394,6.3743,0.29687,0.00378,83.337,4.3798,0.042323,0.021957,1.4654,2.1007,0.57142,0.015314,0.29975,0.21744,0.015314,118.14,81.126,0.056421,1.2917,37.719,-0.034526,-0.02408,1.0801,0.32126,0.22832,0.85046,1.2998,566070,0.018658,0.021943,0.98134,0.52836,9.8608,4.4992,81.782,4.4631,3.2615,0
0.053167,0.48606,-0.10613,0.76906,-21.345,0,0.061626,1.0573,4.0912,0.51394,0.08623,0.1341,0.02593,0.061626,1672.4,0.21825,2.0573,0.061626,0.015063,10.852,2.7435,0.077976,0.012995,-0.074454,0.44328,0.20085,3.1693,-0.16414,3.628,0.11531,0.021077,41.817,8.7284,8.2524,0.080061,4.0912,8.7435,0.54045,0.019569,0.047258,0.13233,0.019059,29.593,18.741,0.43708,0.50436,11.069,0.033517,0.008193,0.72712,0.45955,0.11457,0.79486,0.83586,-450.62,0.019569,0.10345,0.98497,0.05158,33.633,19.476,40.999,8.9026,6.3275,0
0.23855,0.41157,0.53854,2.3085,2.2432,0.22448,0.23855,1.4297,3.6396,0.58843,0.34993,0.57961,0.81182,0.23855,50.842,7.1791,2.4297,0.23855,0.065543,52.041,1.0862,0,0.065543,0.52533,0.48465,7.1791,0,10.795,3.6651,0.11308,0.14639,,0,0,0.11375,3.6396,,0.58843,0.031252,0.088768,0.005051,0,91.618,39.577,0.45969,1.0476,,-2.7162,-0.74628,2.3085,0.41157,,11.795,11.795,2490.9,1,0.4054,0.059712,0,7.0137,9.2225,41.274,8.8432,72.953,0
-0.029746,0.44898,0.39136,1.9388,7.8073,-0.020006,-0.030561,1.2259,1.0001,0.5504,-0.030561,-0.07331,0.016252,-0.030561,2277.6,0.16025,2.2273,-0.030561,-0.006903,23.477,1.1336,0.004118,-0.006719,-0.010728,0.5504,0.16207,0.009303,2.0408,3.8746,0.10098,-0.006903,34.375,10.618,0.009172,0.004118,4.4422,16.304,0.5825,0.00093,0.035393,0.13843,0.00093,65.42,41.943,-0.10447,1.2558,23.48,-0.098393,-0.022225,1.8002,0.41687,0.094177,2.8701,3.0376,2931.8,0.000144,-0.054046,0.99986,0.058336,15.547,8.7022,34.37,10.62,23.086,0
0.10079,0.80312,-0.01506,0.94353,-23.528,-0.008805,0.12817,0.24514,1.7816,0.19688,0.18479,0.48057,0.086242,0.12817,1907.8,0.19132,1.2451,0.12817,0.071942,17.992,1.9012,0.18478,0.05657,,0.18559,0.15722,3.2639,-0.020124,3.6463,0.43749,0.098337,60.452,6.0379,2.0051,0.17127,1.7816,0.32285,0.70432,0.096128,0.091345,0.12732,0.10372,46.564,28.572,1.1476,0.61425,19.906,0.15931,0.089417,0.31334,0.26671,0.16562,0.26308,0.94117,-66.7,0.096128,0.51193,0.92861,2.5774,20.287,12.775,54.64,6.68,2.3807,0
0.17679,0.148,0.64542,5.3609,139.83,0.11839,0.21826,5.7567,1.6591,0.852,0.21826,1.4747,0.13715,0.21826,237.4,1.5375,6.7567,0.21826,0.13155,19.663,0.95364,0.21826,0.10656,0.35812,0.29518,1.2573,,3.1243,1.9533,-0.33514,0.13155,37.492,9.7353,9.7353,0.21827,1.6591,,0.852,0.13156,4.757,0.021681,0.13155,19.663,0,1.9779,4.757,22.642,0.20897,0.12595,5.3609,0.148,0.10272,4.1243,4.1243,57.956,0.13156,0.2075,0.86845,0,18.562,,32.56,11.21,8.0314,0
0.026325,0.50769,0.065563,1.1549,-81.428,0,0.020935,0.96971,0.80843,0.49231,0.020935,0.049477,0.068924,0.020935,3325.6,0.10975,1.9697,0.020935,0.025896,77.161,1.1562,0.04526,0.032563,0.15934,0.49017,0.12037,,0.12823,5.4217,0.62799,0.025896,281.21,1.3367,1.1141,0.25922,0.80843,3.7586,0.57686,0.32065,0.026036,0.21142,0.055985,215.67,138.51,0.15403,0.75105,110.29,0.010475,0.012958,0.9626,0.42314,0.74812,0.96286,1.1282,1.1549,0.32065,0.053471,0.71384,0.17175,4.7303,2.6352,191.04,1.9106,1.5811,0
0.061477,0.58372,0.023517,1.0887,-57.59,0,0.061477,0.71316,0.70102,0.41628,0.067844,0.23192,0.090421,0.061477,3361.2,0.10859,1.7132,0.061477,0.087696,34.418,1.0044,0,0.087696,0.21595,0.38966,0.10859,0,0.033058,4.654,0.70583,0.19714,317.05,1.1512,0.5228,0.012605,0.70102,1.5151,0.56313,0.017981,0.35779,10.187,0,100.88,66.464,0.93002,0.83935,79.063,-0.00191,-0.002725,0.49441,0.26508,0.86863,0.58516,0.79158,1060.1,0.56468,0.14768,0.44772,0.35276,10.605,5.4917,138.02,2.6446,0.98541,0
0.16368,0.10768,0.39651,4.6822,37.338,0.39142,0.19108,7.8394,1.0919,0.84418,0.19108,1.7745,0.13995,0.19108,171.28,2.131,9.2864,0.19108,0.11653,54.383,1.1065,0.12582,0.099822,0.47553,0.84418,1.8766,0.83784,0.79973,6.0946,0.027577,0.11653,26.173,13.946,1.1684,0.12582,1.7189,,0.84418,0.076732,0.58401,0.021558,0.076732,98.232,43.849,0.66998,2.4134,59.381,0.087423,0.053315,4.6822,0.10768,0.071706,1.7026,1.7026,492990,0.084168,0.1939,0.91583,0,6.7117,8.324,23.97,15.227,3.3073,0
0.14708,0.11886,0.43763,4.6819,184.66,0.43063,0.18671,7.0725,1.2492,0.84065,0.18671,1.5708,0.24846,0.18671,171.31,2.1307,8.4132,0.18671,0.18318,17.571,0.99396,0.17673,0.1443,0.5417,0.84065,1.7972,2.1659,0.98676,4.9621,-0.27021,0.18318,53.171,6.8646,1.4868,0.17673,1.0457,,0.84065,0.17338,3.3522,0.016064,0.17338,56.594,39.023,2.9974,4.2691,21.95,0.11018,0.1081,4.6819,0.11886,0.14567,1.8955,1.8955,40102,0.1995,0.17496,0.8005,0,20.773,9.3535,42.563,8.5755,2.2983,0
0.00979,0.72325,0.079236,1.1097,-35.63,0.093399,0.006246,0.24093,1.0326,0.17425,0.006246,0.00865,0.005943,0.006246,10084,0.036198,1.3827,0.006246,0.001418,38.814,1.745,0.18455,0.002222,0.12369,0.17425,0.041098,0.4326,0.39881,4.3181,0.15434,0.001418,61.782,5.9079,0.25516,0.18455,4.4716,285.75,0.17542,0.041894,0.10303,0.11628,0.041894,60.232,21.417,0.020899,0.461,40.08,0.16461,0.037369,1.1079,0.72208,0.16927,0.87703,0.88289,1648.1,0.031581,0.056183,0.96842,0.006685,9.4037,17.042,59.831,6.1006,22.172,0
-0.22312,1.0675,-0.24721,0.67215,-145.27,-0.18524,-0.22312,-0.063307,1.6982,-0.067584,-0.11196,-0.2959,-0.077297,-0.22312,-2968.5,-0.12296,0.93673,-0.22312,-0.13139,99.654,0.75606,-0.14262,-0.13139,-0.40836,-0.16925,-0.12296,-1.283,-0.50141,3.8561,0.62558,-0.11239,152.69,2.4624,1.7393,-0.10428,1.7447,0.13772,0.24593,-0.061404,0.00862,-0.701,-0.083983,107.54,7.8828,-0.48123,0.62351,91.143,-0.23447,-0.13807,0.47476,0.75404,0.4061,-0.13708,0.4988,-1775,-0.061429,3.3014,1.0642,-4.6388,3.6627,46.303,162.07,2.2521,3.4444,1
0.24562,0.66097,0.39833,2.1664,74.703,0,0.24562,0.51293,1.4282,0.33903,0.32433,0.71924,0.20487,0.24562,824.49,0.4427,1.5129,0.24562,0.17198,40.069,1.0786,0.27761,0.17198,0.76155,0.13118,0.4427,3.5269,1.5311,3.832,0.15521,0.19262,107.8,3.3859,1.7494,0.27194,1.4282,2.0557,0.62265,0.1904,1.3196,0.067876,0.19437,73.907,33.838,1.5666,1.7073,49.493,0.23062,0.16147,1.1193,0.34151,0.29534,1.3031,2.3933,2705.2,0.1904,0.72448,0.83413,0.83655,9.1092,10.787,87.275,4.1822,5.4897,0
0.146,0.58399,0.15268,1.2675,-42.704,-0.14738,0.1834,0.71235,2.3976,0.41601,0.33852,0.32138,0.07751,0.1834,1147,0.31822,1.7124,0.1834,0.076493,61.76,1.1316,0.19636,0.060893,0.31539,-0.00003,0.25417,1.2659,0.55188,3.5798,0.2429,0.081221,94.743,3.8525,3.7646,0.19909,2.3976,,0.41601,0.083037,0.015962,0.09792,0.081899,108.73,46.972,0.35987,0.55664,67.353,0.19392,0.080882,1.2386,0.57067,0.25957,1.5037,1.5037,580.2,0.083037,0.35095,0.92781,0,5.9099,7.7706,86.876,4.2014,8.6666,0
0.11934,0.61265,-0.051768,0.87043,-67.843,0.22769,0.11934,0.61582,1.1674,0.37729,0.11934,0.29869,0.14323,0.11934,1308.5,0.27895,1.6322,0.11934,0.10002,39.159,1.4168,0.16562,0.10002,0.22769,0.37729,0.27895,1.6205,-0.079371,5.0163,0.50579,0.10002,142.69,2.5581,0.27033,0.16562,1.1964,1.0312,0.5904,0.13881,0.030747,0.092744,0.13881,102.63,63.469,0.93228,0.55004,45.715,0.11406,0.095597,0.56764,0.39954,0.39092,0.57845,0.90521,-5375.1,0.14341,0.31631,0.85659,0.56487,9.321,5.7508,122.22,2.9864,1.8294,0
0.098718,1.4823,-0.71563,0.51722,-161.73,-1.1724,0.098718,-0.32538,3.2242,-0.48232,0.098797,0.066597,0.037713,0.098718,4449.6,0.08203,0.67462,0.098718,0.030617,75.117,1.0199,0.098797,0.030617,-0.35517,-0.64659,0.08203,1242.9,-3.0673,3.0953,0.44652,0.030642,173.64,2.1021,2.1021,0.1083,3.2242,,-0.48232,0.03359,0.035764,0.40609,0.030642,80.792,5.6752,0.14877,0.069584,77.727,0.07592,0.023547,0.51722,1.4823,0.47572,-2.0673,-2.0673,-891.3,0.033591,-0.20467,0.96938,0,4.8591,64.315,167.81,2.1751,13.82,0
0.066611,0.56134,-0.02194,0.94304,-54.973,-0.026299,0.066611,0.78147,1.5642,0.43866,0.071777,0.17293,0.084841,0.066611,1543.9,0.23641,1.7815,0.066611,0.042586,35.614,1.3064,0,0.042586,0.1194,0.040312,0.23641,0,-0.034455,3.9145,0.34632,0.092338,115.01,3.1735,2.1776,0.022642,1.5642,1.1957,0.61481,0.014476,0.056193,0.2831,0,79.713,44.099,0.43645,0.54681,45.572,-0.066094,-0.042255,0.64711,0.38519,0.31511,0.68891,0.96554,-180.21,0.2185,0.15185,0.78498,0.40156,10.249,8.2769,89.884,4.0608,2.4565,0
0.033077,0.70932,-0.034391,0.93316,-31.606,0,0.040614,0.40981,1.5649,0.29068,0.071869,0.078938,0.05449,0.040614,3036.2,0.12022,1.4098,0.040614,0.025953,20.804,1.3062,0.07182,0.021136,0.13173,0.2199,0.10959,2.2978,-0.066151,5.1232,0.44655,0.034389,125.45,2.9096,2.1105,0.067922,1.5649,2.0623,0.48024,0.043402,0.028039,0.20299,0.045893,108.62,87.812,0.37083,0.75979,21.748,0.027161,0.017356,0.67686,0.5145,0.34369,0.55912,0.92374,-4567,0.043402,0.11379,0.97433,0.65211,17.545,4.1566,120,3.0416,3.0101,0
0.041852,0.80046,0.004159,1.0074,-84.055,0,0.052703,0.24929,1.6173,0.19954,0.087039,0.094201,0.084651,0.052703,2134.1,0.17103,1.2493,0.052703,0.032587,68.749,1.4798,0.085723,0.025878,0.11434,0.0979,0.15748,2.4966,0.009531,4.6264,0.49132,0.045983,133.31,2.7381,1.9138,0.085402,1.6173,1.2818,0.40162,0.052806,0.077584,0.15702,0.053004,117.41,48.659,0.13739,0.46296,72.582,0.001521,0.00094,0.70414,0.55948,0.36522,0.45728,0.92037,175.94,0.052806,0.20974,0.96771,1.0127,5.3092,7.5011,126.27,2.8907,3.7063,0
0.067603,0.31714,-0.029287,0.86619,1451.1,0.60212,0.070046,2.1532,0.68554,0.68286,0.086314,0.32004,0.13528,0.070046,1248.2,0.29242,3.1532,0.070046,0.10218,30.029,1.2374,0.021202,0.098614,0.192,0.61171,0.28472,1.3033,-0.036138,5.9737,0.46262,0.10218,,0.038897,0.026844,0,0.68554,1.3552,0.78113,0,0.026441,0.24083,0.030927,97.857,67.829,1.1987,0.6085,2418.1,-0.001492,-0.002176,0.59778,0.21887,25.709,0.8426,0.96386,0.86619,1,0.099001,0.03289,0.14392,12.155,5.3812,116.53,3.1322,0.8459,0
0.2087,0.30661,0.37476,2.2223,19.064,0.33181,0.26247,2.1501,1.0832,0.65922,0.26247,0.85605,0.088539,0.26247,387.98,0.94078,3.2615,0.26247,0.080564,23.865,1.2569,0.25726,0.064059,0.4167,0.65922,0.7654,0.85535,1.1761,4.5787,0.067578,0.080564,37.209,9.8095,0.83905,0.25726,3.2824,,0.65922,0.078965,0.29451,0.035589,0.078965,66.22,42.356,0.97977,1.5275,25.85,0.23128,0.07099,2.2223,0.30661,0.10194,2.0689,2.0689,14205,0.076806,0.31658,0.92319,0,15.295,8.6175,34.351,10.626,10.224,0
0.057054,0.60625,0.20524,1.5556,-77.978,0,0.057054,0.64949,1.7222,0.39375,0.10807,0.15444,0.035225,0.057054,3647.7,0.10006,1.6495,0.057054,0.033129,102.04,1.3235,0,0.033129,0.22211,0.33628,0.10006,0,0.48254,4.9395,0.3506,0.075548,102.62,3.5569,2.1675,0.00392,1.7222,0.41357,0.61912,0.002276,0.027222,5.5993,0,119.66,17.622,0.1185,0.25229,133.74,-0.003609,-0.002096,0.94792,0.36943,0.28115,0.92576,1.4556,17854,0.237,0.1449,0.79172,0.57235,3.577,20.712,78.297,4.6617,4.0491,0
-0.18076,0.61359,-0.14444,0.75324,-36.948,-0.18076,-0.18406,0.61723,0.92537,0.37873,-0.18406,-0.31445,-0.047767,-0.18406,-1544,-0.2364,1.6297,-0.18406,-0.060614,22.487,0.94417,-0.24747,-0.059525,-0.18406,0.37873,-0.231,,-0.25835,4.9228,0.1867,-0.060614,65.108,5.6061,-0.40331,-0.24747,3.1154,8.9886,0.40696,-0.081494,0.081832,-0.096773,-0.081494,47.239,24.752,-0.96616,0.43363,20.809,-0.28648,-0.094342,0.71857,0.58536,0.17838,0.6774,0.72791,-12092,-0.080649,-0.47727,1.0806,0.074562,16.231,14.746,70.358,5.1877,5.4315,1
0.019782,0.75487,-0.21667,0.65112,-115.8,0,0.030118,0.32473,1.3066,0.24513,0.079769,0.048495,0.068817,0.030118,3064.2,0.11912,1.3247,0.030118,0.02305,41.261,1.1261,0.079769,0.01514,0.18494,0.18461,0.10543,1.6066,-0.36376,4.5534,0.5723,0.045049,187.82,1.9433,1.5988,0.099741,1.3066,2.1232,0.36602,0.076335,0.018817,0.18028,0.06105,109.7,68.435,0.13393,0.41329,44.671,0.019968,0.015282,0.53569,0.62104,0.51458,0.41155,0.61451,-7747.3,0.076335,0.0807,0.9771,0.49316,8.8462,5.3336,173.48,2.1039,2.1937,0
0.02739,0.63186,0.003216,1.0065,-16.16,-0.47736,0.036536,0.58263,1.1293,0.36814,0.099758,0.073343,0.07463,0.036536,2736.5,0.13338,1.5826,0.036536,0.032354,14.892,1.7277,0.093078,0.024255,-0.083415,-0.44996,0.11891,1.4722,0.006449,4.1286,0.26721,0.038775,175.39,2.081,1.6407,0.092599,1.1293,3.5335,0.49699,0.081999,0.66575,0.14957,0.082424,54.857,39.966,0.5945,0.91397,16.222,0.045337,0.040147,0.79348,0.49815,0.48053,0.7383,0.99671,43.234,0.081999,0.074401,0.96811,0.35,24.51,9.1328,161.01,2.2669,2.2647,0
0.10292,0.68353,0.29595,1.433,40.93,0,0.13113,0.46299,2.5741,0.31647,0.13113,0.19184,0.051933,0.13113,1866.3,0.19558,1.463,0.13113,0.050941,2.5228,3.7077,0.13113,0.039982,0.5466,0.25716,0.15431,,14.426,2.9259,0.24802,0.050941,101.87,3.583,3.583,0.12505,2.5741,,0.31647,0.048578,0.065956,0.17044,0.050939,132.49,129.97,5.7845,1.4069,2.6517,0.12857,0.049947,1.433,0.68353,0.2791,15.426,15.426,249.51,0.048578,0.32521,0.94918,0,144.68,2.8083,96.921,3.7659,125.47,0
-0.046241,0.76518,0.037516,1.049,-216.66,-0.88763,-0.041978,0.30689,1.2966,0.23482,0.034089,-0.054861,-0.005659,-0.041978,-38067,-0.009588,1.3069,-0.041978,-0.032376,216.62,1.2186,0.033967,-0.035664,-0.43251,-0.75074,-0.01516,0.44653,0.19014,3.9836,0.57527,-0.023681,223.13,1.6358,1.6358,0.044881,1.2966,,0.23482,0.034615,0.025827,0.37176,0.026197,220.4,3.7832,-0.060093,0.04339,224.38,-0.000675,-0.00052,1.049,0.76518,0.61131,1.1901,1.1901,361.22,0.034615,-0.19692,1.0323,0,1.685,96.478,215.4,1.6945,6.5715,0
0.097632,0.60575,0.31481,1.5867,-0.41814,0,0.12483,0.65086,1.3454,0.39425,0.12753,0.23265,0.10511,0.12483,1563.5,0.23345,1.6509,0.12483,0.092787,85.043,1.2607,0.11844,0.07257,0.26811,0.33429,0.18854,43.8,2.1179,5.5507,0.23591,0.093064,159.61,2.2868,2.0256,0.11833,1.3454,,0.39425,0.087958,0.54257,0.14955,0.088036,152,66.954,0.31147,1.0025,93.244,0.10186,0.075713,1.4055,0.53655,0.43728,2.6524,2.6524,111890,0.087958,0.24764,0.90813,0,4.292,5.4515,145.57,2.5074,9.0511,0
0.093226,0.27088,0.53412,3.7864,49.336,0.080609,0.12023,2.6916,1.8367,0.72912,0.14214,0.6272,0.086283,0.12023,623.91,0.58502,3.6916,0.12023,0.065459,31.039,1.0012,0.13449,0.050758,0.51207,0.17383,0.48534,6.1385,1.948,4.6822,0.14432,0.070247,40.689,8.9705,6.3479,0.11711,1.8367,28.999,0.74876,0.063762,0.79993,0.052274,0.073223,113.77,82.728,0.59689,2.9716,33.153,0.09624,0.052399,2.6794,0.19169,0.11148,2.6592,2.7308,25696,0.063762,0.12786,0.93554,0.026941,11.759,4.412,38.094,9.5814,6.6985,0
0.24256,0.15031,0.77091,6.3634,23.568,0.40413,0.30336,5.4351,1.1137,0.81695,0.30336,2.1105,0.16451,0.30336,169.81,2.1495,6.6529,0.30336,0.15447,116.17,0.97805,0.23659,0.12351,0.53493,0.81695,1.745,1.3417,9.0319,4.1947,0.030645,0.15447,29.752,12.268,1.574,0.23659,2.3293,44.059,0.82352,0.12047,0.84778,0.019279,0.12047,147.34,31.179,0.38808,2.0149,129.37,0.21687,0.11043,6.0851,0.14374,0.081512,9.5712,9.6483,12069,0.1021,0.29691,0.8979,0.008046,3.1421,11.706,26.714,13.663,23.009,0
-0.081584,1.0421,0.19945,1.5125,-23.397,-0.12647,-0.081584,-0.040365,1.8959,-0.042063,-0.007702,-0.20963,-0.042841,-0.081584,-4682.9,-0.077944,0.95964,-0.081584,-0.043032,56.216,1.1764,0,-0.043032,-0.11653,-0.20806,-0.077944,0,0.48482,4.382,0.52855,-0.092852,82.485,4.425,1.6526,0.12442,1.8959,0.55625,0.49118,0.065625,0.15247,96.055,0,101.9,45.682,-0.2794,0.76218,61.889,-0.000362,-0.000191,0.56486,0.38917,0.22599,-0.10225,1.194,4806.1,0.091664,1.9396,0.9476,-12.677,6.4928,7.99,74.924,4.8716,4.6086,0
-0.16615,0.90452,-0.17337,0.80258,-136.71,0,-0.16369,0.10556,1.2968,0.095483,-0.13393,-0.18639,-0.097116,-0.16369,-2621.5,-0.13924,1.1056,-0.16369,-0.12622,100.77,0.97977,-0.13396,-0.12812,-0.15081,-0.093037,-0.14196,-4.5018,-0.58737,4.1718,0.68832,-0.1235,222.19,1.6427,1.5949,-0.14583,1.2968,80.444,0.099794,-0.11246,0.015945,-0.31338,-0.1033,194.44,93.672,-0.46409,0.39491,90.581,-0.1717,-0.1324,0.77923,0.8782,0.60874,0.32348,0.33809,-2575.1,-0.11246,-1.7401,1.1231,0.045151,3.6222,3.8966,247.18,1.4767,4.3934,0
0.014721,0.61238,-0.001193,0.9976,-56.951,0.034704,0.019455,0.48885,1.0392,0.29937,0.019455,0.03905,0.022806,0.019455,5431.4,0.067202,1.633,0.019455,0.010781,52.733,1.0457,0.063047,0.008158,0.04523,0.29937,0.059472,0.36308,-0.002372,4.8531,0.32638,0.010781,104.72,3.4853,0.10295,0.063047,1.8201,2.0698,0.41354,0.034938,0.065812,0.23757,0.034938,93.9,41.167,0.056468,0.47433,54.8,0.041348,0.022914,0.81161,0.49821,0.28692,0.59518,0.82217,-85.08,0.037726,0.049175,0.96227,0.38138,6.9217,8.8662,100.77,3.622,3.5877,0
0.056638,0.46905,0.13447,1.3793,16.77,0,0.078674,1.132,2.9627,0.53095,0.093062,0.2219,0.17569,0.078674,328.9,1.1098,2.132,0.078674,0.026555,0.34062,0.98123,0.081593,0.019117,0.13451,0.14858,1.0628,5.6708,0.26316,3.4346,0.061884,0.031227,42.438,8.6871,6.5665,-0.086694,3.1731,,0.53095,-0.029262,0.83067,0.029869,0.02754,23.963,23.622,20.486,1.3715,0.32764,-0.36027,-0.1216,1.0426,0.35455,0.11511,1.0391,1.0391,365.74,-0.029262,0.10667,0.97521,0,1071.6,15.452,43.68,8.3562,5.7982,0
-0.064614,0.28206,0.11016,1.3926,-3.1138,-0.45529,-0.064614,2.5453,1.1114,0.71794,-0.032837,-0.2303,-0.022256,-0.064614,-4162,-0.087698,3.5453,-0.064614,-0.058135,36.967,1.105,-0.033194,-0.058135,-0.10643,-0.51991,-0.087698,-1.0446,0.1808,4.2084,0.22569,-0.048178,90.432,4.0362,4.0147,-0.020937,1.1114,,0.71794,-0.018838,0.13637,1.4067,-0.029865,115.75,78.78,-0.574,0.99142,36.284,-0.073071,-0.065744,1.3852,0.28056,0.24776,1.1783,1.1783,1779.9,-0.018838,-0.089999,1.0578,0,9.8735,4.6332,92.136,3.9615,1.8242,0
0.14147,0.32891,0.25438,1.8222,3.0397,0,0.17497,2.0399,4.8746,0.67093,0.17876,0.56552,0.046825,0.17497,525.97,0.69395,3.0403,0.17497,0.035895,16.069,1.0303,0.17193,0.029023,0.34995,0.65405,0.5921,45.411,0.58336,3.817,0.007348,0.036175,24.033,15.244,14.34,0.17543,4.8954,18.806,0.6895,0.035989,0.9486,0.048684,0.03527,20.239,4.1695,0.65924,1.6422,16.607,0.11865,0.02434,1.7141,0.3094,0.065599,1.5386,1.5812,1669,0.035989,0.21086,0.96348,0.027674,22.714,87.54,23.168,15.755,11.179,1
-0.11102,0.90136,-0.14255,0.8401,-231.65,-0.35956,-0.11102,0.088676,0.98394,0.079929,-0.11102,-0.12454,-0.068683,-0.11102,-4462.2,-0.081798,1.1094,-0.11102,-0.10342,181.72,1.3089,-0.025139,-0.10342,-0.35956,0.079929,-0.081798,-0.23043,-0.5678,5.128,0.83883,-0.10342,298.26,1.2238,-0.02789,-0.025139,1.0836,21.735,0.089797,-0.023419,0.002152,2.4381,-0.023419,254,72.277,-0.20773,0.24059,178.8,-0.062433,-0.05816,0.8309,0.89149,0.81714,0.31836,0.35767,-19141,-0.016319,-1.389,1.0163,0.12347,2.0086,5.05,303.12,1.2041,4.2757,0
0.34417,0.20082,0.71048,4.538,110.36,0,0.42702,3.9797,1.4999,0.79918,0.43698,2.1264,0.34231,0.42702,142.76,2.5568,4.9796,0.42702,0.28469,99.375,1.6221,0.43694,0.22946,0.73417,0.77406,2.1442,43.858,8.0101,3.3781,-0.014971,0.28469,68.709,5.3123,5.3123,0.43313,1.4999,,0.79918,0.28877,1.1197,0.01279,0.29131,167.05,67.67,0.84279,2.5044,139.72,0.35052,0.23369,4.538,0.20082,0.18824,9.0101,9.0101,1696.8,0.28877,0.43065,0.71762,0,3.6729,5.3938,48.868,7.4691,16.91,0
-0.017945,0.62593,0.43431,2.1407,93.304,-0.065242,-0.018837,0.55906,0.99568,0.34994,-0.018837,-0.049474,-0.006879,-0.018837,-38518,-0.009476,1.5976,-0.018837,-0.021847,90.178,1.3094,-0.002703,-0.020812,-0.063701,0.34994,-0.00805,-0.031213,2.3483,4.5102,0.70696,-0.021847,160.48,2.2744,-0.004318,-0.002703,0.8687,2.4554,0.59512,-0.003135,0.043516,2.0169,-0.003135,338.02,247.84,-0.084238,1.5812,89.789,-0.015609,-0.018103,1.3021,0.38075,0.43968,1.8921,3.2179,14061,-0.004335,-0.05128,1.0043,0.70065,4.0476,1.4727,161.18,2.2645,4.6621,0
0.023121,0.70139,0.19718,1.3953,-111.41,-0.17676,0.030133,0.42574,1.3619,0.29861,0.067481,0.060414,0.036165,0.030133,5197.7,0.070223,1.4257,0.030133,0.022125,145.1,1.3992,0.059479,0.016977,0.062982,-0.15363,0.060227,1.5926,0.64854,4.3946,0.5005,0.02959,139.41,2.6183,1.8619,0.055998,1.3619,2.068,0.37334,0.041117,0.14787,0.29745,0.043673,166.75,21.651,0.042705,0.30984,151.33,0.040358,0.029634,0.99225,0.49877,0.38193,0.98213,1.2279,4892,0.041117,0.07743,0.9783,0.25026,2.5155,16.858,133.67,2.7305,4.4793,0
-0.25844,1.1819,-0.53543,0.53509,-126.4,-0.14582,-0.25844,-0.15387,2.9535,-0.18186,-0.16986,-0.2244,-0.053232,-0.25844,-2743.8,-0.13303,0.84613,-0.25844,-0.087504,63.367,2.1626,-0.17263,-0.087504,-0.29956,-0.47638,-0.13303,-1.9487,-1.3953,3.582,0.39839,-0.067667,135.09,2.7019,2.6329,-0.15823,2.9535,8.2638,-0.16933,-0.053575,0.012193,-0.55172,-0.058449,74.424,11.057,-0.50403,0.089879,60.145,-0.27385,-0.092722,0.52144,1.1517,0.37012,-0.47391,-0.44127,-2045.2,-0.053575,1.4211,1.0873,-0.068879,5.7601,33.01,142.33,2.5645,7.6966,0
0.15329,0.51563,0.31028,1.6017,19.211,0,0.19367,0.93936,4.2828,0.48437,0.19927,0.3756,0.050577,0.19367,868.87,0.42008,1.9394,0.19367,0.045222,5.1914,3.6963,0.19834,0.035792,,0.46532,0.34176,35.465,1.7824,3.9243,0.019971,0.045223,46.271,7.8883,7.8883,0.2153,4.2828,,0.48437,0.050271,0.89915,0.077676,0.046312,30.876,25.684,2.5165,1.4836,5.4662,0.17541,0.040956,1.6017,0.51563,0.12677,2.7824,2.7824,2606.6,0.050271,0.31647,0.95493,0,70.309,14.211,43.945,8.3058,24.602,0
0.10012,0.35431,0.64944,3.4017,48.486,0.34726,0.12467,1.8035,1.0781,0.63899,0.12467,0.46104,0.080908,0.12467,897.07,0.40688,2.8224,0.12467,0.06997,86.666,1.0343,0.14483,0.056192,0.42529,0.63899,0.33759,0.87636,8.1032,4.2028,0.14738,0.06997,59.722,6.1117,0.40878,0.14483,1.8029,5.9216,0.72288,0.081286,0.36285,0.070888,0.081286,168.33,81.668,0.23666,1.8372,93.436,0.12534,0.070348,2.5962,0.27041,0.16362,7.9727,9.0195,10361,0.072465,0.15669,0.92754,0.13129,4.2116,4.4693,55.394,6.5891,22.231,0
0.023204,0.39004,0.61232,2.5794,12.67,0.000228,0.0296,1.5638,1.7876,0.60996,0.08954,0.076351,0.016822,0.0296,4734.1,0.077101,2.5638,0.0296,0.016558,112.43,1.0849,0.055944,0.01298,0.11589,0.58948,0.060702,0.93334,,3.3877,0.12872,0.016575,81.081,4.5017,4.4745,0.042426,1.7876,,0.60996,0.023733,0.41318,0.23045,0.031295,171.47,59.04,0.042139,1.159,115.17,0.055472,0.031031,2.5638,0.38768,0.22214,,,1495.2,0.023733,0.038042,0.98404,0,3.2464,6.1823,79.157,4.6111,,0
0.005948,0.69877,-0.16402,0.5469,-217.03,0.079946,0.009589,0.3417,1.136,0.23877,0.009589,0.02649,0.09425,0.009589,4831.5,0.075546,1.4311,0.009589,0.017121,69.804,1.4446,0.069793,0.01062,0.10456,0.23877,0.070335,1.4156,-0.20451,5.4646,1.2413,0.017121,268,1.362,0.09988,0.069793,0.5711,0.26981,0.57554,0.12461,0.009895,0.20332,0.12461,126.68,56.878,0.05553,0.251,79.3,0.026593,0.047478,0.28332,0.362,0.73424,0.29771,0.71761,-47804,0.11975,0.024911,0.88025,1.4104,5.2289,6.4173,235.9,1.5472,0.69836,0
0.009464,0.58372,0.11573,1.3261,-97.469,0,0.013644,0.71315,0.90052,0.41628,0.044043,0.038451,0.082213,0.013644,2877.8,0.12683,1.7131,0.013644,0.015151,124.92,1.3856,0.042675,0.010509,0.025776,0.39583,0.11967,1.4038,0.21859,4.5269,0.58709,0.034938,150.59,2.4237,1.4734,0.040486,0.90052,0.77806,0.62497,0.044959,0.22284,0.18879,0.04739,158.68,33.764,0.030707,0.4576,130.8,-0.017715,-0.019672,0.80615,0.35484,0.41259,0.78627,1.1804,3893.2,0.044959,0.022734,0.98505,0.50132,2.9219,10.81,143.82,2.5378,1.7009,0
0.065701,0.26116,0.18192,2.2643,39.899,0,0.067439,2.829,0.55099,0.73884,0.084337,0.46869,0.1779,0.067439,972.49,0.37532,3.829,0.067439,0.1224,34.252,1.0781,0.080521,0.11924,0.31021,0.73686,0.36867,4.7651,0.26983,4.7054,0.44904,0.13826,110.84,3.2929,1.8142,0.077177,0.55099,2.4532,0.85057,0.14007,0.65909,0.078355,0.14614,153.01,118.75,1.2707,1.905,39.831,0.049939,0.090635,1.2475,0.14389,0.30368,1.0959,1.2616,9230.7,0.14007,0.088925,0.88087,0.15123,10.656,3.0736,95.318,3.8293,0.81726,0
0.10093,0.46593,0.29423,1.6315,27.961,0.33395,0.12859,1.0079,1.0531,0.46962,0.12859,0.27599,0.073905,0.12859,980.21,0.37237,2.1462,0.12859,0.054776,19.043,1.0547,0.12381,0.042995,0.42336,0.46962,0.31301,0.55536,1.2268,4.9001,0.11953,0.054776,76.286,4.7846,0.26572,0.12381,2.371,,0.46962,0.052737,0.40221,0.090795,0.052737,89.051,70.008,0.82409,1.3686,20.053,0.078899,0.033608,1.6315,0.46593,0.209,1.958,1.958,23374,0.050387,0.21493,0.94961,0,19.167,5.2137,72.443,5.0385,9.7881,0
-0.03304,0.65165,-0.011251,0.98008,-75.422,-0.001634,-0.03683,0.53457,1.836,0.34835,0.024626,-0.065196,0.019833,-0.03683,6531.7,0.055881,1.5346,-0.03683,-0.020059,71.197,1.1084,0.002364,-0.017995,-0.19197,0.3058,0.061696,0.038467,-0.025208,4.4016,0.34716,-0.014941,111.52,3.273,2.8374,-0.012947,1.836,4.3639,0.39316,-0.007052,0.02991,0.28729,0.001288,106.71,35.511,-0.092256,0.34611,70.698,-0.070881,-0.038605,0.84963,0.56491,0.30553,0.78046,0.88084,-283.65,-0.007052,-0.094847,1.0195,0.12862,5.1266,10.279,112.3,3.2501,4.1135,0
0.025172,0.72942,-0.003354,0.99333,-103.92,0,0.025172,0.37095,0.98416,0.27058,0.041839,0.050091,0.079129,0.025172,3418.8,0.10676,1.371,0.025172,0.025577,98.856,1.2465,0.041828,0.025577,0.14992,0.025172,0.10676,2.5097,-0.006697,4.5384,0.73052,0.035128,185.38,1.969,1.3565,-0.005284,0.98416,1.3156,0.44739,-0.005369,0.021832,0.2572,0.042501,181.06,82.204,0.094437,0.46291,98.328,-0.010875,-0.01105,0.68434,0.50252,0.50788,0.54026,0.8933,-115.88,-0.005369,0.09303,0.97582,0.65346,3.6923,4.4402,186.37,1.9584,1.9651,0
0.053341,0.20546,0.29725,3.4953,97.47,0.13066,0.066976,3.7704,1.0976,0.77466,0.066976,0.56223,0.17725,0.066976,540.43,0.67539,4.8672,0.066976,0.085553,55.745,0.96726,0.067205,0.068136,0.16688,0.77466,0.60903,0.94219,0.50931,4.7304,0.089996,0.085553,60.959,5.9877,0.3271,0.067205,0.80928,3.438,0.861,0.085845,1.1669,0.048598,0.085845,129.32,73.575,0.44613,2.4916,61.183,-0.004584,-0.005855,2.0266,0.11912,0.16701,1.3273,1.4752,15978,0.088884,0.068857,0.91112,0.11144,6.5477,4.9609,55.54,6.5718,1.3414,0
-0.03551,0.9726,-0.31271,0.67585,-105.37,-0.84072,-0.03551,0.028174,1.4592,0.027402,0.015753,-0.036808,-0.003057,-0.03551,-79587,-0.004586,1.0282,-0.03551,-0.024334,25.69,1.4834,0.015256,-0.024334,,-0.011189,-0.004586,0.2976,-0.89865,4.1917,0.63517,-0.024273,242.65,1.5042,1.492,0.008103,1.4592,,0.027402,0.005553,0.047633,0.70013,0.010455,151.59,125.9,-0.34574,0.56939,25.833,-0.015794,-0.010823,0.67039,0.96473,0.66481,0.078746,0.078746,-4862,0.005553,-1.2959,1.0242,0,14.208,2.899,241.31,1.5126,4.1935,0
0.073791,0.66887,0.049423,1.2602,-4.7529,0,0.095287,0.49506,1.1038,0.33113,0.11625,0.5017,0.17574,0.095287,1258.5,0.29002,1.4951,0.095287,0.086324,16.7,1.4586,0.11614,0.06685,0.15163,0.22793,0.25789,5.5406,0.064975,4.0075,0.52071,0.10451,66.065,5.5249,1.5688,0.054504,1.1038,1.6586,0.44499,0.049377,0.55582,0.10378,0.10522,44.238,27.538,1.4611,0.9943,17.568,0.017443,0.015803,0.35784,0.18993,0.181,0.43533,0.58501,502.82,0.049377,0.22284,0.91902,0.34384,21.856,13.255,62.802,5.8119,1.4512,0
0.33508,0.35404,0.45223,2.2796,2.3782,1.185,0.41439,1.7741,1.1808,0.62811,0.41439,1.1725,0.15292,0.41439,306.73,1.19,2.8246,0.41439,0.15041,57.617,1.032,0.42452,0.12163,1.4648,0.62811,0.96596,1.8194,2.3269,4.9759,0.048714,0.15041,55.287,6.6019,1.1991,0.42452,2.7693,603.83,0.62873,0.15409,0.62757,0.02698,0.15409,77.352,19.735,0.77049,1.0491,68.031,0.41762,0.15158,2.2756,0.35342,0.15147,3.2319,3.235,42777,0.15308,0.53347,0.84692,0.000978,6.335,18.495,46.823,7.7952,14.176,0
0.074253,0.42469,0.18461,2.0228,48.2,0.27825,0.093538,1.338,1.1875,0.56824,0.093538,0.51824,0.14841,0.093538,1067.2,0.342,2.3546,0.093538,0.095577,25.552,1.1696,0.13658,0.075873,0.30583,0.56824,0.2966,1.6574,0.29077,4.9954,0.27343,0.095577,79.941,4.5659,0.3216,0.13658,0.98104,1.2145,0.81245,0.13956,0.94064,0.074154,0.13956,72.848,47.295,1.0838,1.6432,30.345,0.084874,0.086725,0.85968,0.18049,0.21902,0.89502,1.2796,18265,0.15793,0.13067,0.84207,0.42975,14.284,7.7175,67.316,5.4222,1.5414,0
0.015107,0.62077,0.10756,1.2078,37.94,0,0.015107,0.6109,1.8191,0.37923,0.03004,0.02919,0.78048,0.015107,159.59,2.2871,1.6109,0.015107,0.008304,48.105,0.94768,0,0.008304,0.054326,0.23235,2.2871,0,0.28688,3.7873,0.33858,0.019457,1505.7,0.24241,0.20209,0.010229,1.8191,13.321,0.40816,0.005623,0.014432,0.014731,0,123.92,75.816,0.063009,0.74456,697.56,-1.4047,-0.77218,1.0069,0.51752,4.1253,1.0115,1.0887,659.05,0.93104,0.039835,0.090283,0.076277,7.5875,4.8143,103.84,3.515,4.852,0
0.049513,0.25059,0.075223,1.4858,-26.492,0.39721,0.061715,2.9906,0.93022,0.74941,0.07074,0.39858,0.12846,0.061715,765.4,0.47687,3.9906,0.061715,0.066344,32.642,1.1265,0.068154,0.053227,0.19285,0.70171,0.42818,7.5518,0.0977,5.0204,0.26939,0.066344,76.202,4.809,2.9714,0.18858,0.93022,1.5338,0.84516,0.20272,0.27357,0.066326,0.073267,73.65,41.008,0.59518,0.94855,40.779,0.01037,0.011148,0.91807,0.15484,0.20794,0.97334,1.0977,1.4858,0.20272,0,0.80648,0.12777,11.182,8.9007,60.754,6.0078,1.2082,0
0.16389,0.029209,0.66547,23.783,146.08,0.47014,0.20344,32.867,1.2434,0.96,0.20344,6.9649,0.22668,0.20344,46.475,7.8538,34.236,0.20344,0.20103,104.69,1.011,0.19745,0.16194,0.58212,0.96,6.4996,2.426,2.1796,4.4749,-0.10248,0.20103,13.099,27.865,6.76,0.19745,1.0791,,0.96,0.19511,6.4507,0.004298,0.19511,182.59,77.907,0.56463,13.846,130.17,0.17149,0.16946,23.783,0.029209,0.035888,3.1442,3.1442,19860,0.19576,0.17071,0.80424,0,3.4866,4.6851,10.535,34.647,3.3145,0
0.29439,0.57127,0.068046,1.1202,0.49422,0.51728,0.29439,0.70034,1.158,0.40008,0.29439,0.51996,0.15683,0.29439,628.22,0.58101,1.7505,0.29439,0.1391,8.2155,1.6868,0.29054,0.1391,0.51728,0.40008,0.58101,1.5898,0.18603,4.5604,0.10883,0.1391,113.08,3.2279,0.5086,0.29054,2.1315,115.32,0.40517,0.13728,0.63389,0.057249,0.13728,47.485,39.27,6.18,1.036,9.5139,0.25302,0.11955,1.1102,0.56618,0.3098,1.0938,1.1077,2473,0.13647,0.73583,0.86353,0.012714,44.428,9.2947,97.646,3.738,5.786,0
0.003386,0.89488,-0.22514,0.74841,-13.999,0.073693,0.003386,0.091507,0.91946,0.081888,0.003386,0.003784,0.005354,0.003386,5927.4,0.061578,1.1175,0.003386,0.000329,7.2682,0.95625,0.0011,0.000329,0.073693,0.081888,0.061578,0.000983,-0.6817,4.1136,0.061102,0.000329,29.18,12.508,0.001229,0.0011,11.253,,0.081888,0.000107,0.30081,0.55702,0.000107,14.205,6.9369,0.016524,0.51939,6.6828,-0.050618,-0.004918,0.74841,0.89488,0.079946,0.24794,0.24794,-2924.6,-0.087595,0.041355,1.0876,0,50.219,52.617,31.736,11.501,31.162,0
0.005406,0.2787,0.35492,2.2735,26.539,0.34006,0.018622,2.501,1.0238,0.69704,0.018622,0.066818,0.042176,0.018622,1320.2,0.27648,3.5881,0.018622,0.010193,27.863,1.134,0.005821,0.002959,0.41343,0.69704,0.22906,0.03262,0.96873,4.5515,0.13328,0.010193,57.007,6.4028,0.020886,0.005821,1.8644,,0.69704,0.003186,0.44283,0.1426,0.003186,101.93,74.067,0.038761,1.7731,28.527,-0.052612,-0.028797,2.2735,0.2787,0.15618,1.9025,1.9025,12636,0.023278,0.007755,0.97672,0,13.1,4.928,55.68,6.5554,4.9866,0
0.020888,0.23018,0.44752,2.9442,44.299,0.076471,0.02958,2.8493,1.0097,0.65584,0.02958,0.12851,0.0383,0.02958,1297,0.28141,4.3445,0.02958,0.01749,52.457,1.0789,0.021892,0.012351,0.10343,0.65584,0.24365,0.1307,1.3885,4.2906,0.032903,0.01749,50.159,7.2769,0.095109,0.021892,1.7061,,0.65584,0.012944,0.76986,0.13256,0.012944,108.02,55.558,0.085938,1.8882,52.966,-0.013302,-0.007865,2.9442,0.23018,0.13742,2.0348,2.0348,8738.4,0.009606,0.031849,0.99039,0,6.958,6.5697,49.677,7.3475,5.2472,0
-0.70233,0.19205,0.80795,5.2069,80.882,-6.2178,-0.70233,4.2069,3.2294,0.80795,-0.6925,-3.6569,-0.11675,-0.70233,-185.93,-1.9631,5.2069,-0.70233,-0.21748,0,0.90556,-0.69201,-0.21748,-3.4499,-4.404,-1.9631,-70.37,,1.0073,-0.25018,-0.21748,17.876,20.418,20.418,-0.69201,3.2294,,0.80795,-0.21428,5.2069,-0.017458,-0.21428,0,0,,5.2069,0,-1.0173,-0.31501,5.2069,0.19205,0.048976,,,8.216,-0.21428,-0.86928,1.2173,0,,,21.707,16.815,,0
-0.10609,1.4324,-0.24687,0.78395,-164.58,-0.3362,-0.068151,-0.30188,1.4398,-0.43243,0.067121,-0.059641,-0.009649,-0.068151,-37635,-0.009698,0.69812,-0.068151,-0.047333,92.006,1.0545,0.067121,-0.073684,-0.26616,-0.44229,-0.036184,0.49619,-2.3692,3.7048,0.96949,-0.011412,299.31,1.2195,0.9728,0.046332,1.4398,2.0507,-0.17258,0.032179,0.034109,0.39337,0.046618,217.21,125.2,-0.29231,0.46633,95.065,0.012863,0.008934,0.62537,1.1427,0.82002,-4.1499,-1.6562,-1251.1,0.032179,0.24534,1.0417,-0.6009,3.9671,2.9152,289.68,1.26,13.817,0
0.04443,0.055061,0.94869,19.49,420.58,0,0.069529,17.162,0.91992,0.94494,0.069529,1.3551,0.075581,0.069529,289.05,1.2628,18.162,0.069529,0.075581,0,0.92168,0.069522,0.048298,0.19671,0.58629,0.80693,,,2.1443,-0.76717,0.075581,23.315,15.655,14.588,0.11668,0.91992,,0.94494,0.12684,15.028,0.0264,0.075574,90.83,90.83,,19.49,0,0.069522,0.075574,18.162,0.051309,0.063878,,,132.26,0.12684,0.047019,0.92566,0,,4.0185,20.358,17.929,,0
-0.36249,0.91695,-0.37141,0.55035,-109.53,-1.5289,-0.36249,0.023291,0.72518,0.021357,-0.36249,-0.43886,-0.23461,-0.36249,-1432.9,-0.25472,1.0906,-0.36249,-0.36411,2.4925,0.70666,-0.3339,-0.36411,-1.4771,0.021357,-0.25472,-2.4322,-0.68095,4.4169,0.82369,-0.36411,219.61,1.6621,-0.36415,-0.3339,1.0845,4.9225,0.11232,-0.3354,0.11766,-0.14707,-0.3354,131.03,128.54,-53.32,0.54212,1.8075,-0.46283,-0.46489,0.49575,0.82599,0.60167,0.039156,0.20594,-9699.3,-0.37896,-16.973,1.379,4.2594,146.44,2.8396,302.83,1.2053,1.8253,0
0.045853,0.67028,0.31884,1.4757,-8.3171,0.23229,0.056827,0.48024,1.0141,0.3219,0.056827,0.08478,0.012389,0.056827,4103.3,0.088954,1.4919,0.056827,0.011808,32.425,0.84768,0.066439,0.009528,0.28725,0.3219,0.072581,0.14,29.302,4.7413,0.13826,0.011808,51.553,7.0801,0.099121,0.066439,4.8203,,0.3219,0.013805,0.008593,0.31828,0.013805,74.58,42.156,0.10725,0.83784,32.882,0.063642,0.013224,1.4757,0.67028,0.14124,29.583,29.583,17576,0.013913,0.14245,0.98609,0,11.257,8.6584,50.836,7.1799,442.29,0
0.044651,0.74024,0.065665,1.1077,-28.245,0.10078,0.044651,0.29418,1.0645,0.21776,0.044651,0.07326,0.045484,0.044651,2520.8,0.1448,1.3509,0.044651,0.018948,35.137,1.9968,0.11332,0.018948,0.10078,0.21776,0.1448,0.51189,0.20214,4.6269,0.31239,0.018948,100.49,3.6322,0.15309,0.11332,2.3878,3.4287,0.34851,0.048089,0.019169,0.13839,0.048089,102.76,67.627,0.19683,0.73553,37.403,0.050789,0.021553,0.91208,0.60949,0.27531,0.67035,1.0728,2781.2,0.060563,0.20505,0.93944,0.60043,10.388,5.3972,94.403,3.8664,7.2542,0
-0.00909,0.83637,0.0134,1.0171,-367.55,0,-0.010012,0.19565,0.74639,0.16363,0.019715,-0.01275,0.022569,-0.010012,18122,0.020141,1.1956,-0.010012,-0.013414,11.261,0.93595,0.019603,-0.012179,0.1084,0.15178,0.021243,0.65944,0.066562,4.8707,1.1051,-0.000908,385.97,0.94567,0.88791,0.003775,0.74639,18.066,0.20657,0.005057,0.93297,0.60005,0.026264,32.295,21.033,-0.39473,0.98774,11.319,-0.007254,-0.009719,0.95494,0.78528,1.0574,0.81281,1.0261,994.9,0.005057,-0.055552,1.0131,0.26238,32.411,17.354,384.02,0.95048,3.7075,0
0.026763,0.51141,0.088546,1.1731,-37.021,-0.1506,0.026763,0.86371,1.0024,0.44171,0.026763,0.052332,0.035559,0.026763,2137.3,0.17078,1.9554,0.026763,0.010896,49.455,1.2024,0.024171,0.010896,-0.1506,0.44171,0.17078,0.098644,0.22134,4.6071,0.20009,0.010896,76.177,4.7915,0.047265,0.024171,2.6607,,0.44171,0.009841,0.041988,0.1984,0.009841,85.966,36.511,0.08042,0.52241,49.571,-0.036403,-0.014821,1.1731,0.51141,0.2087,1.1041,1.1041,3583.1,0.00235,0.06059,0.99765,0,7.3805,9.997,75.998,4.8027,6.1396,0
0.19454,0.5583,0.28143,1.588,5.1795,0.19454,0.24284,0.76759,1.056,0.42855,0.24284,0.50738,0.058901,0.24284,778.33,0.46895,1.7911,0.24284,0.054631,17.985,1.481,0.23084,0.043765,0.24284,0.42855,0.38244,,1.1729,4.1593,0.073196,0.054631,41.503,8.7945,0.41347,0.23084,4.4773,6.7895,0.50824,0.051932,0.49113,0.073474,0.051932,43.109,25.124,0.8882,1.1304,18.993,0.21186,0.047662,1.3614,0.47862,0.11371,1.786,2.1181,4061.5,0.053059,0.45394,0.94694,0.18594,20.295,14.528,39.301,9.2873,18.525,1
0.026205,0.39432,0.55711,2.8931,52.804,0,0.026205,1.536,3.5071,0.60568,0.027105,0.089047,0.019133,0.026205,2145,0.17017,2.536,0.026205,0.007472,4.5687,1.1836,0.019638,0.007472,0.1458,0.52153,0.17017,21.819,3.7489,2.6323,0.072393,0.007729,30.965,11.787,8.7969,0.038297,3.5071,,0.60568,0.01092,0.51263,0.21714,0.0056,72.908,68.34,0.59694,2.744,4.6192,-0.021257,-0.006061,2.1591,0.29428,0.084836,4.0758,4.0758,238.92,0.01092,0.043265,0.99265,0,79.891,5.341,30.627,11.918,23.6,0
0.029396,0.39833,0.46416,2.2206,70.932,0,0.041416,1.5105,2.2382,0.60167,0.041424,0.10891,0.033706,0.041416,1927.3,0.18939,2.5105,0.041416,0.018505,5.9486,0.96381,0.030809,0.013134,0.2472,0.58821,0.15921,3976.8,2.9836,3.5733,0.12396,0.018508,62.957,5.7976,5.5348,0.033509,2.2382,,0.60167,0.014972,0.31787,0.2048,0.013765,118,112.05,0.80589,2.1247,6.039,-0.003213,-0.001436,2.1199,0.38027,0.17249,3.8676,3.8676,1737.5,0.014972,0.048857,0.98162,0,61.359,3.2575,62.015,5.8857,14.387,0
0.020146,0.18351,0.4088,3.2276,33.352,0.15459,0.027535,4.1623,1.0409,0.76384,0.027535,0.15004,0.044583,0.027535,912.89,0.39983,5.4491,0.027535,0.016731,58.417,1.0674,0.058102,0.012241,0.19928,0.76384,0.35956,0.36747,1.0028,4.6486,0.1059,0.016731,42.364,8.6158,0.31661,0.058102,1.6791,,0.76384,0.035303,0.067556,0.058046,0.035303,128.61,70.197,0.076484,1.7923,60.806,0.012263,0.007451,3.2276,0.18351,0.11607,1.8736,1.8736,18202,0.039288,0.026375,0.96071,0,6.2482,5.1997,40.699,8.9682,4.037,0
0.07987,0.33578,0.088641,1.3093,-42.938,0,0.07987,1.9782,1.5283,0.66422,0.089971,0.27869,0.067446,0.07987,1189,0.30698,2.9782,0.07987,0.052261,61.267,0.94653,0.089079,0.052261,0.20918,0.07987,0.30698,8.8185,0.14188,3.8828,0.18395,0.058465,72.482,5.0358,4.2982,0.085069,1.5283,2.4137,0.7134,0.055662,0.19585,0.099679,0.058286,76.211,14.945,0.31135,0.41419,64.878,0.065872,0.043101,1.1175,0.2866,0.19858,1.0632,1.1419,676.8,0.055662,0.12025,0.94823,0.07404,5.9575,24.424,68.447,5.3326,2.4462,0
0.052453,0.3765,0.60585,2.8054,114.04,0,0.096098,1.656,1.3071,0.6235,0.096239,0.28637,0.082582,0.096098,1273.1,0.28671,2.656,0.096098,0.073519,63.209,1.3002,0.093246,0.040129,0.16447,0.07983,0.17078,663.49,10.345,3.8667,0.21987,0.073608,108.19,3.3736,3.0069,0.17501,1.3071,,0.6235,0.13389,0.33882,0.11942,0.071336,231.13,167.92,0.23172,2.1308,72.981,0.081398,0.062273,2.5005,0.33558,0.29642,10.646,10.646,4457.5,0.13389,0.084128,0.92797,0,5.7745,2.1736,93.706,3.8951,22.319,0
0.023927,0.67856,0.17185,1.2849,-22.743,0,0.032864,0.4737,2.4101,0.32144,0.047439,0.054484,0.017515,0.032864,5867.3,0.062209,1.4737,0.032864,0.013636,48.041,1.0558,0.047029,0.009928,0.1325,0.19807,0.049039,3.2267,0.76391,3.289,0.27385,0.017567,91.66,3.9821,3.5398,0.008137,2.4101,6.0747,0.3968,0.003376,0.040353,0.4012,0.019513,113.69,65.649,0.07543,0.759,48.203,0.03768,0.015634,1.1422,0.6032,0.25112,1.4289,1.7639,334.31,0.003376,0.074439,0.98658,0.23447,7.5977,5.5598,91.351,3.9956,10.714,0
0.088238,0.55472,0.01134,1.0205,-66.52,0.34204,0.10949,0.57752,1.0881,0.32036,0.10949,0.1976,0.096885,0.10949,1475.2,0.24742,1.8027,0.10949,0.077287,50.199,1.1574,0.13523,0.062287,0.41949,0.32036,0.20912,1.0387,0.026093,6.1267,0.37788,0.077287,155.33,2.3498,0.24377,0.13523,1.4493,571.37,0.32101,0.095457,0.12879,0.11189,0.095457,127.3,77.096,0.45289,0.66883,54.621,0.10746,0.075859,1.0193,0.55407,0.42557,0.73717,0.73866,15182,0.080955,0.27543,0.91905,0.002024,7.2711,4.7343,142.76,2.5568,3.2597,0
0.11795,0.54694,0.087703,1.2921,-22.832,0.19496,0.15022,0.81455,1.1081,0.44551,0.15022,0.50029,0.099578,0.15022,1014.6,0.35974,1.8284,0.15022,0.076028,36.091,1.1872,0.18191,0.059691,0.25051,0.44551,0.30073,1.0201,0.1433,4.3733,0.27076,0.076028,61.464,5.9385,0.33259,0.18191,1.9855,0.78082,0.69217,0.092062,0.047983,0.078714,0.092062,69.008,32.916,0.60367,0.64141,39.992,0.13537,0.068512,0.70937,0.30028,0.16839,0.72793,1.131,2071.8,0.097547,0.26474,0.90245,0.55367,10.113,11.089,55.468,6.5804,3.2285,0
0.14417,0.49451,0.15851,1.3879,15.132,0,0.14417,1.0222,2.7844,0.50549,0.14417,0.35278,0.11521,0.14417,562.64,0.64873,2.0222,0.14417,0.051777,8.0129,1.1252,0,0.051777,0.15397,0.399,0.64873,,0.36621,3.3472,0.028251,0.11218,62.189,5.8692,4.8504,0.0646,2.7844,6.7714,0.58023,0.0232,1.0273,0.093323,0,19.315,11.303,2.3585,1.2383,9.3019,-0.17663,-0.063434,1.147,0.40867,0.17038,1.1679,1.3406,352.6,0.13858,0.28521,0.86425,0.14784,45.552,32.293,53.571,6.8134,6.4332,0
0.21932,0.44236,0.47477,2.0733,28.536,1.1386,0.21932,1.2592,1.1417,0.557,0.21932,0.4958,0.11529,0.21932,661.58,0.55171,2.2606,0.21932,0.10361,55.932,0.77393,0.21342,0.10361,1.1386,0.557,0.55171,1.1511,5.7294,4.0347,0.19959,0.10361,87.083,4.1914,0.48246,0.21342,2.1284,,0.557,0.10082,0.057025,0.061068,0.10082,153.79,97.854,0.67611,1.34,63.859,0.18869,0.089136,2.0733,0.44236,0.23858,6.7217,6.7217,5142.5,0.12413,0.39376,0.87587,0,6.5257,3.73,76.273,4.7854,25.546,0
0.060102,0.50223,-0.047224,0.84027,-54.239,0,0.075374,0.99113,1.1814,0.49777,0.08816,0.25495,0.14109,0.075374,1099.7,0.3319,1.9911,0.075374,0.063799,26.381,0.9509,0.088129,0.050873,0.24945,0.22373,0.30149,6.8929,-0.062832,4.8073,0.39244,0.072332,97.347,3.7495,2.2072,0.072914,1.1814,1.5492,0.60301,0.061717,0.20036,0.093294,0.074595,58.449,32.067,0.70385,0.55144,28.117,-0.003184,-0.002695,0.49464,0.29564,0.2667,0.6623,0.80232,-3030.4,0.061717,0.12074,0.93727,0.21141,13.836,11.382,91.339,3.9961,1.5719,0
0.048163,0.48215,0.2288,2.6365,1.6362,0,0.068235,1.074,1.2509,0.51785,0.072436,0.48806,0.080855,0.068235,1740,0.20977,2.074,0.068235,0.05455,65.042,0.99422,0.068196,0.038503,0.35509,0.42041,0.16814,16.234,0.36237,4.7102,0.34871,0.057815,43.245,8.4402,2.4474,0.070865,1.2509,0.56069,0.77771,0.056652,0.3336,0.15897,0.054519,93.948,28.905,0.21607,1.0421,68.948,0.035292,0.028214,0.7645,0.13981,0.11848,0.82017,1.2317,11740,0.056652,0.093006,0.94622,0.50181,5.6117,12.627,40.795,8.9471,1.9811,0
-0.072897,0.89149,-0.18753,0.62237,-107.62,-0.17833,-0.072897,0.12172,0.86558,0.10851,-0.072897,-0.14679,-0.079823,-0.072897,-4709.5,-0.077503,1.1217,-0.072897,-0.084217,10.027,0.9539,0,-0.084217,-0.33068,-0.25122,-0.077503,,-0.27142,4.3389,1.0277,-0.18865,250.68,1.456,0.81108,0.011665,0.86558,0.83293,0.45102,0.013477,0.011338,7.8128,0,127.95,117.93,-3.0656,0.57449,12.004,-0.003804,-0.004394,0.34669,0.4966,0.68679,0.15705,0.65277,-4092.2,0.16465,-0.6718,0.83921,3.1565,36.401,3.0951,209.41,1.743,1.2528,0
0.36187,0.014146,0.98585,70.69,-410.68,-0.16028,0.36187,69.69,1.9015,0.98585,0.36241,25.581,0.63549,0.36187,4.273,85.42,70.69,0.36187,0.19031,4.3001,1.7086,0,0.19031,0.36379,0.58782,85.42,0,,2.099,-0.44967,0.42027,2647.4,0.13787,0.13787,0.039167,1.9015,,0.98585,0.020598,61.443,0.000557,0,25.108,20.808,16.154,69.106,4192.3,-0.84651,-0.44518,70.69,0.014146,7.2531,,,123.84,0.99897,0.36707,0.005204,0,84.883,17.541,2.7154,134.42,,0
-0.069271,0.31768,0.040404,1.1272,-4.235,-0.43525,-0.069271,2.1478,2.8031,0.68232,-0.066625,-0.21805,-0.000173,-0.069271,-239700,-0.001523,3.1478,-0.069271,-0.024712,9.0434,1.3727,-0.082071,-0.024712,-0.29739,-0.33534,-0.001523,-31.013,0.062942,3.5138,0.097784,-0.023768,40.373,9.0406,9.0406,-0.068921,2.8031,,0.68232,-0.024587,0.14956,-0.79716,-0.029279,40.441,31.397,-0.99742,0.90857,8.8263,-0.15086,-0.053819,1.1272,0.31768,0.11061,1.0629,1.0629,131.88,-0.024587,-0.10152,1.0238,0,40.361,11.625,41.366,8.8237,4.3668,0
-0.024566,0.37463,-0.095989,0.74289,-76.24,-0.083184,-0.03262,1.6671,0.99473,0.62452,-0.03262,-0.087374,0.023113,-0.03262,7348.8,0.049668,2.6693,-0.03262,-0.040519,28.245,1.1571,-0.000605,-0.030515,-0.080641,0.62452,0.071165,-0.00747,-0.13283,4.6086,0.44908,-0.040519,168.37,2.1678,-0.001614,-0.000605,0.81502,166.4,0.62581,-0.000751,0.04113,0.2433,-0.000751,118.78,90.538,-0.39433,0.57602,28.097,-0.051831,-0.064383,0.74032,0.37333,0.4613,0.8642,0.86599,-3897.9,-0.0053,-0.039336,1.0053,0.002069,12.922,4.0315,169.27,2.1564,1.114,0
0.058592,0.74997,0.013515,1.0336,-36.576,0,0.058592,0.33339,1.7859,0.25003,0.067045,0.14574,0.042866,0.058592,3575.7,0.10208,1.3334,0.058592,0.032808,34.223,1.6166,0,0.032808,0.085948,0.075502,0.10208,0,0.023124,4.2352,0.40291,0.065616,94.313,3.8701,2.0746,0.005851,1.7859,0.75392,0.57909,0.003276,0.081374,1.3917,0,78.24,44.017,0.3499,0.61709,39.284,-0.017963,-0.010058,0.55407,0.40202,0.25839,0.4278,0.99082,232.31,0.12882,0.23434,0.87669,1.3161,10.665,8.2923,82.164,4.4423,3.0557,0
0.15372,0.65664,-0.078017,0.87274,-19.052,0,0.15372,0.52291,2.9546,0.34336,0.18086,0.25075,0.067746,0.15372,1197.4,0.30483,1.5229,0.15372,0.052027,8.3915,1.077,0.1698,0.052027,0.8149,0.32387,0.30483,6.2561,-0.16779,3.71,0.21088,0.061213,78.72,4.6367,4.3289,0.11211,2.9546,11.979,0.38236,0.037945,0.058054,0.10122,0.057469,61.699,53.307,2.263,0.76194,8.7225,0.12336,0.04175,0.8148,0.61305,0.21567,0.73846,0.82233,-400.15,0.037945,0.44769,0.94987,0.11356,43.496,6.8471,75.733,4.8196,6.3545,0
0.067357,0.35937,0.65686,4.3885,137.21,0,0.067357,1.7826,1.6638,0.64063,0.078177,0.34747,0.052254,0.067357,1508.7,0.24193,2.7826,0.067357,0.040483,38.25,1.0679,0,0.040483,0.30216,0.59139,0.24193,0,4.3998,3.8629,0.001822,0.092187,56.142,6.5014,3.5069,0.03781,1.6638,4.0861,0.80615,0.022725,1.8878,0.61167,0,106.34,68.094,0.38631,3.489,50.497,-0.019584,-0.011771,2.3672,0.19385,0.15381,4.2911,5.3998,4790.9,0.24254,0.10514,0.77344,0.25838,9.5426,5.3602,42.525,8.5831,11.145,0
0.070529,0.15125,0.85705,7.7131,236.51,0,0.091706,5.6114,1.2883,0.84875,0.10104,0.71832,0.076085,0.091706,563.24,0.64803,6.6114,0.091706,0.071186,18.028,0.97131,0.082222,0.054747,0.33348,0.070529,0.50802,8.8112,56.077,3.4301,-0.39689,0.07119,38.463,9.4896,8.0099,0.076742,1.2883,,0.84875,0.05957,5.2023,0.056948,0.063824,90.818,72.789,1.1084,7.2147,19.17,0.075911,0.058925,6.5104,0.12767,0.10538,55.533,55.533,2307.2,0.05957,0.083098,0.9306,0,20.246,5.0145,36.172,10.091,84.291,0
-1.3585,4.2819,-3.7703,0.10503,-318.17,-6.0253,-1.3585,-0.76646,3.6025,-3.2819,-0.80378,-0.32247,-0.29575,-1.3585,-1466.9,-0.24883,0.23354,-1.3585,-0.3771,15.217,0.71767,-0.97442,-0.3771,0.26974,-5.4621,-0.24883,-1.7566,-6.7625,3.0969,1.1681,-0.32548,341.88,1.1236,1.1055,-0.89515,3.6025,,-3.2819,-0.24848,0.018496,-0.20947,-0.27048,36.936,21.72,-9.0454,0.069382,11.581,-1.2675,-0.35183,0.10334,4.2127,0.88998,-5.8865,-5.8865,-4712.6,-0.24848,0.41394,1.4679,0,23.987,16.805,426.83,0.85514,6.4616,1
0.04209,0.532,-0.048837,0.90513,-49.493,-0.25479,0.04209,0.87969,2.1607,0.468,0.050338,0.081763,0.024854,0.04209,3615.9,0.10094,1.8797,0.04209,0.019479,36.095,1.6645,0.007188,0.019479,-0.20667,-0.16096,0.10094,0.87145,-0.091444,5.5202,0.23665,0.040236,93.05,3.9226,3.7956,0.018998,2.1607,81.907,0.47108,0.008793,0.06637,0.94325,0.003327,72.937,36.842,0.19698,0.49004,38.624,-0.004425,-0.002048,0.87582,0.51478,0.25493,0.8763,0.88206,-16180,0.065469,0.089936,0.94424,0.006581,10.112,9.9072,86.958,4.1974,4.0459,0
0.12694,0.57232,0.024942,1.084,-31.275,0.000099,0.12694,0.74728,1.6904,0.42768,0.13125,0.4276,0.090837,0.12694,1360.4,0.2683,1.7473,0.12694,0.075093,19.426,1.193,0,0.075093,0.35422,0.42716,0.2683,0,0.036776,5.3065,0.27997,0.16945,102.28,3.5686,1.851,0.008266,1.6904,0.96512,0.6679,0.00489,0.41686,0.71683,0,42.765,23.339,1.411,0.78096,30.997,-0.026613,-0.015744,0.56228,0.29686,0.28022,0.63062,0.98481,5051,0.3733,0.2968,0.63131,0.56166,18.789,15.639,64.099,5.6943,2.4925,0
0.2176,0.54945,0.40899,1.9997,42.335,0.3181,0.2699,0.7619,1.2285,0.41862,0.2699,0.6597,0.18841,0.2699,713.59,0.5115,1.82,0.2699,0.18094,61.495,1.7595,0.28942,0.14588,0.39589,0.41862,0.4163,2.3837,2.2487,5.0277,0.24313,0.18094,122.99,2.9677,0.52674,0.28942,1.5321,4.0394,0.55894,0.19403,0.49617,0.060102,0.19403,150.52,89.024,0.86584,1.3854,75.549,0.27828,0.18656,1.489,0.40913,0.33696,2.3016,3.0731,43597,0.18602,0.51979,0.81398,0.3352,5.9354,4.1,100.11,3.6459,8.2012,0
0.11027,0.15818,0.66862,5.2481,76.988,0,0.1367,5.3219,1.1591,0.84182,0.14271,0.86855,0.12098,0.1367,411.72,0.88653,6.3219,0.1367,0.11794,141.74,1.169,0.13948,0.095131,0.24384,0.83648,0.7194,23.216,3.8429,4.051,-0.10056,0.11798,56.639,6.4443,6.4122,0.14481,1.1591,476.92,0.84261,0.12493,1.7606,0.03687,0.12033,172.85,31.114,0.24498,2.3884,161.97,0.13595,0.11729,5.222,0.15739,0.15518,4.8384,4.8429,7519.2,0.12493,0.13099,0.88265,0.000936,2.5752,11.731,49.563,7.3644,6.662,0
0.034111,0.26541,0.26667,2.1899,14.753,0,0.046638,2.7678,1.6369,0.73459,0.05218,0.20811,0.071238,0.046638,830.75,0.43936,3.7678,0.046638,0.028491,43.679,0.91079,0.017849,0.020838,0.21279,0.71978,0.39216,3.2207,0.52369,4.3575,0.12303,0.031877,50.501,7.2276,6.1028,0.01718,1.6369,46.883,0.74088,0.010495,0.31812,0.10074,0.010904,93.536,49.857,0.17413,1.3159,44.142,-0.052125,-0.031843,1.8491,0.22411,0.13836,1.4426,1.4549,6074.4,0.010495,0.046435,0.97213,0.008563,8.3564,7.3209,49.971,7.3043,3.2146,0
-0.13635,0.70155,0.040779,1.059,-94.544,0,-0.1372,0.42542,1.598,0.29845,-0.13354,-0.19852,-0.047882,-0.1372,-3346.6,-0.10907,1.4254,-0.1372,-0.08586,114.15,1.2921,-0.13791,-0.085324,-0.53807,0.28446,-0.10784,-37.674,0.15211,3.8542,0.42928,-0.084047,138.45,2.6363,2.5972,-0.22404,1.598,,0.29845,-0.1402,0.027742,-0.30282,-0.086304,162.8,48.651,-0.27284,0.33593,100.11,-0.1986,-0.12428,1.0433,0.69113,0.37932,1.1132,1.1132,291.47,-0.1402,-0.45684,1.0808,0,3.1977,7.5024,157.86,2.3121,5.9606,0
0.054253,0.76673,0.17638,1.2522,-16.079,0.1573,0.070937,0.28591,1.0562,0.21922,0.070937,0.10143,0.029296,0.070937,3280.1,0.11128,1.3042,0.070937,0.024357,36.31,1.267,0.15177,0.018629,0.20303,0.21922,0.089517,0.55041,1.4193,4.3193,0.19245,0.024357,92.576,3.9427,0.19794,0.15177,2.9326,8.6978,0.28659,0.052111,0.30803,0.15172,0.052111,82.755,46.445,0.18726,0.83793,38.351,0.13739,0.047173,1.1422,0.69936,0.25363,1.7641,2.3063,3678.9,0.053229,0.24749,0.94677,0.30734,10.052,7.8587,87.648,4.1644,23.436,0
0.14843,0.45976,0.42357,1.9213,79.068,0,0.14843,1.175,1.7911,0.54024,0.17258,0.32283,0.092882,0.14843,1008.7,0.36185,2.175,0.14843,0.082868,12.658,1.1843,0.15226,0.082868,0.44211,0.53159,0.36185,6.3043,3.6306,3.3641,0.18042,0.087593,101.82,3.5849,3.5849,0.14291,1.7911,,0.54024,0.07979,0.3045,0.090046,0.085007,151.48,138.82,2.3896,1.7862,13.755,0.13432,0.074993,1.9213,0.45976,0.27895,4.6306,4.6306,979.6,0.07979,0.27475,0.91879,0,28.836,2.6293,93.691,3.8958,15.353,0
0.03461,0.99642,-0.31797,0.54645,-154.64,0,0.03461,0.003598,1.4776,0.003585,0.066488,0.049367,0.038948,0.03461,6319.6,0.057757,1.0036,0.03461,0.023423,64.191,1.5737,0.049657,0.023423,-0.18581,-0.010355,0.057757,1.5577,-0.51542,3.9349,0.66954,0.044998,180.44,2.0229,1.4233,0.05943,1.4776,0.41726,0.29894,0.040221,0.040808,0.45751,0.033606,87.567,23.376,0.13319,0.17579,66.881,0.026717,0.018081,0.38448,0.70106,0.49434,0.005811,0.48458,-2737.1,0.040221,9.6545,0.97689,82.39,5.6862,15.615,173.18,2.1077,2.3952,0
0.00627,0.64897,0.09344,1.2937,-55.932,-0.055213,0.000067,0.54072,1.3131,0.35091,0.023796,0.000209,0.050551,0.000067,3568.4,0.10229,1.5409,0.000067,0.000051,45.516,1.1047,0.001619,0.004775,0.083413,0.063029,0.11185,0.06821,0.1588,6.2843,0.49421,0.000051,102.83,3.6434,1.7861,0.18391,1.3131,0.74912,0.68174,0.14005,0.29808,0.31844,0.001233,88.043,42.527,0.038288,0.779,51.564,-0.064696,-0.049268,0.6342,0.31814,0.27447,0.59636,1.1586,1.2937,0.14005,0,0.86148,0.94278,8.0192,8.5827,88.43,4.1276,2.2317,0
-0.018513,0.025916,0.97326,38.554,1878.9,0,-0.018513,37.586,0.25994,0.97408,-0.018513,-0.71435,-0.071222,-0.018513,-510.95,-0.71435,38.586,-0.018513,-0.071222,46.084,0.35697,0,-0.071222,,0.89973,-0.71435,,1181.3,2.8277,-3.4175,-0.14244,52.496,6.9529,6.9529,0.000003,0.25994,,0.97408,0.000011,35.278,,0,119.24,73.154,-0.56409,37.288,66.479,0,0,38.554,0.025916,0.14383,1182.3,1182.3,654.46,0.30679,-0.019006,0.79612,0,7.9203,4.9895,36.391,10.03,315.51,0
-0.029823,0.85818,-0.048484,0.9435,-126.82,0.16192,-0.025878,0.15609,1.0278,0.13395,-0.025878,-0.030154,0.004804,-0.025878,30487,0.011972,1.1653,-0.025878,-0.0121,113.38,1.1184,0.040418,-0.013945,0.19764,0.13395,0.007375,0.19425,-0.25477,4.6195,0.39444,-0.0121,150.54,2.4246,0.047098,0.040418,2.1394,,0.13395,0.018899,0.025737,0.36847,0.018899,134.42,21.043,-0.044893,0.16941,116.53,0.004266,0.001995,0.9435,0.85818,0.41244,0.70389,0.70389,-2018.8,0.027078,-0.22263,0.97292,0,3.2194,17.345,146.46,2.4921,11.238,0
-0.001451,0.73793,-0.14944,0.4985,-111.06,0,-0.001451,0.35515,0.92025,0.26207,0.085831,-0.00487,0.060695,-0.001451,4822.2,0.075692,1.3551,-0.001451,-0.001577,36.93,1.1714,0.08512,-0.001577,0.12704,0.019671,0.075692,0.97522,-0.17552,5.5891,0.79461,0.03599,128.32,2.8444,1.1486,0.07263,0.92025,0.12753,0.69679,0.078924,0.026659,0.1727,0.092496,55.768,18.838,-0.015586,0.18604,40.095,0.027814,0.030224,0.20131,0.29799,0.35156,0.3078,0.81835,-58024,0.078924,-0.005538,1.0016,1.6588,9.8835,19.376,118.19,3.0882,1.0808,0
0.081112,0.52942,0.036404,1.1146,-24.884,0,0.10447,0.88885,1.2769,0.47058,0.12801,0.32899,0.12427,0.10447,1217.8,0.29971,1.8889,0.10447,0.081816,30.171,1.5494,0.12463,0.063523,,0.4618,0.25559,5.295,0.056348,3.9289,0.40922,0.10022,100.8,3.6211,2.172,0.127,1.2769,1.1724,0.68245,0.099459,0.042473,0.098679,0.097607,97.322,67.151,0.76848,0.78225,33.503,0.070431,0.055158,0.66857,0.31755,0.27616,0.7284,1.0563,309.04,0.099459,0.17237,0.91897,0.45023,12.098,5.4355,90.772,4.0211,1.9765,0
0.12219,0.32205,0.029324,1.0919,-28.5,0.20482,0.15191,2.0204,1.2089,0.65067,0.15191,0.47606,0.24483,0.15191,523.17,0.69767,3.1051,0.15191,0.16553,31.489,1.0425,0.16293,0.13314,0.2599,0.65067,0.60539,2.1463,0.045004,5.4492,0.25711,0.16553,153.43,2.379,0.50592,0.16293,0.93202,90.978,0.65363,0.17754,0.28389,0.04492,0.17754,102.55,71.058,1.5433,0.84378,38.067,0.090153,0.098238,1.0819,0.31909,0.42035,0.9986,1.0031,8250,0.17281,0.18778,0.82719,0.004548,11.591,5.1366,126.91,2.876,1.4084,0
-0.044442,0.65489,0.088739,1.7611,-155.92,0,-0.044226,0.52698,0.16688,0.34511,-0.039395,-0.3793,-0.058149,-0.044226,-24633,-0.014818,1.527,-0.044226,-0.26502,366.14,0.66004,-0.040805,-0.26631,-0.052928,-0.052771,-0.015147,-8.4461,0.11167,4.0727,3.9034,-0.2466,230.54,1.8558,0.33042,-0.017721,0.17699,0.084233,0.79546,-0.10619,0.030815,-3.4746,-0.24451,441.25,75.111,-0.26548,0.32534,282.37,-0.075327,-0.45138,0.31355,0.1166,0.53884,0.43429,1.001,1049.2,-0.10619,-0.12878,1.2499,1.3049,0.99688,4.8595,255.02,1.4312,0.21,1
0.12537,0.38554,0.31791,2.6517,33.938,0,0.15712,1.5938,2.8822,0.61446,0.16418,0.81636,0.075868,0.15712,643.55,0.56716,2.5938,0.15712,0.054516,7.7768,1.1149,0.16093,0.0435,0.32409,0.56573,0.48481,22.812,0.6493,3.7101,0.079014,0.0568,25.614,14.25,7.1141,0.13943,2.8822,13.888,0.64679,0.048375,0.83933,0.057766,0.055838,44.177,36.4,2.0417,2.3327,8.1721,0.099396,0.034487,1.3238,0.19247,0.070175,1.255,1.321,1630.9,0.048375,0.20404,0.94608,0.052614,46.935,10.028,24.375,14.975,5.8865,0
0.099973,0.24201,0.61631,4.0652,247.76,0,0.099973,3.132,1.9681,0.75799,0.099973,0.49721,0.28909,0.099973,155.25,2.351,4.132,0.099973,0.050795,41.993,1.3386,0,0.050795,0.2826,0.51016,2.351,,3.3748,4.9301,0.085425,0.11504,71.056,5.1368,4.2677,0.047993,1.9681,1473.7,0.75839,0.024385,0.37654,0.0172,0,137.55,95.552,0.44151,2.939,80.019,-0.46901,-0.2383,3.3774,0.20107,0.19467,4.1505,4.1527,52467,0.47522,0.13189,0.53085,0.000529,8.692,3.8199,37.289,9.7884,10.777,0
0.10236,0.06091,0.70209,12.527,326.24,0,0.12655,15.418,0.96718,0.93909,0.14352,2.0776,0.19039,0.12655,120.73,3.0232,16.418,0.12655,0.13084,0,1.1158,0.14351,0.10584,0.49061,0.83774,2.6261,8.4554,2.9624,2.6931,-0.61813,0.13084,26.751,13.644,13.644,0.13612,0.96718,,0.93909,0.14074,10.834,0.010096,0.14838,38.907,38.907,,12.527,0,0.08592,0.088835,12.527,0.06091,0.073291,3.9624,3.9624,346.36,0.14073,0.109,0.87015,0,,9.3813,22.986,15.879,4.081,0
0.005799,0.40252,0.1335,3.129,-23.376,-0.024484,0.010609,1.3501,1.0975,0.54342,0.010609,0.16919,0.19752,0.010609,2444.2,0.14934,2.4844,0.010609,0.034862,170.74,1.1868,0.035293,0.019055,-0.021797,0.54342,0.13738,1.2728,0.16609,4.6617,1.2952,0.034862,82.544,4.4219,0.087681,0.035293,0.32437,0.15847,0.88323,0.11597,0.22778,0.15607,0.11597,218.19,47.454,0.040735,0.85875,187.4,-0.014208,-0.046686,0.48745,0.062706,0.22615,0.67607,1.0988,6125.8,0.088879,0.010671,0.91112,0.62532,2.1377,7.6917,75.208,4.8532,0.37861,0
0.05411,0.49283,-0.01408,0.96187,-28.513,0,0.065252,1.0291,1.2692,0.50717,0.077287,0.1767,0.081399,0.065252,1741.2,0.20963,2.0291,0.065252,0.051412,22.676,1.2251,0.075192,0.042634,0.15352,0.11264,0.18702,6.2476,-0.021836,4.1723,0.35419,0.058217,104.59,3.4899,2.615,-0.019552,1.2692,6.781,0.54793,-0.015405,0.13382,0.14505,0.059244,87.937,65.261,0.68625,0.74835,22.332,0.037132,0.029257,0.72073,0.36928,0.28654,0.78656,0.84976,-209.35,-0.015405,0.10669,0.95301,0.080353,16.096,5.5929,106.2,3.437,1.9683,0
0.20715,0.41224,0.31942,1.7778,29.235,0.96183,0.27097,1.3027,1.0843,0.53702,0.27097,0.65981,0.10219,0.27097,424.79,0.85925,2.4258,0.27097,0.078178,6.5111,1.0795,0.27853,0.059764,1.2182,0.53702,0.70443,0.87134,1.1835,4.0978,0.11856,0.078178,46.895,7.7834,0.67564,0.27853,3.5024,428.63,0.53858,0.080357,0.014793,0.037463,0.080357,76.244,69.733,3.3502,1.6272,7.0603,0.19528,0.05634,1.7711,0.41068,0.12848,1.9897,1.9955,4001.3,0.077784,0.38574,0.92222,0.002903,56.058,5.2343,43.247,8.4399,12.842,0
0.11618,0.59916,0.4401,2.5424,74.7,0,0.11618,0.66901,1.5218,0.40084,0.11896,0.40717,0.24504,0.11618,586.45,0.62239,1.669,0.11618,0.076344,80.607,1.4799,0,0.076344,0.14478,0.34971,0.62239,0,1.6029,4.0233,0.29168,0.17099,140.12,2.6049,1.2405,0.014584,1.5218,,0.40084,0.009584,0.55488,0.077794,0,136.02,55.41,0.3457,1.3645,165.04,-0.25673,-0.1687,1.2108,0.28534,0.3839,1.46,1.46,4643.3,0.51159,0.28985,0.49378,0,4.5281,6.5872,68.437,5.3333,5.5428,0
0.068618,0.20044,0.38915,2.9415,88.72,0.15765,0.083871,3.6905,1.0546,0.73972,0.083871,0.41844,0.12623,0.083871,476.6,0.76584,4.9891,0.083871,0.068969,36.53,1.2992,0.076475,0.056426,0.19187,0.73972,0.68973,0.66323,0.94818,4.6375,0.04591,0.068969,63.448,5.7527,0.38154,0.076475,1.2711,,0.73972,0.062887,0.72365,0.045102,0.062887,133.43,96.899,0.5638,2.3343,38.525,0.006843,0.005628,2.9415,0.20044,0.17383,1.8024,1.8024,16889,0.051803,0.092761,0.9482,0,9.9919,3.7668,60.161,6.067,2.963,0
-0.27223,0.32789,0.53343,2.6268,64.808,-1.0241,-0.27223,2.0498,1.3399,0.67211,-0.27194,-0.83023,-0.15257,-0.27223,-585.45,-0.62345,3.0498,-0.27223,-0.20317,68.255,0.66111,-0.27201,-0.20317,,-0.94119,-0.62345,-965.26,3.8466,2.9099,0.15109,-0.20316,74.254,4.9156,4.9156,-0.27191,1.3399,,0.67211,-0.20294,0.39764,-0.053521,-0.20302,199.12,130.86,-1.0865,1.8627,56.74,-0.33981,-0.25362,2.6268,0.32789,0.20344,4.8466,4.8466,433.48,-0.20294,-0.40503,1.2032,0,5.3476,2.7891,89.323,4.0863,9.6618,0
-0.1831,0.98587,-0.43579,0.55797,-63.187,0,-0.1831,0.014328,3.6975,0.014126,-0.15547,-0.18573,-0.036493,-0.1831,-2666.9,-0.13686,1.0143,-0.1831,-0.049521,19.787,0.98849,-0.15772,-0.049521,-0.092395,-0.084311,-0.13686,-5.707,-0.9686,2.9099,0.2403,-0.042047,95.013,3.9531,3.9531,-0.090733,3.7427,,0.014126,-0.024539,0.13869,-0.29999,-0.042656,40.805,21.018,-0.91351,0.342,18.772,-0.20589,-0.055684,0.55797,0.98587,0.25296,0.031396,0.031396,-354.17,-0.024293,-12.963,1.0413,0,18.447,17.366,97.321,3.7505,8.2182,1
0.046593,0.70754,0.24738,1.329,-92.017,0,0.046593,0.41336,0.94303,0.29246,0.052334,0.061955,0.054651,0.046593,5010.9,0.072841,1.4134,0.046593,0.049408,141.05,1.3693,0.051133,0.049408,-0.063983,0.17587,0.072841,8.9069,429.69,3.5015,0.71909,0.049408,308.33,1.1838,1.2583,0.052756,0.94303,,0.29246,0.055943,0.1844,0.42057,0.054222,333.15,192.11,0.12786,0.84439,149.4,0.046188,0.048979,1.4125,0.75204,0.84473,507.99,507.99,785.04,0.055943,0.15931,0.95066,0,2.5878,1.9,291.08,1.254,1638,0
-1.7005,4.7886,-3.9985,0.14181,-76.106,-2.5745,-1.7005,-0.79117,17.923,-3.7886,-1.7005,-0.36497,-0.094879,-1.7005,-1027.8,-0.35511,0.20883,-1.7005,-0.094879,0,0.89234,0,-0.094879,-0.5946,-4.275,-0.35511,,-11.786,2.012,0.24431,-0.18976,89.914,4.0594,3.9498,0.024125,17.923,,-3.7886,0.001346,0.087979,,0,5.1078,5.1078,,0.14181,0,0,0,0.13798,4.6593,0.24634,-11.167,-11.167,-411.03,-0.055314,0.44884,1.0553,0,,71.46,94.887,3.8467,52.826,0
0.14755,0.21514,0.65252,5.0618,71.486,0.016216,0.14755,3.6482,2.0555,0.78486,0.14831,0.91844,0.12781,0.14755,298.91,1.2211,4.6482,0.14755,0.071783,61.306,1.1076,0,0.071783,-0.085272,0.66883,1.2211,0,3.4926,3.837,0.004646,0.15966,37.903,9.6297,7.1908,0.004865,2.0555,,0.78486,0.002367,1.4226,0.062272,0,103.82,42.509,0.42737,2.9128,81.456,-0.11516,-0.056027,3.7798,0.16065,0.10384,4.201,4.201,4483.8,0.24737,0.18799,0.84225,0,5.9537,8.5864,28.527,12.795,11.002,0
0.070209,0.86741,0.036911,1.0522,4.609,0,0.089396,0.15286,2.98,0.13259,0.19912,0.12642,0.036484,0.089396,2912.1,0.12534,1.1529,0.089396,0.029999,0,0.981,0.11024,0.02356,0.21966,0.11752,0.10322,1.0048,0.1442,3.5209,0.28261,0.031621,90.001,4.0555,3.306,0.11228,2.98,4.6414,0.29289,0.037677,0.036312,0.22315,0.036994,87.986,87.986,,1.0522,0,0.090916,0.030509,0.85775,0.70711,0.24658,0.51797,1.1442,122.49,0.037677,0.52953,0.030509,1.209,,4.1484,86.61,4.2143,11.642,0
0.018179,0.96493,0.61101,3.3289,122.87,0.003987,0.027114,0.036342,0.82224,0.035068,0.04805,0.10335,0.052528,0.027114,8154.6,0.04476,1.0363,0.027114,0.032976,0,0.95084,0.039392,0.022109,0.058326,0.022165,0.0355,1.8815,4.8251,4.0797,0.8916,0.03399,121.97,2.9925,0.81364,0.03713,0.82224,,0.035068,0.045157,2.2121,0.57986,0.047909,130.07,130.07,,3.3289,0,0.023316,0.028356,0.90511,0.26236,0.33417,0.27693,0.27693,7340.3,0.045157,0.51839,0.96798,0,,2.8063,116.46,3.134,6.4932,0
0.00924,0.94822,0.064392,1.0688,-2.2121,0,0.009307,0.05461,4.6537,0.051782,0.013845,0.009947,0.002,0.009307,37188,0.009815,1.0546,0.009307,0.002,6.1009,1.2896,0.007592,0.001985,-0.034505,-0.018717,0.009744,1.6731,,3.805,0.18026,0.002,73.476,4.9676,4.9016,0.005949,4.6537,,0.051782,0.001278,0.13307,4.163,0.001632,68.668,62.567,0.11878,0.98568,6.1087,0.007592,0.001632,1.0546,0.93561,0.2013,,,411.02,0.001278,0.17843,0.998,0,59.827,5.8338,73.382,4.974,,0
0.016919,0.20596,0.51447,3.7244,36.414,0,0.016919,3.8553,1.1745,0.79404,0.016919,0.089596,0.019451,0.016919,3290.6,0.11092,4.8553,0.016919,0.014406,132.31,1.1795,0,0.014406,0.04513,0.04513,0.11092,,1.7341,4.0556,0.14629,0.049595,95.409,3.8256,3.5076,0.089171,1.1745,,0.79404,0.075923,0.2669,1.1585,0,202.91,70.6,0.039741,1.4699,215.1,-0.005926,-0.005046,3.4148,0.18884,0.2614,2.6764,2.6764,5847.1,0.3849,0.021308,0.61969,0,2.7587,5.17,58.687,6.2195,3.9587,0
0.25241,0.3133,0.30775,2.3806,45.756,0.51282,0.31041,2.1918,1.2571,0.6867,0.31041,1.3925,0.21622,0.31041,335.52,1.0879,3.1918,0.31041,0.19692,34.327,1.7635,0.30024,0.16013,0.62124,0.6867,0.90273,2.3945,0.65572,4.7651,0.15803,0.19692,64.887,5.6251,0.95832,0.30024,1.5933,4.2306,0.77709,0.19047,0.30598,0.031151,0.19047,107.08,72.757,1.7026,1.7156,43.153,0.26982,0.17117,1.6938,0.22291,0.17777,1.4631,1.6557,17920,0.20453,0.36757,0.79547,0.13163,10.633,5.0167,51.616,7.0715,3.3586,0
-0.033985,0.67901,0.048428,1.0767,-30.752,0.040868,-0.040654,0.41452,1.0335,0.28146,-0.040654,-0.064374,-0.008467,-0.040654,-25585,-0.014266,1.4727,-0.040654,-0.035532,44.269,1.4393,0.036155,-0.029704,0.056233,0.28146,-0.004445,0.3266,0.15132,4.5315,0.55209,-0.035532,208.23,1.7529,0.053246,0.036155,1.1587,11.397,0.32895,0.0316,0.07747,0.33258,0.0316,201.31,157.04,-0.24491,0.85695,45.754,0.005188,0.004534,1.0014,0.63153,0.57048,0.87945,1.0278,1646.7,0.032456,-0.12074,0.96754,0.16871,8.2451,2.3242,201.47,1.8117,3.5749,0
0.061604,0.32939,0.50774,2.5415,63.878,0.22294,0.070184,2.0299,1.0264,0.66862,0.070184,0.21307,0.049551,0.070184,1380.2,0.26446,3.0359,0.070184,0.039923,42.308,0.99023,0.074639,0.035043,0.26665,0.66862,0.23841,0.43578,3.1174,4.0444,0.17708,0.039923,70.194,5.1999,0.2266,0.074639,1.8067,,0.66862,0.042458,0.064181,0.11827,0.042458,169.42,127.11,0.30232,1.9228,43.424,0.057714,0.03283,2.5415,0.32939,0.19231,4.1052,4.1052,5623.6,0.025705,0.092135,0.97429,0,8.6272,2.8715,68.39,5.337,10.793,0
0.19506,0.70301,0.4909,6.7521,113.27,-0.018395,0.19506,0.42245,0.93499,0.29699,0.20119,2.2856,0.22222,0.19506,1235,0.29555,1.4225,0.19506,0.20862,81.305,1.4758,0.19377,0.20862,0.24265,0.17667,0.29555,31.636,1.1584,3.9384,0.73806,0.21517,34.718,10.513,1.2763,0.037763,0.93499,0.59573,0.91466,0.040389,0.20224,0.11349,0.20724,218.21,136.91,0.93657,4.3117,84.727,0.18105,0.19364,0.81967,0.085342,0.095117,0.70084,2.1584,4259.4,0.040389,0.6568,0.82283,2.0798,4.4893,2.666,33.315,10.956,2.2064,0
0.020589,0.38909,0.12168,1.5263,-23.593,-0.016246,0.02461,1.5701,0.98174,0.61091,0.038765,0.10643,0.045138,0.02461,3204.8,0.11389,2.5701,0.02461,0.025068,40.695,1.2692,0.034663,0.020972,0.24047,0.031848,0.10356,2.4489,0.18804,4.0946,0.39633,0.025068,105.31,3.4932,2.0759,0.18031,0.98174,1.542,0.76878,0.18367,0.27443,0.23856,0.035308,107.61,66.918,0.1881,1.0529,49.464,0.014959,0.015237,0.90699,0.23122,0.28627,0.94407,1.188,1.5263,0.18367,0.033702,0.81297,0.25843,8.9691,5.4544,85.965,4.2459,1.5172,0
0.27864,0.13093,0.60768,5.6412,24.103,0,0.27864,6.6375,1.3505,0.86907,0.28417,2.1281,0.20636,0.27864,171.48,2.1285,7.6375,0.27864,0.20632,150.59,1.0691,0,0.20632,0.73498,0.30467,2.1285,0,2.3249,3.4139,0.089014,0.41264,79.638,4.5832,4.5832,0.041009,1.3505,,0.86907,0.030365,0.16053,84.484,0,193.94,43.348,0.50007,1.3855,338.91,-0.000052,-0.000038,5.6412,0.13093,0.21819,3.3249,3.3249,1576.2,0.55565,0.32062,0.45544,0,2.4237,8.4202,35.387,10.315,5.1668,0
0.044356,0.090003,0.5677,7.9937,369.22,0.000012,0.064332,10.111,0.53865,0.91,0.064763,0.79254,0.166,0.064332,367.39,0.99349,11.111,0.064332,0.11943,66.001,1.0458,0.029079,0.082346,0.12401,0.052605,0.77153,67.563,1.6168,3.8644,0.073979,0.12023,61.765,5.9095,5.3297,0.058962,0.53865,,0.91,0.10946,0.66776,0.055389,0.053986,402.96,336.95,0.45539,6.7938,74.114,0.003995,0.007417,7.2094,0.081172,0.16922,2.5916,2.5916,4154.8,0.10946,0.048743,0.88939,0,5.5302,1.0832,55.004,6.6359,1.5341,0
-0.16256,1.2263,-0.43269,0.54585,-59.608,-0.49798,-0.16256,-0.18455,0.98897,-0.22632,-0.16256,-0.17062,-0.028049,-0.16256,-4679.1,-0.078006,0.81545,-0.16256,-0.047666,13.279,1.0576,-0.090204,-0.047666,-0.49798,-0.22632,-0.078006,-0.26158,-0.90155,4.8986,0.35772,-0.047666,100.84,3.6195,-0.073557,-0.090204,3.4109,1.4475,0.047249,-0.026449,0.009956,-1.7302,-0.026449,54.643,41.364,-1.3102,0.41562,13.133,-0.15711,-0.046066,0.42408,0.95275,0.27628,-0.47155,0.098447,-34259,-0.011154,0.71829,1.0112,-1.2088,27.486,8.8241,101.97,3.5796,7.1059,0
0.018179,0,1,,5976.7,0,0.022439,,0.082706,1,0.022439,,0.27131,0.022439,0,,,0.022439,0.27131,0,0.36778,0.022439,0.2198,0.13769,0.16459,,,,2.0781,-12.049,0.27131,0,,,0.022473,0.082706,,1,0.27172,,0,0.27131,15.337,15.337,,,0,0.022439,0.27131,,0,0,,,119.7,0.27172,0.018179,0.72871,0,,23.798,0,,,0
0.24047,0.17422,0.57235,4.2852,97.26,0.56147,0.29848,4.7135,1.2295,0.82118,0.29848,1.7133,0.21368,0.29848,197.16,1.8513,5.7399,0.29848,0.19775,59.639,1.118,0.28032,0.15932,0.69732,0.82118,1.5183,2.2834,2.2583,4.5848,-0.012674,0.19775,51.798,7.0465,1.609,0.28032,1.5306,,0.82118,0.18572,1.113,0.018819,0.18572,133.65,74.007,0.97504,2.8696,73.326,0.25627,0.16978,4.2852,0.17422,0.14191,3.2402,3.2402,22003,0.18666,0.29283,0.81334,0,6.1202,4.932,42.129,8.6638,5.9557,0
0.021812,0.47531,0.072493,1.3888,-78.319,-0.07476,0.023208,1.1039,0.54857,0.52469,0.058504,0.12446,0.073934,0.023208,4277.5,0.08533,2.1039,0.023208,0.042305,114.88,1.3391,0.056856,0.03976,0.056436,0.44939,0.082393,1.6108,0.097827,4.444,0.85534,0.084513,138.74,2.6378,1.0348,0.057992,0.54857,0.45324,0.7151,0.10571,0.047631,0.21351,0.10364,166.4,51.513,0.12633,0.46282,128.13,0.039506,0.072015,0.54483,0.18647,0.37911,0.70805,0.965,1.3888,0.10571,0.041571,0.95783,0.36291,3.1772,7.0856,124.07,2.9419,0.74028,0
0.058282,0.9393,-0.003252,0.99654,-56.702,0,0.084407,0.064934,2.6098,0.060992,0.18258,0.089862,0.032756,0.084407,4010.6,0.09101,1.0646,0.084407,0.032343,49.651,,0.096233,0.022332,0.084407,0.058282,0.063197,0.98024,-0.050792,3.266,0.28593,0.032407,137.69,2.9308,2.9308,0.11967,2.9356,,0.060992,0.045857,0.28558,0.32175,0.036874,93.398,43.747,0.16417,0.66353,47.07,0.095154,0.036461,0.99654,0.9393,0.34121,0.95259,0.95259,-6,0.045898,0.95557,0.93777,0,7.3513,8.3434,131.37,2.7784,40.76,1
-0.25369,0.23717,0.12119,1.5126,-24.541,0,-0.25369,3.2165,1.2505,0.76283,-0.2484,-1.0731,-0.10847,-0.25369,-638.19,-0.57193,4.2165,-0.25369,-0.20287,59.635,1.0928,-0.24944,-0.20287,-0.70893,0.14702,-0.57193,-47.216,0.18865,3.9328,0.17048,-0.20151,57.129,6.3891,6.3684,-0.25988,1.2505,,0.76283,-0.20783,0.15135,-0.060165,-0.19948,93.931,34.296,-1.2417,0.64838,49.374,-0.36749,-0.29387,1.5078,0.2364,0.15652,1.1875,1.1875,1038.1,-0.20783,-0.33256,1.1982,0,6.1205,10.643,69.001,5.2897,1.9466,0
0.13175,0.25464,0.61067,3.7365,171.15,0.38033,0.16371,2.9271,1.1537,0.74536,0.16371,0.73361,0.16378,0.16371,492.83,0.74062,3.9271,0.16371,0.14217,45.919,1.0992,0.15432,0.11441,0.47303,0.74536,0.61511,1.5461,3.6749,4.3688,-0.20014,0.14217,81.607,4.4726,0.60603,0.15432,1.1694,21.883,0.77684,0.13401,2.1878,0.046717,0.13401,109.55,63.628,0.90945,3.0873,52.978,0.12944,0.11241,3.2745,0.22316,0.22358,4.4855,4.6749,14275,0.13324,0.17676,0.86676,0.042239,7.9488,5.7365,70.734,5.1602,6.9297,0
0.085138,0.43299,-0.034314,0.9138,-19.063,0.26604,0.061465,1.2333,1.0263,0.53403,0.061465,0.1544,0.074225,0.061465,1210.1,0.30164,2.3095,0.061465,0.034931,10.555,1.1724,0.063258,0.048384,0.25171,0.53403,0.35631,0.36894,-0.053933,4.6895,0.23114,0.034931,84.743,4.3072,0.14609,0.063258,1.8028,8.9622,0.56894,0.03595,0.070869,0.10752,0.03595,69.604,59.049,1.6732,0.78598,10.832,-0.005885,-0.003344,0.84012,0.39808,0.23217,0.83935,0.89423,-1678.8,0.025591,0.15943,0.97441,0.065374,34.581,6.1813,82.574,4.4203,2.7657,0
-0.1286,1.0705,-0.06257,0.92576,-44.951,0,-0.1286,-0.065817,1.7276,-0.070454,-0.079319,-0.15259,-0.057566,-0.1286,-3928.7,-0.092906,0.93418,-0.1286,-0.074439,31.973,0.93174,-0.083001,-0.074439,0.068356,-0.12596,-0.092906,-1.6842,-0.28468,3.7473,0.61929,-0.061138,171.35,2.1301,1.6771,-0.067627,1.7276,2.7621,0.15722,-0.039145,0.008515,-0.66259,-0.048044,163.32,131.35,-0.84979,0.74619,30.769,-0.11215,-0.064917,0.72886,0.84278,0.46945,-0.32055,0.71532,-349.68,-0.039145,1.8253,1.0738,-3.2315,11.416,2.7788,178.06,2.0499,7.8602,0
-0.098161,1.2026,-0.41488,0.59535,-46.428,-0.38278,-0.087177,-0.1683,3.3709,-0.20239,-0.086766,-0.085026,-0.021219,-0.087177,-6136.9,-0.059476,0.83155,-0.087177,-0.025862,3.5989,,-0.095934,-0.029121,-0.087177,-0.21455,-0.068611,-233.42,-1.0649,3.6141,0.34302,-0.02574,106.27,3.439,2.932,-0.15052,3.4392,,-0.20239,-0.044653,0.049651,-0.49931,-0.02846,60.583,56.984,-2.9534,0.082068,3.4406,-0.11159,-0.033103,0.50758,1.0253,0.29078,-0.51949,-0.51949,-1706,-0.044658,0.48501,1.0252,0,101.42,6.4053,111.02,3.2877,8.6523,1
0.13814,0.073518,0.36705,5.9927,72.546,0.41633,0.13814,12.602,1.1354,0.92648,0.13814,1.8791,0.17102,0.13814,143.84,2.5376,13.602,0.13814,0.12664,61.163,0.98316,0.13929,0.12664,0.41633,0.92648,2.5376,1.4498,0.65612,4.4915,-0.077268,0.12664,27.93,13.068,1.8946,0.13929,1.1042,,0.92648,0.12769,2.152,0.012877,0.12769,94.48,33.316,0.75576,3.5064,69.443,0.090878,0.083312,5.9927,0.073518,0.076521,1.6561,1.6561,11383,0.11924,0.14911,0.88076,0,5.9676,10.956,24.6,14.837,1.9499,0
0.18033,0.58601,0.10712,1.2408,-18.461,0,0.18033,0.70647,2.1589,0.41399,0.18096,0.40544,0.088171,0.18033,1123.6,0.32484,1.7065,0.18033,0.083527,31.363,1.1635,0,0.083527,0.49316,0.28907,0.32484,0,0.23905,3.7363,0.26224,0.16705,92.02,3.9665,3.0106,0.016571,2.1589,2.5942,0.55523,0.007675,0.070621,1.948,0,87.996,56.633,0.97209,0.82377,38.38,-0.010027,-0.004645,0.94179,0.44477,0.25211,0.92388,1.2391,583.72,0.18283,0.43558,0.81924,0.34115,11.638,6.445,75.196,4.854,4.8179,0
0.1966,0.096081,0.38422,5.2056,192.09,0.43899,0.19429,8.8577,1.289,0.85105,0.19429,2.1267,0.294,0.19429,144.11,2.5328,10.408,0.19429,0.23473,29.553,1.0505,0.19844,0.23752,0.4342,0.85105,2.5569,3.0903,0.73264,4.7539,0.11408,0.23473,51.93,7.0287,2.0653,0.19844,0.84888,86.504,0.85577,0.23973,0.026235,0.012763,0.23973,208.65,179.1,2.9335,4.472,38.096,0.14937,0.18046,4.9497,0.091358,0.14227,1.6228,1.6318,21802,0.22423,0.23101,0.77577,0.00555,12.351,2.038,40.285,9.0604,1.5784,0
-0.039321,0.27322,-0.087035,0.65892,-24.408,0,-0.039321,2.6601,1.7455,0.72678,-0.032461,-0.15409,-0.01035,-0.039321,-5520,-0.066124,3.6601,-0.039321,-0.022527,6.8411,,-0.034555,-0.022527,-0.039321,0.69653,-0.066124,-5.0378,-0.10463,4.1036,0.15123,-0.018597,51.233,7.1395,6.6679,-0.072411,1.7893,,0.72678,-0.041484,0.045305,-0.68471,-0.019797,32.742,25.9,-1.2019,0.53071,6.5546,-0.05581,-0.031973,0.6154,0.25517,0.14007,0.87368,0.87368,-1104.8,-0.041484,-0.054102,1.022,0,53.354,14.092,53.359,6.8405,2.0983,1
0.081106,0.13061,0.32139,4.6938,181.11,0.16847,0.090386,6.6563,1.3955,0.86939,0.090386,1.0388,0.47696,0.090386,364.83,1.0005,7.6563,0.090386,0.32992,251.48,1.2944,0.080315,0.29605,0.17703,0.86939,0.92941,4.0909,0.54326,5.975,0.45199,0.32992,161.76,2.2564,0.61492,0.080315,0.30848,5.0373,0.91299,0.29316,0.7001,0.035606,0.29316,462.95,211.47,0.29316,2.5244,350.93,0.040031,0.14612,3.1269,0.087008,0.44318,1.4696,1.5433,303380,0.28339,0.093291,0.71661,0.050153,1.4514,1.726,115.92,3.1487,0.46309,0
-0.078579,1.2273,-0.19673,0.77834,-360.13,-0.41586,-0.071726,-0.18521,0.48766,-0.22732,-0.029727,-0.080812,-0.10285,-0.071726,-8931.1,-0.040868,0.81479,-0.071726,-0.14708,204.54,0.9254,-0.088985,-0.16113,0.58735,-0.44637,-0.046452,-2.1187,-0.63633,5.5652,2.1846,-0.069034,548.19,0.77946,0.56369,-0.10329,0.48766,2.3218,-0.047481,-0.21181,0.40836,-0.60682,-0.18247,245.78,41.24,-0.28754,0.47044,144.18,-0.11055,-0.2267,0.56288,0.88756,1.2829,-0.73525,-0.15357,-72298,-0.21181,0.34568,1.5048,-0.79113,1.7845,8.8506,664.31,0.54944,1.5773,1
0.040924,0.17919,0.082733,1.4617,56.852,0.10687,0.052096,4.3911,1.0719,0.78682,0.052096,0.29073,0.33579,0.052096,265.95,1.3724,5.5808,0.052096,0.071134,0,1.1926,0.046712,0.055878,0.13712,0.78682,1.3101,0.68369,0.11209,4.2343,0.19633,0.071134,95.727,3.8129,0.26069,0.046712,0.74683,,0.78682,0.063782,0.22797,0.024491,0.063782,110.18,110.18,,1.4617,0,-0.14711,-0.20087,1.4617,0.17919,0.26226,1.066,1.066,1419.1,0.067095,0.052011,0.93291,0,,3.3128,89.304,4.0872,0.99226,0
0.003331,0.50898,0.1011,1.2096,-41.151,0,0.00573,0.96473,1.1054,0.49102,0.042632,0.011878,0.04022,0.00573,4178.6,0.08735,1.9647,0.00573,0.005183,71.379,0.90097,0.042628,0.003013,0.041577,0.065474,0.082637,1.1552,0.24274,3.4772,0.42849,0.024669,163.42,2.2335,2.1168,0.027995,1.1054,16.455,0.51335,0.025326,0.080828,0.20854,0.038563,179.79,108.41,0.015408,0.76146,73.233,0.003899,0.003527,1.1464,0.48238,0.44773,1.1789,1.2325,303.39,0.025326,0.006783,0.99488,0.045461,5.1136,3.3668,159.28,2.2915,2.6539,0
0.068543,0.32418,0.21874,2.0155,44.913,0.15652,0.085959,1.8104,1.0783,0.58691,0.085959,0.39907,0.18821,0.085959,597.34,0.61105,3.0847,0.085959,0.081671,38.328,1.2878,0.098215,0.065124,0.19634,0.58691,0.55732,1.0062,0.38657,4.402,0.30201,0.081671,80.548,4.5315,0.30297,0.098215,1.0937,2.975,0.69569,0.093315,0.031304,0.050669,0.093315,148.22,109.89,0.62018,1.5024,41.329,-0.013914,-0.01322,1.3392,0.2154,0.22068,1.0372,1.2294,5519.9,0.072623,0.11679,0.92738,0.18534,9.5231,3.3215,74.698,4.8863,1.86,0
0.08312,0.29372,0.69657,3.5318,33.249,0,0.10469,2.4047,2.133,0.70628,0.14171,0.38052,0.05411,0.10469,928.86,0.39296,3.4047,0.10469,0.049082,85.109,1.1513,0.13771,0.038969,,0.68562,0.31951,3.7205,24.614,3.3837,0.087178,0.049143,49.755,7.3359,6.8716,0.1147,2.133,,0.70628,0.053772,0.44181,0.065961,0.06456,145.48,60.368,0.16712,1.724,89.946,0.12698,0.059532,3.3083,0.27513,0.13632,24.957,24.957,1685.4,0.053772,0.11769,0.95156,0,4.2886,6.0463,47.08,7.7528,75.371,0
0.04359,0.43245,0.10065,1.4186,-2.6146,0.14074,0.055006,0.91224,1.06,0.3945,0.055006,0.22877,0.11231,0.055006,1400.5,0.26062,2.3124,0.055006,0.054813,38.325,1.2912,0.067027,0.043437,0.17611,0.3945,0.23422,0.70797,0.15275,4.5018,0.40683,0.054813,92.696,3.9376,0.15499,0.067027,1.0476,1.2276,0.58652,0.066792,0.10784,0.11399,0.066792,114.63,76.303,0.41369,0.98035,40.623,0.009329,0.009296,0.78872,0.24044,0.25396,0.59872,0.89013,3195.7,0.056569,0.11049,0.94343,0.48673,9.5237,4.7835,87.452,4.1737,1.523,0
0.003004,0.45572,-0.07169,0.78117,-129.69,-0.020999,0.003004,1.1944,0.72752,0.54428,0.009033,0.009171,0.028313,0.003004,8075.3,0.045199,2.1944,0.003004,0.00413,91.467,2.2199,0.009033,0.00413,-0.019978,-0.017994,0.045199,1.4983,-0.096346,4.8989,0.62631,0.00828,165.42,2.2065,1.5862,0.004673,0.72752,0.65038,0.65745,0.006423,0.000377,0.5705,0.012416,128.33,36.863,0.016479,0.22466,92.058,-0.008561,-0.011767,0.56156,0.3276,0.45321,0.73148,0.88356,-5680.1,0.006423,0.00552,0.9959,0.20791,3.9905,9.9016,164.36,2.2208,0.97774,0
0.10425,0.52275,0.25549,1.5005,31.898,0.19577,0.1292,0.88881,1.0764,0.46462,0.1292,0.2531,0.087704,0.1292,1144,0.31905,1.913,0.1292,0.067939,17.657,1.2358,0.14076,0.054823,0.25376,0.46462,0.27134,0.79674,1.0915,4.4834,0.26567,0.067939,105.46,3.4611,0.26928,0.14076,1.933,54.825,0.47692,0.074021,0.054487,0.096362,0.074021,141.67,124.02,1.1333,1.3203,19.006,0.10318,0.054256,1.4652,0.51045,0.28892,1.9851,2.0376,7776.3,0.070949,0.22438,0.92905,0.026457,20.671,2.9431,97.975,3.7254,8.1247,0
-0.025635,0.81209,-0.044741,0.91501,-33.752,-0.11409,-0.025635,0.18865,1.0073,0.1532,-0.025635,-0.048695,0.016514,-0.025635,8626.7,0.042311,1.2314,-0.025635,-0.01232,24.102,1.2707,0.007121,-0.01232,-0.11409,0.1532,0.042311,0.034472,-0.086321,4.8866,0.38695,-0.01232,93.021,3.9239,0.008768,0.007121,2.1124,1.2052,0.43887,0.003422,0.024436,0.39781,0.003422,82.241,58.139,-0.18657,0.65401,24.278,-0.052874,-0.025412,0.59314,0.52643,0.25485,0.29557,0.84672,-3445.6,0.00725,-0.16733,0.99275,1.8647,15.144,6.2781,92.346,3.9525,4.0144,0
0.06508,0.2354,0.37727,3.7126,13.682,-0.017679,0.07242,3.2481,1.6237,0.7646,0.075557,0.5207,0.11147,0.07242,474.72,0.76887,4.2481,0.07242,0.044602,30.667,1.0415,0.07266,0.040082,0.25477,0.047401,0.73769,23.165,0.78006,6.1555,0.14459,0.046534,32.593,11.199,6.6166,0.066138,1.6237,,0.7646,0.040733,1.3403,0.043296,0.04475,74.169,43.502,0.47705,2.7317,31.969,-0.035912,-0.022118,2.1935,0.13908,0.089295,1.5809,1.5809,539720,0.040733,0.085117,0.95584,0,11.902,8.3904,31.265,11.674,3.3572,0
-0.1419,0.74724,0.087085,1.1165,-14.166,-0.058649,-0.17168,0.20917,0.93463,0.1563,-0.17168,-0.22975,-0.06423,-0.17168,-1909.7,-0.19113,1.3383,-0.17168,-0.077209,11.942,1.3388,-0.14901,-0.063819,-0.05486,0.1563,-0.15128,-0.62633,0.52562,4.5784,0.30174,-0.077209,114.64,3.1838,-0.19941,-0.14901,2.2322,,0.1563,-0.067013,0.24505,-0.20447,-0.067013,106.9,94.956,-1.9505,1.0192,11.162,-0.17787,-0.079992,1.1165,0.74724,0.31409,0.94339,0.94339,3298.8,-0.069944,-0.9079,1.0699,0,30.564,3.8439,122.66,2.9757,13.421,0
0.014892,0.243,0.33517,2.9725,-13.395,0,0.018272,3.1153,1.7988,0.757,0.0311,0.10753,0.023876,0.018272,2065.2,0.17674,4.1153,0.018272,0.010158,68.682,0.95872,0.029379,0.008279,0.010682,0.73376,0.16283,2.2901,0.67723,3.3361,0.12767,0.017283,35,10.429,7.2924,0.026769,1.7988,,0.757,0.014882,0.44165,0.14985,0.016333,87.262,18.58,0.043997,0.98052,69.72,0.004704,0.002615,2.0786,0.16992,0.095891,1.5296,1.5296,726.7,0.014882,0.019672,0.98991,0,5.3143,19.645,34.479,10.586,3.6346,0
0.029187,0.14311,0.1316,1.9267,44.597,0.069831,0.03225,5.9877,0.6511,0.85689,0.04324,0.22709,0.074774,0.03225,1072.9,0.3402,6.9877,0.03225,0.049532,31.448,0.85344,0.04003,0.044827,0.27445,0.70952,0.31879,3.6425,0.18117,4.0569,0.11957,0.049649,85.106,4.2888,4.256,0.042032,0.6511,,0.85689,0.064555,0.47417,0.084483,0.06148,115.64,84.187,0.52028,1.5316,33.618,0.023595,0.036239,1.9119,0.14201,0.23317,1.1797,1.1797,1500.2,0.064555,0.034061,0.951,0,11.606,4.3356,79.611,4.5848,0.89635,0
0.017655,0.64732,0.13691,1.239,-147.04,0,0.023469,0.54483,1.2601,0.35268,0.048836,0.040969,0.034933,0.023469,5367.5,0.068002,1.5448,0.023469,0.018624,181.68,0.95031,0.043626,0.014011,0.078022,0.33115,0.059021,1.7198,0.4717,3.7462,0.5137,0.033339,170.16,2.1451,1.8983,0.031336,1.2601,1.4035,0.41147,0.024868,0.005516,0.33622,0.034621,204.67,22.983,0.028147,0.14403,186.32,0.023076,0.018312,1.0964,0.57284,0.46619,1.2151,1.4176,763.22,0.024868,0.05006,0.98173,0.16668,2.009,15.881,165.93,2.1998,4.3415,0
-0.11219,0.12891,0.87109,7.7571,61.307,0,-0.11219,6.7571,2.9831,0.87109,-0.11127,-0.87029,-0.037609,-0.11219,-419.4,-0.87029,7.7571,-0.11219,-0.037609,42.102,0.34924,-0.11129,-0.037609,-0.015726,0.27811,-0.87029,-120.31,,1.6249,-0.11321,-0.037299,15.206,24.004,24.004,-0.11129,2.9831,,0.87109,-0.037307,3.6199,-0.038612,-0.037307,65.258,23.156,-0.32605,5.0879,40.588,-0.11129,-0.037307,7.7571,0.12891,0.04166,,,36.725,-0.037307,-0.1288,1.0376,0,8.6695,15.762,15.773,23.14,,0
0.028955,0.77456,0.14964,1.1994,6.2471,0,0.028955,0.29105,6.7852,0.22544,0.039437,0.038582,0.70655,0.028955,58.972,6.1894,1.291,0.028955,0.004268,11.9,0.94875,0,0.004268,0.10702,0.1793,6.1894,0,1.4983,3.0349,0.056403,0.008799,,0,0,0.075849,6.7852,,0.22544,0.011179,0.53695,0.005418,0,26.744,14.844,0.1309,0.90463,,-4.7651,-0.70229,1.1621,0.75049,,2.2572,2.2572,162.16,1,0.12844,0.003161,0,30.673,24.589,40.372,9.041,67.938,0
0.029798,0.76185,-0.3878,0.35652,-101.65,0.086128,0.038838,0.14347,1.0474,0.1093,0.038838,0.064444,0.050868,0.038838,2761.6,0.13217,1.3126,0.038838,0.01962,22.81,1.0797,0.083383,0.015053,0.096678,0.1093,0.1203,0.4412,-0.49392,4.3684,0.38364,0.01962,116.39,3.136,0.10945,0.083383,2.0493,0.57261,0.26849,0.042124,0.011767,0.17246,0.042124,38.31,15.5,0.24088,0.15125,23.891,0.021528,0.010876,0.28202,0.60266,0.31888,0.13921,0.34197,-9056.7,0.045245,0.27262,0.95476,1.4564,16.002,23.548,111.12,3.2846,2.5212,0
0.005444,0.40495,0.31665,2.0453,-12.626,0.026788,0.004441,1.3621,1.0156,0.55158,0.004441,0.01466,0.042864,0.004441,1813.9,0.20123,2.4695,0.004441,0.002336,72.146,1.2887,0.045323,0.002863,0.045137,0.55158,0.2037,0.24212,0.83234,4.1481,0.19109,0.002336,59.066,6.1796,0.11192,0.045323,1.9217,2.3896,0.6536,0.023841,0.15026,0.1088,0.023841,110.22,38.072,0.014487,0.80486,73.269,-0.031721,-0.016686,1.53,0.30292,0.16182,1.4499,1.7181,4452.9,0.015322,0.009869,0.98468,0.18497,5.0592,9.5872,58.161,6.2757,4.9971,0
0.068724,0.64613,0.61063,3.3537,87.144,-2.8282,0.099835,0.54767,2.5965,0.35387,0.13932,0.38483,0.040353,0.099835,2250.8,0.16216,1.5477,0.099835,0.038449,0.014752,1.0637,0.13721,0.026468,0.31352,-2.7594,0.11401,3.4748,4.6994,3.4562,0.051236,0.040871,38.505,9.4794,3.8061,0.13729,2.5965,4.1945,0.56127,0.052875,2.0411,0.15151,0.052843,47.87,47.855,654.87,3.3533,0.015576,0.13227,0.050939,1.3466,0.25943,0.10549,2.7233,4.3195,1745.6,0.052875,0.19421,0.96162,0.58611,24742,7.6272,36.469,10.009,19.983,0
-0.12816,0.77822,-0.42784,0.15571,-438.19,0,-0.12816,0.28491,0.3155,0.22172,-0.10933,-0.25291,-0.32461,-0.12816,-2773.6,-0.1316,1.285,-0.12816,-0.40622,72.716,0.58655,-0.11328,-0.40622,-0.32615,0.11306,-0.1316,-6.0164,-0.46449,4.254,2.4666,-0.34654,432.82,0.84643,0.55115,-0.11178,0.31957,0.060415,0.48735,-0.35429,0.000106,-0.29634,-0.35906,91.22,18.504,-2.039,0.12414,53.686,-0.13903,-0.44067,0.10139,0.50674,1.1858,0.24071,0.5291,-7678,-0.35447,-0.57803,1.3422,1.198,5.0195,19.725,586.24,0.62261,0.34253,1
0.19259,0.25723,0.39136,4.2642,24.105,0,0.19259,2.8875,2.7914,0.74277,0.20417,1.6064,0.097835,0.19259,343.79,1.0617,3.8875,0.19259,0.068995,28.076,1.2659,0.20048,0.068995,0.53039,0.74193,1.0617,17.32,0.80075,4.4898,0.090459,0.072618,16.693,21.865,10.191,0.16993,2.7914,9.2325,0.77489,0.060874,0.093606,0.030516,0.071819,65.383,37.307,0.89696,2.4733,29.896,0.11997,0.042978,1.9875,0.11989,0.045735,1.5197,1.5855,12087,0.060874,0.25929,0.93196,0.043242,13,9.7837,15.677,23.282,5.7114,0
-0.036161,0.62287,-0.1146,0.77276,-58.235,-0.23711,-0.036584,0.58143,0.98072,0.36216,-0.036584,-0.072544,0.005818,-0.036584,19160,0.01905,1.6055,-0.036584,-0.017939,36.417,1.0803,-0.005287,-0.017731,-0.2452,0.36216,0.01973,-0.025425,-0.18778,4.2235,0.28777,-0.017939,88.518,4.1234,-0.008488,-0.005287,2.0863,1.5707,0.48072,-0.002593,0.092144,0.47443,-0.002593,61.431,25.014,-0.17772,0.36928,35.715,-0.053737,-0.02635,0.62566,0.50431,0.24252,0.59341,0.78769,-1917.4,-0.019658,-0.09985,1.0197,0.32739,10.023,14.592,90.258,4.0439,3.3417,0
0.11813,0.077562,0.52921,8.478,340.32,0.34817,0.12405,11.456,1.208,0.88853,0.12405,1.7529,0.26846,0.12405,167.27,2.1821,12.893,0.12405,0.19677,41.565,0.9302,0.096513,0.18738,0.37315,0.88853,2.1058,1.8493,1.3229,4.7248,-0.4608,0.19677,49.496,7.3744,1.2443,0.096513,0.66404,77.743,0.89532,0.15309,5.2971,0.017994,0.15309,130.33,88.763,1.6454,7.4635,50.211,0.051313,0.081392,7.7354,0.070768,0.1356,2.2212,2.2382,28084,0.1722,0.13295,0.8278,0.007646,8.7815,4.1121,40.972,8.9084,1.576,0
0.20899,0.28335,0.67566,3.3845,61.544,0.071437,0.25801,2.5292,3.2833,0.71665,0.26054,0.91057,0.086385,0.25801,364.64,1.001,3.5292,0.25801,0.078582,7.0642,1.1284,0.26146,0.063652,0.46224,0.6883,0.82797,103.36,16.484,3.255,0.032662,0.079328,34.112,10.7,10.7,0.25147,3.2833,,0.71665,0.076591,0.96803,0.0329,0.079633,76.119,69.054,3.2888,3.1603,7.6501,0.23584,0.071831,3.3845,0.28335,0.093458,17.484,17.484,1215.5,0.076591,0.29162,0.91917,0,51.669,5.2857,31.5,11.587,80.104,0
0.12501,0.40855,0.37183,2.0138,-7.9209,0.21389,0.15688,1.4032,1.0942,0.57327,0.15688,0.42772,0.090918,0.15688,792.12,0.46079,2.4477,0.15688,0.075764,71.736,1.3179,0.16781,0.060372,0.27176,0.57327,0.38278,0.88677,1.4224,4.2097,0.15682,0.075764,70.742,5.1596,0.41075,0.16781,2.0895,7.9383,0.61505,0.081046,0.24449,0.067431,0.081046,114.39,42.655,0.30718,0.90425,78.491,0.13643,0.065891,1.8079,0.36677,0.19381,2.1931,2.3529,6026.8,0.086059,0.21806,0.91394,0.072877,5.0881,8.5569,64.654,5.6455,7.9211,0
0.08382,0.52553,0.10446,1.6341,30.025,0.21984,0.10561,0.90285,1.014,0.47447,0.11469,0.64103,0.1575,0.10561,1201.1,0.30389,1.9029,0.10561,0.10416,10.804,1.4755,0.11457,0.082667,0.27928,0.4699,0.26242,12.62,0.14294,4.0389,0.493,0.10889,66.347,5.5014,1.7247,0.10758,1.014,0.90254,0.7395,0.1061,0.17609,0.10387,0.11299,86.468,75.664,2.7928,1.4519,12.086,0.060477,0.059645,0.51227,0.16475,0.18177,0.64926,1.0119,1142.6,0.1061,0.17666,0.89737,0.55858,33.784,4.824,59.307,6.1544,1.3875,0
0.006178,0.98412,-0.098738,0.88159,-285.13,0,0.009206,0.016136,0.95188,0.015879,0.070309,0.011041,0.044421,0.009206,8495.1,0.042966,1.0161,0.009206,0.009672,223.82,1.0273,0.067321,0.00649,0.019068,0.006835,0.039889,1.1018,-0.37275,4.6457,1.0181,0.073407,339.89,1.0739,0.90989,0.056442,0.95188,2.6936,0.072087,0.059295,0.01866,0.32674,0.070724,275.91,52.088,0.010584,0.18157,237.93,0.034243,0.035974,0.74697,0.83385,0.93121,0.059947,0.27214,-4366.7,0.059295,0.38906,0.99052,3.5397,1.6307,7.0074,319.74,1.1416,3.5935,0
0.04755,0.8758,0.035726,1.0931,-28.232,0.019354,0.057891,0.14181,1.8499,0.1242,0.097307,0.15087,0.066436,0.057891,2601,0.14033,1.1418,0.057891,0.031293,15.32,1.448,0.031403,0.025703,0.097239,0.067032,0.12852,0.79671,0.061537,4.5216,0.42912,0.0526,77.051,4.7371,2.0754,0.032287,1.8499,0.79941,0.55175,0.017453,0.46256,0.30279,0.016975,47.736,32.416,0.61238,0.89075,15.592,-0.033609,-0.018167,0.47891,0.3837,0.2111,0.21393,0.95035,1187.4,0.017453,0.38285,0.97029,3.4424,23.825,11.26,75.706,4.8213,3.1864,0
0.066454,0.43587,0.35486,1.8141,45.65,0.17358,0.077855,1.2851,1.0652,0.56015,0.077855,0.17862,0.085701,0.077855,1456.7,0.25057,2.2942,0.077855,0.061092,59.227,1.0494,0.083066,0.052146,0.19909,0.56015,0.22441,0.69431,1.6957,5.1437,0.32744,0.061092,132.98,2.7448,0.19057,0.083066,1.2832,,0.56015,0.065181,0.0434,0.12523,0.065181,221.05,161.83,0.32136,1.3397,63.089,0.051704,0.040572,1.8141,0.43587,0.36432,2.6767,2.6767,49405,0.061218,0.11864,0.93878,0,6.1628,2.2555,124.84,2.9238,6.0898,0
0.29985,0.24574,0.18063,1.735,-24.876,0.46842,0.37007,2.8732,1.2316,0.70606,0.37007,1.5059,0.2615,0.37007,179.02,2.0389,4.0693,0.37007,0.19314,22.962,1.3878,0.37748,0.15649,0.59054,0.70606,1.7532,2.4263,0.31489,4.4592,0.10287,0.19314,57.652,6.331,1.5361,0.37748,1.9391,,0.70606,0.19701,0.84307,0.015889,0.19701,41.755,18.793,2.4875,1.2445,28.279,0.2465,0.12865,1.735,0.24574,0.15795,1.2309,1.2309,5200.3,0.18802,0.42468,0.81198,0,15.896,19.422,46.813,7.7971,3.3402,0
0.009401,0.46415,0.24975,1.6446,-36.781,0.14219,0.012257,1.1131,1.0116,0.51667,0.012257,0.031633,0.053426,0.012257,1910.7,0.19103,2.1545,0.012257,0.007385,89.82,1.0648,0.015879,0.005665,0.17882,0.51667,0.18487,0.096787,0.6884,4.1573,0.24494,0.007385,86.199,4.2344,0.034211,0.015879,1.6881,2.9831,0.59337,0.009568,0.15182,0.16535,0.009568,127.21,37.385,0.023019,0.59054,90.858,-0.06053,-0.036473,1.3728,0.38746,0.23616,1.4241,1.6355,3587.5,0.011419,0.018195,0.98858,0.14845,4.0637,9.7633,85.214,4.2833,4.5745,0
0.14475,0.072429,0.38556,6.3233,66.903,0.49291,0.14475,12.793,1.0634,0.92662,0.14475,1.9985,0.10426,0.14475,125.08,2.9181,13.807,0.14475,0.071409,6.9817,1.1048,0.1289,0.071409,0.49291,0.92662,2.9181,0.6762,0.71135,4.1981,-0.16085,0.071409,13.868,26.319,1.7797,0.1289,2.0519,,0.92662,0.063588,5.5696,0.01218,0.063588,9.8296,2.8479,3.7332,5.7879,7.4244,0.0623,0.030734,6.3233,0.072429,0.037996,1.7096,1.7096,6083.6,0.059624,0.15622,0.94038,0,52.279,128.16,13.042,27.987,3.74,0
0.045937,0.22629,0.26349,2.1644,28.391,-0.011579,0.045453,3.0166,1.033,0.68261,0.045453,0.20087,0.058667,0.045453,1024.3,0.35633,4.4192,0.045453,0.033072,42.887,1.1408,0.056764,0.033424,-0.00868,0.68261,0.35847,0.42663,0.51641,4.6595,0.060242,0.033072,62.077,5.8798,0.25085,0.056764,1.4131,,0.68261,0.041301,0.63341,0.080915,0.041301,92.005,49.118,0.28446,1.4507,44.302,0.021585,0.015705,2.1644,0.22629,0.17007,1.3378,1.3378,12030,0.031925,0.067297,0.96808,0,8.5107,7.4311,60.095,6.0737,2.6937,0
0.22646,0.36282,0.49077,2.3527,30.73,0.22367,0.27984,1.7562,1.9653,0.63718,0.27984,0.7713,0.14511,0.27984,464.36,0.78602,2.7562,0.27984,0.14239,57.808,0.99194,0.27258,0.11523,0.77323,0.45012,0.63888,,3.3518,3.3301,0.077261,0.14239,78.317,4.6606,4.6606,0.27433,1.9653,,0.63718,0.13959,0.67972,0.043516,0.1387,112.73,54.923,0.72756,1.4948,67.186,0.26724,0.13598,2.3527,0.36282,0.21457,4.3518,4.3518,1049.4,0.13959,0.3554,0.85817,0,6.314,6.6457,67.384,5.4167,13.422,0
0.023519,0.87904,-0.027578,0.94002,-19.121,0,0.038905,0.13761,2.4292,0.12096,0.067165,0.08461,0.042475,0.038905,3109.6,0.11738,1.1376,0.038905,0.016015,12.804,1.2603,0.06318,0.009682,0.075784,0.098655,0.099875,2.2356,-0.048573,3.6516,0.36127,0.02611,71.375,5.1138,2.675,0.077792,2.4292,2.6348,0.25267,0.032023,0.021995,0.2299,0.026008,63.426,50.622,0.27599,0.75469,13.228,-0.001095,-0.000451,0.49172,0.45982,0.19555,0.21305,0.44503,-123.63,0.032023,0.19443,0.98425,1.0888,28.506,7.2104,69.089,5.283,4.2786,0
0.049056,0.52644,0.17497,1.5895,9.3194,0,0.049056,0.89955,1.2523,0.47356,0.054665,0.16527,0.92919,0.049056,165.14,2.2103,1.8996,0.049056,0.039174,57.775,1.222,0,0.039174,0.14822,0.44875,2.2103,0,0.33126,4.6727,0.39776,0.084725,243130,0.001501,0.000846,0.003269,1.2523,3.6857,0.54779,0.002611,0.11434,0.015745,0,127.62,69.85,0.24749,0.92169,162360,-1.1145,-0.89002,0.89621,0.29683,666.11,0.89656,1.0371,8234.3,0.99964,0.10359,0.005732,0.15675,6.3176,5.2255,86.518,4.2188,2.3708,0
-0.24461,0.004656,0.37932,150.28,887.14,0.15912,-0.24454,213.76,0.000787,0.99534,0.014111,-96.239,-310.34,-0.24454,-6.9603,-52.44,214.76,-0.24454,-310.8,0,15.25,-0.017413,-310.89,-0.22516,0.34891,-52.454,-0.067322,0.61365,4.8895,5.918,-310.8,1284,0.48731,0.26593,0.000064,0.000787,180.52,0.99746,0.081967,148.93,-0.009102,-22.131,1591.6,1591.6,,150.28,0,-0.017774,-22.59,82.008,0.002541,2.0521,1.6102,1.6137,150.28,0.081967,-0.24575,8.0052,0.002125,,0.22932,1178.8,0.30964,0.001273,0
0.071549,0.44904,0.24367,1.5428,-14.575,0.23172,0.090345,0.91396,1.1026,0.41041,0.090345,0.20127,0.10422,0.090345,1216.7,0.29999,2.227,0.090345,0.069895,43.201,1.2331,0.1004,0.055354,0.29938,0.41041,0.25814,0.8564,0.7925,5.0751,0.33878,0.069895,139.75,2.6118,0.22359,0.1004,1.3243,3122.9,0.41058,0.077673,0.32856,0.10198,0.077673,153.91,110.71,0.46768,1.202,47.632,0.056034,0.043351,1.5423,0.44887,0.38288,1.3348,1.3354,28968,0.093028,0.17434,0.90697,0.000421,8.4489,3.2969,126.75,2.8797,4.204,0
0.10293,0.21144,0.69617,5.6259,-5.0225,0.50805,0.12687,3.7294,0.99951,0.78856,0.14052,0.84303,0.13929,0.12687,554.34,0.65844,4.7294,0.12687,0.12693,254.56,0.85364,0.14051,0.10298,0.48849,0.58978,0.5452,10.298,4.5402,3.9056,0.1745,0.13631,64.35,5.6721,4.0371,0.1459,0.99951,2.454,0.8495,0.14597,0.3179,0.046109,0.14058,291.71,37.148,0.14765,0.99385,298.07,0.12816,0.12822,4.0042,0.1505,0.1763,5.1427,5.5402,5602,0.14597,0.13053,0.87454,0.077292,1.4338,9.8254,54.957,6.6415,6.5185,0
0.1493,0.53075,0.49391,2.0658,126.3,0,0.20456,0.88413,1.498,0.46925,0.22056,0.44139,0.13697,0.20456,944.18,0.38658,1.8841,0.20456,0.13656,20.811,1.1947,0.20325,0.099667,0.46717,0.46856,0.28246,12.697,11.579,4.8566,0.24926,0.13951,149.65,2.4391,2.1298,0.36759,1.498,,0.46925,0.24539,0.36578,0.08678,0.13568,191.97,171.16,1.7481,1.8815,27.578,0.20263,0.13527,1.8038,0.46344,0.40999,11.001,11.001,35499,0.24539,0.31816,0.86505,0,17.539,2.1326,112.92,3.2323,35.117,0
0.002458,0.88413,0.038719,1.3097,-33.688,0,0.002908,0.13105,0.81633,0.11587,0.044365,0.023258,0.050252,0.002908,7866.7,0.046398,1.1311,0.002908,0.003562,14.994,1.1081,0.044364,0.003011,0.035412,0.053492,0.045889,1.0701,0.0463,3.5888,1.0318,0.054348,57.497,6.363,0.89981,0.022623,0.81633,0.17154,0.87497,0.027714,0.3515,0.35732,0.054346,53.566,38.572,0.073297,1.0415,15.385,0.00625,0.007657,0.18521,0.12503,0.15716,0.13856,1.0463,150.22,0.027714,0.021213,1.0253,6.5515,24.344,9.4628,55.904,6.5291,0.97617,0
0.054867,0.24363,0.68138,3.7967,96.244,0.1296,0.068005,2.012,1.0323,0.4902,0.068005,0.27913,0.043051,0.068005,1055.9,0.34568,4.1045,0.068005,0.034763,30.36,1.5437,0.059866,0.028047,0.16013,0.4902,0.29176,0.31589,9.0861,4.0394,-0.050635,0.034763,46.923,7.7787,0.24572,0.059866,1.9827,,0.4902,0.030602,1.4736,0.10528,0.030602,105.6,75.241,0.33719,3.1289,31.339,0.043651,0.022314,3.7967,0.24363,0.12856,6.5368,6.5368,7460.7,0.031249,0.11193,0.96875,0,12.022,4.8511,45.457,8.0296,26.087,0
-0.32384,0.5548,0.29724,1.5358,-19.888,0,-0.32384,0.80245,2.5223,0.4452,-0.10356,-0.58371,-0.11721,-0.32384,-684.98,-0.53287,1.8025,-0.32384,-0.12839,63.948,1.1576,-0.12776,-0.12839,-0.80195,0.43225,-0.53287,-0.57998,2.0087,3.8876,0.19257,-0.12839,76.465,4.7734,4.7734,-0.1259,2.5223,,0.4452,-0.049915,0.1246,-0.18576,-0.050651,113.29,49.343,-0.73281,0.73922,60.908,-0.15596,-0.061833,1.5357,0.55479,0.20949,3.0087,3.0087,2294.6,-0.049915,-0.7274,1.1262,0,5.7078,7.3972,80.282,4.5465,17.046,0
-0.036523,0.13074,0.042745,1.327,-45.053,0.018509,-0.036523,6.6477,0.24486,0.8691,-0.033481,-0.27936,-0.14916,-0.036523,-1306.5,-0.27936,7.649,-0.036523,-0.14916,1.5522,0.61594,-0.033749,-0.14916,-0.26405,0.01376,-0.27936,-9.8108,0.051728,3.4296,0.4701,-0.13511,4277200,2.1311,2.1311,-0.032551,0.24553,,0.8691,-0.13294,0.70522,-0.12913,-0.13783,121.16,119.61,-35.075,0.71318,1.3641,-0.033749,-0.13783,1.327,0.13074,0.46923,1.0518,1.0518,114.94,0.99995,-0.042024,0.004938,0,235.16,3.0516,194.88,1.873,0.29633,1
-0.060873,0.42219,0.23492,1.7809,-8.538,-0.11088,-0.063943,1.0941,0.9762,0.46192,-0.063943,-0.21256,-0.017425,-0.063943,-5940.2,-0.061446,2.3686,-0.063943,-0.042949,62.938,1.5146,-0.055313,-0.040888,-0.11015,0.46192,-0.054175,-0.36269,0.50599,4.581,0.28063,-0.042949,71.994,5.0698,-0.13101,-0.055313,1.5097,2.2988,0.58329,-0.037153,0.059368,-0.80177,-0.037153,126.96,64.027,-0.23712,0.92753,61.44,-0.093314,-0.062678,1.2689,0.30082,0.19724,0.99494,1.2564,8952.2,-0.024385,-0.13178,1.0244,0.26277,5.7993,5.7008,73.75,4.9492,3.2067,0
0.14251,0.32425,0.41565,2.2819,44.038,0.48836,0.17822,2.084,1.0715,0.67575,0.17822,0.54963,0.083559,0.17822,520.98,0.70061,3.084,0.17822,0.065552,14.617,1.0594,0.17562,0.052417,0.60734,0.67575,0.59047,0.69216,1.5981,4.1337,0.10339,0.065552,46.644,7.8251,0.54162,0.17562,2.7215,,0.67575,0.064598,0.1405,0.047468,0.064598,93.219,78.602,1.3089,1.9461,15.662,0.12667,0.046591,2.2819,0.32425,0.12779,2.5981,2.5981,5654.9,0.066719,0.21089,0.93328,0,24.971,4.6436,43.532,8.3846,10.453,0
0.13726,0.24176,0.36966,2.529,46.672,0.071043,0.16785,2.4917,1.0838,0.6024,0.16785,0.69428,0.10025,0.16785,418.03,0.87314,4.1363,0.16785,0.079715,20.068,1.1299,0.16325,0.065184,0.12054,0.6024,0.74659,0.84026,0.95135,4.0699,0.091631,0.079715,45.419,8.0362,0.67525,0.16325,2.1126,,0.6024,0.07753,0.23345,0.038492,0.07753,96.203,76.135,1.1856,2.0502,21.749,0.12001,0.056993,2.529,0.24176,0.12444,1.5503,1.5503,4342.3,0.077312,0.22785,0.92269,0,18.189,4.7941,41.908,8.7096,5.419,0
-0.056756,0.80413,0.066074,1.0822,-41.1,-0.06441,-0.046925,0.16731,1.0007,0.13454,-0.046925,-0.058355,-0.014655,-0.046925,-9022.5,-0.040454,1.2436,-0.046925,-0.02114,51.684,0.8202,0.000046,-0.025568,0.0115,0.13454,-0.052679,0.000208,0.50905,4.2399,0.32256,-0.02114,132.31,2.7586,0.000057,0.000046,2.2417,,0.13454,0.000021,0.11377,1.8307,0.000021,128.05,76.362,-0.18057,0.69129,51.718,-0.014349,-0.006464,1.0822,0.80413,0.3625,1.0365,1.0365,1148,0.000656,-0.42184,0.99934,0,7.0622,4.7799,132.22,2.7605,17.101,0
0.11823,0.37012,0.15459,1.4514,-37.672,0,0.11823,1.7018,1.2651,0.62988,0.12527,0.34524,0.10816,0.11823,987.27,0.36971,2.7018,0.11823,0.093456,71.765,1.168,0,0.093456,0.14944,0.2311,0.36971,0,0.30736,5.3041,0.28885,0.21126,128.52,2.8401,2.6278,0.019417,1.2651,136.66,0.6317,0.015348,0.030343,0.6631,0,140.41,68.644,0.47533,0.72509,93.344,-0.018605,-0.014707,1.3429,0.34246,0.3521,1.2524,1.256,31135,0.23119,0.1877,0.78039,0.002885,5.0861,5.3173,98.805,3.6942,2.5153,0
0.058814,0.19155,0.16374,1.8548,17.158,0.25006,0.073909,4.2045,1.0908,0.80537,0.073909,0.38585,0.17148,0.073909,297.88,1.2253,5.2206,0.073909,0.053997,26.425,1.0193,0.09443,0.042969,0.31524,0.80537,1.1465,0.75253,0.25397,4.3015,0.13852,0.053997,55.717,6.551,0.49298,0.09443,1.3746,,0.80537,0.06899,0.075468,0.024674,0.06899,90.889,64.464,0.59353,1.3375,28.824,-0.066371,-0.04849,1.8548,0.19155,0.15265,1.2492,1.2492,3278.2,0.083226,0.073028,0.91677,0,13.813,5.6621,51.08,7.1457,2.123,0
0.077481,0.51657,0.31046,1.7831,6.7068,0.20384,0.092982,0.92173,1.0682,0.47613,0.092982,0.23452,0.064045,0.092982,1538.6,0.23722,1.9359,0.092982,0.048597,52.294,1.7581,0.092227,0.040495,0.21775,0.47613,0.20721,0.5149,1.0593,4.2273,0.18408,0.048597,80.793,4.5177,0.17854,0.092227,1.9287,3.6039,0.59623,0.048202,0.4234,0.13945,0.048202,102.84,50.541,0.28265,1.0916,55.862,0.062669,0.032754,1.3685,0.39647,0.22135,1.6246,2.0344,5239.3,0.06386,0.16273,0.93614,0.25223,6.9797,7.2219,75.633,4.8259,6.5286,0
0.069484,0.63963,0.31826,1.4976,-23.996,0,0.093193,0.5634,3.012,0.36037,0.12766,0.1457,0.036374,0.093193,2131,0.17128,1.5634,0.093193,0.030941,61.19,0.90303,0.12699,0.023069,0.52075,0.35274,0.13421,3.6847,7.5578,3.8959,0.18806,0.031158,79.344,4.6002,4.6002,0.069521,3.012,,0.36037,0.023082,0.12754,0.14873,0.042163,106.19,45.005,0.13761,0.70816,62.635,0.11063,0.03673,1.4976,0.63963,0.21738,8.5578,8.5578,2504.2,0.023082,0.19281,0.96976,0,5.9651,8.1102,77.513,4.7089,71.526,0
0.035178,0.51635,0.19674,1.3836,-34.954,0.048297,0.030926,0.78656,1.0363,0.40614,0.030926,0.060305,0.066376,0.030926,2379.5,0.15339,1.9367,0.030926,0.025917,84.887,1.173,0.039718,0.02948,0.044371,0.40614,0.16163,0.34493,0.67739,5.3654,0.42404,0.025917,162.56,2.2454,0.076921,0.039718,1.1982,122.72,0.40966,0.033285,0.071567,0.19291,0.033285,205.82,120.93,0.12676,0.84249,87.966,-0.008561,-0.007174,1.3742,0.51283,0.44536,1.3984,1.4105,45631,0.035001,0.086615,0.965,0.008669,4.2999,3.0182,156.87,2.3268,4.1086,0
0.16987,0.096967,0.38806,5.002,73.292,0.55857,0.2107,9.237,1.2588,0.89569,0.2107,2.1729,0.17833,0.2107,159.47,2.2888,10.313,0.2107,0.16929,39.461,1.4361,0.2552,0.13649,0.69185,0.89569,1.8678,2.5812,0.75355,4.7064,0.013021,0.16929,35.798,10.196,2.6318,0.2552,1.2621,,0.89569,0.20505,1.395,0.011965,0.20505,102.57,63.113,1.2625,3.6143,49.673,0.24396,0.19602,5.002,0.096967,0.098076,1.7393,1.7393,19738,0.2056,0.18965,0.7944,0,9.2498,5.7832,28.438,12.835,2.4168,0
0.10591,0.44759,0.14894,1.4381,-69.616,0,0.10591,1.2342,1.0143,0.55241,0.11852,0.31156,0.10442,0.10591,1542.6,0.23662,2.2342,0.10591,0.10442,115.01,1.4874,0.11464,0.10442,0.26691,0.52964,0.23662,9.0864,0.29138,4.2653,0.43832,0.11686,261.14,2.6839,2.0383,0.12944,1.0329,2.063,0.63446,0.12762,0.025868,0.13014,0.11303,172.76,57.751,0.33139,0.49798,127.86,0,0,1.0922,0.33992,0.71546,1.0807,1.2413,2743.7,0.53157,0.19172,0.89549,0.14853,3.1737,6.3202,122.33,2.9838,1.9843,0
0.005236,0.31398,0.26983,1.9607,-41.093,0.10481,0.00658,1.9174,0.99455,0.60204,0.00658,0.023429,0.11118,0.00658,1292.8,0.28232,3.1849,0.00658,0.008253,160.33,0.92142,0.01776,0.006568,0.13212,0.60204,0.27804,0.22154,0.60052,4.3507,0.38948,0.008253,127.88,2.8543,0.056562,0.01776,0.82348,6.0513,0.63517,0.022276,0.018545,0.10341,0.022276,249.72,89.392,0.014951,0.71377,159.46,-0.064304,-0.080656,1.7539,0.28085,0.35035,1.3399,1.4136,6050.4,-0.005478,0.008697,1.0055,0.055026,2.2765,4.0832,128.58,2.8387,1.7744,0
0.16106,0.5804,-0.04356,0.91052,-60.884,0.23566,0.16106,0.5594,1.0082,0.32467,0.16106,0.33085,0.15175,0.16106,902.09,0.40461,1.723,0.16106,0.10408,46.527,1.1091,-0.014175,0.10408,0.23919,0.32467,0.40461,-0.09235,-0.078241,4.5898,0.37137,0.10408,115.76,3.153,-0.024424,-0.014175,1.7837,2.629,0.41824,-0.00916,0.024572,0.32018,-0.00916,101.72,55.198,0.81647,0.50531,46.909,-0.087948,-0.05683,0.76373,0.48683,0.31716,0.58317,0.75125,-1693.8,0.00814,0.49608,0.99186,0.2882,7.8449,6.6126,114.82,3.1789,2.7797,0
0.070587,0.33958,0.63473,2.9232,-0.72401,0,0.08063,1.9448,2.2365,0.66042,0.092905,0.2443,0.042896,0.08063,1292,0.28252,2.9448,0.08063,0.036052,102.32,1.3545,0.090894,0.031562,0.15105,0.46124,0.25294,7.4049,18.016,3.2571,0.14527,0.041541,49.848,7.3223,7.1166,-0.18019,2.2365,,0.66042,-0.080568,0.082705,0.10658,0.040642,153,50.68,0.11259,1.0236,94.689,0.075588,0.033798,2.8411,0.33004,0.13657,18.746,18.746,1147.2,-0.080568,0.10688,0.96787,0,3.5673,7.202,53.864,6.7763,63.481,0
0.16719,0.052917,0.88465,17.718,421.77,0,0.16719,17.897,1.3669,0.94708,0.17862,3.1595,0.21185,0.16719,66.697,5.4725,18.897,0.16719,0.12231,68.579,1.0176,0,0.12231,0.43263,0.78424,5.4725,0,14.169,2.7882,-0.24888,0.27351,29.342,12.439,12.439,0.001119,1.3669,,0.94708,0.000818,7.4291,0.014412,0,145.37,76.796,0.65099,12.864,142.41,-0.1224,-0.08954,17.718,0.052917,0.080389,15.169,15.169,543.25,0.51844,0.17654,0.4906,0,5.3224,4.7529,14.13,25.832,21.894,0
0.019337,0.45435,0.10288,1.2302,9.276,0.082275,0.02369,1.0574,1.0214,0.48043,0.02369,0.053002,0.043671,0.02369,2232.9,0.16347,2.201,0.02369,0.01393,11.676,1.1409,0.032215,0.01137,0.10778,0.48043,0.15389,0.19348,0.22854,4.4556,0.26654,0.01393,97.979,3.7253,0.070905,0.032215,1.712,67.141,0.48781,0.018943,0.017752,0.18041,0.018943,116.31,104.63,0.35545,1.1085,11.925,-0.018365,-0.010799,1.2102,0.44697,0.26844,1.0672,1.0836,2937.1,0.020925,0.040249,0.97907,0.01536,31.262,3.4885,95.929,3.8049,3.778,0
0.12473,0.89132,0.10553,1.1184,-548.48,-0.024687,0.12473,0.12194,1.2216,0.10869,0.12476,0.13994,0.26418,0.12473,1008.1,0.36207,1.1219,0.12473,0.1021,243.93,0.84463,0,0.1021,0.31781,0.060489,0.36207,0,33.502,3.016,0.72656,0.20483,488.37,0.74738,0.74738,0.001131,1.2216,,0.10869,0.000926,0.006905,0.15006,0,296.01,52.079,0.15278,0.20246,447.32,-0.19799,-0.16208,1.1184,0.89132,1.338,34.502,34.502,109.48,0.45469,1.1476,0.54534,0,1.4963,7.0086,266.32,1.3706,387.8,0
0.059346,0.51604,0.34874,1.9191,22.063,0,0.071928,0.9378,1.1016,0.48394,0.14671,0.18957,0.086082,0.071928,1986.3,0.18376,1.9378,0.071928,0.065294,93.576,0.76715,0.052393,0.053872,0.27011,0.45478,0.15938,0.70066,1.2829,4.6492,0.44886,0.12955,130.83,2.7945,2.0547,0.04304,1.2062,3.2877,0.61952,0.039071,0.064078,0.22846,0.047561,233.21,139.64,0.21013,0.80842,97.381,0.029494,0.026773,1.4111,0.37942,0.35843,1.7803,2.279,15549,0.039071,0.12263,0.87901,0.28016,3.9006,2.6139,125.72,2.9034,4.0525,1
-0.23799,0.4203,-0.088351,0.78979,-72.273,-0.37073,-0.23799,1.3793,0.29148,0.5797,-0.23561,-0.56625,-0.65714,-0.23799,-800.91,-0.45573,2.3793,-0.23799,-0.8165,16.262,,-0.23561,-0.8165,-0.23799,-0.62619,-0.45573,-98.985,-0.13225,2.4559,1.3762,-0.80833,276.55,1.3198,1.3198,-0.26323,0.3191,,0.5797,-0.90309,0.047222,-0.074062,-0.80833,390.82,374.56,-18.326,0.078121,8.5452,-0.28206,-0.9677,0.78979,0.4203,0.75768,0.86775,0.86775,-25.24,-0.90309,-0.41054,1.7384,0,22.445,0.97449,526.31,0.69351,0.43631,1
-0.34705,0.4023,-0.088084,0.76563,-80.355,-0.41076,-0.34705,1.4857,0.72196,0.5977,-0.3074,-0.92342,-0.29859,-0.34705,-681.16,-0.53585,2.4857,-0.34705,-0.4807,57.458,1.7181,-0.30754,-0.4807,-0.74557,-0.75781,-0.53585,-7.7567,-0.12367,4.3831,0.47363,-0.4807,131.86,2.7681,2.5859,-0.31836,0.72196,,0.5977,-0.44097,0.1636,-0.076166,-0.42598,114.39,56.932,-3.0536,0.46323,39.875,-0.43902,-0.60809,0.71525,0.37583,0.36126,0.83917,0.83917,-2127.9,-0.44097,-0.58064,1.471,0,6.3524,6.4111,190.01,1.921,1.0136,0
0.054659,0.45445,0.15956,1.3669,-27.943,0.14376,0.056396,1.2005,1.0458,0.54555,0.056396,0.12969,0.030902,0.056396,2941.3,0.1241,2.2005,0.056396,0.030902,59.001,1.2466,0.088886,0.029951,0.13729,0.54555,0.12028,0.50938,0.39339,4.9495,0.24379,0.030902,90.956,4.0129,0.19559,0.088886,1.8339,15.266,0.56516,0.048705,0.021933,0.16809,0.048705,116.97,57.972,0.18528,0.68852,61.706,0.088886,0.048705,1.3079,0.43484,0.24919,1.345,1.3934,14204,0.043835,0.10019,0.95617,0.035948,6.1863,6.2961,86.969,4.1969,4.4994,0
0.082796,0.657,0.28458,1.5281,-8.3548,0.23792,0.090788,0.51534,1.0414,0.33857,0.090788,0.16849,0.052887,0.090788,1831.6,0.19928,1.5221,0.090788,0.036672,49.297,1.3236,0.098345,0.033444,0.24848,0.33857,0.18712,0.4137,1.6116,3.1747,0.24978,0.036672,82.734,4.4117,0.14969,0.098345,2.4891,4.1391,0.45673,0.039725,0.079955,0.15597,0.039725,115.05,65.753,0.24762,0.90761,0.039725,0.058205,0.023511,1.2533,0.53884,0.22667,1.9174,2.5865,425.51,0.039752,0.24454,0.96025,0.34898,7.4041,5.5511,79.445,4.5944,14.02,0
0.029079,0.41417,0.046847,1.1314,-5.3334,0.241,0.029079,1.1617,0.99896,0.48113,0.029079,0.081544,0.027102,0.029079,1056.6,0.34546,2.4145,0.029079,0.005508,7.9906,1.02,0.039988,0.005508,0.241,0.48113,0.34546,0.075665,0.07853,4.0499,0.070253,0.005508,24.629,14.82,0.096548,0.039988,5.3264,5.001,0.53869,0.007574,0.14346,0.088426,0.007574,24.357,16.366,0.2516,0.80727,7.9823,-0.074014,-0.01402,0.97412,0.35661,0.067477,0.80652,0.90302,525.49,-0.001043,0.06044,1.001,0.11964,45.679,22.302,24.655,14.804,8.8499,0
0.16438,0.088636,0.51172,6.7793,101.96,0.37384,0.20771,10.232,1.2836,0.90695,0.20771,2.3458,0.22965,0.20771,136.95,2.6652,11.282,0.20771,0.20192,89.181,1.2424,0.22414,0.1598,0.47231,0.90695,2.1764,2.7968,1.2802,4.9625,0.003923,0.20192,40.327,9.0509,2.5287,0.22414,1.0427,3801.3,0.90704,0.21788,1.424,0.011533,0.21788,168.25,79.068,0.65402,3.9407,114.47,0.19561,0.19015,6.7723,0.088545,0.11049,2.2689,2.2691,46940,0.22095,0.18125,0.77905,0.000101,4.0928,4.6163,31.417,11.618,2.5735,0
-0.3811,0.98042,-0.6765,0.30999,-66.303,0.040954,-0.3811,0.019559,3.7186,0.019176,-0.37131,-0.38871,-0.10249,-0.3811,-939,-0.38871,1.02,-0.3811,-0.10249,6.1311,0.70074,-0.35623,-0.10249,-0.3732,-0.066468,-0.38871,-14.319,-0.97147,3.0885,0.25068,-0.095795,117.94,4.1625,4.1625,-0.25102,3.7249,,0.019176,-0.067504,0.062105,-0.09174,-0.095797,23.855,17.724,-6.1012,0.12582,5.5867,-0.35623,-0.095797,0.30999,0.98042,0.24024,0.027537,0.027537,-829.39,0.18403,-19.874,0.84453,0,59.533,20.594,96.234,3.7928,5.34,1
0.16877,0.47344,0.29739,1.6559,-6.3854,0,0.20822,1.1122,2.9707,0.52656,0.27069,0.45923,0.082357,0.20822,706.31,0.51677,2.1122,0.20822,0.070089,42.018,1.2013,0.2702,0.05681,0.35399,0.5013,0.43345,4.3252,1.1934,4.0288,0.15535,0.082441,61.483,5.9366,5.6854,0.27907,2.9707,48.537,0.53499,0.093939,0.031822,0.051464,0.090955,90.474,48.456,0.49349,0.90166,46.374,0.23376,0.078688,1.5858,0.45341,0.16845,2.113,2.1468,3178,0.093939,0.32051,0.93006,0.015996,8.6868,7.5325,55.708,6.552,11.921,0
0.13969,0.28824,0.69242,3.8248,91.616,0,0.17865,2.4693,2.7376,0.71176,0.18031,0.72882,0.070829,0.17865,542.58,0.67272,3.4693,0.17865,0.065258,5.4746,1.3389,0.15046,0.051026,0.5538,0.66633,0.53755,90.748,11.086,3.2511,-0.12016,0.06542,34.924,10.451,8.888,0.17577,2.7376,,0.71176,0.064203,2.5312,0.057981,0.054959,42.276,36.801,3.402,3.6572,5.8502,0.1352,0.049387,3.2526,0.24512,0.095682,11.395,11.395,1234.5,0.064203,0.19626,0.93578,0,66.671,9.9182,32.682,11.168,43.83,0
-0.15077,0.29672,0.11906,1.4692,-21.078,0,-0.15077,2.3702,0.98804,0.70328,-0.14702,-0.59415,-0.049127,-0.15077,-2231.2,-0.16359,3.3702,-0.15077,-0.15259,62.184,1.1287,-0.15102,-0.15259,-0.56848,0.53688,-0.16359,-40.305,0.18983,4.2153,0.29915,-0.1488,78.918,4.6251,3.9554,-0.18559,0.98804,32.751,0.70953,-0.18784,0.057542,-0.20271,-0.15285,132.33,70.146,-0.89567,0.80584,52.351,-0.25325,-0.25631,1.2565,0.25375,0.21621,1.1213,1.1313,1954.6,-0.18784,-0.21438,1.1426,0.008878,5.8697,5.2034,93.741,3.8937,1.5753,0
0.078462,0.45768,0.19322,1.744,28.906,0.074727,0.10037,1.1827,1.1147,0.54128,0.10037,0.38651,0.10753,0.10037,1058.8,0.34473,2.1849,0.10037,0.068404,22.643,1.5524,0.11959,0.053473,0.099288,0.54128,0.29686,0.9085,0.35317,4.4053,0.31066,0.068404,72.006,5.069,0.2613,0.11959,1.4834,1.8278,0.73927,0.081503,0.011316,0.085012,0.081503,111.93,89.287,0.86196,1.3935,25.24,0.062186,0.04238,0.98957,0.25969,0.19728,0.98938,1.3513,4913.5,0.10288,0.14496,0.89712,0.36578,16.12,4.088,64.598,5.6503,2.682,0
0.007381,0.45679,0.21947,1.4805,6.4083,0,0.009113,1.1892,1.3505,0.54321,0.010436,0.01995,0.009437,0.009113,13082,0.027902,2.1892,0.009113,0.006748,51.177,1.4293,0.010099,0.005466,0.26529,0.49948,0.024111,7.6347,0.67792,3.6603,0.3262,0.006748,124.27,2.9372,2.9372,0.008844,1.3505,,0.54321,0.006549,0.049338,1.1089,0.007478,176.68,125.5,0.038981,1.0659,51.514,0.006467,0.004788,1.4805,0.45679,0.34046,1.6779,1.6779,1003.8,0.006549,0.013588,0.99326,0,7.1321,2.9083,123.45,2.9566,4.1716,0
0.084655,0.48719,0.33293,1.6834,-25.538,-0.050122,0.10365,0.98845,1.0273,0.48156,0.10365,0.21274,0.042837,0.10365,1217.8,0.29971,2.0526,0.10365,0.030407,60.127,1.0039,0.094602,0.024835,-0.042206,0.48156,0.26073,0.2851,1.8509,3.8043,0.1326,0.030407,53.59,6.811,0.19418,0.094602,3.4461,,0.48156,0.027753,0.080038,0.11694,0.027753,83.643,23.516,0.15076,0.53082,61.765,0.052233,0.015324,1.6834,0.48719,0.14682,2.6771,2.6771,2121.4,0.026531,0.17579,0.97347,0,6.0705,15.521,52.168,6.9966,18.95,0
0.042522,0.29479,0.15083,2.1724,5.6389,0.023299,0.053478,1.7709,1.0547,0.52206,0.053478,0.4157,0.13603,0.053478,647.35,0.56383,3.3922,0.053478,0.043766,38.174,1.2554,0.060245,0.0348,0.022077,0.52206,0.52667,0.52001,0.20933,4.6986,0.13923,0.043766,40.529,9.0058,0.20437,0.060245,1.226,0.9129,0.6882,0.049304,1.0208,0.056028,0.049304,44.255,6.0806,0.33273,1.179,40.262,-0.052491,-0.042958,0.94803,0.12864,0.11104,0.72455,0.95514,7535.7,0.051856,0.081451,0.94814,0.31826,9.5614,60.027,38.428,9.4983,1.6959,0
-0.095148,0.97151,0.077934,2.0407,-30.672,0,-0.095148,0.029325,0.11531,0.028489,-0.066596,-1.2706,0.23727,-0.095148,12961,0.028162,1.0293,-0.095148,-0.82516,266.48,0.70166,-0.076185,-0.82516,-0.10778,0.025867,0.028162,-2.6683,0.091992,4.2802,8.3952,-0.62552,103.78,3.5172,0.27111,-0.14808,0.11531,0.16839,0.43608,-1.2842,0.12325,0.6991,-0.66071,454.52,188.04,-1.1302,0.91654,116.66,-0.19869,-1.7232,0.1573,0.074884,0.28432,0.033628,0.51474,1485.7,-1.2842,-3.3398,1.4835,14.307,1.3697,1.941,237.04,1.5398,0.13611,0
0.14235,0.89106,-0.093167,0.89544,-3.1589,-1.1077,0.14235,0.12226,12.386,0.10894,0.14235,0.15975,0.020834,0.14235,1260.3,0.28961,1.1223,0.14235,0.011493,0,1.4648,0.14231,0.011493,-0.53294,-0.96541,0.28961,,-0.46098,1.6678,0.025277,0.011493,26.568,13.739,13.739,0.14413,12.386,,0.10894,0.011637,0.66349,0.11512,0.011489,6.0906,6.0906,,0.89544,0,0.026601,0.002148,0.89544,0.89106,0.072788,0.53902,0.53902,-4.336,0.011639,1.3067,0.98851,0,,59.928,26.258,13.9,61.285,0
0.072646,0.33371,0.66427,3.2165,59.975,0,0.083918,1.9967,3.208,0.66629,0.086069,0.28001,0.028649,0.083918,1325.3,0.27542,2.9967,0.083918,0.026158,15.751,0.90779,0.077501,0.022645,0.31305,0.6217,0.24164,36.019,18.431,3.0532,-0.061783,0.026829,34.928,10.45,9.3849,0.076248,3.208,,0.66629,0.023768,1.7929,0.13011,0.024158,48.542,32.791,0.52477,2.7546,16.134,0.069511,0.021668,2.8887,0.29969,0.095693,18.487,18.487,750.82,0.023767,0.10903,0.97392,0,23.174,11.131,34.098,10.704,89.011,0
0.088802,0.58091,0.10605,1.2093,-166.3,0,0.088802,0.72145,1.1762,0.41909,0.088802,0.17526,0.27223,0.088802,662.17,0.55122,1.7214,0.088802,0.075498,96.46,1.2989,0,0.075498,0.21702,0.41461,0.55122,,0.27385,5.0468,0.45682,0.15608,271.51,1.3443,1.1726,0.030584,1.1762,4.092,0.49287,0.026002,0.091869,0.083678,0,175.7,79.239,0.026002,0.59582,166.56,-0.23141,-0.19674,1.0548,0.5067,0.74386,1.0822,1.2727,11813,0.42088,0.21189,0.58773,0.17604,3.784,4.6063,157.24,2.3214,3.0373,0
0.22156,0.12967,0.52091,7.3978,132.03,0,0.27567,6.7119,0.93131,0.87033,0.30925,3.3858,0.31723,0.27567,160.2,2.2784,7.7119,0.27567,0.296,19.986,0.9549,0.30465,0.2379,0.26885,0.80819,1.8612,9.0726,1.3099,3.2785,-0.32511,0.296,22.841,15.98,10.034,-0.36975,0.93131,,0.87033,-0.39702,5.3114,0.013323,0.32712,66.576,46.591,4.3448,6.7715,14.306,0.28487,0.30588,4.6451,0.08142,0.062579,2.1886,2.1886,989.15,-0.39702,0.25457,0.8399,0,18.263,7.8342,31.91,11.438,2.3419,0
-0.049476,0.68901,0.047873,1.0829,-50.429,-0.004752,-0.049476,0.34752,1.0052,0.23945,-0.049476,-0.085678,0.005626,-0.049476,18147,0.020114,1.4514,-0.049476,-0.020083,56.115,1.0262,0.014412,-0.020083,-0.004752,0.23945,0.020114,0.058806,0.12778,4.6616,0.27926,-0.020083,86.004,4.244,0.020917,0.014412,2.4763,2.2107,0.35099,0.00585,0.007956,0.29136,0.00585,91.97,35.855,-0.13063,0.42702,56.408,-0.048923,-0.019859,0.90759,0.57747,0.23563,0.6391,0.93682,2196.5,0.005186,-0.20663,0.99481,0.46584,6.5044,10.18,85.558,4.2661,6.5755,0
0.11463,0.67143,-0.27832,0.58247,-51.199,-0.14666,0.11463,0.48937,3.2262,0.32857,0.1147,0.17197,0.12617,0.11463,602.08,0.60623,1.4894,0.11463,0.035531,15.657,1.0433,0.1089,0.035531,0.3989,-0.032027,0.60623,1633.9,-0.45496,3.5454,0.20688,0.035532,68.577,5.3225,5.2841,-0.32166,3.2262,,0.32857,-0.099702,0.075413,0.055769,0.033756,38.239,22.582,0.82831,0.37485,14.237,-0.18351,-0.05688,0.57826,0.66658,0.18788,0.53711,0.53711,-977.11,-0.099702,0.34887,0.9687,0,23.312,16.163,75.414,4.84,5.2738,0
0.017311,0.33013,0.028772,1.0904,-51.357,0.02166,0.021437,1.6372,1.025,0.54048,0.021437,0.067365,0.10179,0.021437,780.34,0.46775,3.0291,0.021437,0.014131,52.343,1.1894,0.036022,0.011411,0.012339,0.54048,0.45525,0.24338,0.044061,4.6389,0.2119,0.014131,78.477,4.6511,0.10912,0.036022,1.5639,10.867,0.55239,0.023746,0.037952,0.064221,0.023746,80.583,28.239,0.079572,0.40678,53.65,-0.096958,-0.063915,1.0511,0.31822,0.215,0.82767,0.84591,1252.8,0.024352,0.032028,0.97565,0.022039,6.9732,12.925,76.566,4.7672,2.3231,0
-0.045183,0.21503,0.32093,2.5282,31.215,-0.24069,-0.042507,3.4417,0.96015,0.74008,-0.042507,-0.20242,0.009043,-0.042507,5976.2,0.061076,4.6505,-0.042507,-0.029268,21.016,1.0955,-0.050915,-0.03111,-0.2424,0.74008,0.048632,-0.3366,0.68417,4.2067,0.091789,-0.029268,50.673,7.2031,-0.23678,-0.050915,1.5072,88.889,0.74511,-0.035057,0.91756,1.4961,-0.035057,85.004,63.988,-0.5403,2.13,20.179,-0.10656,-0.073367,2.4691,0.21,0.13883,1.5777,1.5885,5165.8,-0.041503,-0.061051,1.0415,0.006799,17.368,5.7042,52.776,6.916,3.0962,0
0.041561,0.079918,-0.015575,0.80512,-49.898,0.12245,0.043148,11.441,1.1753,0.91437,0.043148,0.53991,0.308,0.043148,278.7,1.3096,12.513,0.043148,0.12698,16.885,0.97811,0.045277,0.1223,0.12512,0.91437,1.2898,1.566,-0.016646,6.0717,0.23022,0.12698,100.89,3.6177,0.56654,0.045277,0.34571,,0.91437,0.13324,0.024274,0.024603,0.13324,67.028,50.144,2.6439,0.60842,19.845,-0.016238,-0.047786,0.80512,0.079918,0.27642,0.97725,0.97725,-18372,0.14918,0.045453,0.85082,0,21.617,7.2791,85.841,4.2521,0.36318,0
0.039397,0.61093,0.1186,1.2826,-20.284,0.00019,0.039397,0.63685,1.3512,0.38907,0.039397,0.093866,0.050529,0.039397,3266,0.11176,1.6368,0.039397,0.029156,56.787,1.0703,0,0.029156,0.051058,0.23161,0.11176,,0.2569,3.7659,0.3661,0.058313,91.684,3.981,2.7351,0.006022,1.3512,,0.38907,0.004456,0.27907,0.70515,0,113.77,56.986,0.1874,0.7817,45.922,-0.028879,-0.021372,0.88115,0.41972,0.25119,0.84273,0.84273,691.74,-0.23659,0.10126,1.2385,0,6.4275,6.4051,113.38,3.2194,2.9268,0
0.15882,0.12695,0.58575,5.6139,42.719,0.4095,0.19634,6.8723,1.1498,0.87246,0.19634,1.5466,0.13252,0.19634,211.06,1.7294,7.8769,0.19634,0.11851,91.236,1.2227,0.21632,0.095863,0.50659,0.87246,1.4338,1.5013,2.0389,4.4569,0.007796,0.11851,32.158,11.35,1.7039,0.21632,1.6623,,0.87246,0.13057,0.925,0.017425,0.13057,131.14,39.909,0.38351,2.3519,104.9,0.19312,0.11656,5.6139,0.12695,0.088105,3.0368,3.0368,16772,0.13027,0.18204,0.86973,0,4.0006,9.1458,27.969,13.05,5.7667,0
0.029622,0.35068,0.28643,13.966,263.99,0,0.033471,1.8516,0.38774,0.64932,0.033472,1.5152,0.12311,0.033471,2681.4,0.13612,2.8516,0.033471,0.086323,11.675,0.86886,0.031542,0.076396,0.12291,0.58763,0.12514,27352,0.41422,2.9381,0.53044,0.086326,20.917,17.45,1.0992,0.002263,0.38774,1.2839,0.87996,0.005835,6.6462,0.25519,0.081347,152.22,140.54,2.3884,13.405,11.744,0.017278,0.044561,0.87978,0.02209,0.057306,0.93903,1.2726,248.38,0.005838,0.045619,0.93525,0.35519,31.263,2.597,20.795,17.553,0.56074,0
0.13462,0.40364,0.5314,2.3619,43.98,0.25605,0.16814,1.4103,1.0405,0.56925,0.16814,0.43091,0.059445,0.16814,774.43,0.47132,2.4775,0.16814,0.05254,18.044,1.185,0.14501,0.042064,0.32544,0.56925,0.38825,0.47147,6.7776,4.4283,0.022873,0.05254,46.305,7.8825,0.35927,0.14501,3.2544,56.817,0.58269,0.045312,0.84718,0.07941,0.045312,67.408,49.364,0.8509,1.9564,18.774,0.12291,0.038407,2.2832,0.3902,0.12686,7.2604,7.4318,14245,0.038913,0.23648,0.96109,0.023603,20.229,7.394,44.503,8.2017,40.818,0
0.086244,0.53789,0.15571,1.2917,-5.6906,0.22244,0.1028,0.83489,1.0849,0.44908,0.1028,0.19254,0.08838,0.1028,1600.1,0.22811,1.8591,0.1028,0.074044,15.602,1.3455,0.093935,0.062122,0.26658,0.44908,0.19734,0.73406,0.50167,5.1456,0.38221,0.074044,152.28,2.3969,0.17464,0.093935,1.4306,157.71,0.45307,0.067661,0.23141,0.15534,0.067661,148.82,133.22,1.4533,1.1805,16.927,0.074032,0.053325,1.2821,0.53389,0.41721,1.4468,1.4597,21772,0.078252,0.19205,0.92175,0.008899,23.394,2.7398,140.37,2.6003,4.4727,0
0.025095,0.48192,0.3375,3.6662,189.09,0,0.033199,1.0751,0.41952,0.51808,0.043547,0.26226,0.56037,0.033199,748.22,0.48782,2.0751,0.033199,0.079136,58.774,1.0321,0.033315,0.059818,0.13958,0.51176,0.471,3.2194,0.62978,4.199,0.63746,0.079409,68.822,5.3035,1.3931,-0.25184,0.41952,,0.51808,-0.60029,1.8789,0.068297,0.079413,196.84,138.07,0.37148,3.1325,36.727,-0.16857,-0.40183,0.96301,0.12659,0.18855,0.96674,0.96674,5336.9,-0.60029,0.048438,0.95493,0,6.2102,2.6437,110.14,3.3141,0.78282,0
0.020054,0.45029,0.39553,1.8784,11.217,0.16838,0.02599,1.0711,1.0057,0.4823,0.02599,0.057719,0.020224,0.02599,2981.8,0.12241,2.2208,0.02599,0.009536,24.296,0.77069,0.01794,0.007358,0.20584,0.4823,0.10923,0.066197,2.5654,6.2226,0.1455,0.009536,60.645,6.0186,0.039841,0.01794,2.7415,,0.4823,0.006582,0.40927,0.31451,0.006582,88.59,64.294,0.11053,1.4755,24.435,-0.01119,-0.004106,1.8784,0.45029,0.16615,3.1281,3.1281,660360,0.00566,0.04158,0.99434,0,15.023,5.677,60.302,6.0528,17.678,0
0.019213,0.5263,-0.015068,0.89429,-88.844,0.019358,0.01306,0.88923,1.2484,0.468,0.01306,0.091624,0.14525,0.01306,2722.3,0.13408,1.9001,0.01306,0.026883,50.107,1.3263,0.097217,0.039549,-0.048142,0.468,0.14577,2.4983,-0.017269,5.9673,1.0453,0.026883,133.7,2.73,0.18472,0.097217,0.4875,0.15838,0.85176,0.20012,0.13012,0.11183,0.20012,81.838,31.731,0.28809,0.42641,62.555,0.039714,0.081748,0.2422,0.14254,0.3663,0.53637,0.97619,-13975,0.199,0.041054,0.801,0.82,7.2844,11.503,107.09,3.4082,0.55678,0
0.003929,0.86534,-0.043267,0.95,-59.629,-0.26007,0.017541,0.15564,2.0958,0.13468,0.057912,0.02027,0.024925,0.017541,6046.3,0.060367,1.1556,0.017541,0.00837,47.912,1.0498,0.054446,0.001875,0.024517,-0.21609,0.044638,1.3486,-0.24317,3.3551,0.41044,0.019008,154.41,2.3638,2.3638,0.050596,2.1031,,0.13468,0.024142,0.022898,0.32358,0.025979,139.72,91.807,0.014283,0.34082,49.09,0.019748,0.009423,0.95,0.86534,0.42305,0.75695,0.75695,-98,0.024015,0.029175,0.97259,0,7.6181,3.9757,150.71,2.4219,11.779,1
-0.26293,0.63021,0.083636,1.1341,-33.712,0.10049,-0.24745,0.51365,0.8011,0.3237,-0.24745,-0.39673,-0.17376,-0.24745,-1188.6,-0.30709,1.5868,-0.24745,-0.22216,67.374,0.3811,-0.24885,-0.23607,0.20893,0.3237,-0.33166,-1.7899,0.28578,4.356,0.56205,-0.22216,163.74,2.2291,-0.39488,-0.24885,1.1817,77.218,0.3302,-0.22343,0.01184,-0.10629,-0.22343,229.38,162.01,-1.2789,0.80446,53.974,-0.30277,-0.27184,1.1224,0.62371,0.4486,1.1061,1.1283,1898.5,-0.24828,-0.81226,1.2483,0.020073,5.4175,2.253,204.39,1.7858,3.8058,0
0.008587,0.049884,0.75091,16.053,301.76,0.14761,0.015543,16.773,0.88937,0.83669,0.015543,0.31159,0.087299,0.015543,379.96,0.96062,20.047,0.015543,0.028317,164.7,0.6402,-0.008007,0.015643,0.18862,0.83669,0.82116,-0.12974,3.7694,5.1208,-0.82398,0.028317,29.501,12.372,-0.16052,-0.008007,0.64771,,0.83669,-0.014588,10.328,0.0673,-0.014588,189.91,25.211,0.034667,11.088,146.48,-0.040383,-0.07357,16.053,0.049884,0.080825,4.2,4.2,99176,-0.12439,0.010263,1.1244,0,2.2161,14.478,33.17,11.004,2.7554,0
0.069714,0.685,-0.092747,0.84543,-69.225,0,0.069714,0.45985,1.5632,0.315,0.10243,0.11618,0.084678,0.069714,1888.9,0.19324,1.4598,0.069714,0.044597,40.57,0.61942,0.10243,0.044597,0.61799,-0.034696,0.19324,3.1308,-0.18824,3.2948,0.36329,0.062872,147.19,2.4798,2.1722,0.075215,1.5632,3.9258,0.39996,0.048116,0.20781,0.13831,0.065527,89.336,48.766,0.40124,0.55587,42.62,0.039776,0.025446,0.74057,0.60004,0.40326,0.63932,0.81176,-182.85,0.048116,0.22132,0.95618,0.26972,8.9969,7.4847,140.11,2.6051,3.1727,0
-0.095675,0.48029,0.47701,1.9932,47.711,-0.17055,-0.096408,1.082,1.9496,0.51969,-0.066176,-0.20073,-0.044223,-0.096408,-2033.3,-0.17951,2.0821,-0.096408,-0.04945,33.087,,-0.066176,-0.049074,-0.096408,0.3887,-0.17799,-2.1889,11.171,2.5817,0.22728,-0.035139,77.538,4.7075,4.7075,-0.31128,2.1948,,0.51969,-0.15967,0.081547,-0.28596,-0.033943,171.89,138.8,-0.54136,0.44952,28.531,-0.076367,-0.039171,1.9932,0.48029,0.21243,12.17,12.17,182.08,-0.15967,-0.1841,1.0302,0,11.031,2.6296,89.918,4.0592,45.655,1
0.033415,0.14916,0.21194,2.4584,46.651,-0.12883,0.034521,5.704,0.73119,0.85084,0.050168,0.23754,0.13024,0.034521,571.7,0.63845,6.704,0.034521,0.047212,64.631,1.2489,0.048632,0.0457,0.04122,0.33854,0.63104,3.1081,0.32975,5.0837,0.105,0.050739,76.585,4.766,4.6432,0.038585,0.73119,,0.85084,0.05277,0.50217,0.045472,0.06651,141.91,77.282,0.25809,1.5675,68.232,-0.012081,-0.016522,2.3951,0.14532,0.20982,1.3238,1.3238,25699,0.052771,0.039274,0.95362,0,5.6474,4.723,72.543,5.0315,1.1376,0
0.13784,0.52685,0.41113,1.7837,8.2073,0.17625,0.19195,0.89714,1.0333,0.47265,0.19195,0.3659,0.027929,0.19195,969.35,0.37654,1.8981,0.19195,0.027023,12.494,2.1084,0.21362,0.019406,0.23258,0.47265,0.27384,0.31075,6.3947,4.1767,0.029841,0.027023,27.854,13.104,0.40546,0.21362,7.1151,305.19,0.47492,0.030074,0.62206,0.078715,0.030074,31.315,18.821,0.56693,1.3203,12.909,0.20718,0.029168,1.776,0.52458,0.076312,7.3517,7.387,6176.1,0.032206,0.29162,0.96779,0.004801,29.215,19.393,26.957,13.54,110.48,0
0.056816,0.51233,-0.016462,0.96419,-556.14,0,0.056816,0.95188,0.38181,0.48767,0.10533,0.12358,0.20596,0.056816,2378,0.15349,1.9519,0.056816,0.14881,345.88,0.92131,0,0.14881,0.043159,0.48254,0.15349,0,-0.029571,5.0676,1.2817,0.39352,609.89,0.59847,0.53707,0.017063,0.38181,,0.48767,0.04469,0.07843,0.78257,0,389.32,43.431,0.15703,0.17724,479.96,-0.021822,-0.057155,0.86527,0.45976,1.6709,0.87601,0.87601,-1923.4,0.27934,0.1165,1.1178,0,1.0553,8.4041,439.53,0.83044,0.68584,0
0.084197,0.35162,0.26216,1.7692,-0.70352,0.20594,0.084197,1.5652,1.023,0.55037,0.084197,0.24704,0.084134,0.084197,760.3,0.48008,2.8439,0.084197,0.041964,32.644,1.2426,0.093178,0.041964,0.20594,0.55037,0.48008,0.4751,0.66033,4.3042,0.16274,0.041964,63.429,5.7544,0.26499,0.093178,2.0594,39.208,0.56117,0.04644,0.32714,0.065023,0.04644,89.411,56.767,0.46922,1.2427,33.395,0.008568,0.00427,1.7149,0.34082,0.17378,1.3863,1.4135,5281.3,0.022503,0.15298,0.9775,0.019628,11.181,6.4298,62.002,5.8869,5.0537,0
0.010649,0.27666,0.64356,3.3262,148.73,0.088234,0.019422,2.5723,0.97867,0.71163,0.019422,0.070203,0.016869,0.019422,4214.9,0.086597,3.6146,0.019422,0.013675,2.6408,0.84058,-0.045646,0.007498,0.11028,0.71163,0.054887,-0.31454,8.0656,4.1519,-0.347,0.013675,69.584,5.2455,-0.16499,-0.045646,1.4885,,0.71163,-0.03214,2.9101,-0.22124,-0.03214,29.587,26.946,1.0364,3.2891,2.5845,-0.050182,-0.035333,3.3262,0.27666,0.19064,8.9188,8.9188,9130.8,-0.021792,0.014964,1.0218,0,138.22,13.546,71.1,5.1336,17.8,0
0.13033,0.77424,0.2107,1.2721,7.3584,0,0.16487,0.29159,2.7657,0.22576,0.20411,0.21294,0.060991,0.16487,1675.3,0.21787,1.2916,0.16487,0.059613,20.731,1.5393,0.20374,0.047123,,0.20746,0.17325,5.1921,13.99,3.4366,0.25952,0.062459,111.02,3.2877,3.2877,0.22016,2.7657,,0.22576,0.079606,0.075137,0.12435,0.073666,122.31,101.58,0.82967,1.0693,22.524,0.19992,0.072288,1.2721,0.77424,0.30416,14.99,14.99,575.75,0.079606,0.57728,0.94055,0,17.606,3.5932,102.18,3.5721,183.64,0
0.18042,0.50507,0.24365,1.5955,8.1954,0.43236,0.22445,0.95656,1.176,0.48313,0.22445,0.54859,0.14793,0.22445,737.38,0.495,1.9799,0.22445,0.1328,44.94,1.3908,0.25779,0.10675,0.53629,0.48313,0.40783,1.7939,0.70172,4.7782,0.29788,0.1328,103.92,3.5124,0.51041,0.25779,1.7031,4.636,0.57905,0.15253,0.012334,0.058602,0.15253,139.89,94.95,0.86704,1.0869,52.852,0.23224,0.13741,1.2925,0.40914,0.2847,1.3914,1.6677,14619,0.14969,0.37345,0.85031,0.19855,8.1219,3.8441,88.361,4.1308,4.8676,0
0.01041,0.86979,-0.67322,0.22599,-391.66,0.4643,0.004624,0.099427,1.0724,0.086481,0.004624,0.005316,0.054613,0.004624,7646.1,0.047737,1.1497,0.004624,0.006082,22.885,0.97283,0.010888,0.013692,0.49029,0.086481,0.054389,0.15359,-0.83793,5.5907,1.1422,0.006082,447.82,0.81505,0.012519,0.010888,0.80201,,0.086481,0.014322,0.013404,0.59841,0.014322,88.771,65.886,0.21838,0.17119,24.543,-0.026009,-0.03421,0.22599,0.86979,1.2269,0.10764,0.10764,-262370,0.067542,0.12037,0.93246,0,15.949,5.5398,417.58,0.87409,0.94628,0
0.1366,0.43794,0.2445,1.6848,-43.473,0.017241,0.16908,1.2834,2.1604,0.56206,0.20192,0.47361,0.13192,0.16908,560.85,0.6508,2.2834,0.16908,0.078264,77.458,1.189,0.18456,0.063226,0.3535,0.4671,0.57661,5.6206,0.61355,3.5628,0.20061,0.09025,64.607,5.6961,4.6435,0.14349,2.2355,2.1003,0.63016,0.066416,0.062003,0.048581,0.085429,97.883,20.425,0.29794,0.40064,82.29,0.068634,0.031769,1.3735,0.35701,0.17556,1.4105,1.5813,893.41,0.066416,0.24303,0.92436,0.12116,4.7122,17.87,60.316,6.0514,5.4215,0
0.30553,0.10945,0.23452,3.1426,22.322,0.73331,0.30553,6.3377,1.2381,0.69368,0.30553,2.7914,0.25171,0.30553,111.16,3.2836,9.1364,0.30553,0.21398,42.305,1.1919,0.30756,0.21398,0.73331,0.69368,3.2836,2.667,0.35748,4.5767,0.071268,0.21398,34.643,10.536,2.81,0.30756,1.4771,,0.69368,0.21541,0.078211,0.009956,0.21541,85.743,43.438,1.8462,1.6307,52.379,0.25369,0.17768,3.1426,0.10945,0.094912,1.0574,1.0574,8848.1,0.19233,0.44044,0.80767,0,8.6279,8.4027,27.98,13.045,2.1764,0
0.076253,0.032147,0.25653,8.9798,-505.43,0,0.076253,30.107,0.59896,0.96785,0.07764,2.372,0.67795,0.076253,28.896,12.632,31.107,0.076253,0.12731,1.4831,1.2985,0,0.12731,0.26298,0.76753,12.632,0,0.36063,4.3203,-0.061233,0.27913,78.435,4.6536,4.6536,0.002869,0.59896,,0.96785,0.00479,2.1741,0.003249,0,133.32,131.84,31.332,8.9041,5.9379,-0.32982,-0.55065,8.9798,0.032147,0.21489,1.3606,1.3606,5362.9,0.75024,0.078785,0.28734,0,246.11,2.7685,19.59,18.632,0.84204,0
0,0,1.3854,,8424.7,0,0,,1.4724,4.1294,0,,0,0,,,,0,0,578.63,1.0509,0.37253,0,0,4.1294,,7.7361,0.54433,3.9377,-3.73,0,0,,,0.37253,10.044,,4.1294,0.52542,,0,0.52542,5018.5,4439.9,0,,851.95,0.37253,0.52542,,0,0,1.6225,1.6225,12002,0.32082,0,0.67918,0,0.6308,0.08221,0,,0.27858,0
0.035421,0.25534,-0.02226,0.89969,-50.448,-0.076937,0.035421,2.9163,0.91789,0.74466,0.048106,0.15962,0.078535,0.035421,1292.9,0.28231,3.9163,0.035421,0.038589,36.82,1.2134,0.046572,0.038589,0.047298,0.74236,0.28231,3.6713,-0.027813,5.4169,0.26457,0.051234,93.865,3.8885,3.3794,0.054997,0.91789,3.7274,0.77338,0.059917,0.060485,0.10225,0.050738,74.052,37.232,0.38254,0.48242,39.167,0.009906,0.010792,0.78188,0.22191,0.25717,0.93041,0.9663,-5812.9,0.059917,0.047566,0.96162,0.038569,9.9131,9.8034,88.241,4.1364,1.1468,0
0.27634,0.51893,0.4402,1.8483,-5.5417,0,0.27634,0.92705,3.2033,0.48107,0.27776,0.53252,0.086667,0.27634,682.25,0.53499,1.9271,0.27634,0.086267,53.388,1.0603,0.27608,0.086267,0.68599,0.27634,0.53499,194.53,10.771,3.4294,0.11961,0.086434,64.708,5.6407,5.6407,0.27622,3.2033,,0.48107,0.086228,0.29384,0.062364,0.086186,91.913,38.524,0.58978,0.94538,58.426,0.2748,0.085786,1.8483,0.51893,0.17728,11.771,11.771,1183.3,0.086229,0.57443,0.91378,0,6.8367,9.4745,59.129,6.173,78.378,0
0.11846,0.69202,0.036804,1.0643,-45.347,0,0.11846,0.44505,2.5433,0.30798,0.12992,0.20693,0.084184,0.11846,1179.7,0.30939,1.4451,0.11846,0.046579,46.676,1.1773,0.12931,0.046579,0.23947,0.14678,0.30939,11.287,0.0942,3.5948,0.26268,0.049611,85.605,4.2638,3.5273,0.10233,2.5433,,0.30798,0.040234,0.054063,0.10254,0.050842,83.001,36.325,0.36424,0.49618,48.633,0.033664,0.013237,0.88046,0.57249,0.23454,0.78828,0.78828,144.77,0.040234,0.38464,0.95403,0,7.8199,10.048,82.161,4.4425,6.5095,0
-0.23482,1.1325,-0.19243,0.83008,-12.012,-0.084996,-0.23482,-0.11699,8.0866,-0.13249,-0.22238,-0.20735,-0.025632,-0.23482,-1994.2,-0.18303,0.88301,-0.23482,-0.029039,3.6052,1.9439,-0.24403,-0.029039,-0.03899,-0.15617,-0.18303,-19.617,-3.2103,3.3245,0.13831,-0.0275,49.144,7.4271,7.4271,-0.32458,8.0866,,-0.13249,-0.040138,0.018928,-0.17437,-0.030177,41.463,37.858,-2.94,0.75955,3.4661,-0.27158,-0.033584,0.83008,1.1325,0.13464,-2.2103,-2.2103,-406.25,-0.040138,1.7724,1.0286,0,101.24,9.6412,51.117,7.1405,134.91,0
0.10154,0.6187,0.43941,7.6575,134.13,0.32601,0.10424,0.52982,1.1887,0.3278,0.10424,1.5793,0.14399,0.10424,1370.4,0.26635,1.6163,0.10424,0.091082,25.132,1.1892,0.16865,0.088728,0.33751,0.3278,0.262,1.7518,0.88842,4.4467,0.41298,0.091082,25.023,14.586,0.2726,0.16865,1.2364,0.77187,0.8805,0.14737,2.5839,0.088743,0.14737,106.8,81.669,1.2886,6.4636,29.875,0.1081,0.094456,0.81689,0.066002,0.068557,0.66277,1.7803,12290,0.15878,0.30977,0.84122,1.6861,14.524,4.4693,21.05,17.34,2.3139,0
-0.23313,3.0313,-2.0313,0.32989,-519.36,-1.8371,-0.233,-0.67011,1.5041,-2.0313,0.035955,-0.076865,-0.15021,-0.233,-4897.3,-0.074531,0.32989,-0.233,-0.15491,0,1.933,0.035947,-0.15499,-0.71235,-2.0703,-0.074573,0.13365,,3.1085,1.363,0.022563,778.11,0.46908,0.46908,0.082184,1.5041,,-2.0313,0.054639,0.32692,2.3487,0.023899,2.1874,2.1874,,0.32989,0,0.028873,0.019196,0.32989,3.0313,2.1318,,,-2608,0.054639,0.11477,1.1547,0,,166.86,735.6,0.49619,,0
0.045404,0.081934,0.62185,8.5897,301.14,0.087694,0.052261,10.82,1.0758,0.88653,0.052261,0.63784,0.15959,0.052261,310.02,1.1773,12.205,0.052261,0.086462,109.81,1.0114,0.030954,0.075117,0.10902,0.88653,1.0937,0.55092,2.0993,5.473,-0.53062,0.086462,53.227,6.8574,0.37779,0.030954,0.62923,,0.88653,0.051211,4.9999,0.035841,0.051211,177.61,67.806,0.24969,6.3704,118.13,-0.01325,-0.021921,8.5897,0.081934,0.14583,2.9929,2.9929,184800,0.070451,0.051215,0.92955,0,3.324,5.383,49.477,7.3772,2.0405,0
0.069524,0.63284,0.22897,1.5592,-10.976,0.16518,0.083749,0.51833,1.0488,0.32802,0.083749,0.20453,0.026615,0.083749,1689.4,0.21605,1.5802,0.083749,0.016303,26.671,1.2004,0.22149,0.013534,0.22379,0.32802,0.19357,0.45218,0.63328,4.3779,0.11156,0.016303,30.512,11.962,0.34999,0.22149,5.1727,1.1776,0.5514,0.043115,0.14914,0.075805,0.043115,41.023,14.352,0.18521,0.64244,27.972,0.16851,0.032803,1.0088,0.40946,0.083595,0.90722,1.525,5466.1,0.046512,0.21195,0.95349,0.68099,13.685,25.432,29.093,12.546,14.208,0
0.10438,0.092506,0.34417,4.7205,117.49,0.26624,0.12728,9.0888,1.2121,0.84077,0.12728,1.3759,0.21655,0.12728,202.54,1.8021,10.81,0.12728,0.16534,62.959,1.008,0.11002,0.13559,0.32072,0.84077,1.5545,1.7323,0.61096,5.6786,-0.004419,0.16534,53.163,6.8657,1.1893,0.11002,0.7984,,0.84077,0.14292,1.2203,0.020351,0.14292,153.52,90.563,0.7861,3.2851,76.312,0.070599,0.091708,4.7205,0.092506,0.14565,1.4925,1.4925,164210,0.17498,0.12415,0.82502,0,5.7974,4.0303,43.86,8.3219,1.3666,0
0.054537,0.70697,-0.038524,0.91405,-83.164,0,0.066913,0.41448,1.4057,0.29303,0.092746,0.14929,0.10432,0.066913,1759.7,0.20742,1.4145,0.066913,0.0476,64.359,1.7306,0.092725,0.038797,0.12045,0.27486,0.18992,3.5894,-0.065261,4.4534,0.50075,0.064492,123.66,2.9517,1.8713,0.082743,1.4057,0.94145,0.46491,0.058862,0.008621,0.13665,0.065962,105.37,41.014,0.22003,0.36103,68.384,0.012996,0.009245,0.5795,0.44821,0.33879,0.49639,0.78757,-1094.2,0.058862,0.18612,0.95292,0.58658,5.6713,8.8995,116.38,3.1363,2.3813,0
0.11082,0.35485,0.12483,1.6445,-17.173,0.3051,0.13226,1.7203,1.1141,0.61043,0.13226,0.68285,0.17402,0.13226,859.48,0.42468,2.8181,0.13226,0.15274,49.091,1.1128,0.089315,0.12797,0.36,0.61043,0.36424,1.1491,0.18317,6.4937,0.40775,0.15274,90.954,4.013,0.2517,0.089315,0.92183,1.2537,0.77159,0.10314,0.23908,0.10827,0.10314,114.74,65.644,0.95149,1.0431,54.691,0.070883,0.081855,0.89762,0.19369,0.24919,0.89574,1.1322,389010,0.10239,0.18154,0.89761,0.264,7.4351,5.5603,81.641,4.4708,1.2707,0
0.22119,0.14529,0.87148,7.7811,126.72,-0.35956,0.233,5.8827,2.5939,0.85471,0.24645,1.813,0.093565,0.233,218.51,1.6704,6.8827,0.233,0.089825,5.303,0.87762,0.24424,0.085274,0.9165,0.50244,1.5892,18.159,,2.4743,-0.059266,0.092512,19.749,18.482,16.348,0.21864,2.5939,57.366,0.87148,0.084291,2.3355,0.019071,0.09416,98.479,93.176,5.8693,7.4879,5.7911,0.23454,0.09042,6.8827,0.12852,0.054106,,,259.76,0.08429,0.25879,0.91139,0.019626,68.829,3.9173,18.084,20.184,,0
0.056748,0.26662,0.4161,2.5612,8.0734,0,0.072592,2.7507,3.2724,0.73338,0.081032,0.27236,0.057211,0.072592,519.81,0.70218,3.7507,0.072592,0.022183,38.562,1.2352,0.080525,0.017342,0.18283,0.64979,0.64276,9.5409,1.3111,3.583,0.063554,0.024763,30.351,12.026,12.022,0.067078,3.2724,,0.73338,0.020498,0.22403,0.045541,0.024608,69.481,30.919,0.16414,1.264,39.369,-0.034098,-0.01042,2.5604,0.26653,0.083155,2.3109,2.3109,1592.8,0.020498,0.077379,0.97795,0,9.4652,11.805,29.729,12.277,10.311,0
0.38746,0.20913,0.46794,4.5392,-92.481,0.70419,0.46674,3.7817,0.68702,0.79087,0.4679,3.5301,0.71283,0.46674,155.87,2.3417,4.7817,0.46674,0.67937,42.784,1.2604,0.4679,0.56398,0.76319,0.7225,1.9627,402.07,1.1703,7.4662,0.3044,0.67937,142.92,2.7527,1.7403,0.34935,0.68702,6.756,0.86778,0.5085,3.5416,0.014201,0.68107,70.08,27.296,4.8114,3.9301,80.762,0.44492,0.64761,2.8698,0.13222,0.36328,1.978,2.1703,4.5392,0.5085,0.48992,0.424,0.097251,8.5312,13.372,70.244,5.1962,1.7182,0
0.22159,0.10885,0.50657,5.7129,97.529,0,0.27412,8.1871,1.5741,0.89115,0.27454,2.5503,0.1957,0.27412,128.97,2.8302,9.1871,0.27412,0.17414,30.02,1.1352,0.26876,0.14077,0.59257,0.61263,2.3476,647.69,1.3126,4.8104,0.021677,0.17441,30.044,12.149,11.997,0.26829,1.5741,,0.89115,0.17043,0.99783,0.011987,0.17073,117.52,87.495,1.7116,4.5084,36.188,0.23482,0.14917,5.6414,0.10749,0.082312,2.309,2.309,32739,0.17043,0.24866,0.8266,0,12.159,4.1717,24.924,14.645,4.0787,0
-0.05133,0.11395,0.37597,4.4709,61.624,0,-0.05133,7.7755,1.3753,0.88605,-0.040319,-0.47388,0.010734,-0.05133,2817.4,0.12955,8.7755,-0.05133,-0.037322,54.191,0.82518,0,-0.037322,-0.032435,0.87719,0.12955,0,0.72904,4.1318,-0.04982,-0.074037,37.668,9.6899,9.2108,0.086222,1.3753,,0.88605,0.062691,1.7162,0.057471,0,79.192,25.001,-0.25138,2.5858,71.008,-0.066093,-0.048056,4.2499,0.10832,0.1032,1.7181,1.7181,5093.2,0.23683,-0.057932,0.77527,0,6.7354,14.6,28.747,12.697,2.6669,0
0.1288,0.77991,0.19554,1.2507,16.239,0,0.16128,0.2822,3.2281,0.22009,0.16129,0.2068,0.052438,0.16128,1681.7,0.21704,1.2822,0.16128,0.049963,6.2914,2.2845,0.16008,0.039899,0.29173,0.19457,0.17539,139350,7.9624,3.894,0.23647,0.049963,92.83,3.9319,3.9319,0.16156,3.2281,,0.22009,0.050049,0.023704,0.15468,0.049589,108.2,101.91,2.3148,1.1794,6.6228,0.15209,0.047114,1.2507,0.77991,0.25433,8.9624,8.9624,1532,0.050049,0.5852,0.95011,0,58.016,3.5815,88.184,4.1391,131.45,0
0.033857,0.88501,-0.057488,0.906,-45.615,0,0.036175,0.12993,1.9752,0.11499,0.070642,0.059153,0.03696,0.036175,4424.7,0.082491,1.1299,0.036175,0.018314,32.531,0.92343,0.060559,0.017141,0.1017,0.095161,0.079872,1.757,-0.12892,3.7027,0.43794,0.035764,114,3.2016,2.2123,0.017294,1.9752,1.7681,0.32879,0.008755,0.04882,0.30291,0.030659,96.867,64.335,0.19232,0.61812,32.819,0.023728,0.012013,0.62605,0.61155,0.31234,0.25786,0.7373,-289.95,0.008755,0.29444,0.98226,1.8593,11.22,5.6734,113.01,3.2299,4.4294,0
0.11271,0.12968,0.4587,5.0972,59.445,0,0.14142,6.7113,1.4797,0.87032,0.15542,1.2632,0.11339,0.14142,282.11,1.2938,7.7113,0.14142,0.09557,59.467,1.135,0.1547,0.076167,0.42475,0.68758,1.0724,11.05,1.0684,4.6528,-0.00283,0.096307,30.877,11.897,10.271,0.15629,1.4874,,0.87032,0.10562,1.2139,0.023873,0.10455,107.24,47.773,0.4675,3.3673,66.489,0.12834,0.08673,4.4005,0.11196,0.084594,2.0271,2.0271,20621,0.10562,0.1295,0.89551,0,6.1379,7.6403,27.615,13.217,3.4466,0
0.065755,0.14119,0.25953,2.8381,24.226,0.32854,0.072943,6.0671,1.0892,0.85664,0.072943,0.51661,0.085459,0.072943,641.51,0.56897,7.0824,0.072943,0.077595,76.876,1.08,0.079216,0.069948,0.33572,0.85664,0.51806,0.91781,0.43307,4.2867,0.13436,0.077595,59.711,6.1128,0.56104,0.079216,0.95064,,0.85664,0.084267,0.13347,0.053598,0.084267,148.27,71.398,0.33211,1.4358,83.731,0.071823,0.076403,2.8381,0.14119,0.16359,1.4295,1.4295,5022.6,0.081868,0.076759,0.91813,0,4.7479,5.1122,54.823,6.6578,1.5686,0
-0.022592,0.37338,0.094443,1.4257,41.873,0.22888,-0.034901,1.6783,0.44143,0.62662,-0.000747,-0.1573,-0.009173,-0.034901,-33656,-0.010845,2.6783,-0.034901,-0.079062,28.147,1.0044,-0.004596,-0.051179,-0.14295,0.54288,0.02212,-0.13456,0.13814,5.0951,0.84582,-0.079062,203.77,1.8831,1.119,0.044012,0.44143,1.8632,0.77813,0.099702,0.080062,0.47402,-0.010411,246.86,218.71,-0.66368,1.2722,29.739,-0.035447,-0.0803,0.84718,0.22187,0.53105,0.91654,1.1381,1.4257,0.099702,0,0.95789,0.24178,12.968,1.6689,183.46,1.9896,0.64567,0
0.038268,0.52408,0.44589,3.4282,16.823,0,0.042553,0.90812,1.9893,0.47592,0.066156,0.23173,0.077385,0.042553,1242.6,0.29374,1.9081,0.042553,0.02139,65.717,1.2882,0.06447,0.019237,-0.035756,0.43332,0.28557,2.7314,1.2035,4.018,0.219,0.032797,34.067,10.714,3.754,0.021948,1.9893,1.4141,0.66781,0.011033,0.48685,0.099335,0.032408,99.1,33.383,0.10684,1.4777,66.45,-0.046922,-0.023587,1.2012,0.18363,0.093335,1.2846,1.8025,4647.4,0.011033,0.080409,0.97917,0.40319,5.5541,10.934,33.692,10.834,5.3696,0
0.18956,0.2442,0.54501,3.2318,84.668,0.36798,0.23726,2.8229,1.1393,0.68936,0.23726,0.97155,0.14614,0.23726,325.66,1.1208,4.095,0.23726,0.12668,32.405,1.1262,0.22609,0.10121,0.46724,0.68936,0.9255,1.3754,2.5856,5.3493,0.063862,0.12668,54.222,6.7316,0.92585,0.22609,1.9008,,0.68936,0.12072,0.51302,0.03058,0.12072,129.39,96.985,1.14,2.5509,36.92,0.18965,0.10126,3.2318,0.2442,0.14855,3.2704,3.2704,121830,0.12228,0.27498,0.87772,0,11.264,3.7635,47.591,7.6695,8.8853,0
0.030082,0.27726,0.53566,4.4353,88.925,0,0.039226,2.6067,1.5918,0.72274,0.040964,0.25156,0.051459,0.039226,1235.5,0.29543,3.6067,0.039226,0.024643,36.894,1.2803,0.028878,0.018898,0.15168,0.57104,0.26245,16.617,1.7368,4.0743,0.016709,0.024659,36.547,9.9871,5.6167,0.034508,1.5918,,0.72274,0.021679,1.6116,0.12914,0.018142,100.96,64.065,0.18696,3.4034,37.712,-0.013807,-0.008674,2.4944,0.15593,0.10013,2.3434,2.3434,6356,0.021679,0.041622,0.97653,0,9.8931,5.6973,35.755,10.208,5.1612,0
-0.027778,0.35794,0.3378,1.9437,22.754,-0.014471,-0.027778,1.7937,3.0335,0.64206,-0.021475,-0.077605,0.03209,-0.027778,1342.1,0.27196,2.7937,-0.027778,-0.009157,16.895,1.1265,-0.021475,-0.009157,0.038006,0.6167,0.27196,-3.4068,1.1103,3.2949,0.1148,-0.0081,42.689,8.5502,8.5502,-0.02701,3.0335,,0.64206,-0.008904,0.060186,0.11511,-0.007079,81.122,64.227,-0.19783,1.5514,16.746,-0.1466,-0.048327,1.9437,0.35794,0.11696,2.1103,2.1103,666.17,-0.008904,-0.043264,1.0091,0,21.603,5.683,43.069,8.4748,9.9703,0
0.22703,0.3536,0.24926,1.7296,-12.351,0.49898,0.28189,1.608,1.1575,0.5686,0.28189,0.82512,0.14689,0.28189,397.77,0.91761,2.8281,0.28189,0.12762,25.752,1.2334,0.29639,0.10278,0.61951,0.5686,0.76247,1.5532,0.6093,4.8609,0.15115,0.12762,65.346,5.5857,0.8382,0.29639,2.2227,36.356,0.58057,0.13418,0.51859,0.034296,0.13418,68.366,42.615,1.4568,1.2735,29.809,0.25381,0.1149,1.6711,0.34163,0.17903,1.3899,1.4191,18097,0.1361,0.39927,0.8639,0.021046,14.174,8.5651,56.453,6.4656,5.3993,0
0.25441,0.04109,0.41413,11.078,274.3,0,0.25441,23.337,0.62384,0.95891,0.25442,6.1914,0.4488,0.25441,53.568,6.8138,24.337,0.25441,0.40781,84.49,0.99593,0.24786,0.40781,0.81361,0.88413,6.8138,27038,0.76017,4.1991,-0.033683,0.40782,39.945,9.1375,9.1375,0.24837,0.62384,,0.95891,0.39814,1.5873,0.005009,0.39732,228.18,143.69,1.7617,7.5641,140.38,0.22229,0.35632,11.078,0.04109,0.10944,1.7602,1.7602,6550.3,0.39814,0.26531,0.6093,0,4.32,2.5402,24.041,15.182,1.1451,0
0.38604,0.48647,0.47081,1.9678,9.661,0.24989,0.38604,1.0556,3.2335,0.51353,0.41445,0.79355,0.12151,0.38604,451.94,0.80762,2.0556,0.38604,0.11939,39.3,1.2304,0.41435,0.11939,1.1004,0.44178,0.80762,14.588,11.022,3.2793,0.13249,0.12235,63.091,5.7853,5.7853,0.41913,3.2335,,0.51353,0.12962,0.21662,0.0385,0.12814,96.164,56.864,1.1088,1.2521,45.153,0.4075,0.12603,1.9678,0.48647,0.17285,12.022,12.022,895.72,0.12962,0.75174,0.88105,0,9.2875,6.4188,54.913,6.6468,75.699,0
0.000263,0.10011,0.89989,9.9894,175.12,0,0.000263,8.9894,2.5326,0.89989,0.000263,0.002631,0.000104,0.000263,138730,0.002631,9.9894,0.000263,0.000104,9.3064,0.8248,0,0.000104,0.005639,0.30131,0.002631,,,1.9218,-0.0225,0.000232,21.278,17.154,17.154,0.000024,2.5326,,0.89989,0.000009,1.5694,,0,121.48,112.17,0.004079,9.3443,13.726,0,0,9.9894,0.10011,0.058296,,,75.169,0.32197,0.000293,0.67803,0,39.22,3.254,14.427,25.299,,0
-0.057638,0.93084,0.065185,1.0701,14.298,-0.73633,-0.057638,0.074301,1.4235,0.069162,0.043551,-0.061973,-0.039197,-0.057638,-6089.4,-0.059941,1.0743,-0.057638,-0.040491,0.34652,2.064,0.038616,-0.040491,-0.2913,-0.043716,-0.059941,0.38163,13.68,3.9474,0.36799,-0.02974,244.39,1.4935,1.4922,0.034441,1.4235,,0.069162,0.024195,0.44702,0.7669,0.027128,148.59,148.24,-42.651,1.0686,0.35511,0.036773,0.025834,1.0692,0.93005,0.66957,14.515,14.515,577.48,0.024195,-0.83337,1.0402,0,1053.3,2.4622,238.48,1.5305,298.75,0
0.15008,0.37104,0.53318,6.4258,52.938,0,0.19592,1.6951,2.2034,0.62896,0.2291,1.9937,0.097563,0.19592,629.98,0.57938,2.6951,0.19592,0.088915,40.68,1.2514,0.22906,0.068113,0.38258,0.24778,0.45585,6.9021,1.4467,3.221,0.14081,0.093543,18.573,19.652,5.2047,0.27228,2.2034,1.4146,0.90173,0.12357,0.68379,0.049846,0.10396,93.469,52.789,0.61115,3.9267,46.416,0.21001,0.095311,1.7018,0.098266,0.050885,1.7065,2.4467,886.81,0.12357,0.23862,0.91146,0.43369,8.9725,6.9143,16.278,22.423,5.9785,0
0.058841,0.88466,0.26205,1.3656,-30.3,0,0.075057,0.13038,2.4665,0.11534,0.12327,0.10472,0.032557,0.075057,4021.2,0.09077,1.1304,0.075057,0.030431,66.669,1.3601,0.1211,0.023856,0.086168,0.090375,0.072439,2.512,12.341,3.6026,0.35775,0.042563,111.57,3.2893,2.6649,0.12181,2.4665,3.1485,0.28312,0.049387,0.014952,0.2334,0.049099,143.26,76.587,0.13061,0.73705,69.75,0.11586,0.046974,1.1064,0.71671,0.30401,5.4317,13.333,1.3656,0.049387,0.51014,0.96974,1.4546,5.4748,4.7658,106.06,3.4414,116.15,0
-0.13191,0.44545,-0.032392,0.92728,-13.237,0.10905,-0.13191,1.1688,0.98306,0.52064,-0.13191,-0.29613,-0.001799,-0.13191,-16975,-0.021502,2.2449,-0.13191,-0.024774,11.119,1.2003,-0.13184,-0.024774,0.10905,0.52064,-0.021502,-0.24342,-0.055188,3.9578,0.067663,-0.024774,30.018,12.159,-0.29597,-0.13184,5.3498,,0.52064,-0.024761,0.19138,-1.54,-0.024761,22.471,11.353,-0.81327,0.56316,10.93,-0.25417,-0.047736,0.92728,0.44545,0.082242,0.88704,0.88704,-293.92,-0.017233,-0.25336,1.0172,0,32.828,32.151,30.536,11.953,9.0718,0
0.14697,0.23027,0.31158,2.3546,73.66,0.3005,0.18025,2.724,1.1577,0.62726,0.18025,0.78365,0.17712,0.18025,374.37,0.97498,4.3427,0.18025,0.1422,26.142,1.4083,0.18508,0.11595,0.37335,0.62726,0.83047,1.6904,0.67969,5.3544,-0.011574,0.1422,76.677,4.7602,0.80374,0.18508,1.3349,1728.1,0.62752,0.14601,1.0902,0.03301,0.14601,83.745,57.603,1.6189,1.9599,30.265,0.14082,0.11109,2.3519,0.23001,0.21007,1.3683,1.3689,70468,0.13622,0.23431,0.86378,0.000416,13.962,6.3365,66.232,5.5109,2.7652,0
-0.14668,0.62152,-0.17732,0.58311,-90.946,-0.019106,-0.14668,0.60894,0.86202,0.37847,-0.10957,-0.34485,-0.17016,-0.14668,-1546.6,-0.236,1.6089,-0.14668,-0.17016,29.239,0.88452,-0.11491,-0.17016,-0.13807,-0.13069,-0.236,-3.0969,-0.2358,3.7942,0.71646,-0.13449,249.88,2.3247,1.5909,-0.029501,0.87922,1.1751,0.53077,-0.034223,0.017265,-0.18029,-0.1333,101.91,72.669,-2.1241,0.42076,25.49,0,0,0.39905,0.42534,0.6846,0.5033,0.70583,-1104,0.27925,-0.38756,1.1668,0.40241,12.483,5.0228,180.1,2.0267,1.1463,1
0.20313,0.34549,0.20028,1.6164,18.222,0.56546,0.25529,1.8235,1.0944,0.63001,0.25529,0.78567,0.13844,0.25529,347.91,1.0491,2.8944,0.25529,0.097507,10.104,1.1728,0.25604,0.077585,0.71147,0.63001,0.89816,1.0703,0.42182,4.932,0.10032,0.097507,49.577,7.3623,0.74108,0.25604,2.7188,22.016,0.65057,0.097793,0.29235,0.031272,0.097793,59.977,49.873,2.8027,1.3933,11.058,0.14886,0.056856,1.5202,0.32493,0.13583,1.3269,1.3702,17126,0.086291,0.32242,0.91371,0.03264,36.125,7.3186,45.299,8.0576,5.5142,0
0.18293,0.51755,0.46269,3.0723,0.47501,-0.48122,0.163,0.93217,2.1657,0.48245,0.2154,0.73004,0.13377,0.163,652.06,0.55976,1.9322,0.163,0.075263,76.511,1.2174,0.21444,0.084467,0.27955,0.48079,0.59828,4.0918,1.4734,4.479,0.2292,0.082767,41.838,8.7241,3.7636,0.21788,2.1657,0.8445,0.75715,0.1006,0.12314,0.05057,0.099015,110.98,34.465,0.40296,1.039,85.069,0.087731,0.040509,1.3254,0.22327,0.11462,1.5363,2.411,13940,0.1006,0.37918,0.92485,0.5694,4.7706,10.591,37.629,9.7,6.8964,0
-0.073957,0.98928,0.057587,1.1113,-198.4,0,-0.073957,0.010839,0.68494,0.010723,-0.066624,-0.14293,-0.097699,-0.073957,-5395.9,-0.067644,1.0108,-0.073957,-0.10798,110.33,0.86704,0,-0.10798,-0.10035,-0.009837,-0.067644,0,0.13551,3.687,1.2618,-0.21595,563.42,0.64783,0.33885,0.050901,0.68494,1.2973,0.29439,0.074314,0.30236,4.6851,0,223.06,112.73,-0.35723,0.71119,225.42,-0.007038,-0.010276,0.58127,0.51745,1.5436,0.025233,0.69273,280.09,0.51058,-6.897,0.51346,26.454,3.3084,3.2378,275.74,1.3237,1.6118,0
0.038149,0.32081,0.21374,1.9957,-47.147,0.038149,0.041894,2.1171,0.61981,0.67919,0.050413,0.19515,0.12566,0.041894,1503.4,0.24278,3.1171,0.041894,0.067592,147.7,1.1674,0.015724,0.06155,0.023238,0.46856,0.23111,1.8457,0.37394,5.4327,0.5176,0.067592,150.02,2.4433,1.635,0.09751,0.61981,1.6732,0.78533,0.15732,0.12397,0.20678,0.025368,236.62,88.913,0.1521,0.8273,174.54,-0.020269,-0.032703,1.3354,0.21467,0.40928,1.1883,1.3739,1.9957,0.15732,0,0.80392,0.15627,2.4712,4.1051,126.42,2.8872,1.0844,0
-0.058664,0.90612,0.22915,1.3088,21.35,-4.4912,-0.052374,0.1036,3.1843,0.093878,-0.043042,-0.070576,-0.016284,-0.052374,-6378.3,-0.057225,1.1036,-0.052374,-0.016447,1.1247,0.97362,-0.048896,-0.018423,-0.56345,-1.1941,-0.064167,-5.2394,7.9692,3.7047,0.21012,-0.016107,83.847,4.3532,3.5652,-0.046157,3.1843,,0.093878,-0.014495,0.35685,-0.62438,-0.015355,80.974,79.849,-5.9787,1.2956,1.1086,-0.049417,-0.015519,1.0719,0.7421,0.22972,3.2649,3.2649,1160.8,-0.014495,-0.62489,1.0164,0,324.53,4.5711,85.062,4.291,110.74,0
0.036596,0.24759,0.18026,1.7281,-12.522,0.009368,0.04991,3.0389,1.2441,0.75241,0.061077,0.20158,0.067002,0.04991,1084.1,0.33668,4.0389,0.04991,0.040116,62.95,1.7467,0.058721,0.029415,0.080223,0.060517,0.28291,5.2586,0.31507,4.3076,0.19722,0.04419,76.952,4.7432,4.7432,0.069747,1.2441,,0.75241,0.056061,0.030683,0.089541,0.047198,123.29,60.344,0.17056,0.86144,66.689,0.025271,0.020312,1.7281,0.24759,0.21083,1.3151,1.3151,3660.6,0.056061,0.048639,0.9602,0,5.7982,6.0487,72.638,5.025,2.1745,0
-0.034241,1.1466,-0.98078,0.14462,-2734.5,-0.2858,-0.034221,-0.12786,0.1554,-0.1466,0.001426,-0.029845,-0.19457,-0.034221,-13842,-0.026369,0.87214,-0.034221,-0.22022,371.95,0.31567,0.001235,-0.22035,0.013001,-0.32005,-0.026387,0.034644,-1.1757,2.4598,7.3631,-0.21997,2714.8,0.13445,0.13445,0.001235,0.1554,,-0.1466,0.007947,0.003458,7.3209,0.007947,380.18,8.2293,-0.21623,0.006514,374.93,-0.002751,-0.017702,0.14462,1.1466,7.4377,-0.17574,-0.17574,-282.74,0.007947,0.23357,1.2199,0,0.98131,44.353,2693.2,0.13553,0.18629,0
0.013539,0.4975,0.14192,1.3203,-25.313,0.022847,0.024549,0.76638,1.0157,0.38128,0.024549,0.055411,0.080302,0.024549,1936.5,0.18848,2.01,0.024549,0.021024,64.155,1.1313,0.028579,0.011595,0.041258,0.38128,0.16635,0.24858,0.34196,4.6243,0.41272,0.021024,140.65,2.595,0.057445,0.028579,1.2176,6.9726,0.43574,0.024475,0.06369,0.16724,0.024475,174.03,109.87,0.065966,0.85708,65.16,-0.040641,-0.034804,1.1758,0.44304,0.38536,0.91868,1.0499,5975.4,0.015421,0.03551,0.98458,0.14283,5.6894,3.322,138.49,2.6356,2.8136,0
0.033504,0.87539,-0.15219,0.71574,-204.36,-0.13449,0.033504,0.14234,0.71137,0.12461,0.054443,0.062579,0.054712,0.033504,8209.6,0.04446,1.1423,0.033504,0.047098,15.112,1.1004,0,0.047098,0.004237,0.093561,0.04446,0,-0.24674,5.2015,1.2236,0.091767,376.82,0.96864,0.59242,0.018418,0.71137,1.2463,0.40844,0.025891,0.21409,5.3875,0,137.81,122.7,1.1376,0.66073,20.729,-0.005416,-0.007614,0.43775,0.53539,1.0324,0.20202,0.66219,-24203,0.27098,0.26888,0.76857,2.2778,24.153,2.9748,274.71,1.3287,1.1533,0
0.14356,0.17954,0.40222,3.395,68.456,0.28099,0.17712,3.9426,1.1344,0.70785,0.17712,1.0546,0.15277,0.17712,287.6,1.2691,5.5698,0.17712,0.11875,35.714,1.1289,0.17235,0.096252,0.34908,0.70785,1.0822,1.3109,0.93573,4.4315,0.11263,0.11875,46.623,7.8288,0.95997,0.17235,1.5132,36.578,0.71945,0.11555,0.16349,0.026458,0.11555,132.81,97.093,0.98371,2.526,40.514,0.12161,0.081535,3.1757,0.16794,0.12773,1.6468,1.6738,10862,0.1185,0.20281,0.8815,0.016384,10.22,3.7593,41.098,8.8812,3.4699,0
0.23779,0.35264,0.11205,1.3694,-4.6908,0.92776,0.23779,1.8245,1.0777,0.64338,0.23779,0.78386,0.089118,0.23779,399.85,0.91285,2.8357,0.23779,0.06583,15.311,1.3448,0.26247,0.06583,0.92776,0.64338,0.91285,0.78308,0.19168,5.2496,0.097407,0.06583,33.034,11.049,0.74431,0.26247,3.6218,5.3543,0.69267,0.072665,0.012887,0.03345,0.072665,41.582,26.271,1.5694,0.86991,16.5,0.17836,0.049377,1.178,0.30336,0.090505,1.1006,1.1849,19909,0.072066,0.36959,0.92793,0.076605,23.84,13.894,30.654,11.907,6.1789,0
-0.22524,0.14281,0.85024,6.9537,123.29,-1.4941,-0.22524,5.9774,0.97385,0.85363,-0.22524,-1.5772,-0.30411,-0.22524,-234.57,-1.5561,7.0024,-0.22524,-0.30825,34.159,0.6039,-0.22339,-0.30825,-1.4685,0.85363,-1.5561,-2.9772,122.38,3.7651,0.16759,-0.30825,69.47,5.2541,-1.5642,-0.22339,0.91407,,0.85363,-0.30571,3.8252,-0.021306,-0.30571,223.17,189.01,-3.2938,6.4749,33.266,-0.22641,-0.30985,6.9537,0.14281,0.19033,122.87,122.87,4950.3,-0.026855,-0.26386,1.0269,0,10.685,1.9311,71.335,5.1167,105.18,0
0.099185,0.19591,0.17887,2.243,69.942,0.27829,0.11808,4.0114,1.0915,0.78586,0.11808,0.82054,0.21049,0.11808,346.99,1.0519,5.1045,0.11808,0.12061,3.2098,1.0811,0.079249,0.10131,0.3417,0.78586,0.95547,0.88354,0.26412,4.4056,0.03195,0.12061,58.558,6.2331,0.40453,0.079249,1.0277,6.0409,0.83786,0.08095,1.235,0.038511,0.08095,54.079,50.869,11.521,2.1832,3.5034,-0.008748,-0.008936,1.6476,0.1439,0.16043,1.1604,1.2372,4551.3,0.083801,0.12621,0.9162,0.066176,113.72,7.1753,53.651,6.8033,1.4456,0
0.17444,0.54906,0.2801,1.55,-10.833,0.6028,0.21775,0.82129,1.0506,0.45094,0.21775,0.42755,0.055486,0.21775,827.86,0.4409,1.8213,0.21775,0.049911,18.427,1.291,0.20562,0.039983,0.7496,0.45094,0.36201,0.49514,1.33,5.2484,0.13879,0.049911,44.765,8.1538,0.37449,0.20562,4.3857,14.314,0.4907,0.047129,0.25055,0.078504,0.047129,55.366,36.939,0.79198,1.1175,19.359,0.18129,0.041553,1.4377,0.5093,0.12264,2.1412,2.33,49626,0.048165,0.38684,0.95183,0.088172,19.808,9.8811,42.608,8.5664,20.716,0
0.049543,0.37366,0.21443,2.1236,19.075,0.1879,0.058208,1.6031,1.0288,0.59901,0.058208,0.305,0.051589,0.058208,1253,0.29129,2.6762,0.058208,0.027589,18.456,1.1036,0.063282,0.023482,0.2167,0.59901,0.2681,0.30858,0.36055,6.061,0.16741,0.027589,33.968,10.746,0.16936,0.063282,2.1389,1.6333,0.78182,0.029994,0.11638,0.10784,0.029994,66.27,47.814,0.46441,1.5646,18.987,0.012646,0.005994,1.0846,0.19085,0.093062,1.0072,1.3146,246760,0.028002,0.082708,0.972,0.30519,19.777,7.6337,33.016,11.055,3.5476,0
0.37261,0.18058,0.39837,3.8098,56.377,0,0.46128,4.5378,1.8139,0.81942,0.46176,3.2535,0.28207,0.46128,128.82,2.8334,5.5378,0.46128,0.2543,36.942,1.0053,0.42446,0.20541,1.5842,0.62822,2.3424,878.1,0.8663,4.7993,0.001121,0.25456,37.208,9.8098,7.7021,0.42311,1.8139,164.82,0.82159,0.23326,1.2936,0.012677,0.234,71.784,34.842,2.0296,2.5149,48.18,0.37408,0.20622,2.9912,0.14178,0.10194,1.7819,1.7866,25095,0.23326,0.45472,0.752,0.00264,9.8804,10.476,28.529,12.794,3.9446,0
0.045343,0.43138,0.33589,1.7932,58.318,0.12073,0.057715,0.4908,1.0506,0.21172,0.057715,0.13628,0.041474,0.057715,2086,0.17497,2.3182,0.057715,0.031713,11.205,1.3087,0.057997,0.024915,0.15444,0.21172,0.1463,0.3348,1.3959,4.4944,0.052411,0.031713,89.231,4.0905,0.13445,0.057997,1.9027,89.191,0.2196,0.031869,0.79878,0.18719,0.031869,84.458,73.252,0.81159,1.6612,11.772,0.040233,0.022107,1.7604,0.42349,0.24447,0.87988,0.91266,10486,0.048141,0.21417,0.95186,0.037256,32.574,4.9828,84.935,4.2974,7.5633,0
0.017018,0.26303,0.007627,1.029,-28.405,0.37395,0.022126,2.7824,1.0233,0.73184,0.022126,0.08412,0.018771,0.022126,3817.1,0.095623,3.8019,0.022126,0.016513,29.984,1.3202,0.030371,0.012701,0.39556,0.73184,0.076205,0.23195,0.010458,4.2279,0.18709,0.016513,73.321,4.9781,0.11547,0.030371,1.3405,,0.73184,0.022667,0.049317,0.25893,0.022667,70.195,40.211,0.15461,0.61052,30.683,0.027345,0.020409,1.029,0.26303,0.20088,1.0034,1.0034,128.92,0.022774,0.023254,0.97723,0,12.173,9.0772,71.651,5.0941,1.8371,0
-0.10641,0.6436,-0.25488,0.52167,-227.11,-0.22314,-0.095983,0.55376,0.96306,0.3564,-0.095983,-0.18013,-0.096163,-0.095983,-3737.2,-0.097667,1.5538,-0.095983,-0.14684,83.934,0.90365,-0.06238,-0.16278,-0.20453,0.3564,-0.11386,-0.91906,-0.353,4.9469,0.9558,-0.14684,286.55,1.2738,-0.096924,-0.06238,0.65988,1.1527,0.46715,-0.095431,0.039292,-0.72325,-0.095431,143.53,59.594,-0.70789,0.23958,80.833,-0.095504,-0.14611,0.43191,0.53285,0.78507,0.49361,0.64699,-22552,-0.038356,-0.29856,1.0384,0.31074,4.3487,6.1248,297.54,1.2267,0.90532,0
0.14535,0.29367,0.11039,1.3759,-24.968,0,0.18095,2.4052,1.0844,0.70633,0.19205,0.61618,0.28908,0.18095,341.94,1.0674,3.4052,0.18095,0.16687,54.449,1.3954,0.19194,0.13404,0.42565,0.45036,0.94621,17.298,0.18525,3.9534,0.27082,0.17492,120.19,3.0369,3.0369,0.19253,1.0844,,0.70633,0.17755,0.004409,0.03017,0.177,135.57,81.121,0.89856,0.82508,66.204,0.059419,0.054795,1.3759,0.29367,0.32928,1.1852,1.1852,991.66,0.17755,0.20579,0.83333,0,6.7035,4.4994,98.848,3.6925,1.8196,0
1.2677,0.044044,0.68374,16.524,,-1.6986,1.2677,21.704,1.9913,0.95596,1.2677,28.783,0.63664,1.2677,12.681,28.783,22.704,1.2677,0.63664,0,4.0976,0,0.63664,0.40302,-0.43083,28.783,,2.5118,2.159,-0.24485,1.2733,,0,0,0.000042,1.9913,,0.95596,0.000021,12.07,,0,35.956,35.956,,16.524,,0,0,16.524,0.044044,,3.5118,3.5118,98.607,1,1.3261,0.000773,0,,10.151,8.0733,45.211,7.3152,0
-0.026564,0.72873,0.020946,1.0459,-6.1101,0,-0.02445,0.37225,1.58,0.27127,0.00443,-0.053552,0.015391,-0.02445,10938,0.033371,1.3723,-0.02445,-0.015474,6.6634,1.4758,0.003585,-0.016812,-0.003564,0.16639,0.03047,0.12414,0.040088,4.3015,0.44276,-0.014613,111.83,3.264,2.045,0.089793,1.58,3.931,0.3854,0.05683,0.10016,0.46398,0.002269,99.745,93.082,-0.92093,0.9827,7.0649,-0.045183,-0.028596,0.65526,0.45656,0.30637,0.51919,0.73763,419.38,0.05683,-0.097924,1.0152,0.42074,54.777,3.9213,105.47,3.4607,3.024,0
0.034297,0.29535,0.42793,3.861,75.181,0,0.037303,2.3858,0.91375,0.70465,0.037543,0.24939,0.14623,0.037303,806.82,0.45239,3.3858,0.037303,0.040824,93.206,1.0546,0.035955,0.037534,,0.55122,0.44221,149.68,1.0129,4.1939,0.23963,0.041087,59.591,6.1251,3.1019,-0.002409,0.91375,,0.70465,-0.002636,0.66703,0.074433,0.039349,190.83,97.628,0.14698,2.301,92.961,-0.060357,-0.066054,1.9553,0.14957,0.16326,1.6678,1.6678,6687.8,-0.002636,0.048672,0.96161,0,3.916,3.7387,59.748,6.109,2.1628,0
-0.1177,0.71311,0.30818,1.718,-736.5,-0.10997,-0.1177,0.40231,1.0511,0.28689,-0.11588,-0.27424,0.14629,-0.1177,1692.6,0.21564,1.4023,-0.1177,-0.11198,205.42,0.78577,0,-0.11198,,-0.22767,0.21564,0,1.1735,2.9169,0.67541,-0.22396,356.38,1.0242,0.61642,0.057476,1.0511,0.51352,0.5708,0.05468,0.14828,0.087558,0,233.95,28.525,-0.19896,0.33968,491.22,-0.27148,-0.25827,1.034,0.4292,0.97639,1.0924,2.1735,254.54,0.58181,-0.41028,0.41993,0.9896,1.7768,12.796,149.04,2.4491,4.0025,0
0.006017,0.40657,-0.031319,0.87056,-39.351,0.16739,0.008565,1.434,1.0254,0.58303,0.008565,0.0354,0.12735,0.008565,1051.1,0.34725,2.4596,0.008565,0.007726,20.708,1.3663,0.015918,0.005428,0.21069,0.58303,0.34099,0.14724,-0.039676,4.6265,0.36502,0.007726,81.688,4.4682,0.039152,0.015918,1.1403,0.89748,0.74765,0.014359,0.047,0.089989,0.014359,65.607,44.898,0.095671,0.61061,21.235,-0.1167,-0.10527,0.51808,0.24195,0.2238,0.73861,0.94715,-1325.4,0.024799,0.010321,0.9752,0.28234,17.626,8.1295,79.663,4.5818,1.4044,0
-0.10792,0.42366,0.10611,1.2555,-34.696,-0.038905,-0.10151,1.3604,1.0017,0.57634,-0.10151,-0.24445,-0.036259,-0.10151,-2030.2,-0.17978,2.3604,-0.10151,-0.048326,21.927,1.22,-0.069648,-0.051374,-0.02433,0.57634,-0.1949,-0.33213,0.22169,5.7579,0.19759,-0.048326,72.283,5.0496,-0.1644,-0.069648,2.138,47.115,0.58472,-0.033156,0.45313,-0.3144,-0.033156,57.897,35.97,-0.85518,0.95163,21.965,-0.094995,-0.045222,1.2306,0.41528,0.19803,1.2042,1.2217,60758,0.001734,-0.18725,0.99827,0.014554,16.646,10.147,72.157,5.0584,4.3889,0
0.15143,0.41865,0.3453,1.8704,41.538,0,0.19716,1.3887,2.2619,0.58135,0.21762,0.49695,0.093808,0.19716,720.16,0.50684,2.3887,0.19716,0.087165,16.084,1.1892,0.2138,0.066947,0.3404,0.2028,0.3976,10.446,1.3386,4.2105,-0.004613,0.087763,72.627,5.0257,4.7627,0.26802,2.2619,38.139,0.5982,0.1185,1.1252,0.060985,0.094522,47.709,31.625,1.5193,1.6191,18.246,0.19877,0.087878,1.7725,0.39673,0.19898,2.2536,2.3189,5607,0.1185,0.26047,0.91326,0.028972,22.694,11.541,64.021,5.7013,8.7682,0
0.090554,0.77101,0.060546,1.1199,-11.513,0.26502,0.12327,0.27961,1.0725,0.21558,0.12327,0.24401,0.055156,0.12327,1875.4,0.19463,1.297,0.12327,0.045309,0.87749,1.5526,0.18559,0.033284,0.33789,0.21558,0.15219,0.73162,0.13942,4.3536,0.2297,0.045309,72.69,5.0213,0.24071,0.18559,2.7274,2.1036,0.4814,0.068215,0.55494,0.11935,0.068215,38.287,37.409,13.845,1.1069,0.94113,0.1588,0.058368,0.73375,0.50518,0.19915,0.49641,1.1085,1366.6,0.06762,0.42005,0.93238,1.2331,415.96,9.7569,67.775,5.3855,6.2648,0
0.040076,0.38398,0.5464,2.449,27.767,0.16881,0.055703,1.1967,1.057,0.4595,0.055703,0.14772,0.036973,0.055703,1933.9,0.18873,2.6043,0.055703,0.028419,44.473,1.164,0.082694,0.020447,0.21878,0.4595,0.14804,0.44595,7.1414,4.6312,0.18008,0.028419,74.226,4.9174,0.21536,0.082694,2.0037,99.425,0.46639,0.04219,0.52203,0.12692,0.04219,135.31,90.841,0.16781,1.8157,47.009,0.065927,0.033635,2.405,0.37709,0.20336,6.0057,6.0957,23375,0.053946,0.087217,0.94605,0.014986,8.2073,4.018,70.222,5.1978,25.618,0
0.015757,0.68909,0.002102,1.0037,-42.823,0.033324,0.015438,0.24785,0.9859,0.17079,0.015438,0.027472,0.030633,0.015438,4698.3,0.077688,1.4512,0.015438,0.008834,42.645,1.2078,0.031452,0.009016,0.046121,0.17079,0.07815,0.17743,0.004822,4.8068,0.38718,0.008834,115.72,3.1542,0.045643,0.031452,1.8123,2.8314,0.2979,0.017997,0.029676,0.32575,0.017997,114.33,71.683,0.077168,0.64041,42.044,-0.006644,-0.003802,0.81859,0.56198,0.31703,0.39179,0.68338,134.74,-0.0143,0.092257,1.0143,0.74424,8.559,5.0919,117.37,3.1098,4.0091,0
0.030179,0.53088,0.097654,1.1991,-117.99,-0.11638,0.030891,0.64021,1.0469,0.33987,0.030891,0.062969,0.05914,0.030891,2931.6,0.12451,1.8837,0.030891,0.027639,118.34,1.4352,0.051794,0.027002,-0.10146,0.33987,0.12316,0.48515,0.23716,4.0116,0.35694,0.027639,167.72,2.1762,0.097564,0.051794,1.1213,5.6048,0.38017,0.046342,0.41909,0.20061,0.046342,124.96,6.6223,0.083284,0.46042,123.89,0.016588,0.014842,1.108,0.49058,0.45952,0.8254,0.92327,1003.1,0.044797,0.088795,0.9552,0.11857,3.0844,55.117,160.21,2.2782,2.7143,0
0.002594,0.84047,0.13793,1.1712,-123.05,0.000671,0.004602,0.18981,1.1269,0.15953,0.088155,0.005714,0.014305,0.004602,19030,0.019181,1.1898,0.004602,0.004084,156.94,1.0737,0.087996,0.002302,0.069253,0.14172,0.016792,1.0532,2.4377,4.7494,0.68422,0.028977,283.7,1.2866,1.233,0.090595,1.1269,32.593,0.17361,0.080391,0.090752,0.28153,0.078085,281.89,124.95,0.005354,0.5697,170.65,0.076477,0.067863,1.1225,0.80549,0.77725,2.8194,3.0682,7744.9,0.080391,0.016263,0.99593,0.088255,2.3258,2.9211,260.89,1.3991,19.917,0
0.1554,0.2235,0.57725,3.8001,121.36,0,0.19531,3.4743,1.3655,0.7765,0.19634,0.9474,0.16189,0.19531,369.01,0.98912,4.4743,0.19531,0.14303,49.338,0.93715,0.17962,0.11381,0.47973,0.76704,0.81057,173.89,2.6651,4.7231,0.010368,0.14379,63.547,5.7438,5.2981,0.18141,1.3655,126.23,0.78125,0.13285,1.0261,0.036275,0.13154,152.86,103.52,0.84192,2.9047,56.897,0.15386,0.11267,3.5052,0.20615,0.1741,3.585,3.6069,30514,0.13285,0.20013,0.86112,0.006109,7.3979,3.5258,55.104,6.6238,6.3044,0
0.002538,0.12433,0.26859,4.74,32.669,-0.001631,0.004509,7.043,0.8807,0.87567,0.004678,0.062778,0.054541,0.004509,944.76,0.38634,8.043,0.004509,0.005119,74.862,1.0725,0.000653,0.002882,0.0341,0.73933,0.3705,3.8473,0.40722,4.1938,0.049991,0.005312,26.796,13.621,7.868,-0.097544,0.8807,18.804,0.88417,-0.11076,1.1619,0.093808,0.000742,106.5,31.637,0.014053,2.2248,67.398,-0.042873,-0.04868,2.7379,0.071818,0.073415,1.3276,1.3405,4196.3,-0.11076,0.002899,0.99542,0.009704,4.8756,11.537,29.764,12.263,1.3352,0
-0.73714,6.8376,-6.1841,0.074158,-631.73,-8.22,-0.73714,-0.85375,3.0296,-5.8376,-0.70077,-0.11036,-0.22981,-0.73714,-3584.7,-0.10182,0.14625,-0.73714,-0.24332,40.261,,-0.70077,-0.24332,-1.4154,-7.7422,-0.10182,-19.266,-12.251,1.9221,2.2509,-0.23131,665.71,0.56224,0.54923,-0.63269,3.0547,,-5.8376,-0.20884,0.002741,-0.34542,-0.23131,57.472,17.211,-2.2059,0.05277,32.479,-0.74168,-0.24482,0.072442,6.6795,1.7786,-11.565,-11.565,-516.87,-0.20884,0.12627,1.2294,0,9.0659,21.207,804.74,0.45356,6.0017,1
0.14449,0.45475,0.13209,1.2907,-18.302,0.58484,0.18021,1.13,1.0978,0.51386,0.18021,0.39661,0.13393,0.18021,650.59,0.56103,2.199,0.18021,0.094601,37.89,1.0698,0.18452,0.075853,0.73014,0.51386,0.48249,1.0634,0.31942,5.1243,0.23451,0.094601,95.578,3.8189,0.40576,0.18452,1.9393,1029.7,0.51424,0.096866,0.058919,0.057626,0.096866,107.24,69.352,0.7307,0.8555,41.596,0.1096,0.057536,1.2896,0.45437,0.26186,1.2426,1.2435,17585,0.089098,0.2812,0.9109,0.000735,9.6331,5.263,87.062,4.1924,4.6065,0
0.033415,0.86835,0.11873,1.177,-29.214,0,0.041568,0.15161,1.3189,0.13165,0.053325,0.061976,0.037301,0.041568,6442.4,0.056656,1.1516,0.041568,0.031516,60.214,1.8423,0.053277,0.025335,0.084751,0.12384,0.047267,4.5312,0.56384,3.8065,0.64687,0.04043,193.57,1.8857,1.4565,0.054227,1.3189,5.7489,0.23112,0.041114,0.027305,0.47523,0.040394,213.4,153.18,0.15357,0.8526,62.796,0.045648,0.034609,0.90912,0.6707,0.53032,0.62521,1.0976,760.47,0.041114,0.25381,0.96858,0.75556,6.0617,2.3828,185.61,1.9665,6.2637,0
0.033649,0.78703,0.015589,1.0198,-24.338,0,0.03991,0.27059,1.3839,0.21297,0.047791,0.05071,0.070124,0.03991,2960.1,0.12331,1.2706,0.03991,0.028838,30.342,1.1453,0.040757,0.024314,0.049241,0.11339,0.11535,5.1716,0.078978,2.7008,0.56026,0.030241,185.9,1.9634,1.9634,-0.1613,1.3839,,0.21297,-0.11655,0.016294,0.26799,0.02945,208.3,177.96,0.29248,0.87363,27.175,-0.016379,-0.011835,1.0198,0.78703,0.50933,1.079,1.079,7.827,-0.11655,0.158,0.97506,0,12.03,2.051,207.57,1.7584,7.0116,0
0.051809,0.39917,0.11506,1.717,23.082,0.11411,0.068055,1.3893,1.1983,0.55455,0.068055,0.4241,0.17709,0.068055,1265.8,0.28836,2.5052,0.068055,0.10471,45.842,1.1333,0.114,0.079712,0.15931,0.55455,0.24766,2.1018,0.15882,4.4256,0.53001,0.10471,107.99,3.38,0.2856,0.114,0.65851,0.81232,0.79324,0.1754,0.35118,0.081487,0.1754,123.08,77.241,0.63468,1.2083,54.934,0.066954,0.10301,0.69026,0.16047,0.29586,0.76545,1.0949,3065.8,0.1655,0.093427,0.8345,0.43043,7.9621,4.7254,90.116,4.0504,0.89715,0
0.13312,0.51762,-0.17344,0.66493,-169.38,-0.67602,0.094395,0.85977,1.1036,0.44503,0.094395,0.18236,0.1587,0.094395,1487.9,0.24532,1.9319,0.094395,0.11797,28.293,1.188,0.070038,0.16638,-0.69621,0.44503,0.32013,0.966,-0.26446,4.386,0.60316,0.11797,260.58,1.4007,0.13531,0.070038,0.87361,,0.44503,0.087534,0.24216,0.16583,0.087534,99.826,71.533,2.1464,0.54511,31.224,0.037453,0.046809,0.66493,0.51762,0.71393,0.67859,0.67859,-4218.1,0.093856,0.29913,0.90614,0,12.901,5.1026,236.13,1.5458,1.22,0
0.19867,0.49653,-0.077154,0.83932,-29.617,0.95104,0.25229,0.94886,1.0882,0.47114,0.25229,0.52544,0.093587,0.25229,588.25,0.62049,2.014,0.25229,0.076638,18.23,0.96449,0.26591,0.060348,1.1877,0.47114,0.51249,0.87898,-0.12924,4.183,0.11054,0.076638,57.932,6.3005,0.53554,0.26591,3.2979,14.57,0.48752,0.080775,0.28187,0.050742,0.080775,29.677,11.447,1.2083,0.49689,19.837,0.21012,0.063826,0.81164,0.48016,0.15872,0.78918,0.81661,-1175.9,0.081044,0.42168,0.91896,0.034756,20.022,31.887,53.237,6.8562,5.5143,0
-0.095207,0.55198,0.33431,1.6507,-92.558,-0.047577,-0.10147,0.81164,1.1284,0.44802,-0.058322,-0.1975,-0.059095,-0.10147,-3021.5,-0.1208,1.8116,-0.10147,-0.089925,197.68,1.0846,-0.058371,-0.084376,-0.20398,0.002157,-0.10946,-1.3529,2.2005,3.7691,0.44829,-0.056724,161.99,2.2532,2.0972,-0.02924,1.1284,,0.44802,-0.025914,0.11296,-0.78017,-0.051731,255.56,57.883,-0.1558,0.46125,192.68,-0.093158,-0.082561,1.5364,0.51377,0.44382,2.949,2.949,1964.5,-0.025914,-0.21251,1.0898,0,1.8464,6.3059,166.19,2.1962,7.4272,0
0.71583,2.6907,-1.6529,0.23812,-81.753,-0.66139,1.0232,-0.62835,8.8266,-1.6907,1.124,0.47161,0.11917,1.0232,933.69,0.39092,0.37165,1.0232,0.11592,3.8437,1.2605,1.1247,0.081099,1.135,-1.711,0.2767,11.153,-3.4221,3.4133,0.30417,0.11885,103.26,3.5576,2.8684,1.1575,8.8429,,-1.6907,0.13114,0.002894,0.077762,0.12742,21.103,17.259,7.7013,0.045738,4.3957,1.096,0.12417,0.19199,2.1695,0.28109,-3.5004,-3.5004,-4281,0.13118,-0.42338,0.8728,0,94.961,21.148,89.713,4.0685,18.274,1
0.018956,0.45476,-0.11326,0.75095,-68.965,0.11022,0.025946,1.1438,0.99646,0.52016,0.025946,0.057055,0.076772,0.025946,2616.6,0.13949,2.199,0.025946,0.031401,16.287,1.0196,0.02409,0.022941,0.13769,0.52016,0.12412,0.29051,-0.17199,4.204,0.37823,0.031401,200.17,1.8234,0.052973,0.02409,0.87543,,0.52016,0.029154,0.31617,0.24279,0.029154,87.341,71.054,0.51412,0.66987,16.229,-0.013399,-0.016216,0.75095,0.45476,0.54842,0.78991,0.78991,-1811.8,-0.003551,0.036442,1.0036,0,22.411,5.137,200.88,1.817,1.2548,0
0.37059,0.14051,0.66183,6.5062,207.48,0.85796,0.46205,5.7972,1.3826,0.81459,0.46205,3.8441,0.30724,0.46205,103.03,3.5428,7.1167,0.46205,0.28517,0.97226,1.2441,0.4616,0.22872,1.0669,0.81459,2.8919,3.9388,3.0362,4.3431,0.074339,0.28517,37.435,9.7501,3.2851,0.4616,1.6467,38.278,0.8349,0.28489,0.18932,0.009289,0.28489,171.04,170.07,85.867,6.4703,1.3442,0.42584,0.26282,5.5655,0.1202,0.10256,3.737,3.8303,14583,0.2767,0.45494,0.7233,0.024942,375.42,2.1462,27.077,13.48,7.4332,0
-0.1279,0.69466,-0.16664,0.69994,-56.153,0,-0.1279,0.43954,1.9073,0.30534,-0.11898,-0.2303,-0.053385,-0.1279,-2490.2,-0.14658,1.4395,-0.1279,-0.06706,25.619,0.75893,-0.11902,-0.06706,-0.081808,0.26836,-0.14658,-13.335,-0.27261,3.6168,0.35047,-0.06706,100.11,3.6461,2.9149,-0.11763,1.9073,1.8435,0.44358,-0.061674,0.067509,-0.24916,-0.062401,67.216,41.597,-0.95542,0.45889,24.131,-0.1451,-0.076076,0.55958,0.55536,0.27427,0.4995,0.72566,-689.59,-0.061674,-0.41889,1.0671,0.45277,14.247,8.7747,106.28,3.4343,3.1202,0
0.10396,0.70208,-0.079687,0.81089,-89.548,0,0.10634,0.42434,1.5066,0.29792,0.14792,0.25236,0.16754,0.10634,1015.3,0.35951,1.4243,0.10634,0.070581,43.974,1.5706,0.14716,0.069004,0.26631,0.19999,0.35613,3.5388,-0.12105,4.2266,0.46188,0.096697,113.01,3.2298,1.9384,0.14564,1.5066,0.57641,0.57581,0.096668,0.11206,0.079809,0.097681,71.341,27.367,0.57275,0.38014,48.68,0.001094,0.000726,0.48668,0.42137,0.30962,0.45255,0.87468,-1342.7,0.096668,0.34895,0.92975,0.93278,8.3003,13.337,102.09,3.5754,2.2885,0
0.13439,0.037938,0.68562,19.072,55.111,0.61349,0.13439,25.278,1.0749,0.95901,0.13439,3.5425,0.10022,0.13439,79.176,4.61,26.359,0.13439,0.077013,92.125,0.906,0.144,0.077013,0.61349,0.95901,4.61,0.88695,2.4802,4.1959,0.001274,0.077013,8.5292,42.794,3.7956,0.144,1.7767,,0.95901,0.082516,1.0159,0.00676,0.082516,143.28,51.153,0.30513,7.4624,99.023,0.1035,0.059309,19.072,0.037938,0.023368,3.4692,3.4692,10765,0.069661,0.14014,0.93034,0,3.962,7.1355,7.935,45.999,6.3128,0
0.053449,0.19982,0.2727,2.6006,38.302,-0.26524,0.053803,4.0046,1.5564,0.80018,0.082085,0.31581,0.041296,0.053803,1134.7,0.32166,5.0046,0.053803,0.034569,23.532,1.1953,0.046573,0.034341,0.064001,-0.26404,0.31989,1.6468,0.48964,5.4672,0.12838,0.034569,42.055,8.6967,7.4149,0.077794,1.5564,11.637,0.82963,0.049982,0.094773,0.11676,0.029923,100.12,76.585,0.53265,2.0117,24.72,0.036102,0.023195,2.2173,0.17037,0.11499,1.4368,1.4896,2.6006,0.049982,0.066796,0.92618,0.036806,15.511,4.766,39.953,9.1358,2.7946,0
0.099686,0.65998,-0.16749,0.66604,-192.8,0,0.099686,0.5152,1.0336,0.34002,0.099965,0.19877,0.16321,0.099686,1428,0.25559,1.5152,0.099686,0.096447,91.323,1.4608,0,0.096447,0.15075,0.2151,0.25559,0,-0.25149,4.0173,0.63241,0.21661,210.89,1.7307,1.3152,0.054373,1.0336,1.5698,0.38807,0.052606,0.01626,0.31883,0,115.08,23.756,0.38548,0.1504,108.75,-0.069001,-0.066759,0.50612,0.50151,0.57779,0.51056,0.58271,-1742.9,0.16021,0.29318,0.81773,0.14131,3.9968,15.365,177.1,2.0609,1.552,0
0.14425,0.37523,0.30028,2.2541,35.71,0.45354,0.14425,1.6097,1.1059,0.60401,0.14425,0.60245,0.1279,0.14425,687.22,0.53113,2.665,0.14425,0.092576,36.471,1.247,0.14984,0.092576,0.45354,0.60401,0.53113,1.0635,0.65238,4.9278,0.18657,0.092576,62.029,5.8843,0.39931,0.14984,1.569,2.8281,0.7398,0.096159,0.39596,0.060213,0.096159,104.22,67.747,0.92651,1.6038,40.334,0.094793,0.060835,1.4384,0.23944,0.16994,1.3123,1.6073,25430,0.095783,0.23882,0.90422,0.22481,10.008,5.3877,56.088,6.5076,3.3853,0
0.002352,0.65817,-0.22969,0.61098,-151.1,0.03209,0.006353,0.51936,1.0337,0.34183,0.006353,0.01076,0.039901,0.006353,4880.3,0.07479,1.5194,0.006353,0.00515,73.91,1.0357,0.040057,0.001907,0.049717,0.34183,0.068711,0.33566,-0.3593,4.61,0.53349,0.00515,180.58,2.0213,0.060862,0.040057,1.2409,1.6373,0.40958,0.03247,0.005819,0.26093,0.03247,105.71,31.803,0.009416,0.18788,76.405,-0.002815,-0.002281,0.54809,0.59042,0.49474,0.53472,0.6407,-9358,0.032646,0.006881,0.96735,0.1982,4.9384,11.477,174.69,2.0895,1.9298,0
0.030655,0.45511,0.25798,2.1441,18.077,0.071571,0.041121,0.77324,1.0543,0.35191,0.041121,0.18236,0.05564,0.041121,1868.8,0.19531,2.1973,0.041121,0.025739,36.253,0.97352,0.082175,0.019188,0.11446,0.35191,0.17232,0.5423,0.49946,5.5397,0.25656,0.025739,54.315,6.7201,0.18056,0.082175,1.6285,1.4145,0.58153,0.051437,0.31424,0.11515,0.051437,94.27,58.017,0.19319,1.4404,38.221,0.034407,0.021537,1.0623,0.22549,0.14881,0.68129,1.1258,89383,0.051506,0.087112,0.94849,0.6525,10.068,6.2912,51.517,7.085,3.0929,0
0.045646,0.20056,0.79944,4.986,214.12,0,0.045646,3.986,1.8811,0.79944,0.045646,0.22759,0.21963,0.045646,177.19,2.0599,4.986,0.045646,0.024266,51.289,0.72582,0,0.024266,0.37289,0.60546,2.0599,,,2.4112,-0.21871,0.056013,58.297,6.261,6.261,0.001156,1.8811,,0.79944,0.000615,3.0853,0.018192,0,73.967,22.678,0.17269,3.668,76.832,-0.3675,-0.19536,4.986,0.20056,0.15972,,,206.07,0.33245,0.057098,0.67639,0,7.1165,16.095,38.916,9.3792,,0
-0.2085,1.111,-0.26292,0.76034,-312.62,0,-0.2085,-0.099924,0.64889,-0.11102,-0.15962,-0.19005,-0.26258,-0.2085,-2380,-0.15336,0.90008,-0.2085,-0.32131,151.43,1.0204,0,-0.32131,,-0.15962,-0.15336,0,-1.5852,4.0201,1.7065,-0.65426,611.55,0.59685,0.58935,0.003254,0.64889,805.66,-0.11032,0.005014,0.006438,0.97182,0,465.23,313.79,-0.77445,0.51494,150.07,-0.038108,-0.058728,0.75079,1.0971,1.6755,-0.66932,-0.6651,-2753.7,-0.009069,1.878,1.0845,-0.006316,2.4103,1.1632,617.09,0.59148,3.9122,0
0.041668,0.53677,0.076229,1.1428,12.779,0.1731,0.052594,0.58007,1.0244,0.31137,0.052594,0.098553,0.043081,0.052594,2232.7,0.16348,1.863,0.052594,0.02582,0.69556,0.82722,0.049094,0.020456,0.21791,0.31137,0.14313,0.2469,0.19541,4.2493,0.23929,0.02582,97.962,3.7259,0.091461,0.049094,2.0424,195.03,0.31447,0.024102,0.098119,0.20946,0.024102,99.906,99.21,10.735,1.1356,0.71253,0.013936,0.006842,1.1362,0.53367,0.26839,0.79816,0.80613,1353.5,0.023814,0.13382,0.97619,0.009979,524.76,3.6791,95.629,3.8168,5.2215,0
0.009798,0.25104,0.13312,2.42,57.938,0,0.009798,2.9834,0.41893,0.74896,0.011043,0.10452,0.027172,0.009798,8049.6,0.045344,3.9834,0.009798,0.023388,62.018,1.2406,0.002189,0.023388,0.014123,0.12145,0.045344,1.7583,0.17218,5.7208,0.57408,0.060705,173.66,2.1018,0.78487,0.028009,0.41893,1.3379,0.86532,0.066859,0.4376,2.2171,0.005225,161.92,99.899,0.13765,1.6607,131.86,0.000604,0.001441,0.90369,0.093744,0.47578,0.96873,1.1192,69993,0.52967,0.013082,0.47723,0.15537,5.8854,3.6537,81.677,4.4688,0.54185,0
-0.019172,0.49457,-0.19737,0.51692,-173.71,-0.039238,-0.016992,0.95555,1.0013,0.47258,-0.016992,-0.041589,0.11274,-0.016992,2508.1,0.14553,2.022,-0.016992,-0.026616,17.186,1.0207,0.019826,-0.030032,-0.02862,0.47258,0.14112,0.31097,-0.25022,4.8785,0.77021,-0.026616,233.9,1.5605,0.040088,0.019826,0.66345,2.1064,0.55858,0.031056,0.098242,0.14946,0.031056,97.801,80.616,-0.63784,0.44335,17.208,-0.069139,-0.1083,0.42704,0.40857,0.64083,0.59912,0.70814,-14920,0.001312,-0.040569,0.99869,0.18197,21.239,4.5276,233.6,1.5625,0.80934,0
0.052611,0.15614,0.33182,3.1252,81.375,0.1315,0.065297,5.3449,1.0523,0.83454,0.065297,0.4182,0.10773,0.065297,485.67,0.75153,6.4046,0.065297,0.059948,35.732,1.1081,0.053938,0.048301,0.16385,0.83454,0.67029,0.52112,0.64803,5.4262,0.016975,0.059948,55.06,6.6291,0.34545,0.053938,1.1069,,0.83454,0.04952,0.90073,0.048435,0.04952,116.39,80.655,0.4934,2.4423,37.602,0.001893,0.001738,3.1252,0.15614,0.15085,1.6298,1.6298,88540,0.049741,0.063042,0.95026,0,10.215,4.5254,52.321,6.9761,2.1272,0
0.12253,0.43385,0.21923,1.5942,25.465,0.2746,0.12391,1.2714,1.081,0.5516,0.12391,0.33583,0.10439,0.12391,861.08,0.42389,2.305,0.12391,0.070335,22.78,1.0991,0.13712,0.06955,0.27609,0.5516,0.4207,0.84133,0.53236,5.0897,0.11145,0.070335,82.634,4.4171,0.31605,0.13712,1.7753,7.3715,0.61648,0.077831,0.63888,0.072364,0.077831,73.025,50.245,1.1144,1.2962,24.625,0.077128,0.043779,1.3558,0.36897,0.22639,1.3395,1.497,26955,0.074912,0.22213,0.92509,0.11762,16.023,7.2644,76.443,4.7748,4.2781,0
0.006396,0.48556,0.19259,1.4628,47.356,-0.028295,0.006396,1.0595,1.1563,0.51444,0.060748,0.015371,0.039761,0.006396,3855,0.094681,2.0595,0.006396,0.005532,15.201,1.1218,0.054023,0.005532,0.011189,0.22889,0.094681,0.99396,0.4922,3.9756,0.41831,0.015458,135.38,2.6961,2.3105,0.034352,1.1563,8.0725,0.58388,0.02971,0.009487,0.17292,0.046723,190.91,175.71,0.13283,1.3471,15.667,0.014446,0.012494,1.2536,0.41612,0.37091,1.3147,1.4922,1820.6,0.02971,0.012434,0.99976,0.13498,24.011,2.0773,131.36,2.7786,2.955,0
0.11018,0.28846,0.3566,3.6905,39.437,0.34917,0.13761,1.996,1.1337,0.57576,0.13761,1.0383,0.12698,0.13761,595.38,0.61306,3.4667,0.13761,0.098811,54.645,0.96596,0.15038,0.07911,0.43747,0.57576,0.51794,1.2241,0.69805,4.7847,0.19802,0.098811,39.379,9.2689,0.52131,0.15038,1.4082,1.7999,0.73168,0.10797,0.23007,0.050018,0.10797,120.2,65.558,0.52841,2.1174,61.949,0.11115,0.079808,1.6957,0.13254,0.10789,1.127,1.4323,21721,0.11789,0.19136,0.88211,0.27081,6.6794,5.5676,34.736,10.508,2.7262,0
-0.044532,0.27714,0.63499,3.5611,3794.7,0,-0.044532,2.6083,2.4181,0.72286,-0.025599,-0.17961,0.28363,-0.044532,147.49,2.4748,3.6083,-0.044532,-0.018416,53.444,0.98625,0,-0.018416,0.068666,0.69893,2.4748,0,5.4233,3.6692,0.027202,-0.036832,119.61,3.0515,2.7299,0.02659,2.4181,,0.72286,0.010996,0.87225,0.012648,0,100.63,47.184,-0.12577,2.1331,170.82,-0.73038,-0.30204,3.1858,0.24793,0.3277,6.1739,6.1739,2964.6,0.68713,-0.061605,0.33178,0,6.8296,7.7357,37.423,9.7533,20.653,0
0.093789,0.13164,0.50344,5.0468,90.131,0.070664,0.11629,6.4593,1.0989,0.85029,0.11629,0.93479,0.11429,0.11629,251.74,1.4499,7.5966,0.11629,0.069632,29.362,1.2321,0.11686,0.056158,0.10199,0.85029,1.279,0.7689,1.3528,4.743,-0.072179,0.069632,29.878,12.216,0.8877,0.11686,1.693,68.214,0.85753,0.06997,2.0856,0.022608,0.06997,80.514,51.151,0.6981,3.9669,32.266,0.042281,0.025317,4.7695,0.1244,0.081857,2.2848,2.3042,27860,0.089998,0.1103,0.91,0.008508,12.431,7.1357,27.189,13.425,4.4876,0
0.2101,0.25053,0.62861,4.4058,13.365,0,0.2631,2.9915,1.6862,0.74947,0.26682,1.4255,0.17275,0.2631,313.92,1.1627,3.9915,0.2631,0.15603,122.9,1.164,0.26431,0.1246,,0.657,0.95118,70.99,3.3648,4.2101,0.14096,0.15627,47.666,7.6574,5.6412,0.27289,1.6862,,0.74947,0.16184,0.12057,0.02855,0.15675,171.21,48.304,0.37004,1.3296,146.63,0.23611,0.14002,3.2458,0.18457,0.13059,4.0117,4.0117,10198,0.16184,0.28033,0.84425,0,2.9699,7.5563,39.952,9.1359,9.0259,0
0.35466,0.15165,0.65209,5.3001,49.119,0.11798,0.35466,5.5943,2.4227,0.84835,0.38503,2.3388,0.1571,0.35466,145.43,2.5098,6.5943,0.35466,0.14639,53.093,1.2734,0.35548,0.14639,0.80574,0.47265,2.5098,11.708,3.3226,3.9182,0.030617,0.14874,26.752,13.644,13.644,0.35368,2.4227,,0.84835,0.14599,0.64888,0.013253,0.14673,106.27,53.173,1.0064,2.9763,62.168,0.32954,0.13602,5.3001,0.15165,0.073294,4.3226,4.3226,5401.1,0.14599,0.41806,0.8557,0,6.8748,6.8644,22.847,15.976,12.344,0
-0.020545,0.46588,0.68739,3.9178,142.46,-0.04769,-0.020545,1.1465,1.1559,0.53413,-0.002318,-0.08721,0.001101,-0.020545,133680,0.00273,2.1465,-0.020545,-0.017775,69.452,0.82024,-0.005214,-0.017775,-0.19538,0.4425,0.00273,-0.28604,8.9249,3.8542,0.33363,-0.003013,72.794,5.0141,2.5356,-0.025414,1.1559,3.2871,0.74801,-0.021988,0.37727,0.93528,-0.004511,263.4,193.94,-0.093416,2.9842,67.958,-0.027031,-0.023386,1.9812,0.23559,0.19944,6.9349,9.7119,4913.9,-0.021988,-0.038466,1.0172,0.40044,5.2554,1.882,74.395,4.9063,15.007,0
-0.20647,0.2644,0.692,3.679,86.652,0,-0.20647,2.7822,3.0427,0.7356,-0.19442,-0.7993,-0.067857,-0.20647,-467.42,-0.78089,3.7822,-0.20647,-0.067857,5.0776,0.94189,0,-0.067857,-0.19556,-0.16148,-0.78089,0,13.927,2.5288,-0.048753,-0.13571,35.585,10.257,10.021,0.1399,3.0427,,0.7356,0.045981,1.6441,,0,63.055,57.978,-4.8779,3.5151,5.831,0,0,3.5942,0.25831,0.097493,14.805,14.805,233.86,0.12921,-0.28068,0.87675,0,71.885,6.2955,30.987,11.779,61.238,0
-0.013297,0.61852,0.067158,1.1509,-69.312,-0.31834,-0.015089,0.61677,1.3311,0.38148,0.012728,-0.033906,0.036303,-0.015089,4671.9,0.078127,1.6168,-0.015089,-0.011336,82.928,1.0711,0.011292,-0.00999,0.033303,-0.33164,0.081024,0.40592,0.13767,4.3073,0.46435,0.009562,122.75,2.9734,2.1394,0.007877,1.3311,1.21,0.55483,0.005917,0.017322,0.27599,0.008483,138.33,55.4,-0.043969,0.47132,83.422,-0.05212,-0.039156,0.82807,0.44502,0.33631,0.78201,1.1373,1362.7,0.005917,-0.034857,1.0112,0.4544,4.4014,6.5885,122.03,2.9911,2.7287,0
0.18236,0.23689,0.78575,5.2085,77.835,0,0.22672,3.2213,1.9242,0.76311,0.22927,1.2143,0.12568,0.22672,357.55,1.0208,4.2213,0.22672,0.11782,79.816,1.0675,0.21672,0.09477,0.66308,0.75927,0.83357,85.117,28.533,4.1152,0.037424,0.11915,40.215,9.0763,7.1534,0.22961,1.9242,,0.76311,0.11933,0.89303,0.034062,0.11263,152.84,73.02,0.43338,2.9548,90.631,0.20161,0.10477,4.105,0.18671,0.11018,27.71,27.71,10244,0.11933,0.23897,0.88458,0,4.573,4.9986,35.416,10.306,69.873,0
0.030557,0.45894,0.45814,2.0032,-47.35,0,0.030557,1.1789,1.5765,0.54106,0.030686,0.066913,0.019419,0.030557,5471.7,0.066707,2.1789,0.030557,0.019383,148.73,1.0252,0,0.019383,0.091031,0.45713,0.066707,0,5.3773,3.3771,0.27505,0.045498,117.67,3.1019,3.0866,0.023767,1.5765,,0.54106,0.015076,0.060002,266.08,0,205.46,56.731,0.047569,0.59657,165.52,-0.000057,-0.000036,1.9933,0.45666,0.32238,6.3506,6.3506,1091.7,0.10145,0.056475,0.90271,0,2.4541,6.4338,105.73,3.4522,18.504,0
-0.029448,0.57589,0.18589,20.325,68.854,-0.021824,-0.029033,0.73412,1.003,0.42277,-0.029033,-3.0182,0.044378,-0.029033,4548.1,0.080253,1.7365,-0.029033,-0.027878,0,1.1893,0.000719,-0.028276,-0.015901,0.42277,0.079532,0.006926,0.23107,3.7241,0.47734,-0.027878,3.3813,107.95,0.001249,0.000719,1.0449,0.34526,0.98904,0.000691,8.365,0.24922,0.000691,40.322,40.322,,20.325,0,-0.07453,-0.071566,0.33949,0.009619,0.009264,0.52552,1.2294,984.82,0.00296,-0.069654,0.99704,1.3394,,9.0522,3.3713,108.27,1.2945,0
0.21945,0.2505,0.31823,3.0273,45.762,0,0.21945,2.992,1.6062,0.7495,0.27082,1.398,0.16758,0.21945,339.69,1.0745,3.992,0.21945,0.13663,26.07,1.0894,0.26523,0.13663,0.71633,0.12164,1.0745,5.163,0.6064,3.9803,0.096239,0.13816,41.478,8.7998,5.5143,0.22483,1.6062,3.8543,0.84302,0.13998,0.82922,0.026512,0.16513,78.41,52.34,1.9128,2.2965,30.314,0.21551,0.13418,1.897,0.15698,0.11364,1.4282,1.6064,3041.1,0.13998,0.29279,0.86733,0.12479,14.001,6.9736,35.672,10.232,3.0606,0
0.018824,0.59099,0.24383,1.7531,-7.5159,0,0.026226,0.69209,2.2112,0.40901,0.053235,0.080998,0.056802,0.026226,1717.5,0.21252,1.6921,0.026226,0.011861,47.111,0.94343,0.052246,0.008513,0.1552,0.39892,0.2,1.9344,0.56393,3.9872,0.25556,0.020659,50.612,7.2117,3.9512,-0.12392,2.2112,1.7939,0.56633,-0.056044,0.095735,0.12993,0.023628,88.581,41.469,0.065956,0.87161,44.611,-0.047126,-0.021313,0.96047,0.32379,0.13866,0.94596,1.3098,2367.6,-0.056044,0.046022,0.98933,0.38463,7.7476,8.8017,53.448,6.829,5.114,0
0.39881,0.19402,0.57246,3.9505,65.319,0.84172,0.39881,4.0282,1.2931,0.78154,0.39881,2.0555,0.23859,0.39881,167.46,2.1797,5.1541,0.39881,0.22499,64.541,1.3242,0.3936,0.22499,0.84172,0.78154,2.1797,2.8714,2.4514,4.544,0.037768,0.22499,51.663,7.065,2.0287,0.3936,1.7826,,0.78154,0.22205,0.73067,0.015271,0.22205,128.64,64.101,1.2724,2.3351,83.458,0.3695,0.20846,3.9505,0.19402,0.14154,3.3467,3.3467,20033,0.22667,0.51029,0.77333,0,5.6553,5.6942,39.953,9.1358,7.5904,0
0.11528,0.24055,0.29484,2.2257,41.46,0.27669,0.14278,3.0499,1.072,0.73366,0.14278,0.59354,0.097377,0.14278,438.04,0.83327,4.1571,0.14278,0.069362,14.21,1.3674,0.13821,0.056005,0.34283,0.73366,0.71897,0.71979,0.63459,4.7783,0.11589,0.069362,45.728,7.9821,0.57454,0.13821,2.07,,0.73366,0.067142,0.009191,0.040376,0.067142,94.543,80.333,1.4386,1.8925,15.234,0.080541,0.039127,2.2257,0.24055,0.12528,1.5791,1.5791,17696,0.067203,0.15713,0.9328,0,25.686,4.5436,42.654,8.5571,4.4305,0
0.11095,0.44371,0.19829,1.4774,-2.5136,0,0.13816,1.2537,1.4601,0.55629,0.15834,0.33264,0.10484,0.13816,1058,0.34498,2.2537,0.13816,0.094624,16.962,1.5178,0.13418,0.07599,0.32317,0.54253,0.28367,6.6487,0.51319,4.2036,0.074822,0.096831,114.23,3.1953,2.991,0.13294,1.4601,19.236,0.58467,0.091049,1.1414,0.0992,0.0919,34.889,17.927,1.6352,1.314,18.661,0.11927,0.081686,1.3829,0.41533,0.31296,1.4398,1.5132,3168.5,0.091049,0.19945,0.90699,0.051003,21.519,20.36,103.83,3.5154,3.7789,0
0.61397,0.18683,0.80448,5.3059,196.65,0.010775,0.77177,4.3524,2.2495,0.81317,0.77177,4.1308,0.34716,0.77177,87.323,4.1799,5.3524,0.77177,0.34309,0,2.7367,0.77143,0.27294,0.93786,0.74556,3.3353,,92.63,2.869,-0.12013,0.34309,46.137,7.9112,7.9112,0.77141,2.2495,,0.81317,0.34293,2.4576,0.007978,0.34293,86.347,86.347,,5.3059,0,0.76226,0.33886,5.3059,0.18683,0.1264,93.63,93.63,594.96,0.34293,0.75504,0.65697,0,,4.2271,30.315,12.04,259.01,0
0.2471,0.21617,0.3392,3.0337,-9.7182,0,0.2471,3.626,0.85278,0.78383,0.25565,1.4815,0.32239,0.2471,286.99,1.2718,4.626,0.2471,0.28976,150.53,0.70919,0.24671,0.28976,0.52951,0.2471,1.2718,28.864,0.68664,3.6121,0.24659,0.29978,99.722,3.6602,2.8241,0.24229,0.85278,3.1249,0.83321,0.28411,0.054654,0.026247,0.2893,212.67,62.139,0.70259,0.92508,210.27,0.21888,0.25666,2.3407,0.16679,0.27321,1.5867,1.6866,1388.4,0.28411,0.31525,0.7151,0.062995,2.4248,5.8739,71.389,5.1128,1.7263,0
0.029415,0.1703,0.45491,3.6713,28.162,0.25453,0.029415,4.8721,2.7728,0.8297,0.097938,0.17273,0.045495,0.029415,492.74,0.74076,5.8721,0.029415,0.010608,31.379,1.0365,0.019733,0.010608,0.074936,0.19675,0.74076,0.28797,1.2138,3.398,0.028686,0.010627,22.502,16.221,16.221,0.010513,2.7728,,0.8297,0.003791,0.57993,0.04874,0.007117,69.298,37.919,0.12339,2.2715,31.499,-0.077001,-0.02777,3.6713,0.1703,0.06165,2.2138,2.2138,1137.4,0.003791,0.035452,0.99009,0,11.632,9.6257,22.417,16.282,7.3983,0
0.060969,0.74689,0.02421,1.0373,-19.129,-0.77918,0.060969,0.33889,3.6867,0.25311,0.1045,0.09384,0.034546,0.060969,2140.5,0.17052,1.3389,0.060969,0.016538,18.374,1.1918,0.097312,0.016538,-0.43962,-0.71272,0.17052,2.2356,0.074248,3.6976,0.1844,0.019538,66.912,5.455,4.7453,0.14253,3.6867,,0.25311,0.03866,0.13926,0.15208,0.026396,57.764,39.389,0.32851,0.75161,19.113,0.030921,0.008387,0.90231,0.64971,0.18332,0.77625,0.77625,120.68,0.03866,0.24087,0.98496,0,19.865,9.2665,64.325,5.6743,11.306,0
0.10395,0.34254,0.2889,1.8512,-0.37349,0,0.12876,1.9194,3.6058,0.65746,0.14287,0.37935,0.046675,0.12876,742.88,0.49133,2.9194,0.12876,0.035709,29.578,1.3902,0.14271,0.028828,0.23364,0.65185,0.4189,10.112,0.77725,4.3649,0.082308,0.035822,35.702,10.224,10.13,0.13577,3.6058,,0.65746,0.037655,0.13556,0.06265,0.039577,58.944,29.366,0.35574,0.99027,30.736,0.10316,0.028611,1.8343,0.33941,0.097814,1.7688,1.7688,6693.3,0.037655,0.1581,0.96437,0,12.34,12.429,34.358,10.624,9.701,0
0.020353,0.89696,-0.154,0.82712,-50.946,0.1766,0.026153,0.086525,1.0197,0.077609,0.026153,0.02936,0.062086,0.026153,2049.2,0.17812,1.1149,0.026153,0.010163,24.962,0.97445,0.065773,0.007909,0.22414,0.077609,0.17166,0.26061,-0.58504,4.1636,0.32601,0.010163,128.83,2.8332,0.073329,0.065773,2.6178,90.7,0.083792,0.025559,0.074417,0.1479,0.025559,95.101,70.139,0.11565,0.62955,25.452,-0.067842,-0.026363,0.82142,0.89077,0.35296,0.29484,0.31833,-2244.4,0.019274,0.26224,0.98073,0.079667,14.622,5.2039,126.35,2.8889,9.7762,0
0.10996,0.53923,0.1469,1.2724,-57.58,0.15655,0.14145,0.55066,1.154,0.29693,0.14145,0.26232,0.16254,0.14145,1042.7,0.35005,1.8545,0.14145,0.1218,92.042,1.7321,0.16289,0.094683,0.20386,0.29693,0.29164,1.6186,0.46804,3.6766,0.46174,0.1218,195.57,1.8663,0.30208,0.16289,1.1787,,0.29693,0.14027,0.01942,0.084341,0.14027,212.36,120.32,0.37547,0.72935,106.21,0.11558,0.099528,1.2724,0.53923,0.53582,0.94606,0.94606,697.63,0.13341,0.3703,0.86659,0,3.9656,3.0336,169.48,2.1536,3.7,0
0.005965,0.31653,0.17679,1.6517,7.7555,-0.013383,0.006324,1.6904,0.99957,0.53508,0.006324,0.023314,0.032618,0.006324,1736.7,0.21017,3.1592,0.006324,0.003101,22.615,0.92154,0.005654,0.002925,-0.012486,0.53508,0.20904,0.027712,0.32031,4.6683,0.12488,0.003101,48.525,7.5219,0.017863,0.005654,2.0672,7.1058,0.58035,0.002772,0.25661,0.15802,0.002772,67.728,45.113,0.047204,1.1859,22.605,-0.054548,-0.026745,1.4155,0.27126,0.13295,0.96944,1.0515,8237.2,-0.000426,0.011148,1.0004,0.084607,16.14,8.0908,48.546,7.5187,3.6952,0
0.053702,0.095751,0.32852,4.4372,54.277,0,0.067522,9.4438,0.99528,0.90425,0.081355,0.70644,0.13512,0.067522,259.87,1.4045,10.444,0.067522,0.067842,71.972,1.0359,0.060773,0.053957,0.24576,0.4082,1.2602,4.3932,0.57046,4.3569,0.011037,0.067844,37.223,9.8058,9.7884,0.058031,0.99528,,0.90425,0.058307,0.89795,0.024987,0.061062,124.06,52.086,0.27364,2.3839,76.428,-0.00619,-0.006219,4.4293,0.09558,0.10198,1.5702,1.5702,7473.2,0.058307,0.059389,0.93398,0,5.0714,7.0077,35.052,10.413,1.7282,0
0.019531,0.89301,0.067884,1.0811,-29.704,0,0.019531,0.11981,1.7806,0.10699,0.022418,0.02333,0.017777,0.019531,10297,0.035447,1.1198,0.019531,0.010969,39.825,0.93976,0,0.010969,0.0618,0.091512,0.035447,0,0.71496,4.0089,0.49043,0.023087,196.16,1.8608,1.7444,0.01459,1.7806,,0.10699,0.008194,0.024961,2.4554,0,181.24,141.42,0.10053,0.84902,45.522,-0.012123,-0.006808,1.0135,0.83717,0.53742,1.1268,1.1268,692.95,0.12514,0.18255,0.87648,0,9.1652,2.581,171.61,2.1269,18.753,0
0.15355,0.46194,0.32153,2.3555,-39.584,0.40743,0.15783,1.1634,0.55128,0.53744,0.19323,0.66538,0.34188,0.15783,894.63,0.40799,2.1648,0.15783,0.28629,222.82,1.4321,0.16372,0.27853,0.34985,0.537,0.39873,4.6248,0.72863,5.756,0.60996,0.28629,255.16,1.4742,0.75698,0,0.55128,0.98858,0.76219,0,0.53035,0.079224,0.29698,286.64,63.817,0.45625,0.9367,351.28,0.13307,0.24139,1.2095,0.2372,0.67832,1.2179,1.7272,183340,0.38452,0.2857,0.69852,0.41818,1.6381,5.7195,157.05,2.3242,1.2493,0
0.081072,0.70366,0.28662,1.4194,-15.913,0,0.10812,0.42114,1.9512,0.29634,0.18074,0.15822,0.058785,0.10812,2239.1,0.16301,1.4211,0.10812,0.055412,66.418,1.2617,0.1749,0.041549,0.27772,0.28265,0.12457,2.4085,9.5444,3.8636,0.3264,0.055413,139.86,2.6097,2.5343,0.16789,1.9512,,0.29634,0.086046,0.11253,0.12924,0.089636,167.06,100.64,0.22834,0.89986,72.671,0.16832,0.086263,1.3785,0.68334,0.38319,9.8679,9.8679,2093.5,0.086046,0.27358,0.94558,0,5.4955,3.6267,127.83,2.8554,64.974,0
0.39262,0.50841,0.15581,1.3066,-65.237,0,0.39262,0.96694,2.3403,0.49159,0.40315,0.77259,0.17434,0.39262,454.82,0.80251,1.9669,0.39262,0.16776,78.04,0.867,0.38864,0.16776,1.1445,0.48049,0.80251,36.921,0.46374,4.4459,0.1956,0.17226,95.344,3.8282,3.8266,0.39486,2.3403,,0.49159,0.16872,0.10985,0.041946,0.16606,94.853,16.813,0.78466,0.32198,93.879,0.37326,0.15949,1.3061,0.50819,0.26122,1.4631,1.4631,4350.1,0.16872,0.79867,0.83332,0,4.6771,21.709,79.258,4.6052,6.9653,0
0.37261,0.18058,0.39837,3.8098,56.377,0,0.46128,4.5378,1.8139,0.81942,0.46176,3.2535,0.28207,0.46128,128.82,2.8334,5.5378,0.46128,0.2543,36.942,1.0053,0.42446,0.20541,1.5842,0.62822,2.3424,878.1,0.8663,4.7993,0.001121,0.25456,37.208,9.8098,7.7021,0.42311,1.8139,164.82,0.82159,0.23326,1.2936,0.012677,0.234,71.784,34.842,2.0296,2.5149,48.18,0.37408,0.20622,2.9912,0.14178,0.10194,1.7819,1.7866,25095,0.23326,0.45472,0.752,0.00264,9.8804,10.476,28.529,12.794,3.9446,0
0.018188,0.46827,0.020564,1.048,-81.777,0,0.028602,1.1355,1.2117,0.53173,0.053775,0.066722,0.02867,0.028602,4919.9,0.074189,2.1355,0.028602,0.023604,82.872,1.1129,0.053775,0.01501,0.14609,0.11727,0.051951,2.1362,0.037338,4.8449,0.37969,0.02362,138.15,2.642,2.4186,0.079168,1.2117,127.23,0.5331,0.065335,0.02217,0.26052,0.044379,132.46,49.585,0.066111,0.40618,88.665,0.047636,0.039313,0.95936,0.42867,0.3785,0.96544,0.96793,1438.9,0.065335,0.034206,0.97645,0.002574,4.4044,7.3611,129.13,2.8267,2.2001,0
-0.032736,0.61876,-0.096661,0.82249,-29.91,-0.032736,-0.033788,0.59156,0.98543,0.36603,-0.033788,-0.06205,0.017504,-0.033788,4339.2,0.084118,1.6161,-0.033788,-0.011363,15.228,,-0.021389,-0.011009,-0.033788,0.36603,0.085816,,-0.17507,4.4704,0.19047,-0.011363,65.866,5.5416,-0.034567,-0.021389,3.013,4.3619,0.44026,-0.007193,0.13815,0.31565,-0.007193,45.741,30.512,-0.26387,0.59465,15.007,-0.10722,-0.03606,0.72381,0.54452,0.18045,0.66293,0.79738,-2855.4,-0.014785,-0.089436,1.0148,0.20281,23.968,11.962,66.84,5.4608,5.3855,1
0.091428,0.52945,0.21901,1.4137,-0.43369,0,0.091428,0.88877,4.6866,0.47055,0.12462,0.17269,0.023529,0.091428,1752.5,0.20828,1.8888,0.091428,0.019508,17.35,3.3789,0.12462,0.019508,0.26569,0.091428,0.20828,3.7546,0.87066,3.3858,0.10235,0.025537,42.36,8.6166,8.6166,0.12462,4.6866,,0.47055,0.02659,0.097202,0.12302,0.02659,54.283,36.933,0.41041,0.99289,17.824,0.10577,0.022569,1.4137,0.52945,0.11606,1.8707,1.8707,532.48,0.02659,0.1943,0.98049,0,21.038,9.8828,41.234,8.8519,18.631,0
0.012581,0.38049,0.22322,1.6768,-140.95,0,0.012581,1.6282,0.70839,0.61951,0.045872,0.038146,0.080891,0.012581,2423.6,0.1506,2.6282,0.012581,0.01776,240.34,1.0185,0.045493,0.01776,0.028304,0.012581,0.1506,1.3665,0.49943,3.8983,0.5182,0.063566,180.77,2.0192,1.7503,0.042429,0.70839,1.709,0.67018,0.059896,0.040649,0.14059,0.06422,278.05,37.71,0.026972,0.26255,255.65,0.000772,0.001089,1.4535,0.32982,0.49526,1.3861,1.4994,1766.2,0.059896,0.020309,0.98233,0.081793,1.5187,9.679,169.94,2.1478,1.5849,0
0.067519,1.9229,0.75823,4.1361,-65.545,-1.5324,0.067519,-0.47994,1.2732,-0.92285,0.067519,0.27927,0.053031,0.067519,10395,0.035114,0.52006,0.067519,0.053031,280.3,0.69794,0.067519,0.053031,0.17072,-1.3653,0.035114,,,2.0532,1.5091,0.053031,73.192,4.9869,0.62703,0.067519,1.2732,0.013237,0.75823,0.053031,0.006295,0.94929,0.053031,286.24,5.9431,0.069056,0.09204,296,0.067519,0.053031,0.52006,0.24177,0.20053,,,85.695,0.053031,-0.073163,0.94697,-1.8216,1.3022,61.416,69.311,5.2661,,0
-0.060226,1.4832,-1.2566,0.15277,-342.26,-0.060226,-0.060226,-0.43995,0.93045,-0.65254,-0.060226,-0.040606,-0.004076,-0.060226,-96176,-0.003795,0.67422,-0.060226,-0.04361,26.948,1.1178,-0.063423,-0.04361,-0.060226,-0.65254,-0.003795,,-1.6248,4.8016,1.0624,-0.04361,364.74,1.0007,-0.042761,-0.063423,1.5367,,-0.65254,-0.045925,0.011186,-5.5254,-0.045925,55.503,28.555,-0.59069,0.084029,25.073,-0.11802,-0.085459,0.15277,1.4832,0.99929,-0.84371,-0.84371,-79585,-0.074749,0.092296,1.0747,0,13.545,12.782,392.01,0.93111,1.7856,1
0.034781,0.74977,0.29538,1.4335,-38.432,0,0.046468,0.33374,3.0504,0.25023,0.12929,0.068201,0.017128,0.046468,5237.9,0.069684,1.3337,0.046468,0.015233,71.112,1.105,0.12708,0.011402,0.19358,0.12888,0.054097,1.5345,12.682,3.7733,0.20173,0.015248,85.331,4.2775,3.887,0.13606,3.0504,,0.25023,0.044605,0.21426,0.18811,0.04166,99.4,28.288,0.058523,0.56125,74.432,0.1213,0.039766,1.3027,0.68133,0.23378,10.744,10.744,1752.6,0.044605,0.13899,0.98481,0,5.1327,12.903,81.525,4.4772,130.97,0
-0.041641,0.74732,0.096292,1.4025,-21.757,0.13614,-0.045528,0.33811,0.98072,0.25268,-0.045528,-0.19028,0.011204,-0.045528,18447,0.019787,1.3381,-0.045528,-0.034495,48.116,1.0334,-0.023242,-0.031551,0.14654,0.25268,0.024987,-0.1727,0.14492,5.0549,0.55859,-0.034495,64.893,5.6247,-0.0311,-0.023242,1.3228,0.31801,0.76074,-0.01761,0.042113,0.66274,-0.01761,90.012,41.896,-0.23934,0.67528,47.188,-0.083556,-0.063309,0.44901,0.23926,0.17779,0.38028,1.1449,10927,-0.019657,-0.1648,1.0197,2.0107,7.5859,8.7121,66.168,5.5162,1.9864,0
0.016026,0.15344,0.098294,1.6406,10.272,0,0.016026,5.5171,3.9685,0.84656,0.016026,0.10444,0.008108,0.016026,1740.6,0.2097,6.5171,0.016026,0.004038,0,2.5644,0,0.004038,0.1409,0.56622,0.2097,,0.13136,2.2847,-0.003212,0.009024,17.248,21.161,21.161,0.064944,3.9685,,0.84656,0.016365,1.1228,0.31669,0,7.3067,7.3067,,1.6406,0,-0.01615,-0.00407,1.6406,0.15344,0.047256,1.1314,1.1314,18.934,0.18181,0.018931,0.8182,0,,49.954,14.113,25.863,5.3037,0
0.015995,0.88006,-0.0267,0.95137,-65.643,0,0.021614,0.13629,1.9811,0.11994,0.14336,0.039366,0.042431,0.021614,3821.3,0.095517,1.1363,0.021614,0.01091,57.094,0.95328,0.14197,0.008074,0.060814,0.098416,0.089132,1.1661,-0.055897,3.4474,0.44253,0.063977,105.01,3.4758,2.1685,0.072728,1.9811,0.92015,0.35083,0.03671,0.006117,0.14351,0.071659,95.618,38.524,0.051615,0.38695,59.27,0.079518,0.040138,0.59353,0.54904,0.2877,0.2511,0.73448,-74.804,0.036711,0.13336,0.98947,1.9251,6.393,9.4747,101.16,3.6083,4.1476,0
0.17391,0.15499,0.49711,6.083,61.041,0.4918,0.21442,5.4209,1.2222,0.84021,0.21442,2.1925,0.20494,0.21442,220.09,1.6584,6.4519,0.21442,0.17095,92.852,1.0225,0.22388,0.13865,0.60327,0.84021,1.397,2.1815,1.2271,4.3502,0.11603,0.17095,34.783,10.494,1.4445,0.22388,1.2742,4.8227,0.8974,0.1785,0.21186,0.01912,0.1785,167.09,74.241,0.54504,2.8204,113.48,0.18126,0.14451,3.8382,0.097798,0.095297,2.0741,2.2153,11133,0.18179,0.20698,0.81821,0.068073,3.931,4.9164,28.46,12.825,3.0962,0
0.03994,0.92049,0.067333,1.0738,3.9965,0.19578,0.050728,0.065528,1.0124,0.060318,0.050728,0.05562,0.014827,0.050728,5748.2,0.063498,1.0864,0.050728,0.012868,2.1484,1.3317,0.051021,0.010131,0.24427,0.060318,0.051778,0.13103,3.2648,4.3937,0.19345,0.012868,85.493,4.2694,0.055428,0.051021,3.9534,113.14,0.06877,0.012942,0.17418,0.51518,0.012942,75.969,73.82,1.7212,1.0484,2.1751,0.043299,0.010983,1.064,0.91204,0.23423,2.9247,3.3345,1667,0.012277,0.66215,0.98772,0.14011,169.89,4.9444,84.443,4.3224,191.15,0
0.030875,0.53661,0.37157,1.6924,8.6277,0.025759,0.042959,0.73515,1.0309,0.39449,0.042959,0.080056,0.035325,0.042959,2875.3,0.12695,1.8635,0.042959,0.022277,58.802,1.2335,0.048238,0.016011,0.043072,0.39449,0.10443,0.25787,4.0468,4.3438,0.25818,0.022277,104.7,3.486,0.089894,0.048238,1.9479,,0.39449,0.025015,0.10329,0.24036,0.025015,161.41,102.61,0.099383,1.1135,60.618,0.023077,0.011967,1.6924,0.53661,0.28686,4.2964,4.2964,8200.5,0.029947,0.078265,0.97005,0,6.2072,3.5573,101.57,3.5936,21.002,0
0.081723,0.075572,0.57536,9.435,96.085,0,0.1029,12.232,0.96435,0.92443,0.10298,1.5085,0.13427,0.1029,213.03,1.7134,13.232,0.1029,0.1067,130.95,1.0457,0.085401,0.084745,0.26721,0.92081,1.4332,1031.9,1.6142,4.1425,-0.10642,0.10679,28.284,12.905,11.648,0.084095,0.96435,,0.92443,0.087204,2.6351,0.022494,0.088558,175.56,44.61,0.23622,4.363,143.46,0.058814,0.060988,8.5159,0.068211,0.07749,2.5935,2.5935,7987.9,0.087204,0.088404,0.89564,0,2.7874,8.182,25.817,14.138,2.7056,0
0.006493,0.65261,0.26287,1.4075,-17.901,0,0.014356,0.53232,1.9811,0.34739,0.048283,0.022256,0.011769,0.014356,10216,0.035728,1.5323,0.014356,0.007246,62.834,1.016,0.04822,0.003277,0.079085,0.32404,0.02368,1.4213,2.8535,3.3306,0.30172,0.024372,121.68,2.9996,2.9647,0.046334,1.9811,,0.34739,0.023388,0.11233,0.38043,0.02434,153.92,91.084,0.019037,0.87879,64.339,0.039259,0.019817,1.3912,0.64501,0.33338,3.771,3.771,562.81,0.023388,0.018689,0.99279,0,5.8089,4.0073,118.84,3.0714,21.505,0
0.021019,0.59043,0.46127,1.9473,76.621,0,0.02595,0.69367,2.1241,0.40957,0.053196,0.05329,0.012217,0.02595,8304.8,0.043951,1.6937,0.02595,0.012217,3.5251,1.1332,0.053196,0.009896,0.055634,0.021019,0.0356,1.9524,8.9105,2.1099,0.27797,0.025044,85.827,4.2528,3.5075,0.053196,2.1241,8.9658,0.51304,0.025044,-0.000016,0.36997,0.025044,162.94,159.42,1.0246,1.9051,3.6157,0.053196,0.025044,1.606,0.48696,0.23514,7.9117,9.9105,59.406,0.025048,0.05132,0.98821,0.25264,103.54,2.2896,83.677,4.362,41.032,0
0.098637,0.48463,0.24794,1.5475,-3.0683,0,0.11772,1.0634,2.5821,0.51537,0.12088,0.25992,0.069981,0.11772,978.92,0.37286,2.0634,0.11772,0.045591,37.296,0.87905,0.11752,0.0382,0.42697,0.49752,0.33348,37.213,0.8288,3.4809,0.16514,0.045865,66.433,5.516,5.1548,0.093737,2.6191,13.772,0.5471,0.036303,0.13928,0.089499,0.045513,90.153,52.857,0.37385,0.9649,38.548,0.054539,0.021122,1.4461,0.4529,0.18129,1.7227,1.8288,750.26,0.036303,0.19139,0.95505,0.061568,9.7866,6.9054,64.021,5.7013,8.6312,0
0.11637,0.16435,0.39824,3.5163,50.779,0.27116,0.14371,5.0083,1.0909,0.82312,0.14371,0.90805,0.14663,0.14371,266.39,1.3702,6.0845,0.14371,0.093574,47.511,1.2172,0.12966,0.07577,0.3358,0.82312,1.2038,0.92099,0.89795,4.9356,0.043829,0.093574,41.031,8.8956,0.78893,0.12966,1.5564,58.564,0.82921,0.084427,0.68421,0.025591,0.084427,106.53,59.014,0.5821,2.2532,51.829,0.048182,0.031373,3.3861,0.15826,0.11242,1.856,1.8697,34333,0.083308,0.14137,0.91669,0.007397,7.6824,6.1849,37.613,9.704,3.4629,0
0.52251,0.17668,0.44565,3.5271,45.119,0,0.52251,4.6598,2.2499,0.82332,0.56144,2.9629,0.25444,0.52251,112.66,3.24,5.6598,0.52251,0.23224,35.246,2.6432,0.49516,0.23224,0.53281,0.60972,3.24,12.717,1.179,4.1233,0.037964,0.23231,36.35,10.041,10.022,0.4791,2.2499,,0.82332,0.21294,0.58968,0.010804,0.22008,84.037,48.792,2.405,2.2951,44.782,0.44522,0.19788,3.5204,0.17635,0.09959,2.1781,2.1781,5919.2,0.21294,0.63464,0.7761,0,10.356,7.4808,28.61,12.758,5.9521,0
0.014293,0.36445,-0.023791,0.93472,-87.3,0.046016,0.018302,1.7301,1.0211,0.63055,0.018302,0.050218,0.079224,0.018302,2148,0.16993,2.7438,0.018302,0.023413,68.552,1.1906,0.01641,0.018284,0.058302,0.63055,0.15892,0.21434,-0.036083,5.0899,0.39026,0.023413,173.76,2.1007,0.045026,0.01641,0.80184,,0.63055,0.020992,0.1752,0.19958,0.020992,129.25,60.698,0.097354,0.53188,69.995,-0.027218,-0.034818,0.93472,0.36445,0.47604,0.95633,0.95633,-2926.4,0.020619,0.022668,0.97938,0,5.3244,6.0134,170.17,2.1449,1.1856,0
0.028658,0.7139,-0.18411,0.72771,-326.23,0,0.028658,0.40076,1.0152,0.2861,0.074388,0.042384,0.036582,0.028658,7016.1,0.052023,1.4008,0.028658,0.028228,47.089,1.0801,0,0.028228,0.29854,0.21309,0.052023,0,-0.36246,5.573,0.62715,0.070607,681.1,0.5359,0.50757,0.16521,1.0152,87.616,0.29022,0.16273,0.12242,2.8059,0,147.14,100.05,0.2188,0.534,131.93,-0.008481,-0.008354,0.68924,0.67616,1.866,0.56324,0.57135,-68880,0.64309,0.10017,0.41548,0.014404,7.7512,3.6481,243.09,1.5015,1.9987,0
0.146,0.49905,0.38789,1.7919,26.628,0.000282,0.146,1.0038,2.6019,0.50095,0.15556,0.29806,0.056113,0.146,1247.6,0.29256,2.0038,0.146,0.056113,28.263,1.2159,0.16038,0.056113,0.32403,0.49275,0.29256,16.781,3.1724,4.0948,0.07607,0.056624,5354.9,5.0203,4.9276,0.15573,2.645,254.14,0.50361,0.059852,0.62398,0.10372,0.061639,80.253,51.99,0.72467,1.3806,29.904,0,0,1.7588,0.48984,14.671,4.0971,4.1188,4824.9,0.98717,0.29145,0.93335,0.005312,12.914,7.0206,68.715,5.3118,21.28,0
-0.072572,0.98548,-0.6545,0.31552,-52.835,-0.050819,-0.072572,0.014731,0.99225,0.014517,-0.072572,-0.075896,-0.003325,-0.072572,-19259,-0.018952,1.0147,-0.072572,-0.012919,10.887,0.94006,-0.029977,-0.012919,-0.050819,0.014517,-0.018952,-0.05295,-0.93728,3.5997,0.17403,-0.012919,61.648,5.9207,-0.030419,-0.029977,5.6442,4.5822,0.043794,-0.005336,0.009218,1.3546,-0.005336,19.031,8.1438,-0.43313,0.14029,10.802,-0.083872,-0.014931,0.30615,0.95621,0.1689,0.02079,0.062715,-2604,-0.007816,-4.999,1.0078,2.0166,33.527,44.82,62.13,5.8748,8.0446,0
0.089459,0.42625,0.41176,2.6535,43.755,0,0.10874,1.346,1.387,0.57375,0.11129,0.43669,0.090443,0.10874,1240.2,0.2943,2.346,0.10874,0.078403,66.706,0.99765,0.10888,0.064498,0.15941,0.46824,0.24905,42.831,1.2139,3.6757,0.30544,0.078757,70.573,5.1719,3.0215,0.09909,1.387,2.3539,0.74678,0.071441,0.025636,0.11314,0.078502,172.21,105.5,0.35292,1.6356,71.838,0.092182,0.066461,1.5502,0.24902,0.19335,1.6914,2.2015,1951.3,0.071441,0.15592,0.9223,0.30159,5.4718,3.4596,65.532,5.5698,4.0888,0
0.02016,0.35708,0.019803,1.0631,-59.661,0.025819,0.027498,1.5923,1.037,0.56859,0.027498,0.087688,0.080502,0.027498,1946.1,0.18755,2.8005,0.027498,0.033054,60.464,1.1064,0.033773,0.024233,0.03573,0.56859,0.167,0.42098,0.029707,4.416,0.42075,0.033054,142.68,2.5582,0.094581,0.033773,0.85098,4.4976,0.61208,0.040596,0.049256,0.16028,0.040596,139.5,79.034,0.14629,0.62369,62.701,-0.005701,-0.006852,0.93367,0.31359,0.3909,0.85296,0.9182,516.05,0.035683,0.035456,0.96432,0.076482,6.0366,4.6183,137.59,2.6529,1.248,0
0.028681,0.83022,0.12528,1.1509,15.592,0.058974,0.042599,0.19015,1.0237,0.15786,0.042599,0.05131,0.024592,0.042599,6469.8,0.056416,1.2045,0.042599,0.022366,7.1936,1.1462,0.045763,0.015059,0.084186,0.15786,0.039652,0.24597,2.815,4.9154,0.31433,0.022366,162.88,2.241,0.055122,0.045763,1.9172,,0.15786,0.024028,0.28774,0.54588,0.024028,137.33,130.14,0.76409,1.1057,7.3641,0.041524,0.021802,1.1509,0.83022,0.44623,3.5472,3.5472,10311,0.023147,0.18168,0.97685,0,50.739,2.8047,159.11,2.2941,42.796,0
0.015226,0.33145,0.3084,1.9304,28.154,0.066491,0.020893,1.9132,1.0285,0.63413,0.020893,0.063036,0.036324,0.020893,2166.3,0.16849,3.017,0.020893,0.01359,46.091,1.2438,0.030009,0.009903,0.088126,0.63413,0.15139,0.20075,0.85631,4.458,0.21145,0.01359,80.93,4.5101,0.090539,0.030009,1.5505,,0.63413,0.019519,0.019465,0.16774,0.019519,150.37,104.28,0.078425,1.3447,47.403,-0.004944,-0.003216,1.9304,0.33145,0.22173,1.7607,1.7607,8854.5,0.027691,0.02401,0.97231,0,7.9192,3.5001,78.689,4.6385,4.2689,0
0.076814,0.39836,0.28943,1.7266,17.533,0.25762,0.09908,1.3667,1.0184,0.54444,0.09908,0.24872,0.045998,0.09908,1179.3,0.30951,2.5103,0.09908,0.036964,21.027,1.0697,0.088581,0.028657,0.32691,0.54444,0.25362,0.33654,0.92704,5.035,0.066487,0.036964,55.241,6.6074,0.22237,0.088581,2.7317,,0.54444,0.033047,0.57272,0.11611,0.033047,62.59,41.563,0.49746,1.3389,21.413,0.064366,0.024013,1.7266,0.39836,0.15135,1.7438,1.7438,31371,0.018033,0.14109,0.98197,0,17.359,8.7817,54.245,6.7287,8.5853,0
0.36865,0.59198,0.10671,1.3245,1.9023,0,0.36865,0.68925,2.0287,0.40802,0.4375,1.1209,0.19463,0.36865,547.21,0.66702,1.6893,0.36865,0.18171,16.835,1.1027,0.43654,0.18171,0.85246,0.34453,0.66702,6.3399,0.18907,3.4983,0.22006,0.1996,72.316,5.0473,2.8041,0.36878,2.0287,1.3476,0.66183,0.18178,0.45619,0.042642,0.21518,51.377,34.542,3.9397,1.04,20.575,0.41032,0.20225,0.73583,0.32888,0.19813,0.72293,1.1726,336.16,0.18178,0.90349,0.82557,0.62204,21.681,10.567,59.17,6.1686,3.5945,0
0.36242,0.25232,0.53218,3.7529,105.53,0,0.45168,2.9632,1.8932,0.74768,0.45278,2.3365,0.26887,0.45168,180.93,2.0174,3.9632,0.45168,0.23857,20.241,1.7021,0.41384,0.19143,0.73497,0.71272,1.6637,375.39,1.9387,4.2817,-0.083931,0.23916,46.671,7.8206,5.9918,0.38141,1.8932,,0.74768,0.20146,2.1316,0.01785,0.21859,60.427,40.186,3.4521,3.2098,25.347,0.35649,0.1883,2.8753,0.19331,0.12787,2.7237,2.7237,10180,0.20146,0.48473,0.77188,0,18.033,9.0828,37.269,9.7936,6.8969,0
0.12229,0.95507,0.016723,1.0189,-9.6586,-0.1079,0.098571,0.042344,1.0097,0.040441,0.098571,0.11168,0.031902,0.098571,2672.6,0.13657,1.047,0.098571,0.024109,5.7825,1.6031,0.10321,0.029909,-0.13162,0.040441,0.1614,0.25488,0.16619,4.4576,0.23238,0.024109,79.561,4.5877,0.10807,0.10321,4.1775,11.525,0.11286,0.025244,0.073312,0.23246,0.025244,74.514,68.731,1.8879,0.94556,5.8385,0.071349,0.017451,0.94168,0.88265,0.21797,0.40189,1.1216,479.65,0.00959,3.0238,0.99041,1.7907,63.121,5.3105,78.798,4.6321,40.631,0
-0.10521,0.39185,-0.078901,0.79796,-43.642,-0.25289,-0.10768,0.93222,0.92509,0.36529,-0.10768,-0.27574,-0.067465,-0.10768,-1826.6,-0.19982,2.552,-0.10768,-0.092782,18.351,0.83287,-0.0909,-0.090653,-0.25437,0.36529,-0.19351,-0.72455,-0.11462,5.2378,0.32622,-0.092782,113.62,3.2125,-0.23198,-0.0909,1.195,191.19,0.36661,-0.078322,0.062771,-0.20942,-0.078322,90.294,71.943,-1.8031,0.64854,16.976,-0.12028,-0.10364,0.79526,0.39052,0.31128,0.53065,0.53257,-13642,-0.080972,-0.28802,1.081,0.003627,19.89,5.0734,122.82,2.9719,1.686,0
0.076426,0.15083,0.10706,2.4021,23.017,0,0.076426,5.6301,0.78927,0.84917,0.076515,1.0009,0.18003,0.076426,387.45,0.94206,6.6301,0.076426,0.096831,17.935,0.90403,0.075822,0.096831,0.21484,0.60944,0.94206,853.21,0.13111,3.3796,0.18008,0.096944,28.695,12.72,6.4397,-0.18202,0.78927,,0.84917,-0.23061,0.24977,0.035534,0.096066,76.005,58.07,1.9706,1.8942,14.574,0.010159,0.012872,1.2161,0.07636,0.078617,1.0399,1.0399,256.61,-0.23061,0.090001,0.92717,0,20.351,6.2856,35.313,10.336,0.96656,0
0.086426,0.13334,0.50045,4.7532,95.955,0.24937,0.10884,6.344,1.0989,0.84591,0.10884,0.81626,0.12729,0.10884,273.02,1.3369,7.4997,0.10884,0.077716,45.632,1.3479,0.099914,0.061712,0.31155,0.84591,1.1688,0.78401,1.3666,4.5315,-0.047753,0.077716,38.189,9.5576,0.74933,0.099914,1.4152,,0.84591,0.071343,1.5329,0.025888,0.071343,111.91,66.277,0.49361,3.4401,50.147,0.030493,0.021773,4.7532,0.13334,0.10463,2.3099,2.3099,17016,0.090028,0.10217,0.90997,0,7.9987,5.5072,34.751,10.503,3.8243,0
0.13012,0.4122,0.38633,1.9631,28.259,0,0.16802,1.426,3.1039,0.5878,0.24958,0.41887,0.07449,0.16802,650.72,0.56092,2.426,0.16802,0.054133,19.609,1.4941,0.24739,0.041922,0.64298,0.54245,0.46897,3.0335,1.8177,3.0424,0.10135,0.058317,51.528,7.0836,6.8935,0.26241,3.1039,,0.5878,0.084543,0.24703,0.044239,0.079705,80.949,61.339,0.78032,1.5474,21.42,0.18421,0.059347,1.9104,0.40114,0.14117,2.7657,2.7657,425.95,0.084543,0.22137,0.94591,0,18.614,5.9505,47.171,7.7377,14.604,0
0.21481,0.10649,0.65769,7.2209,100.74,0.48887,0.26561,8.3852,1.0348,0.89294,0.26561,2.5123,0.43733,0.26561,145.56,2.5075,9.3906,0.26561,0.43503,0,0.4725,0.26594,0.35182,0.60898,0.89294,2.0304,4.5072,2.78,4.6058,0.058938,0.43503,65.403,5.5808,2.4973,0.26594,0.86319,996.44,0.8937,0.43555,5.3298,0.013096,0.43555,119.52,119.52,,7.2209,0,0.26453,0.43324,7.1689,0.10572,0.17919,3.7743,3.7775,26535,0.033661,0.24056,0.96634,0.000858,,3.0539,63.202,5.7752,2.5808,0
-0.00967,0.43649,0.17131,1.4934,-544.63,-0.34165,-0.00967,1.291,0.35936,0.56351,-0.005587,-0.027849,0.077158,-0.00967,5745.8,0.063525,2.291,-0.00967,-0.026909,439.16,1.4199,0,-0.026909,-0.091413,-0.18951,0.063525,0,0.35584,3.1793,1.1151,-0.052215,578.59,0.63085,0.50186,0.000976,0.35936,0.96563,0.65276,0.002716,0.14257,0.38905,0,476.41,37.246,-0.022365,0.24817,720.45,-0.037398,-0.10407,1.188,0.34724,1.5852,1.1705,1.3558,258.9,0.39043,-0.017161,0.62934,0.15837,0.83112,9.7997,352.69,1.0349,0.74643,0
-0.28224,1.0286,-0.33364,0.45557,-157.73,-0.21204,-0.28224,-0.027778,0.8363,-0.028572,-0.2422,-0.46056,-0.27024,-0.28224,-1661.2,-0.21973,0.97222,-0.28224,-0.33749,69.875,0.57325,-0.2422,-0.33749,-0.54592,-0.029094,-0.21973,-6.0482,-0.46286,2.697,1.2237,-0.28961,190.68,1.9307,1.1503,-0.3368,0.94097,2.8291,0.013522,-0.40272,0.008459,-0.18437,-0.28961,119.59,49.714,-1.7629,0.2697,49.39,-0.29844,-0.35685,0.27143,0.61283,0.51796,-0.039638,0.01876,-166.05,-0.40272,9.8783,1.2574,-1.4733,5.2236,7.342,267.47,1.3647,1.1602,1
0.16944,0.38578,0.23632,1.7705,31.166,0.41944,0.16944,1.5921,1.4397,0.61422,0.17014,0.55244,0.19117,0.16944,511.63,0.7134,2.5921,0.16944,0.11769,38.074,1.0132,0,0.11769,0.66008,0.61327,0.7134,0,0.51714,5.0772,0.25253,0.23538,105.07,3.4738,2.7618,0.002301,1.4397,6.7221,0.67266,0.001598,0.082396,0.12157,0,131.27,93.192,1.1283,1.2808,51.447,-0.10578,-0.073474,1.4076,0.30671,0.28787,1.3441,1.472,28227,0.25993,0.27586,0.74725,0.095149,9.5865,3.9167,77.76,4.6939,3.1505,0
-0.05681,0.01094,0.97898,90.49,2024.9,-0.21821,0.001786,90.411,0.17584,0.98906,0.001786,0.16322,0.010154,0.001786,2236.3,0.16322,91.411,0.001786,0.010154,0,0.54749,0.001786,-0.32308,-0.079997,-0.26836,-5.1931,,97.077,1.5995,-5.4268,0.010154,22.941,15.91,15.91,0.001786,0.17584,,0.98906,0.010154,88.228,0.20423,0.010154,51.367,51.367,,90.49,0,0.001786,0.010154,90.49,0.01094,0.062852,98.077,98.077,38.928,0.010154,-0.057439,0.98985,0,,7.1057,22.708,16.074,17.436,0
0.095491,0.21601,0.29168,3.9146,88.909,0,0.11506,3.6295,0.87114,0.78399,0.12193,1.1497,0.22827,0.11506,396.48,0.9206,4.6295,0.11506,0.13208,50.126,1.2392,0.11145,0.10962,0.2381,0.76925,0.83002,16.223,0.47954,5.3598,0.10518,0.13209,47.063,7.7556,3.5932,0.094996,0.87114,,0.78399,0.10905,1.2534,0.036878,0.12793,111.59,61.459,0.79819,2.7191,56.262,0.027651,0.031741,1.8136,0.10007,0.12894,1.2889,1.2889,66791,0.10905,0.1218,0.87199,0,7.2816,5.9389,41.93,8.7049,1.4322,0
0.13695,0.28749,0.31236,2.5324,19.047,0.30754,0.17338,2.3907,1.1343,0.68731,0.17338,0.85059,0.15602,0.17338,496.53,0.7351,3.4784,0.17338,0.128,62.481,1.2657,0.15731,0.10111,0.39222,0.68731,0.6084,1.3173,0.64564,4.8959,0.16163,0.128,62.302,5.8585,0.54717,0.15731,1.3961,3.3987,0.77097,0.11614,0.43119,0.048405,0.11614,115.42,52.934,0.59065,1.3949,70.871,0.11935,0.088114,1.7955,0.20383,0.17069,1.4206,1.5936,24579,0.11838,0.19926,0.88162,0.12172,5.8417,6.8954,54.927,6.6452,2.7997,0
-0.0641,1.0828,-0.12618,0.88347,-306.24,-0.20276,-0.0641,-0.076509,1.1831,-0.082848,-0.017483,-0.059198,-0.033838,-0.0641,-9872.9,-0.03697,0.92349,-0.0641,-0.054182,202.92,1.0173,-0.017568,-0.054182,-0.066251,-0.1197,-0.03697,-0.37685,-2.9099,3.0963,0.89176,-0.05369,328.33,1.1117,1.1117,-0.02071,1.1831,,-0.082848,-0.017506,0.22855,5.553,-0.01485,218.79,15.873,-0.097461,0.27607,199.43,-0.041636,-0.035193,0.88345,1.0828,0.89953,-1.9106,-1.9106,-157.5,-0.017506,0.77372,1.054,0,1.7988,22.995,334.08,1.0926,27.282,0
-0.13458,1.3047,-0.3037,0.75369,-101.14,-0.5508,-0.13458,-0.23351,2.3623,-0.30465,-0.008697,-0.10915,-0.053025,-0.13458,-3801.7,-0.09601,0.76649,-0.13458,-0.05697,51.877,1.3945,-0.008719,-0.05697,-0.18097,-0.68538,-0.09601,-0.069266,-4.2958,3.4801,0.49933,-0.055408,194.69,1.8748,1.7718,0.050655,2.3623,8.2844,-0.23301,0.021443,0.10745,72.496,-0.003691,123.12,71.242,-0.40084,0.48139,53.014,-0.018038,-0.007636,0.7123,1.233,0.5334,-4.3093,-3.2958,-917.38,0.021443,0.44174,1.0565,-0.23518,7.0359,5.1234,190.51,1.9159,33.414,0
0.11868,0.71881,-0.31732,0.55816,-84.969,0,0.11868,0.39119,1.8077,0.28119,0.15003,0.16525,0.085713,0.11868,1693.3,0.21555,1.3912,0.11868,0.065653,10.292,1.212,0.14468,0.065653,0.30963,0.2663,0.21555,4.6143,-0.52962,3.9162,0.37883,0.065653,162.98,2.2395,2.2376,0.1993,1.8077,,0.28119,0.11025,0.051211,0.13242,0.080035,73.513,63.221,2.3284,0.48718,11.567,0.10841,0.059975,0.55766,0.71817,0.44652,0.46932,0.46932,-2616.2,0.11025,0.42205,0.93539,0,35.465,5.7734,145.01,2.517,3.0171,0
0.054387,0.24797,0.45126,5.229,129.54,-0.34214,0.067352,3.0328,1.0051,0.75203,0.083212,0.63119,0.10637,0.067352,846.59,0.43114,4.0328,0.067352,0.067013,44.66,1.0547,0.079973,0.054113,0.20642,0.062373,0.37886,5.0426,1.0209,3.8146,0.11021,0.077435,41.538,8.7871,3.7813,0.067414,1.0051,3.0875,0.89292,0.067074,1.3338,0.06915,0.079571,150.95,106.29,0.44226,4.0765,47.871,0.040416,0.040212,2.2502,0.10671,0.1138,1.7013,2.02,2944.5,0.067074,0.07232,0.93428,0.18735,8.1728,3.4341,38.752,9.4189,2.2737,0
0.13225,0.093814,0.38725,6.8588,91.473,0,0.16592,9.6594,1.3452,0.90619,0.1737,2.5103,0.16385,0.16592,155.36,2.3493,10.659,0.16592,0.12335,18.086,1.1908,0.1736,0.098315,0.41595,0.60013,1.9904,22.329,0.70839,3.5016,0.006208,0.12908,18.425,19.81,13.957,0.035823,1.3452,13.951,0.9339,0.026631,1.3194,0.013711,0.12906,99.348,81.262,1.9841,5.8503,18.581,0.11912,0.088557,4.8323,0.066097,0.050481,1.6577,1.7084,1229.2,0.026631,0.14594,0.88818,0.030587,20.181,4.4916,17.935,20.352,2.4607,0
0.067091,0.23159,0.67084,3.8967,166.26,0.20476,0.083085,2.7323,1.0497,0.63277,0.083085,0.35876,0.076309,0.083085,861.17,0.42384,4.318,0.083085,0.064592,20.631,1.0944,0.056685,0.052158,0.24834,0.63277,0.35478,0.46257,6.8754,4.551,-0.12778,0.064592,68.979,5.2915,0.24477,0.056685,1.3232,,0.63277,0.044068,1.8788,0.10611,0.044068,132.61,111.98,0.92278,3.5828,21.656,0.041614,0.032351,3.8967,0.23159,0.18898,6.4852,6.4852,23856,0.047321,0.10603,0.95268,0,17.692,3.2596,65.715,5.5543,13.183,0
0.001462,0.32012,0.28223,2.1119,28.53,-0.77407,0.001871,2.1238,1.6951,0.67988,0.008801,0.00737,0.029434,0.001871,2341.8,0.15586,3.1238,0.001871,0.001104,31.565,1.1708,0.008677,0.000863,-0.14646,-0.77261,0.15459,1.2519,0.6083,3.9836,0.16783,0.002641,54.777,6.6634,5.2832,0.00389,1.6951,19.299,0.70006,0.002295,0.16165,0.1882,0.005119,106.59,75.021,0.009975,1.5344,31.638,-0.039347,-0.023212,1.6745,0.25381,0.15007,1.4654,1.5089,2717.6,0.002295,0.002151,0.9989,0.02968,11.563,4.8653,54.651,6.6787,3.6536,0
0.18278,0.36124,0.60301,3.4945,55.116,0,0.18278,1.7683,2.858,0.63876,0.18278,0.75612,0.070899,0.18278,650.71,0.56092,2.7683,0.18278,0.063955,31.963,1.0701,0,0.063955,0.40436,0.47134,0.56092,0,3.8839,2.7517,-0.013921,0.14297,38.615,9.4522,6.3254,0.006843,2.858,4.9746,0.75826,0.002394,1.6835,0.60675,0,55.909,23.946,0.73034,2.4592,39.978,-0.019846,-0.006944,2.3385,0.24174,0.1058,4.1142,4.8839,340.43,0.2005,0.28615,0.79974,0.18708,11.42,15.242,30.873,11.823,18.408,0
0.076905,0.47228,0.04652,1.1206,-20.126,-0.000842,0.076905,1.1174,0.93099,0.52772,0.077655,0.19929,0.088037,0.076905,2103.2,0.17354,2.1174,0.076905,0.082605,33.229,1.1247,0,0.082605,0.030276,0.28359,0.17354,0,0.081962,4.7291,0.49061,0.17143,199.64,1.8283,1.4939,0.025769,0.93099,9.7866,0.56325,0.027679,0.042624,3.1133,0,163.08,129.85,0.90736,0.90092,43.847,-0.005057,-0.005431,0.9156,0.3859,0.54695,0.92977,0.99236,2493.1,0.24215,0.14573,0.7784,0.067316,10.984,2.8108,151.29,2.4125,1.6403,0
0.03479,0.40989,0.2383,1.6012,-8.6382,0,0.044508,1.4397,2.1487,0.59011,0.04733,0.1123,0.036033,0.044508,1932.3,0.18889,2.4397,0.044508,0.020714,40.785,1.1148,0.045451,0.016191,0.16105,0.5665,0.16518,16.109,0.65222,3.8822,0.17391,0.022027,69.218,5.2732,5.0989,0.058743,2.1487,,0.59011,0.027338,0.21133,0.17435,0.021153,93.577,52.792,0.1449,0.99546,41.931,0.012535,0.005834,1.5483,0.39634,0.18964,1.6151,1.6151,1817,0.027338,0.058955,0.97983,0,8.9494,6.9139,67.326,5.4214,5.8811,0
0.12012,0.23294,0.54554,3.6133,50.063,0.2,0.14931,2.9808,1.0957,0.69437,0.14931,0.71522,0.10636,0.14931,466.44,0.78253,4.2929,0.14931,0.087121,68.063,1.1905,0.13933,0.070091,0.25317,0.69437,0.65724,0.89081,2.2203,4.3907,0.03651,0.087121,48.715,7.4925,0.59813,0.13933,1.7395,17.972,0.71856,0.081301,0.87861,0.044445,0.081301,121.59,53.523,0.37587,2.0824,74.576,0.10635,0.062057,3.2381,0.20876,0.13347,2.8261,2.9245,13414,0.087337,0.17299,0.91266,0.034836,5.3627,6.8195,44.461,8.2095,6.975,0
0.006515,0.64207,0.20007,1.374,13.809,0,0.013385,0.55746,4.4492,0.35793,0.10342,0.025018,0.005525,0.013385,9534.3,0.038283,1.5575,0.013385,0.003008,2.2133,2.186,0.04731,0.001464,0.05515,0.2682,0.027583,0.52545,0.75524,3.5242,0.086577,0.003066,43.672,8.3578,6.9642,-0.022356,4.4492,39.399,0.3759,-0.005025,0.48388,0.36582,0.010634,39.067,36.853,0.24148,1.3235,2.2022,0.036115,0.008117,1.1449,0.53501,0.11965,1.3511,1.4189,668.9,-0.005025,0.018201,0.99711,0.050213,164.91,9.9041,43.891,8.316,16.795,0
-0.20804,0.79349,0.17562,1.4065,-25.577,0,-0.20804,0.26026,1.272,0.20651,-0.027023,-0.48154,-0.09837,-0.20804,-2314.6,-0.15769,1.2603,-0.20804,-0.16355,68.266,0.84127,-0.036452,-0.16355,-0.097317,0.18417,-0.15769,-0.20137,0.44762,3.6509,0.62186,-0.13534,118.64,3.0766,1.6751,-0.057175,1.272,1.0229,0.56797,-0.044948,0.06649,0.56928,-0.028657,166.12,97.855,-0.87447,0.85584,65.329,-0.11936,-0.093839,0.7658,0.43203,0.32503,0.52636,1.4476,786.11,-0.044948,-1.0074,1.1584,1.7503,5.3467,3.73,123.97,2.9443,3.2421,0
0.065148,0.12381,0.66599,7.1885,38.741,0,0.098421,7.0767,1.8538,0.87619,0.11212,0.91455,0.077399,0.098421,314.96,1.1589,8.0767,0.098421,0.053091,94.118,0.846,0.10622,0.035143,0.51389,0.86441,0.89015,7.7538,2.9418,3.628,0.043453,0.054873,22.227,16.422,14.274,0.086573,1.8538,,0.87619,0.0467,0.42648,0.027281,0.057295,143.28,49.161,0.13629,2.7467,98.728,0.061152,0.032987,6.2482,0.10762,0.060895,3.8702,3.8702,2828,0.0467,0.074354,0.95182,0,3.8781,7.4245,21.189,17.226,8.1886,0
0.17626,0.70136,-0.22505,0.67912,-80.986,0.48755,0.18069,0.34407,1.1009,0.24132,0.18069,0.25764,0.13631,0.18069,1053.1,0.34659,1.4258,0.18069,0.10132,24.482,0.98753,0.19511,0.098837,0.50428,0.24132,0.34027,1.2044,-0.42974,5.68,0.3782,0.10132,158.03,2.3098,0.27819,0.19511,1.8288,,0.24132,0.10941,0.046494,0.089546,0.10941,90.81,66.328,1.4736,0.50856,26.952,0.13272,0.074423,0.67912,0.70136,0.43295,0.4608,0.4608,-107720,0.091634,0.73042,0.90837,0,14.909,5.503,143.54,2.5428,3.4054,0
-0.000916,0.47734,0.19327,1.7078,8.3139,0.10916,-0.000907,1.0308,1.0073,0.49202,-0.000907,-0.00332,0.011237,-0.000907,4593.9,0.079453,2.0949,-0.000907,-0.000269,11.98,1.0252,0.018089,-0.000272,0.1449,0.49202,0.079433,0.053987,0.36216,4.497,0.13936,-0.000269,29.747,12.27,0.037895,0.018089,3.4077,1.7407,0.69629,0.00536,0.047686,0.2757,0.00536,49.026,37.046,-0.008274,1.3021,12.067,-0.020744,-0.006146,0.97696,0.27307,0.0815,0.92198,1.3048,6069.1,0.007232,-0.001863,0.99277,0.41516,30.469,9.8526,29.532,12.359,6.3243,0
0.15894,0.15777,0.1912,2.2119,78.091,0.4255,0.19949,5.0951,1.3178,0.80386,0.19949,1.2645,0.34019,0.19949,245.3,1.488,6.3383,0.19949,0.28909,40.987,1.0768,0.17334,0.23032,0.53385,0.80386,1.231,3.3102,0.29369,4.6821,0.03281,0.28909,109.97,3.3191,1.0987,0.17334,0.7384,,0.80386,0.25119,0.90573,0.024865,0.25119,109,68.01,2.0511,1.7207,54.013,0.13808,0.20009,2.2119,0.15777,0.30129,1.2348,1.2348,9196.8,0.24117,0.19772,0.75883,0,8.9053,5.3668,83.448,4.374,1.06,0
0.096531,0.3633,0.28413,2.1253,45.977,0.20294,0.1198,1.4996,1.0891,0.54481,0.1198,0.47447,0.18351,0.1198,581.86,0.6273,2.7526,0.1198,0.096468,42.866,1.2208,0.13063,0.077729,0.25312,0.54481,0.56324,1.1455,0.61318,4.9642,0.27456,0.096468,80.821,4.5162,0.35956,0.13063,1.278,3.5269,0.65561,0.10518,0.11394,0.050034,0.10518,149.26,106.4,0.66185,1.5476,46.685,0.022536,0.018146,1.4771,0.2525,0.22143,1.1758,1.4149,26165,0.081795,0.17718,0.9182,0.20337,8.5148,3.4306,74.21,4.9185,2.6801,0
0.00496,0.002129,0.95582,449.94,3273.8,0,0.00496,468.69,0.18986,0.99787,0.00496,2.3296,0.026124,0.00496,156.68,2.3296,469.69,0.00496,0.026124,176.2,0.90453,0,0.026124,,0.98093,2.3296,,22.732,3.47,-4.4812,0.059919,8.1777,44.634,44.634,0.000666,0.18986,,0.99787,0.003509,400.62,,0,201.87,25.671,0.054115,406.89,352.04,0,0,449.94,0.002129,0.022405,23.732,23.732,2820.7,0.49949,0.004971,0.57197,0,2.0715,14.218,4.093,89.176,4.5154,0
0.1417,0.32933,0.64044,2.9447,96.386,0,0.17678,2.0365,1.0521,0.67067,0.18502,0.53679,0.17474,0.17678,653.81,0.55827,3.0365,0.17678,0.16802,141.89,1.1311,0.18124,0.13468,0.42155,0.66551,0.45175,21.981,21.179,4.2872,0.30529,0.17399,140.5,2.5979,2.5979,0.19661,1.0521,,0.67067,0.18686,0.037602,0.058294,0.17226,332.12,190.24,0.34646,1.7028,174.49,0.17417,0.16554,2.9447,0.32933,0.38493,22.179,22.179,12406,0.18686,0.21128,0.83433,0,2.5725,1.9186,114.25,3.1949,34.794,0
0.005403,0,1,,0,0,0.006683,,0.044334,1,0.006683,,0.15073,0.006683,0,,,0.006683,0.15073,5772.4,0.55102,0.006683,0.12188,0.056,0.045346,,,,1.7191,0,0.15073,0,,,-0.058234,0.044334,,1,-1.3135,,0,0.15073,5772.4,0,0.007707,,2495.1,0.006683,0.15073,,0,0,,,52.375,-1.3135,0.005403,0.93883,0,0.063232,,0,,,0
-0.1479,0.71728,-0.19632,0.54446,-81.756,0,-0.1479,0.39415,1.3536,0.28272,-0.10494,-0.34318,-0.072663,-0.1479,-2661.8,-0.13713,1.3941,-0.1479,-0.10926,32.538,0.73077,-0.11013,-0.10926,0.98625,-0.19373,-0.13713,-2.5636,-0.25651,5.107,0.52796,-0.08188,107.03,3.4161,2.0525,-0.11601,1.3536,0.49804,0.51155,-0.085705,0.020224,-0.39464,-0.081356,60.919,28.381,-1.2256,0.26445,29.917,-0.15967,-0.11795,0.32712,0.43096,0.29273,0.36939,0.66838,-25119,-0.085705,-0.52314,1.1193,0.80941,11.218,12.861,116.21,3.141,1.7686,1
0.064086,0.71212,0.024188,1.041,-33.714,0.16293,0.064086,0.40427,1.0615,0.28788,0.064086,0.10866,0.055509,0.064086,2427.4,0.15037,1.4043,0.064086,0.033221,35.32,1.3366,0.094038,0.033221,0.16293,0.28788,0.15037,0.51745,0.062659,4.2576,0.36814,0.033221,118.46,3.0813,0.13205,0.094038,1.9386,3.4931,0.41021,0.048748,0.009561,0.17085,0.048748,115.1,79.784,0.34331,0.72451,37.492,0.051043,0.02646,0.86218,0.58979,0.32454,0.74577,1.0627,437.68,0.057921,0.22261,0.94208,0.42492,10.334,4.5748,111.59,3.2708,4.9972,0
-0.040502,1.0053,-0.55573,0.38939,-366.01,-0.6192,-0.040502,-0.005284,1.2246,-0.005312,-0.037262,-0.044502,0.096191,-0.040502,3115,0.11718,0.99472,-0.040502,-0.033073,35.429,1.0478,0.000356,-0.033073,-0.22496,-0.19331,0.11718,0.10993,-0.86078,5.4168,0.81193,-0.066146,403.58,0.9044,0.81877,0.033918,1.2246,7.0863,0.027924,0.027697,0.013521,0.21121,0.000291,101.96,66.53,-0.34072,0.25878,52.712,-0.15794,-0.12897,0.35252,0.91012,1.1057,-0.008228,0.043253,-145100,0.32787,7.6244,0.6768,-6.2567,10.302,5.4862,271.26,1.3456,1.8969,0
0.000828,0.42985,0.036936,1.0951,-64.742,0,0.004915,1.3264,1.4806,0.57015,0.034101,0.012659,0.024503,0.004915,4324.6,0.084402,2.3264,0.004915,0.00332,67.959,0.92791,0.033553,0.000559,0.12286,0.10643,0.074893,1.1496,0.064259,4.1819,0.28886,0.020872,103.66,3.5211,3.1805,0.1135,1.4806,16.666,0.57913,0.076659,0.009348,0.22071,0.022661,103.92,35.965,0.003002,0.38511,73.601,0.002188,0.001478,0.98918,0.38826,0.284,0.99191,1.0075,561.54,0.076659,0.001452,0.99673,0.015736,5.3709,10.149,95.713,3.8135,2.5759,0
-0.001242,0.9281,-0.056868,0.93873,39.415,-0.010992,-0.001242,0.077469,2.5279,0.071899,0.016079,-0.001338,0.74377,-0.001242,180.17,2.0259,1.0775,-0.001242,-0.000491,18.536,1.234,0,-0.000491,-0.001861,0.071352,2.0259,0,-0.44163,4.9605,0.3577,-0.000353,6164.2,0.059213,0.059213,0.002511,2.5279,,0.071899,0.000993,0.041593,0.016443,0,120.22,101.69,-0.009672,0.80041,852.63,-1.8814,-0.74426,0.93873,0.9281,16.888,0.55837,0.55837,-5192.7,0.97826,-0.01727,0.028703,0,19.692,3.5895,134.01,2.7238,19.632,0
0.013706,0.48994,0.41137,1.9456,-33.513,0,0.013706,1.0411,1.5336,0.51006,0.017857,0.031506,0.035035,0.013706,3328.3,0.10966,2.0411,0.013706,0.008937,117.48,1.2779,0,0.008937,0.05345,0.058031,0.10966,0,2.6781,3.6101,0.31798,0.022353,158.25,2.3064,2.0479,0.008947,1.5336,103.73,0.51346,0.005834,0.022377,0.40804,0,199.13,81.65,0.027767,0.81098,179.56,-0.040024,-0.026098,1.7275,0.43503,0.43357,3.3206,3.3427,1676.3,0.34575,0.026871,0.65832,0.006668,3.107,4.4703,103.54,3.5253,9.9839,0
0.030599,0.86342,-0.013681,0.97978,-36.893,0,0.030599,0.15818,1.8092,0.13658,0.061322,0.045234,0.027732,0.030599,6281.3,0.058109,1.1582,0.030599,0.016913,32.62,1.0841,0.061231,0.016913,0.083175,0.13323,0.058109,1.993,-0.040572,4.0815,0.47277,0.027939,136.83,2.6676,2.09,0.004625,1.8092,3.0264,0.30215,0.002557,0.023121,0.35618,0.033844,130.56,97.941,0.18925,0.74076,32.703,0.041658,0.023026,0.76764,0.67648,0.37487,0.40502,0.89605,-165.05,0.002557,0.22405,0.98363,1.2123,11.19,3.7267,136.48,2.6745,5.3653,0
0.073785,0.22796,0.34749,2.5549,55.881,0.18617,0.095215,3.259,1.0948,0.74292,0.095215,0.42605,0.14044,0.095215,575.5,0.63423,4.3867,0.095215,0.092489,72.453,0.95257,0.08971,0.071673,0.23816,0.74292,0.54023,0.95399,0.80993,4.846,0.082566,0.092489,86.743,4.2078,0.39353,0.08971,1.0574,81.802,0.7474,0.087142,0.66133,0.053889,0.087142,150.04,77.585,0.36107,1.6405,79.318,0.040343,0.039189,2.5047,0.22348,0.23765,1.7316,1.7421,24373,0.086551,0.099317,0.91345,0.006033,5.0378,4.7045,79.236,4.6065,2.3995,0
0.070858,0.87304,0.043438,1.2948,27.7,0,0.087227,0.14543,0.62767,0.12696,0.13334,0.59189,0.18517,0.087227,2741.7,0.13313,1.1454,0.087227,0.13897,1.5687,1.2775,0.12805,0.11289,0.1261,0.1156,0.11438,2.7771,0.053681,3.6436,1.3909,0.20067,106.24,3.4356,0.57994,0.12136,0.62767,0.27183,0.81897,0.19335,0.027237,0.18529,0.20401,108.62,107.05,26.266,1.2765,1.9448,0.099052,0.15781,0.21856,0.14737,0.29107,0.1569,1.0121,191.21,0.19335,0.55811,0.86365,5.4505,232.67,3.4095,85.698,4.2592,0.77568,0
-0.1043,1.6534,-0.6123,0.61763,-239.47,-1.2092,-0.1043,-0.39519,1.7467,-0.65341,-0.013588,-0.065131,-0.053073,-0.1043,-6510.1,-0.056066,0.60481,-0.1043,-0.059711,97.626,1.0033,-0.018783,-0.059711,-0.45878,-1.3124,-0.056066,-0.20707,-55.849,4.2225,0.93768,-0.010791,355.99,1.0253,0.993,0.10484,1.7467,,-0.65341,0.060022,0.012828,-7.6678,-0.010753,202.38,104.76,-0.22324,0.32589,103.86,-0.030378,-0.017392,0.59818,1.6013,0.97533,-59.599,-59.599,-10221,0.060022,0.15962,1.0595,0,3.7388,3.4842,334.63,1.0908,159.32,0
0.10242,0.36276,-0.04485,0.86437,-13.707,0.37164,0.12723,1.7088,1.0848,0.6199,0.12723,0.38478,0.10746,0.12723,702.26,0.51975,2.7566,0.12723,0.072519,2.5271,1.0793,0.14188,0.058377,0.46203,0.6199,0.45135,0.87722,-0.062799,4.4835,0.18906,0.072519,74.623,4.8913,0.39112,0.14188,1.7619,8.5279,0.65199,0.080867,0.10071,0.058695,0.080867,52.532,50.005,8.4317,0.82763,2.7413,0.080571,0.045923,0.7879,0.33067,0.20445,0.86799,0.91292,-1365.3,0.078148,0.16523,0.92185,0.051769,144.43,7.2992,68.791,5.3059,2.4567,0
0.12873,0.14566,0.37318,4.8182,75.373,0.68848,0.12873,5.8654,1.0909,0.85434,0.13583,1.3172,0.18029,0.12873,270.32,1.3502,6.8654,0.12873,0.11801,44.785,1.1479,0,0.11801,0.419,0.85063,1.3502,0,0.70532,4.1293,0.042784,0.24236,46.847,7.7913,5.2279,0.036974,1.0909,7.0334,0.90226,0.033894,1.9758,0.071465,0,92.952,48.167,0.96177,3.4487,64.157,-0.067939,-0.062279,3.233,0.097735,0.12835,1.6147,1.7053,5025.6,0.30195,0.15068,0.71669,0.056093,8.1501,7.5778,32.701,11.162,2.0618,0
-0.15322,1.0747,-0.42804,0.55713,-189.13,0.008784,-0.15322,-0.06955,1.3566,-0.074749,-0.093561,-0.15853,-0.086999,-0.15322,-3323.9,-0.10981,0.93045,-0.15322,-0.11295,84.804,1.3134,-0.093729,-0.11295,-0.14074,-0.14443,-0.10981,-1.5711,-0.92745,4.2465,0.79203,-0.10776,240.71,1.5164,1.3637,-0.10902,1.3566,2.5855,0.011615,-0.080365,0.008847,-0.61207,-0.069093,142.58,57.779,-0.48612,0.23103,78.496,-0.12893,-0.09504,0.50102,0.96652,0.65948,-0.16196,0.025166,-7550.4,-0.080365,2.0498,1.1114,-1.1554,4.304,6.3172,260.05,1.4036,2.9393,0
0.063367,0.73619,0.24576,1.3778,9.09,0,0.08451,0.35834,3.2984,0.26381,0.086983,0.12991,0.026427,0.08451,3082.8,0.1184,1.3583,0.08451,0.025622,11.619,1.2434,0.070502,0.019212,0.18004,0.26205,0.089681,28.508,2.3698,4.4549,0.13946,0.026371,73.552,4.9625,4.3851,0.070117,3.2984,,0.26381,0.021258,0.51577,0.33544,0.021375,62.055,50.436,0.60352,1.2164,11.871,0.067847,0.02057,1.2175,0.65053,0.20151,2.5438,2.5438,7005.9,0.021258,0.2402,0.97452,0,31.414,7.2369,71.988,5.0703,31.805,0
0.10138,0.25647,0.54879,3.1398,334.24,0,0.12527,2.8992,0.54817,0.74353,0.12846,0.48845,0.26549,0.12527,643.21,0.56747,3.8992,0.12527,0.22852,113.8,1.1269,0.12015,0.18494,0.29926,0.58796,0.47432,37.627,2.818,4.111,0.46049,0.22888,219.78,1.6608,1.6608,0.12224,0.54817,,0.74353,0.223,0.020621,0.060883,0.21918,532.66,418.86,0.59319,2.4734,146.46,0.099883,0.18221,3.1398,0.25647,0.60213,3.818,3.818,7086.8,0.223,0.13635,0.77523,0,3.2074,0.87142,170.77,2.1374,2.8148,0
-0.23616,0.80574,0.040461,1.0518,-78.112,0,-0.2344,0.24109,2.446,0.19426,-0.10306,-0.2999,-0.069218,-0.2344,-1737.1,-0.21013,1.2411,-0.2344,-0.095831,79.994,1.0058,-0.11416,-0.096549,-0.23196,0.1488,-0.21231,-0.86922,0.22738,4.6529,0.32601,-0.062336,115.29,3.1659,3.071,-0.028431,2.446,20.93,0.20792,-0.011623,0.045407,-0.54736,-0.046673,117.37,37.38,-0.44054,0.36591,79.075,-0.17926,-0.073286,1.0202,0.78159,0.31587,1.0917,1.1684,1819.3,-0.011623,-1.2157,1.0935,0.070342,4.5629,9.7645,116.63,3.1295,13.746,0
0.1419,0.23853,0.32707,2.5164,22.658,0.35722,0.17584,2.9139,1.0379,0.69504,0.17584,0.81526,0.068678,0.17584,348.59,1.0471,4.1924,0.17584,0.048354,11.051,1.3183,0.17006,0.039022,0.42719,0.69504,0.90478,0.48535,0.71532,5.0102,0.062708,0.048354,22.469,16.245,0.71296,0.17006,3.6923,18.946,0.71788,0.046764,0.053694,0.032143,0.046764,53.314,42.263,1.2888,2.0059,11.47,0.09615,0.02644,2.2755,0.21569,0.061558,1.5201,1.57,33483,0.036499,0.20417,0.9635,0.032856,33.028,8.6363,21.649,16.86,7.9533,0
-0.11349,0.95778,0.34284,2.7749,58.26,-0.016202,-0.11103,0.04408,1.4136,0.042219,-0.02471,-0.57483,-0.059202,-0.11103,-4177.4,-0.087375,1.0441,-0.11103,-0.078547,30.434,2.5445,-0.024741,-0.080287,,-0.12969,-0.089943,-0.28662,0.73887,4.2652,0.66392,-0.057962,49.912,7.3128,1.4748,0.00105,1.4136,0.59777,0.7417,0.000743,0.10401,12.259,-0.017503,133.21,102.78,-0.96289,2.1647,30.457,-0.052087,-0.036848,0.55962,0.19316,0.13675,0.090988,1.5985,6313.8,0.000743,-2.6882,1.0784,16.568,11.993,3.5513,49.875,7.3183,3.0465,0
0.34686,0.3425,0.43116,2.2612,31.117,0,0.34686,1.9197,2.8504,0.6575,0.349,1.0146,0.13333,0.34686,328.94,1.1096,2.9197,0.34686,0.12169,27.392,1.2359,0.33882,0.12169,0.6961,0.6572,1.1096,158.67,1.8995,4.5054,0.11683,0.12244,49.74,7.3381,7.3244,0.34173,2.8504,,0.6575,0.11989,0.037374,0.03069,0.11887,97.352,69.959,1.6215,1.6355,31.124,0.30563,0.10722,2.257,0.34187,0.13627,2.8967,2.8967,13804,0.11989,0.52755,0.87877,0,13.325,5.2173,43.777,8.3377,12.558,0
0.14472,0.02937,0.91812,32.26,63.12,0,0.14472,33.048,2.6136,0.97063,0.14556,4.9273,0.061412,0.14472,66.79,5.4649,34.048,0.14472,0.055371,67.958,1.3507,0.13844,0.055371,,0.80002,5.4649,164.62,17.485,4.4429,-0.030714,0.055371,4.3372,84.156,84.156,0.14189,2.6136,,0.97063,0.054288,3.7638,0.006348,0.05297,116.88,48.925,0.29739,15.692,71.859,0.12265,0.046929,32.26,0.02937,0.011883,18.485,18.485,25457,0.054288,0.1491,0.94478,0,5.371,7.4604,4.1017,88.987,49.775,0
0.022593,0.48644,0.28057,1.7814,66.419,-0.016059,0.02372,1.0557,0.60935,0.51356,0.046388,0.066059,0.060211,0.02372,4839.3,0.075425,2.0557,0.02372,0.038926,102.5,1.0893,0.029898,0.037076,0.022892,0.50718,0.073108,1.319,0.77857,5.2366,0.75458,0.076126,229.94,1.5873,1.1717,0.039385,0.60935,4.1118,0.6275,0.064633,0.09279,0.37824,0.049066,363.18,260.68,0.13203,1.3048,109.58,0.016928,0.027781,1.3149,0.35907,0.62998,1.4251,1.7413,48382,0.064633,0.043992,0.96339,0.22187,3.5609,1.4002,215.08,1.697,1.6909,0
0.008557,0.2282,0.47251,3.0706,58.714,0.16291,0.011461,3.1269,1.0074,0.71357,0.011461,0.050223,0.020036,0.011461,2264.5,0.16118,4.3821,0.011461,0.006243,35.3,1.0826,0.004956,0.004661,0.20403,0.71357,0.14846,0.027196,1.5788,4.598,0.007652,0.006243,45.707,7.9857,0.021718,0.004956,1.8486,,0.71357,0.0027,0.9467,0.24779,0.0027,96.366,61.066,0.048197,2.2926,35.56,-0.020366,-0.011094,3.0706,0.2282,0.12522,2.3842,2.3842,18725,0.007317,0.011992,0.99268,0,10.34,5.9772,45.372,8.0445,6.1339,0
0.5279,0.37734,0.5175,2.4936,79.877,0,0.5279,1.6501,1.5593,0.62266,0.53194,1.5236,0.36298,0.5279,243.35,1.4999,2.6501,0.5279,0.33856,53.095,1.0622,0,0.33856,0.59208,0.59092,1.4999,0,3.805,4.6746,-0.061371,0.35864,94.046,3.8811,3.5638,0.034681,1.5593,,0.62266,0.022242,1.3674,0.33026,0,91.339,38.245,2.3274,1.8389,61.564,-0.038086,-0.024426,2.2897,0.34649,0.25766,4.5782,4.5782,24463,0.13757,0.84782,0.86847,0,6.8745,9.5438,81.108,4.5002,11.465,0
0.021173,0.39993,-0.019558,0.93247,-80.587,0.007133,0.029377,1.5004,1.051,0.60007,0.059485,0.10143,0.052767,0.029377,2632.3,0.13866,2.5004,0.029377,0.027952,67.291,1.0601,0.059384,0.020146,0.17912,0.52813,0.11815,1.9723,-0.026794,4.2038,0.37675,0.029066,106.85,3.416,2.4739,0.061576,1.051,0.69595,0.70973,0.05859,0.021773,0.15599,0.056504,91.607,24.315,0.10928,0.2635,71.479,0.033304,0.031689,0.6753,0.28963,0.29274,0.82209,0.97233,-312.66,0.05859,0.035285,0.97233,0.18275,5.4242,15.011,100.59,3.6286,1.4398,0
-0.046309,0.35256,0.13296,1.5029,-10.58,0,-0.046309,1.8364,1.3064,0.64744,-0.025396,-0.17516,0.004494,-0.046309,21918,0.016653,2.8364,-0.046309,-0.035447,31.833,0.92998,-0.0256,-0.035447,-0.058181,0.37619,0.016653,-1.2241,0.22062,3.6116,0.24494,-0.035447,72.812,5.0129,3.7592,-0.018899,1.3064,17.606,0.66354,-0.014466,0.33661,0.44212,-0.019595,86.148,54.315,-0.40644,1.0719,31.379,-0.07778,-0.059536,1.127,0.26439,0.19949,1.0743,1.101,543.58,-0.014466,-0.071526,1.0354,0.024863,11.466,6.7201,73.866,4.9414,2.1678,0
-0.20352,0.3477,0.30314,2.9426,106.28,0.046059,-0.20352,1.876,0.53262,0.65229,-0.17817,-1.3042,-0.34192,-0.20352,-696.88,-0.52377,2.876,-0.20352,-0.38211,0,0.3053,-0.18102,-0.38211,-0.49353,0.26257,-0.52377,-7.1398,0.56055,3.1416,0.65281,-0.33609,74.052,5.1311,2.3029,-0.23656,0.62256,2.4025,0.84343,-0.44414,0.4683,-0.072614,-0.33986,264.6,264.6,,2.9426,0,-0.20242,-0.38005,1.3207,0.15605,0.19489,1.2062,1.5596,420.04,-0.44414,-0.31201,1.3269,0.29302,,1.3794,106.94,3.4131,0.98489,1
0.012131,0.7682,-0.028856,0.93294,-35.111,-0.00033,0.013393,0.30175,1.2258,0.2318,0.035202,0.031125,0.060855,0.013393,3758.9,0.097104,1.3017,0.013393,0.010926,21.109,1.1446,0.035084,0.009897,0.091536,0.21853,0.095462,1.6087,-0.048209,4.5686,0.62521,0.024838,131.27,2.7805,1.5575,0.029319,1.2258,2.1802,0.38342,0.023919,0.029761,0.26594,0.028622,115.72,94.616,0.17113,0.76819,21.627,-0.026118,-0.021307,0.52258,0.4303,0.35965,0.38727,0.64057,-1068.8,0.023919,0.052335,0.98923,0.65408,17.291,3.8577,128.13,2.8487,2.0479,0
0.10896,0.55424,-0.070923,0.85766,-128.73,0.20863,0.13642,0.66017,1.1679,0.36589,0.13642,0.27379,0.20301,0.13642,1026.4,0.35562,1.8043,0.13642,0.14051,64.019,1.1148,0.14958,0.11222,0.23041,0.36589,0.30607,1.7993,-0.12385,5.9827,0.54218,0.14051,218.76,1.6685,0.26989,0.14958,1.0199,4.5922,0.42187,0.15407,0.12486,0.086662,0.15407,137.27,73.247,0.63984,0.51589,74.765,0.088904,0.091568,0.77104,0.49827,0.59934,0.63894,0.73668,-68147,0.14373,0.29779,0.85627,0.15299,5.7014,4.9831,187.32,1.9486,1.6954,0
0.15766,0.14497,0.59153,5.1204,172.94,0.36573,0.17461,5.774,1.1903,0.83706,0.17461,1.2163,0.22207,0.17461,256.72,1.4218,6.898,0.17461,0.18812,87.986,1.1472,0.14416,0.16986,0.39954,0.83706,1.3049,1.8488,2.233,4.7053,-0.017422,0.18812,67.201,5.4315,0.99442,0.14416,0.96525,363.29,0.83847,0.15532,1.1805,0.027131,0.15532,222.43,134.44,0.70465,3.5619,104.73,0.11265,0.12137,5.0707,0.14356,0.18411,3.1599,3.1652,30014,0.15991,0.18835,0.84009,0.001682,4.1484,2.7149,56.455,6.4654,3.5038,0
0.03985,0.89291,0.031681,1.0386,132.94,0,0.03985,0.11994,3.4039,0.10709,0.03985,0.048517,0.651,0.03985,147.07,2.4817,1.1199,0.03985,0.011707,80.394,1.1036,0,0.011707,0.11821,0.071213,2.4817,0.011707,0.21558,3.1441,0.24068,0.026959,1435.5,0.25427,0.2339,0.029172,3.4039,,0.10709,0.00857,0.099916,0.013677,0,82.671,2.2766,0.053152,0.12576,1310.3,-2.1761,-0.6393,0.95535,0.82136,3.9328,0.72874,0.72874,44.147,0.93864,0.3721,0.061361,0,4.5401,160.33,88.074,4.1443,23.162,0
-0.3071,1.9614,-1.1747,0.40106,-439.8,-1.356,-0.3071,-0.4906,0.92284,-0.96224,-0.3071,-0.15658,-0.16955,-0.3071,-3014.6,-0.12108,0.50985,-0.3071,-0.21926,154.73,0.58205,-0.27481,-0.21926,-1.356,-0.96224,-0.12108,-1.8106,-5.5056,4.0122,1.3683,-0.21926,471.68,0.77383,-0.14011,-0.27481,1.4334,,-0.96224,-0.1962,0.023183,-0.31428,-0.1962,193.14,38.41,-0.51721,0.098333,142.79,-0.34443,-0.24591,0.40106,1.9614,1.2923,-4.5097,-4.5097,-12081,-0.083615,0.31915,1.0836,0,2.3589,9.5026,511.12,0.71412,6.5644,0
0.14258,0.74408,0.23898,1.3212,157.11,-0.000071,0.15505,0.34393,0.59617,0.25592,0.15552,0.20838,0.26956,0.15505,1690,0.21598,1.3439,0.15505,0.26008,0,0.49526,0.15552,0.23916,0.48175,0.24158,0.19922,331.43,14.108,3.5427,1.2332,0.26086,511.67,0.71336,0.71336,0.065378,0.59617,,0.25592,0.10966,0.025096,0.15389,0.26086,590.43,590.43,,1.3212,0,0.14986,0.25138,1.3212,0.74408,1.4018,15.108,15.108,833.71,0.10966,0.55715,0.77408,0,,0.61819,455.56,0.80122,35.194,0
-0.011356,0.30227,0.39261,2.7076,13.18,0,-0.011356,2.3083,2.0711,0.69773,0.004914,-0.04939,-0.001716,-0.011356,-31047,-0.011756,3.3083,-0.011356,-0.005483,54.64,0.87911,0,-0.005483,0.16653,0.66652,-0.011756,0,1.0401,3.2839,0.074988,-0.010897,45.859,7.9592,6.0541,0.003026,2.0711,5.5629,0.7539,0.001461,0.70822,1.2914,0,81.017,26.376,-0.036627,1.3592,61.839,-0.007802,-0.003767,2.0595,0.22992,0.12564,1.8484,1.9973,754.83,0.11641,-0.016275,0.90017,0.080511,6.6801,13.838,40.52,9.0078,5.4867,0
0.024379,0.47642,0.43488,1.9128,59.607,0,0.027274,1.099,2.0615,0.52358,0.04924,0.057248,0.021391,0.027274,3943.3,0.092562,2.099,0.027274,0.01323,16.735,1.2726,0.049226,0.011825,0.12299,0.5005,0.086485,2.241,4.9028,3.3442,0.22666,0.023875,85.159,4.2861,4.2861,0.019566,2.0615,,0.52358,0.009491,0.029801,0.24043,0.023878,158.83,142.1,0.25791,1.7144,16.896,0.032402,0.015717,1.9128,0.47642,0.23331,5.9028,5.9028,960.77,0.009491,0.046561,0.98697,0,21.81,2.5686,84.351,4.3272,23.241,0
-0.021351,0.81255,-0.13268,0.83555,-56.04,-0.030486,-0.021351,0.23069,2.1602,0.18745,-0.008012,-0.026463,0.012868,-0.021351,10669,0.03421,1.2307,-0.021351,-0.009884,29.954,1.0463,-0.008987,-0.009884,-0.02794,0.0033,0.03421,-0.6737,-0.4072,5.5783,0.36979,-0.004947,135.72,2.6894,2.6705,-0.009754,2.1602,3331.3,0.1876,-0.004515,0.042032,0.67439,-0.00416,108.18,78.227,-0.12044,0.61584,29.819,-0.058136,-0.026912,0.82969,0.80685,0.37183,0.57528,0.57574,-50243,-0.004515,-0.11391,1.0099,0.000796,12.185,4.6659,136.33,2.6773,6.6297,0
0.36697,0.19008,0.67757,4.6128,23.667,0,0.44931,4.2611,2.6467,0.80992,0.49914,2.3957,0.17443,0.44931,150.28,2.4288,5.2611,0.44931,0.16976,73.099,1.5635,0.4548,0.13865,0.68012,0.7772,1.9956,9.1263,5.0234,3.1841,0.066938,0.17345,31.184,11.705,11.549,0.45153,2.6467,,0.80992,0.1706,0.090162,0.013563,0.17183,116.97,43.874,0.69231,1.7865,88.135,0.44245,0.16717,4.5514,0.18755,0.085436,6.0046,6.0046,1035.4,0.1706,0.45309,0.83655,0,4.9932,8.3193,25.864,14.112,19.622,0
0.12449,0.40388,0.38742,1.9592,48.734,0,0.14885,1.476,2.0192,0.59612,0.15256,0.36856,0.087565,0.14885,833.76,0.43778,2.476,0.14885,0.07372,23.706,1.2485,0.14313,0.061654,0.25383,0.48394,0.37746,38.57,1.8563,3.6491,0.12642,0.074612,77.146,4.7313,4.7313,0.10829,2.0192,,0.59612,0.05363,0.37138,0.078689,0.070886,115.93,92.221,0.94929,1.6345,25.049,0.11517,0.057041,1.9592,0.40388,0.21136,2.8563,2.8563,1726.8,0.05363,0.20883,0.92799,0,15.397,3.9579,73.008,4.9994,9.6746,0
-0.010877,0.32091,-0.043237,0.86497,-64.424,0,-0.010877,2.1161,0.56048,0.67909,0.009259,-0.033967,0.006577,-0.010877,31775,0.011487,3.1161,-0.010877,-0.019406,27.567,0.9394,0.007864,-0.019406,0.28882,0.51202,0.011487,0.39055,-0.0598,3.989,0.37866,0.002588,211.59,1.725,1.7212,0.008114,0.56048,,0.67909,0.014477,0.37275,0.47698,0.014031,102.64,75.076,-0.25694,0.73278,27.972,-0.006699,-0.011952,0.86307,0.32021,0.57971,0.93923,0.93923,-421.59,0.014477,-0.016017,1.0193,0,13.24,4.8617,208.53,1.7503,0.77518,0
-0.018022,0.73376,0.091065,1.1491,-21.624,0.039283,-0.014199,0.3408,1.0142,0.25007,-0.014199,-0.023252,0.01967,-0.014199,7176.3,0.050862,1.3628,-0.014199,-0.007484,38.327,0.96094,0.018562,-0.009499,0.058981,0.25007,0.045652,0.099227,0.30533,4.7275,0.38179,-0.007484,119.15,3.0633,0.025297,0.018562,1.909,4.0829,0.37315,0.009783,0.017182,0.34422,0.009783,132.98,94.653,-0.090459,0.82288,38.873,-0.032958,-0.017371,0.95637,0.61068,0.32645,0.83844,1.2511,4862.1,0.01405,-0.07207,0.98595,0.49217,9.5232,3.8562,117.48,3.1069,6.3615,0
0.044014,0.053249,0.075635,2.4204,66.626,0.13222,0.050377,14.914,1.0688,0.79414,0.050377,0.94607,0.15708,0.050377,319.98,1.1407,18.78,0.050377,0.13027,0,1.0203,0.023513,0.11382,0.15114,0.79414,1.0212,0.64991,0.086826,4.4918,0.12599,0.13027,53.721,6.7943,0.44157,0.023513,0.41733,,0.79414,0.060805,0.28403,0.051676,0.060805,107.38,107.38,,2.4204,0,0.013149,0.034004,2.4204,0.053249,0.14718,0.91164,0.91164,2346.9,0.064411,0.055423,0.93559,0,,3.3993,50.261,7.2621,0.44391,0
0.1496,0.33608,0.25522,1.8015,6.3595,0.36898,0.18851,1.7962,1.1404,0.60367,0.18851,0.59203,0.13866,0.18851,567.86,0.64277,2.9755,0.18851,0.121,53.536,0.86085,0.18918,0.096026,0.46559,0.60367,0.52699,1.3848,0.59859,4.7461,0.18574,0.121,85.077,4.2902,0.56289,0.18918,1.5799,19.54,0.62134,0.12143,0.15632,0.050992,0.12143,122.73,69.195,0.65469,1.0839,61.055,0.16167,0.10377,1.7068,0.31842,0.23309,1.4159,1.4573,14224,0.12315,0.24782,0.87685,0.029258,6.8178,5.2749,74.6,4.8927,3.654,0
-0.064294,0.43617,0.23017,1.5277,-18.334,-0.53419,-0.064294,1.2927,2.8682,0.56383,-0.014318,-0.14741,0.00835,-0.064294,6647.7,0.054906,2.2927,-0.064294,-0.022416,46.682,0.98344,-0.014389,-0.022416,0.18928,-0.59849,0.054906,-0.28792,0.68983,3.3199,0.14497,-0.019717,55.157,6.6175,6.6175,-0.01814,2.8682,,0.56383,-0.006324,0.060104,0.19686,-0.005017,81.46,34.778,-0.17527,0.68667,46.389,-0.10263,-0.035782,1.5277,0.43617,0.15111,1.6898,1.6898,480.81,-0.006324,-0.11403,1.0224,0,7.8188,10.495,55.506,6.5759,8.5963,0
0.11275,0.11737,0.44875,4.8232,202.78,0.31322,0.14036,7.5198,1.1774,0.88263,0.14036,1.1958,0.22695,0.14036,223.27,1.6348,8.5198,0.14036,0.16601,31.611,1.2073,0.12984,0.13335,0.39014,0.88263,1.3996,1.808,1.0343,4.4707,-0.03322,0.16601,59.659,6.1181,1.1062,0.12984,0.85997,,0.88263,0.15356,1.2398,0.021278,0.15356,181.57,149.96,1.5398,4.1994,37.219,0.078313,0.092623,4.8232,0.11737,0.16345,2.0343,2.0343,13265,0.15067,0.12774,0.84933,0,11.547,2.4339,50.67,7.2035,1.9487,0
-0.21293,0.9198,0.080528,1.3341,-33.024,-0.5908,-0.21293,0.087195,1.0612,0.080202,-0.014039,-0.8833,-0.15205,-0.21293,-2080.7,-0.17542,1.0872,-0.21293,-0.20066,60.619,1.1279,-0.017322,-0.20066,-0.52432,-0.38644,-0.17542,-0.087092,0.1187,4.5351,0.8254,-0.16059,80.071,4.5584,1.1947,-0.037698,1.0612,0.22016,0.74043,-0.035525,0.18367,0.89506,-0.016323,95.385,34.766,-1.2082,0.60297,58.539,-0.068898,-0.064927,0.34963,0.24106,0.21937,0.11822,1.0914,2761.1,-0.035525,-2.6549,1.1948,8.232,6.0213,10.499,82.916,4.4021,1.5642,0
0.3066,0.16557,0.32152,3.0055,16.348,0.39953,0.3066,5.0397,1.5021,0.83443,0.3066,1.9124,0.20743,0.3066,193.96,1.8818,6.0397,0.3066,0.20412,65.398,1.0648,0,0.20412,0.79411,0.82878,1.8818,,0.6205,3.8501,0.099292,0.40823,53.049,6.8805,6.6623,0.000146,1.5021,,0.83443,0.000097,0.11815,1.1105,0,112.48,47.084,1.1392,1.3267,89.053,-0.00497,-0.003309,2.9102,0.16032,0.14534,1.6104,1.6104,2276.8,0.26563,0.36744,0.73825,0,5.5812,7.7522,38.957,9.3692,2.8989,0
0.14089,0.36084,0.43454,2.2043,57.013,0.22536,0.14116,1.6674,0.97236,0.60166,0.14116,0.39121,0.22161,0.14116,892.54,0.40894,2.7713,0.14116,0.21199,0,1.5544,-0.036044,0.21158,0.22716,0.60166,0.40818,-0.52634,2.1237,3.9798,0.37143,0.21199,192.33,1.8978,-0.099889,-0.036044,0.84375,,0.60166,-0.05413,1.2211,-0.40018,-0.05413,194.46,194.46,,2.2043,0,-0.042443,-0.06374,2.2043,0.36084,0.52692,2.9404,2.9404,4148.2,-0.028426,0.23417,1.0284,0,,1.8769,197.79,1.8454,3.2542,0
0.04911,0.482,0.12738,1.2831,6.7628,0.20958,0.061026,1.0701,1.0461,0.51581,0.061026,0.13563,0.055571,0.061026,2110.6,0.17293,2.0747,0.061026,0.040684,23.726,1.1239,0.06441,0.03274,0.26187,0.51581,0.14821,0.44921,0.30137,5.2453,0.31328,0.040684,114.54,3.1867,0.13363,0.06441,1.5139,14.971,0.54786,0.042941,0.034321,0.18269,0.042941,136.73,113,0.50367,1.0664,24.82,0.042081,0.028055,1.1978,0.44995,0.3138,1.2204,1.2962,22409,0.044076,0.095209,0.95592,0.062137,15.384,3.23,109.49,3.3337,3.5488,0
-1.7489,0.83518,0.048472,1.0581,-6.6691,1.801,-1.7489,0.19735,5.2238,0.16482,-1.6902,-2.0951,-0.32735,-1.7489,-178.27,-2.0475,1.1973,-1.7489,-0.3348,9.9833,0.54484,-1.6907,-0.3348,0.51535,0.052089,-2.0475,-28.792,0.41505,3.2714,0.14543,-0.32939,43.918,8.311,8.3067,-1.7138,5.2238,,0.16482,-0.32807,0.13042,-0.016854,-0.32365,54.106,44.122,-12.241,0.8869,7.5171,-1.7296,-0.33109,1.0575,0.83474,0.12032,1.4113,1.4113,90.552,-0.32807,-10.611,1.3326,0,36.561,8.2725,58.326,6.258,44.73,0
0.29576,0.16537,0.64275,4.8868,76.294,0,0.36878,5.0471,1.6961,0.83463,0.37667,2.2301,0.28599,0.36878,124.43,2.9333,6.0471,0.36878,0.21743,82.762,1.6944,0.37499,0.17438,0.79237,0.78855,2.4917,47.549,3.3496,3.1146,0.078824,0.21743,45.943,8.0127,8.0127,0.38233,1.7017,,0.83463,0.22542,0.20359,0.01122,0.22109,166.66,83.898,0.76905,2.5612,105.94,0.25871,0.15253,4.8868,0.16537,0.1248,4.3496,4.3496,836.84,0.22542,0.35436,0.78329,0,4.4103,4.3505,35.587,10.257,8.8391,0
0.07855,0.78602,0.014309,1.0207,-80.007,0,0.07855,0.27223,1.5637,0.21398,0.12323,0.11343,0.062053,0.07855,2956.8,0.12345,1.2722,0.07855,0.050235,65.931,1.3353,0.001075,0.050235,,0.1653,0.12345,0.024062,0.0488,4.9259,0.50152,0.11055,204.22,1.7873,1.5746,0.009763,1.5637,6.7198,0.27713,0.006243,0.006669,1.3398,0.000688,163.91,97.975,0.2781,0.61278,83.298,-0.017405,-0.011131,0.89921,0.69249,0.55952,0.7298,0.94518,1206.3,0.20849,0.36709,0.82185,0.29511,5.5361,3.7254,161.64,2.2581,5.333,0
0.000639,0.52992,0.24332,1.477,-42.749,0,0.001551,0.88707,1.8121,0.47008,0.082183,0.003041,0.014945,0.001551,7142.3,0.051104,1.8871,0.001551,0.000856,90.561,1.1046,0.049484,0.000353,0.02963,0.44445,0.049382,0.6137,0.98695,3.2902,0.2899,0.015321,105.64,3.4551,3.3261,0.049484,1.8121,15.361,0.48986,0.027308,0.009033,0.23548,0.027308,150.84,60.28,0.001421,0.59566,93.104,0.023954,0.013219,1.4218,0.51014,0.28943,1.9067,1.987,474.65,0.027308,0.001359,0.99916,0.042083,4.0304,6.0551,102.76,3.5521,7.35,0
0.016026,0.19812,0.21351,2.3484,75.67,0.035523,0.019958,4.0228,1.0058,0.797,0.019958,0.12604,0.10207,0.019958,1095.8,0.33309,5.0474,0.019958,0.030868,49.23,1.4136,0.014526,0.024787,0.046526,0.797,0.31325,0.22597,0.33991,4.5702,0.058556,0.030868,89.905,4.0598,0.07332,0.014526,0.6629,7.1559,0.83678,0.022467,1.0176,0.10755,0.022467,118.97,69.735,0.18378,1.7977,49.513,-0.031508,-0.048732,1.8769,0.15834,0.24632,1.2688,1.3321,7936,0.005733,0.020108,0.99427,0.04991,7.4142,5.2341,89.39,4.0832,1.0293,0
0.016765,0.27551,0.027701,1.1515,-32.365,0,0.021024,2.6297,0.69092,0.72449,0.046385,0.11496,0.091367,0.021024,1593,0.22913,3.6297,0.021024,0.030428,41.352,1.1032,0.046363,0.024264,0.03156,0.095387,0.21367,1.8281,0.035091,3.6784,0.34953,0.044883,103.54,3.5251,2.34,0.046239,0.69092,1.4285,0.81712,0.066924,0.20561,0.10381,0.067104,91.384,50.031,0.21417,0.72345,44.318,0.00426,0.006165,0.76436,0.18288,0.28368,0.91776,1.0351,132.1,0.066924,0.02314,0.96958,0.12784,8.8266,7.2955,96.615,3.7779,0.87523,0
0.20947,0.24071,0.24481,2.0171,30.895,0.62638,0.21185,3.0789,1.1479,0.7411,0.21185,0.88012,0.17952,0.21185,301.44,1.2108,4.1545,0.21185,0.13049,29.294,1.1416,0.2053,0.12902,0.63247,0.7411,1.2009,1.4516,0.47585,4.8264,0.057773,0.13049,62.121,5.8756,0.8529,0.2053,1.6312,,0.7411,0.12645,0.61021,0.027776,0.12645,76.132,46.838,1.6076,1.4757,33.628,0.12569,0.077419,2.0171,0.24071,0.1702,1.4405,1.4405,16413,0.12888,0.28264,0.87112,0,12.46,7.7928,54.115,6.7449,3.1557,0
0.036936,0.47224,0.28337,2.6835,55.738,-0.046834,0.051419,1.1176,0.93266,0.52776,0.058225,0.30548,0.11797,0.051419,1566.6,0.23299,2.1176,0.051419,0.055132,55.846,1.0768,0.056575,0.039602,0.24145,0.43086,0.20232,8.3127,0.51681,4.7808,0.42528,0.056559,69.301,5.2669,1.8774,0.046111,0.93266,8.0827,0.56599,0.04944,0.5232,0.13666,0.06066,142.31,86.46,0.25883,1.8357,58.75,-0.002033,-0.00218,0.9565,0.16833,0.18987,0.96254,1.0323,17108,0.04944,0.069985,0.94646,0.072437,6.5359,4.2216,65.875,5.5408,1.701,0
-0.10108,1.2207,0.035734,1.0513,-106.57,-0.15169,-0.099294,-0.18078,1.7214,-0.22067,-0.042596,-0.14242,-0.051826,-0.099294,-4994,-0.073087,0.81922,-0.099294,-0.057681,117.97,0.91779,-0.042596,-0.058717,-0.25016,-0.22593,-0.074548,-0.75127,0.13379,3.9779,0.70087,-0.050937,143.4,2.5454,1.4538,-0.053161,1.7214,0.33724,0.30282,-0.030881,0.022792,-1.2513,-0.024744,152.03,34.063,-0.18167,0.25322,114.43,-0.052674,-0.030599,0.60042,0.69718,0.39286,-0.82622,1.1338,339.58,-0.030881,0.45804,1.0565,-2.3723,3.0941,10.715,147.82,2.4692,6.4452,0
0.006554,0.5166,0.32166,2.0751,54.106,0,0.019403,0.93574,1.5126,0.4834,0.022495,0.064852,0.053426,0.019403,2333.3,0.15643,1.9357,0.019403,0.012828,24.486,0.84111,0.014712,0.004333,0.24726,0.42879,0.13155,4.7578,0.84835,4.8511,0.01686,0.014612,72.491,5.0351,2.9161,0.006105,1.5126,,0.4834,0.004036,1.6514,0.22622,0.009726,30.586,6.1001,0.064589,1.7359,24.585,-0.046695,-0.030871,1.2018,0.29919,0.19861,1.2749,1.2749,22830,0.004036,0.013558,0.98732,0,14.906,59.835,72.198,5.0555,3.9893,0
0.038068,0.18808,0.31464,2.6729,42.614,0.17302,0.056717,4.3169,1.0401,0.81192,0.056717,0.30156,0.10315,0.056717,830.97,0.43925,5.3169,0.056717,0.070814,103.11,1.0284,0.038831,0.047531,0.19227,0.81192,0.3401,0.50426,0.63271,5.5454,0.21213,0.070814,89.146,4.0944,0.20646,0.038831,0.82802,,0.81192,0.048484,0.098222,0.095529,0.048484,220.68,117.57,0.16825,1.4699,107.24,0.012934,0.016149,2.6729,0.18808,0.24424,1.6327,1.6327,110470,0.038511,0.046887,0.96149,0,3.5398,3.1045,85.713,4.2584,1.6106,0
0.099513,0.101,0.6129,7.0684,79.993,0.29612,0.12325,8.3344,1.0965,0.84176,0.12325,1.2203,0.1115,0.12325,219.63,1.6619,9.9011,0.12325,0.081869,76.304,1.039,0.12602,0.066102,0.36806,0.84176,1.4269,0.91791,2.1423,5.4112,0.051568,0.081869,26.851,13.593,1.2477,0.12602,1.5164,,0.84176,0.083709,0.26138,0.019461,0.083709,166.69,90.383,0.3162,3.9524,83.671,0.08142,0.054083,7.0684,0.101,0.073566,2.9422,2.9422,157990,0.088044,0.11822,0.91196,0,4.7835,4.0384,24.487,14.906,5.262,0
0.020779,0.20673,0.36616,2.7842,65.193,-0.043524,0.020779,3.8372,1.0535,0.79327,0.039583,0.10125,0.038045,0.020779,1882.7,0.19387,4.8372,0.020779,0.019724,62.64,1.1968,0.039581,0.019724,0.10048,-0.022746,0.19387,2.1049,0.85431,3.5946,0.10799,0.019724,71.826,5.0817,5.0448,0.010552,1.0535,,0.79327,0.010016,0.45297,0.11703,0.037572,165.76,103.12,0.11493,1.9032,63.274,0.02028,0.019251,2.7639,0.20523,0.19678,1.8508,1.8508,1439.6,0.010017,0.026194,0.9808,0,5.8269,3.5395,71.106,5.1332,2.4579,0
0.27964,0.34713,0.58775,2.7685,186.73,0.2667,0.27964,1.8808,1.3504,0.65287,0.27969,0.84141,0.21207,0.27964,442.45,0.82496,2.8808,0.27964,0.20709,7.8893,1.2303,0.27206,0.20709,0.87397,0.65278,0.82496,6424.4,7.3566,4.0388,0.13025,0.20709,111.98,3.2596,3.1208,0.26704,1.3504,,0.65287,0.19775,0.51569,0.041506,0.20147,202.38,194.49,9.5809,2.6806,9.834,0.26533,0.19649,2.6506,0.33235,0.30679,8.1717,8.1717,6426.2,0.19775,0.42833,0.79491,0,46.265,1.8767,89.834,4.063,16.902,0
0.10327,0.45697,0.31438,2.8828,31.507,0,0.12998,1.1883,1.3717,0.54303,0.13179,0.77845,0.11618,0.12998,1046.6,0.34874,2.1883,0.12998,0.094759,52.114,1.1169,0.13122,0.075286,0.1673,0.39396,0.29029,72.752,0.60616,4.289,0.32728,0.095389,45.534,8.016,2.929,0.033229,1.3717,,0.54303,0.024225,0.071896,0.094847,0.095659,124.89,72.777,0.52729,1.7099,53.408,0.10183,0.074238,1.0534,0.16698,0.12475,1.047,1.047,6116.3,0.024225,0.19017,0.91232,0,7.0039,5.0153,44.431,8.215,2.6448,0
0.10866,0.33366,0.3418,2.2939,43.343,0,0.14235,1.9971,1.8367,0.66634,0.14745,0.53887,0.11373,0.14235,583.02,0.62605,2.9971,0.14235,0.077503,28.343,1.531,0.14522,0.059158,0.25847,0.59951,0.52506,28.469,0.86743,3.874,0.12851,0.08028,57.719,6.3237,5.0067,0.16622,1.8367,6.7454,0.73503,0.090499,0.39247,0.052524,0.079063,99.815,71.472,0.76183,1.7539,31.164,0.078684,0.042839,1.8161,0.26417,0.15814,1.6911,1.8654,2557.3,0.090499,0.16307,0.92265,0.10308,12.878,5.1069,52.496,6.9529,4.6614,0
0.057557,0.57367,0.023738,1.0414,-17.722,0.20175,0.071189,0.70263,1.0376,0.40308,0.071189,0.12409,0.057184,0.071189,1614.3,0.2261,1.7432,0.071189,0.031385,20.638,1.1001,0.082538,0.025375,0.24949,0.40308,0.20233,0.37759,0.058962,5.3344,0.25211,0.031385,95.789,3.8105,0.14388,0.082538,2.2689,,0.40308,0.036389,0.003547,0.13371,0.036389,95.806,75.168,0.44877,0.81781,21.415,0.024022,0.01059,1.0414,0.57367,0.26244,1.0012,1.0012,5126.3,0.036277,0.14279,0.96372,0,17.685,4.8558,92.314,3.9539,5.6341,0
0.004453,0.91284,-0.15305,0.59037,-155.76,0,0.004453,0.095485,0.81009,0.087162,0.057299,0.011918,0.063495,0.004453,6477.6,0.056348,1.0955,0.004453,0.005497,63.795,0.9292,0.048198,0.005497,-0.14064,0.022414,0.056348,0.91205,-0.19636,4.1888,1.1188,0.068666,179.24,2.0363,0.83347,0.049267,0.81009,0.14982,0.61438,0.060817,0.055407,0.31968,0.059498,90.058,26.263,0.03145,0.21141,67.926,0.001215,0.0015,0.24164,0.37362,0.49108,0.11183,0.78825,-2363.8,0.060817,0.051088,0.99457,6.0487,5.7215,13.898,168.34,2.1682,1.0393,0
0.072687,0.59239,-0.12002,0.75747,-110.66,0.11331,0.091205,0.62591,0.97367,0.37079,0.091205,0.18429,0.093474,0.091205,1763.1,0.20703,1.6881,0.091205,0.069514,63.328,0.95273,0.11061,0.0554,0.14404,0.37079,0.17577,0.82087,-0.192,5.0293,0.44761,0.069514,134.05,2.7229,0.18672,0.11061,1.466,1.51,0.46829,0.084307,0.1253,0.13711,0.084307,87.034,23.706,0.31931,0.29749,61.66,0.079178,0.060347,0.6328,0.49489,0.36726,0.59313,0.7491,-12840,-0.027041,0.19603,1.027,0.26296,5.7637,15.397,137.68,2.6512,2.0988,0
0.004028,0.72987,0.1538,1.2525,-79.49,0,0.004028,0.3701,1.7656,0.27013,0.050635,0.006611,0.018486,0.004028,8162.1,0.044719,1.3701,0.004028,0.002281,101.51,1.3,0.034881,0.002281,0.1042,0.095569,0.044719,0.74841,0.64908,3.8763,0.41172,0.008755,132.13,2.7624,2.3059,0.082592,1.7656,4.2925,0.3335,0.046779,0.050905,0.38318,0.019756,151.33,49.823,0.008202,0.44649,106.49,0.00627,0.003551,1.0454,0.60924,0.362,1.14,1.4074,1156.9,0.046779,0.01491,0.99782,0.2346,3.5957,7.326,125.95,2.898,7.4511,0
-0.22524,0.14281,0.85024,6.9537,123.29,-1.4941,-0.22524,5.9774,0.97385,0.85363,-0.22524,-1.5772,-0.30411,-0.22524,-234.57,-1.5561,7.0024,-0.22524,-0.30825,34.159,0.6039,-0.22339,-0.30825,-1.4685,0.85363,-1.5561,-2.9772,122.38,3.7651,0.16759,-0.30825,69.47,5.2541,-1.5642,-0.22339,0.91407,,0.85363,-0.30571,3.8252,-0.021306,-0.30571,223.17,189.01,-3.2938,6.4749,33.266,-0.22641,-0.30985,6.9537,0.14281,0.19033,122.87,122.87,4950.3,-0.026855,-0.26386,1.0269,0,10.685,1.9311,71.335,5.1167,105.18,0
0.058089,0.51405,0.049184,1.1148,-48.044,0.15932,0.056335,0.864,1.0469,0.44413,0.056335,0.13151,0.062326,0.056335,1683.8,0.21677,1.9453,0.056335,0.031509,54.684,0.98807,0.072575,0.032491,0.16209,0.44413,0.22019,0.42495,0.094143,4.5743,0.28277,0.031509,91.553,3.9868,0.14118,0.072575,1.8102,2.4478,0.52981,0.040593,0.024262,0.13237,0.040593,95.374,40.69,0.21687,0.48953,57.246,0.017477,0.009776,0.92902,0.42838,0.25083,0.85012,1.0141,1845.7,0.044768,0.13079,0.95523,0.19289,6.6748,8.9703,87.454,4.1736,3.4222,0
0.078753,0.24054,0.37153,5.6976,70.855,0,0.084725,3.1574,0.61135,0.75946,0.085451,1.0713,0.18271,0.084725,786.01,0.46437,4.1574,0.084725,0.13859,123.94,1.2193,0.07551,0.12882,0.30058,0.74666,0.43954,104.07,0.67626,3.9631,0.1721,0.13977,47.767,7.6413,2.5125,0.007001,0.61135,1.5053,0.92091,0.011452,2.3469,0.078237,0.12351,158.22,34.274,0.37935,3.0727,125.38,0.048538,0.079395,1.8734,0.079089,0.13087,1.3824,1.6763,3412.8,0.011452,0.1037,0.87734,0.21258,2.9449,10.649,47.22,7.7299,1.1128,0
0.047239,0.10124,-0.07491,0.12221,-392.31,0,0.026636,8.8777,0.040273,0.89876,0.035557,0.31212,1.1419,0.026636,803.55,0.45424,9.8777,0.026636,0.66138,0,0.11416,0.032451,1.173,-0.25368,0.83486,0.65775,3.6375,-0.075699,4.8934,2.4161,0.87972,352.9,1.1213,0.94521,-0.047993,0.040273,15.692,0.89943,-1.1917,0.048375,0.065145,0.80578,57.107,57.107,,0.12221,0,0.013101,0.32529,0.10302,0.085339,0.89181,0.90823,0.90891,0.12221,-1.1917,0.05256,0.46248,0.000739,,6.3915,773.44,0.47192,0.040697,0
0.089987,0.56987,0.097846,6.3579,54.84,0,0.10076,0.75477,0.78787,0.43012,0.13597,5.5173,0.23152,0.10076,1140.3,0.32009,1.7548,0.10076,0.12789,0,1.2108,0.13585,0.11422,0.21563,0.16764,0.30119,3.8581,0.1107,3.8819,0.70448,0.17237,9.4428,38.654,1.2387,0.08197,0.78787,0.21104,0.98029,0.10404,0.9631,0.087337,0.17243,45.642,45.642,,6.3579,0,0.054196,0.068788,0.20374,0.018262,0.025871,0.48663,1.1091,745.54,0.10404,0.20921,0.88032,1.2791,,7.997,8.4604,43.142,0.89136,0
-0.019013,0.11535,0.12373,2.0727,52.287,-0.005515,-0.019426,5.746,0.71396,0.66278,-0.019426,-0.16841,0.065043,-0.019426,2179.4,0.16747,8.6694,-0.019426,-0.065407,73.198,0.86985,-0.022881,-0.064016,-0.00603,0.66278,0.17106,-0.55003,0.1626,4.7833,-0.010168,-0.065407,101.21,3.6064,-0.19836,-0.022881,0.4019,,0.66278,-0.07704,1.1075,0.23907,-0.07704,136.82,63.625,-0.31921,1.5563,52.261,-0.061624,-0.20749,2.0727,0.11535,0.27729,0.87102,0.87102,7512,-0.40064,-0.028686,1.4006,0,4.9864,5.7367,141.76,2.5748,0.39031,0
1.1837,0.044045,0.5282,12.992,1017,-0.23505,1.1837,21.704,0.27782,0.95595,1.1837,26.876,4.2608,1.1837,13.581,26.876,22.704,1.1837,4.2608,31.296,1.3793,0,4.2608,,0.94869,26.876,0,1.2348,3.8614,-1.7201,9.4844,90.296,4.0422,4.0422,0.094812,0.27782,,0.95595,0.34127,11.881,,0,64.291,32.994,49.692,12.451,48.836,0,0,12.992,0.044045,0.24739,2.2348,2.2348,3838.5,0.35915,1.2383,0.71127,0,11.663,11.063,57.866,6.3076,0.64948,0
-0.85313,0.66758,-0.50242,0.2474,-60.979,-0.85313,-0.85313,0.43948,0.78454,0.29339,-0.85313,-1.2779,-0.25667,-0.85313,-335.55,-1.0878,1.4979,-0.85313,-0.30154,11.112,0.58243,-0.82779,-0.30154,-0.85313,0.29339,-1.0878,,-0.60182,3.5596,0.22512,-0.30154,67.569,5.4019,-1.24,-0.82779,2.8809,,0.29339,-0.29258,0.047101,-0.031317,-0.29258,17.251,6.1389,-9.9048,0.11838,8.7178,-0.95474,-0.33746,0.2474,0.66758,0.18512,0.35143,0.35143,-1822.5,-0.27463,-2.9078,1.2746,0,32.847,59.457,86.125,4.238,3.389,1
-0.20355,0.071021,0.40068,6.6417,34.478,0.21268,-0.20133,13.08,0.84865,0.92898,-0.088793,-2.8348,-0.10866,-0.20133,-281.11,-1.2984,14.08,-0.20133,-0.23724,0,0.63124,-0.17354,-0.23985,0.83696,0.6417,-1.3297,-1.542,0.75845,2.2407,-0.067622,-0.23724,25.311,14.421,14.421,-0.17554,0.84865,,0.92898,-0.20685,6.2158,-0.036746,-0.20449,13.011,13.011,,6.6417,0,-0.28266,-0.33306,6.6417,0.071021,0.069344,1.7585,1.7585,69.737,-0.20684,-0.21911,1.2152,0,,28.054,30.546,11.949,1.6064,0
0.012334,0.68096,0.20287,1.356,-44.936,0,0.030451,0.46852,2.8286,0.31904,0.10934,0.053437,0.043301,0.030451,2029.3,0.17987,1.4685,0.030451,0.010765,67.64,1.2093,0.10855,0.004361,0.24072,0.10543,0.15326,1.3761,0.89265,3.627,0.21081,0.015149,75.378,4.8423,4.0522,0.069224,2.8286,2.7602,0.40909,0.024473,0.16899,0.11316,0.038377,87.285,19.646,0.023531,0.43616,69.336,0.016523,0.005841,1.1348,0.56985,0.20651,1.4038,1.8,859.5,0.024473,0.038661,0.98952,0.28225,5.3962,18.579,73.533,4.9638,12.446,0
0.10315,0.64179,0.071408,1.2116,-21.56,0.032528,0.13053,0.55814,1.4081,0.35821,0.15628,0.38684,0.13949,0.13053,1192.6,0.30604,1.5581,0.13053,0.092699,37.416,1.1777,0.15616,0.073252,0.37601,0.136,0.26338,6.0644,0.12079,4.2354,0.44239,0.10381,95.283,3.8307,2.014,0.11554,1.4081,1.4736,0.5377,0.082054,0.057407,0.096348,0.1109,100.95,63.537,0.71459,0.78384,40.761,0.090273,0.064108,0.63703,0.33743,0.26105,0.60595,0.90957,1227.8,0.082054,0.28796,0.91025,0.50108,9.7552,5.7447,87.465,4.1731,2.382,0
0.14743,0.65915,0.22841,1.458,64.913,0,0.18485,0.5171,0.72269,0.34085,0.18988,0.37067,0.26936,0.18485,1235.9,0.29532,1.5171,0.18485,0.25578,66.134,1.4671,0.1896,0.20401,0.32764,0.3372,0.23856,37.671,0.83697,4.1373,0.91051,0.26042,345.84,1.0554,0.79845,0.19638,0.72269,4.0151,0.48932,0.27174,0.010984,0.11018,0.26235,364.46,298.33,1.1259,1.1955,90.811,0.17978,0.24877,1.1031,0.49868,0.94752,1.249,1.793,3133.5,0.27174,0.43255,0.74485,0.43561,5.5191,1.2235,251.86,1.4492,2.6481,0
0.004372,0.51848,0.35331,1.6855,-3.9274,0,0.007133,0.92871,1.7497,0.48152,0.010981,0.013839,0.008339,0.007133,12971,0.02814,1.9287,0.007133,0.004077,75.511,1.1826,0.009178,0.002499,0.034961,0.45835,0.022815,2.3854,2.692,4.1123,0.22243,0.005666,108.07,3.3776,3.3578,0.008738,1.7497,297.03,0.48322,0.004994,0.27074,1.0389,0.005246,152.12,76.609,0.012078,0.9832,75.89,0.001721,0.000984,1.6756,0.51544,0.29607,3.6688,3.6818,4575.3,0.004994,0.00908,0.99594,0.003543,4.8337,4.7645,107.53,3.3945,13.331,0
-0.001416,0.66107,-0.054389,0.91152,-155.17,-0.047939,-0.019368,0.13288,0.99173,0.087842,-0.019368,-0.031505,0.004728,-0.019368,56472,0.006463,1.5127,-0.019368,-0.021432,122.07,1.2827,-0.073403,-0.001567,-0.04174,0.087842,0.033619,-0.80557,-0.12371,5.6004,0.71051,-0.021432,246.25,1.4823,-0.11104,-0.073403,1.1447,5.5716,0.13417,-0.081229,0.073114,-0.43674,-0.081229,208.18,86.102,-0.004684,0.41988,121.07,-0.097044,-0.10739,0.84765,0.61474,0.67465,0.1998,0.30517,-21673,-0.008334,-0.016116,1.0083,0.52739,2.99,4.2392,248.3,1.47,2.0554,0
0.085095,0.068062,0.91154,14.393,247.32,0,0.10552,13.692,0.97577,0.93194,0.10623,1.5504,0.11802,0.10552,215.72,1.692,14.692,0.10552,0.10814,112.4,0.90882,0.084952,0.087208,0.27827,0.92865,1.3919,120.62,44.68,4.1817,-0.43592,0.10814,27.881,13.091,13.091,0.084737,0.97577,,0.93194,0.086841,7.3309,0.023985,0.087061,179.79,67.387,0.28319,9.9778,123.09,0.075312,0.077182,14.393,0.068062,0.076386,45.68,45.68,13850,0.086841,0.091309,0.89436,0,3.2473,5.4164,25.46,14.336,47.828,0
-0.011893,0.20805,0.70574,4.3922,85.116,-0.011893,-0.012882,3.56,1.0207,0.74065,-0.012882,-0.061916,0.006864,-0.012882,5715.5,0.063861,4.8065,-0.012882,-0.006655,46.821,0.69249,0.018547,-0.006145,-0.012882,0.74065,0.068611,,8.1859,4.3412,-0.004562,-0.006655,40.045,9.1147,0.089146,0.018547,1.9528,,0.74065,0.009582,1.1159,0.15297,0.009582,128.54,81.718,-0.047902,3.1988,47.789,-0.007621,-0.003938,4.3922,0.20805,0.10971,8.5909,8.5909,15483,0.020262,-0.016058,0.97974,0,7.7957,4.4666,39.234,9.3032,22.451,1
-0.012887,0.5685,0.1949,1.3704,-51.936,-0.042698,-0.025489,0.759,2.1397,0.4315,-0.000595,-0.048443,0.022253,-0.025489,4358.1,0.083753,1.759,-0.025489,-0.011913,72.353,0.96107,-0.020774,-0.006023,-0.049168,0.39431,0.10592,-0.83448,0.69876,4.1372,0.25328,-0.001034,89.195,4.0922,3.7874,-0.013472,2.1397,11.732,0.45681,-0.006296,0.18511,0.36213,-0.009709,106.39,34.036,-0.030384,0.56431,71.901,-0.093877,-0.043874,1.2684,0.52617,0.24437,1.547,1.6377,2673.3,-0.006296,-0.029866,1.0117,0.058656,5.0447,10.724,89.756,4.0666,7.6712,0
0.005688,0.48642,-0.11828,0.75677,-53.123,-0.13066,0.005688,1.0558,2.2043,0.51358,0.051148,0.011696,0.007342,0.005688,10970,0.033273,2.0558,0.005688,0.00258,26.008,1.2736,0,0.00258,-0.084801,0.49009,0.033273,0,-0.18715,3.5323,0.21888,0.005152,93.179,3.9172,3.9161,0.002691,2.2043,,0.51358,0.001221,0.016744,1.5446,0,59.588,33.58,0.036211,0.43377,30.097,-0.010497,-0.004762,0.75655,0.48628,0.25528,0.81263,0.81263,-402.91,0.13584,0.011075,0.88498,0,14.034,10.87,80.521,4.533,3.4878,0
0.01426,0.54502,-0.013692,0.95099,-56.072,0,0.022083,0.83479,1.0842,0.45498,0.040874,0.079047,0.048248,0.022083,3802.9,0.09598,1.8348,0.022083,0.020368,46.835,1.0302,0.036255,0.013152,0.10974,0.36541,0.081626,1.9294,-0.018645,3.9773,0.49015,0.033875,98.478,3.7064,1.8998,0.048758,1.0842,0.73948,0.62612,0.04497,0.062102,0.27326,0.033439,83.6,36.765,0.1025,0.45301,49.04,0.006027,0.005559,0.48746,0.27937,0.2698,0.61959,0.85265,-129.93,0.04497,0.031342,0.97998,0.37616,7.7934,9.9279,94.05,3.8809,1.4765,0
0.051022,0.052152,0.063516,2.5847,28.335,0.051022,0.065766,14.884,1.0982,0.77623,0.065766,1.6408,0.25801,0.065766,171.84,2.124,19.175,0.065766,0.15318,28.842,1.1906,0.069533,0.11884,0.065766,0.77623,1.8413,,0.070856,5.0368,0.08086,0.15318,37.42,9.7541,1.3333,0.069533,0.46779,5.7717,0.78831,0.16196,0.49393,0.01497,0.16196,71.243,42.4,1.5039,1.7383,31.674,0.024528,0.057131,1.9864,0.040081,0.10252,0.86594,0.87941,6914,0.089398,0.06573,0.9106,0.015551,12.655,8.6084,34.075,10.712,0.47895,1
0.029167,0.48452,0.29521,1.8787,-6.0815,-0.17058,0.029167,0.84935,0.99613,0.41153,0.029167,0.086817,0.060929,0.029167,1700.1,0.21469,2.0639,0.029167,0.017084,67.162,0.8514,0.027064,0.017084,-0.17058,0.41153,0.21469,0.15791,0.80039,3.9685,0.2339,0.017084,71.549,5.1014,0.055858,0.027064,1.7607,2.1341,0.56008,0.015853,0.27961,0.1563,0.015853,114.86,47.696,0.092848,0.94365,66.902,-0.047788,-0.027992,1.3027,0.33596,0.19603,1.1158,1.5185,2745.8,-0.003883,0.070876,1.0039,0.36098,5.4347,7.6527,71.827,5.0816,4.6288,0
0.35395,0.59732,0.40268,1.6741,2.08,-0.15082,0.393,0.67414,4.91,0.40268,0.393,0.65793,0.080377,0.393,552.44,0.6607,1.6741,0.393,0.08004,27.884,0.97167,0.38989,0.072087,0.64589,0.29108,0.59533,,,2.9694,0.082359,0.08004,47.692,7.6533,7.6533,0.33853,4.91,,0.40268,0.068948,0.32497,0.050852,0.079408,59.908,32.024,0.94361,1.0462,29.949,0.38824,0.079071,1.6741,0.59732,0.13066,,,375.25,0.068948,0.87899,0.92101,0,13.09,11.398,44.404,8.2201,,0
0.1303,0.50773,0.38856,1.8102,55.053,0,0.16011,0.96956,2.1914,0.49227,0.16472,0.33386,0.080433,0.16011,1051.4,0.34715,1.9696,0.16011,0.073065,13.413,1.0233,0.16257,0.059461,0.48738,0.48855,0.28844,35.274,2.9468,4.4295,0.14782,0.073822,86.738,4.2081,3.9748,0.17327,2.1914,28.015,0.52039,0.079068,0.38721,0.094697,0.074188,113.67,100.26,1.6181,1.6423,14.564,0.14643,0.06682,1.7099,0.47958,0.23764,3.7333,3.9465,10445,0.079068,0.26469,0.92725,0.05711,27.213,3.6406,79.879,4.5694,16.619,0
0.046604,0.93637,-0.32877,0.60913,-3820.1,-0.52753,0.046604,0.067952,3.0302,0.063629,0.053078,0.055407,0.01538,0.046604,7333.5,0.049771,1.068,0.046604,0.01538,33.204,1.1758,0.047693,0.01538,0.048108,-0.48093,0.049771,7.3675,-0.67419,3.9629,0.30568,0.017232,109.95,3.3359,2.9965,0.017934,3.0302,9.1643,0.089457,0.005919,0.053813,0.65445,0.015739,56.264,23.059,0.16907,0.28141,35.859,0.047693,0.015739,0.54717,0.84112,0.29977,0.13048,0.18345,-3018.7,0.078532,0.73244,0.92811,0.40592,10.993,15.829,101.32,3.6025,6.2138,0
-0.03949,0.59314,0.023335,1.1695,-0.83576,0,-0.03949,0.68626,1.454,0.40705,-0.029004,-0.2869,-0.027159,-0.03949,-5482.3,-0.066578,1.6859,-0.03949,-0.027159,6.3205,0.93049,-0.029514,-0.027159,-0.026632,0.25946,-0.066578,-2.1563,0.027814,3.322,0.39855,-0.027159,54.697,11.077,2.5706,-0.070986,1.4992,,0.40705,-0.04882,0.11138,-0.6699,-0.020298,36.562,30.242,-1.5684,0.2943,6.0274,-0.029514,-0.020298,0.27141,0.13765,0.090275,0.48517,0.48517,48.98,0.36828,-0.097017,0.61268,0,57.748,12.069,34.553,10.563,1.7331,1
0.20463,0.10902,0.66735,20.093,30.159,0.58203,0.20463,8.1723,2.1092,0.89098,0.20463,5.8546,0.097019,0.20463,194.46,1.877,9.1723,0.20463,0.097019,82.554,0.85514,0,0.097019,0.61782,0.78683,1.877,,2.2417,3.3803,0.05169,0.22007,8.417,43.365,13.903,0.056116,2.1092,,0.89098,0.026605,1.8117,,0,110.58,28.023,0.42896,6.4446,114.88,0,0,6.4417,0.034953,0.02306,2.9929,2.9929,1601.9,0.28138,0.22967,0.72354,0,4.4214,13.025,6.0486,60.344,7.0849,0
-0.51794,1.4851,-0.68336,0.51859,-168.12,-1.2465,-0.51794,-0.32661,2.0637,-0.48504,-0.42369,-0.36488,-0.23072,-0.51794,-1138.5,-0.32061,0.67335,-0.51794,-0.25098,78.03,1.0997,-0.42448,-0.25098,-1.071,-1.7645,-0.32061,-4.5036,-2.5903,4.2152,0.70947,-0.20785,207.12,1.7682,1.69,-0.43776,2.0862,,-0.48504,-0.21213,0.034552,-0.12936,-0.20569,121.52,43.493,-1.174,0.34535,64.373,-0.46629,-0.22595,0.49567,1.4195,0.56746,-1.8386,-1.8386,-11216,-0.21216,1.0678,1.2031,0,4.6777,8.3922,251.06,1.4538,7.8224,1
0.067821,0.83978,0.15862,1.1905,14.477,-0.098327,0.067821,0.19079,1.4511,0.16022,0.075395,0.081449,0.050365,0.067821,4194,0.087029,1.1908,0.067821,0.046737,5.4798,1.0963,0.074648,0.046737,-0.0153,0.10019,0.087029,9.8557,18.246,3.7435,0.51616,0.051957,215.29,1.6954,1.681,0.039408,1.4511,,0.16022,0.027157,0.20541,0.3503,0.051442,206.32,200.84,3.1131,1.1643,5.6328,0.069384,0.047814,1.1804,0.83269,0.58985,18.43,18.43,878.83,0.027157,0.4233,0.95691,0,66.608,1.8174,209.45,1.7427,166.92,0
0.087784,0.22074,0.36817,3.4829,42.559,0,0.10922,3.5303,1.0122,0.77926,0.11558,0.7366,0.14186,0.10922,561.1,0.6505,4.5303,0.10922,0.10791,90.706,1.1034,0.11248,0.086729,0.2872,0.77002,0.55338,17.683,0.76138,4.9644,0.21808,0.10791,73.888,5.0132,3.3676,0.27968,1.0122,3.6562,0.85172,0.27632,0.23001,0.050106,0.11113,173.94,83.233,0.349,1.7866,123.51,0.078112,0.077174,2.3397,0.14828,0.19947,1.6115,1.7614,3.4829,0.27632,0.11265,0.73301,0.092981,4.024,4.3853,53.472,6.8261,2.0932,0
0.096165,0.48822,0.35974,1.7439,18.629,0.21715,0.11296,0.98169,1.0713,0.47928,0.11296,0.2336,0.061565,0.11296,1130,0.323,2.0482,0.11296,0.044101,32.819,1.4672,0.1652,0.037543,0.25058,0.47928,0.28859,0.69093,2.296,4.4209,0.19003,0.044101,73.823,4.9442,0.33836,0.1652,2.5826,131.89,0.48393,0.064492,0.019617,0.07646,0.064492,118.82,85.998,0.41754,1.2676,35.16,0.12046,0.047029,1.7273,0.48357,0.20226,3.0589,3.0886,9482.2,0.066591,0.20064,0.93341,0.009698,11.122,4.2443,68.907,5.297,16.348,0
0.013548,0.75951,0.023002,1.0732,-37.078,-100.38,0.018219,0.27128,1.0447,0.20604,0.018219,0.057982,0.03385,0.018219,5794.9,0.062987,1.3166,0.018219,0.012891,41.01,1.3429,0.057427,0.009586,-121.52,0.20604,0.056836,0.42449,0.034706,2.9538,0.53491,0.012891,84.776,4.3055,0.075611,0.057427,1.4233,0.40071,0.65133,0.040634,0.01285,0.28686,0.040634,86.05,45.04,0.085318,0.56786,42.841,0.027807,0.019676,0.444,0.31422,0.23226,0.31087,0.98273,20.68,0.042751,0.065753,0.95725,2.1612,8.9003,8.1039,81.152,4.4977,2.1324,0
0.037665,0.018387,0.91333,50.673,115.22,0,0.037665,53.387,1.0513,0.98161,0.03784,2.0485,0.050222,0.037665,127.11,2.8716,54.387,0.037665,0.035826,205.15,1.1304,0.011274,0.035826,0.31304,0.037665,2.8716,64.637,13.376,4.2467,-0.24316,0.035992,6.5746,55.517,55.517,0.03056,1.0513,,0.98161,0.029068,14.935,0.023208,0.010723,228.13,22.987,0.063742,18.536,211.29,-0.003861,-0.003672,50.673,0.018387,0.018013,14.376,14.376,16118,0.029068,0.038371,0.96512,0,1.7792,15.878,6.3835,57.179,15.397,0
0.20765,0.38017,0.49285,3.0067,62.515,0,0.25924,1.6304,1.9114,0.61983,0.28524,1.0555,0.14305,0.25924,507.47,0.71926,2.6304,0.25924,0.13562,42.024,1.0718,0.28524,0.10864,0.69262,0.61463,0.58357,10.971,1.8844,3.9833,0.16574,0.14324,56.879,6.4172,4.1458,0.33534,1.9114,3.8524,0.75439,0.17544,0.26428,0.042319,0.14923,128.62,86.594,0.94356,2.1106,50.965,0.27104,0.1418,1.9424,0.24561,0.15583,2.3699,2.8844,4742.9,0.17544,0.33502,0.86454,0.21709,8.6855,4.2151,46.9,7.7825,7.3084,0
-0.25151,1.2011,-0.53881,0.52187,-79.63,-0.1619,-0.25151,-0.16773,2.4623,-0.20146,-0.19401,-0.22319,-0.10214,-0.25151,-1743.1,-0.2094,0.83255,-0.25151,-0.10214,34.887,0.85534,-0.17813,-0.10214,-0.38659,-0.37189,-0.2094,-2.3043,-1.3082,3.2467,0.48386,-0.073267,148.65,3.1645,2.969,-0.9983,3.392,40.773,-0.19281,-0.40543,0.021614,-0.22477,-0.072342,83.566,48.68,-1.0687,0.23046,24.088,-0.17813,-0.072342,0.48962,1.1269,0.316,-0.48915,-0.46815,-951,-0.12379,1.2484,0.84681,-0.042944,10.462,7.498,167.05,2.185,5.9786,1
0.13997,0.13611,0.64527,5.7408,225.98,0.34972,0.17627,6.1957,1.1616,0.8433,0.17627,1.2951,0.22035,0.17627,222.03,1.6439,7.347,0.17627,0.17359,44.294,1.0163,0.14454,0.13784,0.43989,0.8433,1.3772,1.6533,2.9516,4.4323,-0.34171,0.17359,56.828,6.4229,1.0619,0.14454,1.0665,,0.8433,0.14234,3.572,0.023304,0.14234,106.11,61.814,1.1359,4.8355,51.45,0.097057,0.09558,5.7408,0.13611,0.15569,3.8574,3.8574,17462,0.13909,0.16598,0.86091,0,8.2404,5.9048,48.924,7.4606,4.6449,0
-0.1786,0.66436,0.19219,1.2893,-7.659,0.001413,-0.1786,0.5052,4.2223,0.33564,-0.16935,-0.26883,-0.033991,-0.1786,-1689.6,-0.21602,1.5052,-0.1786,-0.0423,23.556,1.2164,-0.17002,-0.0423,-0.005854,0.29193,-0.21602,-18.37,1.3398,3.0584,0.15617,-0.040283,55.027,6.6331,6.6331,-0.18451,4.2223,,0.33564,-0.043699,0.026582,-0.16412,-0.040267,72.52,48.963,-0.65543,0.87912,22.57,-0.2051,-0.048576,1.2893,0.66436,0.15076,2.3398,2.3398,219.87,-0.043699,-0.53213,1.0419,0,15.495,7.4546,57.432,6.3553,29.434,0
0.058355,0.3728,0.43245,2.16,35.288,0.29145,0.075142,0.36982,1.0106,0.13787,0.075142,0.20156,0.017652,0.075142,1747.8,0.20884,2.6824,0.075142,0.017037,0.38142,0.82672,0.050398,0.013231,0.3738,0.13787,0.16381,0.11548,2.2205,5.5697,-0.075299,0.017037,31.179,11.707,0.13519,0.050398,4.4455,,0.13787,0.011427,1.8917,0.23078,0.011427,8.2775,7.8961,12.661,2.1476,0.38547,0.047686,0.010812,2.16,0.3728,0.085422,0.70793,0.70793,160570,0.010497,0.42326,0.9895,0,956.95,46.225,30.852,11.831,22.647,0
0.36355,0.14442,0.81862,6.6683,262.37,0.79606,0.45438,5.631,1.4385,0.81324,0.45438,3.1462,0.31813,0.45438,111.76,3.266,6.9241,0.45438,0.30646,19.4,1.1599,0.44547,0.2452,1.0398,0.81324,2.6371,4.3222,22.153,4.452,-0.34162,0.30646,51.145,7.1365,3.0845,0.44547,1.5096,,0.81324,0.30045,4.516,0.01026,0.30045,76.522,57.121,4.6132,6.1226,27.908,0.42816,0.28878,6.6683,0.14442,0.14012,22.007,22.007,23176,0.30485,0.44704,0.69515,0,18.814,6.3899,35.553,10.266,40.122,0
0.004778,0.88003,-0.16011,0.79873,-52.862,0.080306,0.006394,0.13628,1.0081,0.11993,0.006394,0.008037,0.007663,0.006394,13232,0.027585,1.1363,0.006394,0.002018,32.367,1.6108,0.025489,0.001508,0.1004,0.11993,0.02575,0.08111,-0.43915,4.414,0.27774,0.002018,92.397,3.9503,0.028964,0.025489,3.1701,4.1942,0.20445,0.008046,0.022606,0.66708,0.008046,71.138,38.771,0.017009,0.4456,32.628,0.007607,0.002401,0.72202,0.79552,0.25314,0.32895,0.56075,-4153.8,0.008004,0.03984,0.992,0.7047,11.277,9.4143,91.658,3.9822,8.6888,0
0.000846,0.80599,-0.098952,0.87723,-102.44,0.002186,0.002222,0.22091,1.0108,0.17805,0.002222,0.002756,0.024445,0.002222,6911,0.052815,1.2407,0.002222,0.001276,79.608,1.2513,0.02458,0.000486,0.008105,0.17805,0.051107,0.14268,-0.33776,5.1447,0.45543,0.001276,170.76,2.1375,0.030497,0.02458,1.7638,,0.17805,0.014116,0.016031,0.40812,0.014116,145.49,65.882,0.002227,0.40601,80.467,-0.015766,-0.009054,0.87723,0.80599,0.46784,0.60776,0.60776,-13808,0.010671,0.004749,0.98933,0,4.5849,5.5402,168.94,2.1605,5.9439,0
0.079833,0.3609,0.50895,2.4102,57.644,-0.074039,0.071972,1.407,1.0242,0.5078,0.071972,0.19943,0.029785,0.071972,1437.6,0.2539,2.7709,0.071972,0.023395,3.6943,1.0522,0.072023,0.02595,-0.060512,0.5078,0.27568,0.23978,3.9103,3.7854,0.10239,0.023395,43.855,8.3229,0.19957,0.072023,3.0982,,0.5078,0.023411,0.12721,0.12942,0.023411,97.756,94.062,2.5639,2.324,3.7837,0.052363,0.017021,2.4102,0.3609,0.12015,3.9015,3.9015,3105.3,0.023634,0.15721,0.97637,0,98.801,3.8804,42.819,8.5243,23.636,0
-0.32609,1.7057,-0.38239,0.54961,-66.951,-0.53098,-0.32609,-0.41374,2.694,-0.70572,-0.22442,-0.38408,-0.079381,-0.32609,-2911.3,-0.12537,0.58626,-0.32609,-0.12104,19.218,,-0.22442,-0.12104,-0.32609,-0.85707,-0.12537,-2.2072,-0.71697,2.519,0.73909,-0.084482,105.57,3.4575,1.721,-0.24149,2.694,0.37911,0.15098,-0.089639,-0.33516,-0.50685,-0.083302,101.78,82.559,-2.299,0.38254,17.637,-0.33665,-0.12496,0.27357,0.84902,0.28923,-1.3232,0.28309,-126.33,-0.089639,0.46206,1.1196,-1.2139,18.993,4.4211,115.03,3.1731,5.0511,1
0,0.44849,0.36892,1.8226,28.172,1.9425,1.9425,1.2297,6.6527,0.55151,2.0014,4.3311,0.29449,1.9425,83.557,4.3683,2.2297,1.9425,0.29198,0,1.6135,1.9485,0,4.2439,0.55086,0.037175,33.054,2.0205,3.6647,0.033808,0.29209,34.799,10.489,10.489,1.9485,6.6527,,0.55151,0.29289,0.5032,0.007607,0.29289,32.465,32.465,,1.8226,0,1.9318,0.29038,1.8226,0.44849,0.09534,3.0205,3.0205,1704.6,0.29289,0,0.71032,0,,11.243,24.607,14.833,36.435,0
0.085346,0.53269,-0.093207,0.81323,-25.155,0,0.085346,0.87728,2.1868,0.46731,0.099615,0.17102,0.047139,0.085346,1886.1,0.19352,1.8773,0.085346,0.039027,6.1609,1.2821,0.099333,0.039027,0.39828,0.33178,0.19352,6.9615,-0.15687,3.9093,0.24245,0.044122,87.186,4.1864,3.9221,0.097613,2.1868,20.274,0.48551,0.044637,0.034276,0.15167,0.045423,64.882,58.721,2.3121,0.73926,6.4488,0.081594,0.037311,0.76187,0.49905,0.23887,0.78651,0.81713,-756.46,0.044637,0.18263,0.96109,0.03894,59.244,6.2158,83.294,4.382,3.6805,0
0.17756,0.54411,0.37634,1.6917,221.17,-0.14346,0.17756,0.83787,0.71982,0.45589,0.17765,0.32634,0.29579,0.17756,932.76,0.39131,1.8379,0.17756,0.24668,22.113,0.98438,0.17765,0.24668,0.19917,0.43479,0.39131,2063.8,4.7311,3.3747,0.71954,0.24679,365.42,0.99885,0.99885,0.17634,0.71982,,0.45589,0.24497,0.085896,0.085149,0.24679,443.04,420.92,4.0716,1.6115,29.288,0.14229,0.19768,1.6917,0.54411,1.0012,5.7311,5.7311,891.93,0.24497,0.38948,0.7545,0,16.506,0.86714,275.9,1.3229,9.049,0
0.26681,0.78737,-0.04074,0.94779,-46.249,0,0.33225,0.27006,2.2189,0.21264,0.33665,0.42582,0.16951,0.33225,764.08,0.4777,1.2701,0.33225,0.14974,30.538,1.7432,0.33663,0.12025,0.47052,0.15671,0.39459,76.535,-0.1564,2.9513,0.33734,0.15172,154.44,2.3634,2.342,0.37487,2.2189,,0.21264,0.16894,0.056021,0.068976,0.15171,114.46,83.919,1.4372,0.70986,36.746,0.29276,0.13194,0.93922,0.78025,0.42312,0.8163,0.8163,-36.42,0.16894,1.2548,0.85118,0,11.952,4.3494,128.35,2.8438,8.5182,0
0.056033,0.18758,0.36262,2.9331,63.589,0.17077,0.069844,4.0511,1.0552,0.75991,0.069844,0.37234,0.10917,0.069844,467.05,0.78151,5.331,0.069844,0.052014,40.325,1.0188,0.071316,0.041729,0.21207,0.75991,0.70788,0.56043,0.80618,5.166,0.13064,0.052014,53.804,6.7838,0.38018,0.071316,1.3441,,0.75991,0.053111,0.081115,0.04165,0.053111,145.42,105.1,0.37771,2.1423,42.551,-0.005437,-0.004049,2.9331,0.18758,0.14741,1.6894,1.6894,53139,0.052319,0.073737,0.94768,0,9.0515,3.473,50.989,7.1583,2.9853,0
0.03802,0.24763,0.22269,1.8993,6.6577,0,0.043783,3.0384,0.69728,0.75237,0.068395,0.17681,0.25585,0.043783,506.63,0.72045,4.0384,0.043783,0.062791,111.1,0.58229,0.068271,0.054526,0.43455,0.46971,0.69718,2.7738,0.42043,3.9103,0.33722,0.095043,141.73,2.6276,2.6276,0.059582,0.71905,,0.75237,0.08545,0.054133,0.040683,0.097911,239.18,128.08,0.17914,0.91122,121.48,-0.066347,-0.095152,1.8993,0.24763,0.38831,1.4204,1.4204,1811.5,0.08545,0.050533,0.90488,0,3.2854,2.8498,129.62,2.8159,1.3164,0
0.41136,0.24191,0.39906,2.7942,108.91,0,0.51373,3.1337,1.7142,0.75809,0.51695,2.3098,0.32473,0.51373,158.62,2.301,4.1337,0.51373,0.2997,8.0789,1.8346,0.5147,0.23998,0.79352,0.7335,1.8778,160.03,1.0543,3.3169,0.038643,0.30158,67.01,5.447,5.008,0.50266,1.7142,29.935,0.77758,0.29324,0.82399,0.014461,0.30026,93.309,85.23,10.842,2.6236,11.431,0.47179,0.27523,2.569,0.22242,0.18359,2.0028,2.0543,827.74,0.29324,0.54263,0.70362,0.025714,45.179,4.2825,47.36,7.707,4.5286,0
0.001365,0.90909,-0.13963,0.7612,-175.87,-0.087231,0.001365,0.1,0.8708,0.090912,0.04648,0.002334,0.2032,0.001365,1875.2,0.19464,1.1,0.001365,0.001567,111.2,0.67708,0.046377,0.001567,-0.10953,-0.084511,0.19464,1.028,-0.25163,3.5839,1.0244,0.051038,209.24,1.7444,1.122,-0.14918,0.8708,1.0846,0.2567,-0.17131,0.042102,0.13653,0.053258,176.24,65.047,0.005145,0.3075,94.932,-0.1292,-0.14837,0.4896,0.58472,0.57327,0.16383,0.46259,-535.7,-0.17131,0.015012,0.99873,1.8236,3.2825,5.6114,245.09,1.4893,1.5693,0
0.060729,0.098835,0.59536,7.0238,-17.253,0.31566,0.060729,9.0039,1.0265,0.8899,0.060729,0.61445,0.097353,0.060729,441.84,0.82609,10.118,0.060729,0.072411,274.59,0.97378,0.060025,0.072411,0.31566,0.8899,0.82609,0.73468,1.9468,4.2148,0.089962,0.072411,44.154,8.2666,0.60733,0.060025,0.88557,,0.8899,0.071572,0.26268,0.040144,0.071572,290.82,16.231,0.096252,0.64002,281.86,0.039107,0.04663,7.0238,0.098835,0.12097,2.91,2.91,9762.9,0.025801,0.068242,0.9742,0,1.3292,22.488,43.014,8.4855,2.7425,0
0.12326,0.36836,0.44143,2.5247,19.08,0.21572,0.13586,1.6901,1.1545,0.62258,0.13586,0.46925,0.16447,0.13586,650.43,0.56117,2.7147,0.13586,0.10809,111.65,1.1827,0.16075,0.098066,0.27115,0.62258,0.52696,1.4766,1.6406,5.1477,0.28199,0.10809,97.071,3.7601,0.43638,0.16075,1.2607,4.3944,0.70143,0.12789,0.058572,0.05229,0.12789,207.35,95.696,0.32059,1.1968,128.91,0.089889,0.071519,1.9843,0.28951,0.26595,2.3139,2.607,62027,0.13386,0.19797,0.86614,0.12664,3.2691,3.8142,84.077,4.3413,4.6713,0
0.026751,0.25398,0.64146,3.5406,97.784,0,0.054471,2.9373,2.241,0.74602,0.055522,0.21574,0.045063,0.054471,917.98,0.39761,3.9373,0.054471,0.024307,12.668,1.2229,0.039443,0.011937,0.36037,0.72968,0.28846,37.542,6.0483,3.7868,0.058912,0.024307,43.493,8.3922,8.3428,0.12208,2.241,,0.74602,0.054475,0.48613,0.098491,0.017601,125.61,112.94,0.34394,3.2326,13.398,-0.00707,-0.003155,3.5198,0.25248,0.11916,7.0342,7.0342,3926.4,0.054475,0.035858,0.97599,0,28.813,3.2317,41.123,8.8758,21.13,0
-0.32896,1.8289,0.000384,1.0012,-21.249,-0.47892,-0.32896,-0.46694,0.99322,-0.85401,-0.32896,-1.0437,-0.19441,-0.32896,-2566.4,-0.14222,0.54676,-0.32896,-0.24586,19.292,0.60714,-0.006001,-0.24586,-0.47892,-0.85401,-0.14222,-0.044547,0.000561,4.886,1.2915,-0.24586,85.398,4.2741,-0.003281,-0.006001,1.3512,0.16175,0.65976,-0.004485,0.33641,0.95686,-0.004485,57.161,37.869,-4.6518,0.77685,19.161,-0.074843,-0.055937,0.17254,0.31518,0.23397,-1.2478,0.96394,29.54,-0.006823,0.3852,1.0068,-1.7725,18.92,9.6384,85.981,4.2451,1.9549,0
0.057448,0.55173,-0.057232,0.89134,-84.615,0.091411,0.048729,0.76565,1.1284,0.42243,0.048729,0.092517,0.092893,0.048729,2105.5,0.17336,1.8125,0.048729,0.047326,50.412,1.2503,0.086364,0.055794,0.088988,0.42243,0.18916,0.94643,-0.10788,4.5614,0.51057,0.047326,210.68,1.7325,0.15653,0.086364,1.0435,13.078,0.44746,0.083876,0.057018,0.1361,0.083876,155.78,105.36,0.40396,0.62134,56.883,0.039445,0.038309,0.85091,0.52671,0.5772,0.79626,0.84342,-2084.6,0.11376,0.13599,0.88624,0.059238,7.2403,3.4642,186.71,1.9549,1.9408,0
0.006632,0.61257,0.2522,1.4553,7.5024,0,0.006632,0.63247,5.3913,0.38743,0.010288,0.011972,0.019647,0.006632,2110.8,0.17292,1.6325,0.006632,0.00123,8.3813,0.99725,0.010281,0.00123,-0.032792,0.021038,0.17292,2.8116,1.3009,2.135,0.076968,0.001908,37.418,9.7547,8.8211,-0.012274,5.3913,11.64,0.44606,-0.002277,0.38897,0.18635,0.001907,39.99,31.608,0.053569,1.2318,8.3623,-0.089012,-0.01651,1.316,0.55394,0.10251,1.9985,2.3009,34.416,-0.002277,0.017117,0.99878,0.15131,43.549,11.548,37.503,9.7325,27.81,0
0.019679,0.70195,0.008012,1.013,-51.138,0,0.024741,0.4246,2.2966,0.29805,0.05636,0.040032,0.029802,0.024741,3743.4,0.097506,1.4246,0.024741,0.010773,50.716,1.0372,0.048645,0.008568,0.068437,0.14375,0.090294,1.5385,0.021424,3.5209,0.30391,0.02454,99.358,3.6736,3.2344,0.026281,2.2966,3.6572,0.38197,0.011443,0.014849,0.25337,0.021181,98.036,47.32,0.061666,0.49662,51.303,0.004942,0.002152,0.89186,0.61803,0.27221,0.79701,1.0214,26.584,0.011443,0.066025,0.98938,0.28157,7.1969,7.7135,98.221,3.7161,6.1414,0
-0.017934,0.70806,-0.31113,0.51473,-82.206,-0.014356,-0.018799,0.41231,2.1039,0.29194,0.018773,-0.029321,0.039305,-0.018799,3125.2,0.11679,1.4123,-0.018799,-0.008935,22.579,0.93865,0.018452,-0.008524,0.083297,0.21363,0.11801,0.49111,-0.46438,4.8255,0.32417,0.005922,114.32,3.1928,2.891,0.056912,2.1039,39.863,0.29695,0.02705,0.045244,0.19677,0.00877,52.22,29.641,-0.13779,0.31173,23.207,-0.083042,-0.03947,0.46608,0.64114,0.31321,0.43574,0.44322,-20818,0.02705,-0.061431,1.0089,0.017174,16.165,12.314,111.23,3.2815,3.1402,0
0.083745,0.16674,0.32586,2.9543,7.7416,0.24793,0.10431,4.6663,1.045,0.77805,0.10431,0.62559,0.07988,0.10431,377.34,0.9673,5.9974,0.10431,0.051662,51.348,1.0691,0.086447,0.041477,0.30466,0.77805,0.84397,0.4474,0.64222,4.7859,0.056284,0.051662,31.497,11.588,0.51846,0.086447,2.0519,,0.77805,0.042815,0.32738,0.038221,0.042815,79.182,27.833,0.29483,1.2508,53.657,0.029471,0.014596,2.9543,0.16674,0.086294,1.5334,1.5334,19903,0.043034,0.10763,0.95697,0,7.1083,13.114,30.142,12.109,3.9793,0
0.12158,0.42847,0.51505,2.2279,51.173,0.33143,0.15648,1.2128,1.061,0.51965,0.15648,0.37305,0.057824,0.15648,919.43,0.39698,2.3339,0.15648,0.053194,13.706,1.9447,0.15312,0.04133,0.42957,0.51965,0.31553,0.55228,7.8639,4.3004,-0.048258,0.053194,55.221,6.6098,0.35737,0.15312,3.0248,91.428,0.52867,0.052054,1.3895,0.084482,0.052054,43.634,29.928,1.1006,1.9645,14.542,0.1395,0.047424,2.181,0.41946,0.15129,7.9343,8.0719,10286,0.057484,0.23396,0.94252,0.017344,26.631,12.196,52.047,7.0129,44.914,0
-0.009989,0.58588,0.33324,1.5688,26.846,-1.7673,0.002887,0.70684,2.2054,0.41412,0.076097,0.004928,0.015778,0.002887,6145.7,0.059391,1.7068,0.002887,0.001309,27.157,1.0637,0.07326,-0.00453,0.097496,0.18038,0.037413,1.0007,4.1202,3.7661,0.17482,0.001336,100.52,3.6312,3.6312,0.077935,2.2054,,0.41412,0.035338,0.36392,0.18569,0.033219,116.83,89.672,-0.060878,1.2887,28.152,0.041352,0.01875,1.5688,0.58588,0.27539,5.1202,5.1202,1944.7,0.035338,-0.024122,0.9987,0,13.44,4.0704,96.964,3.7643,27.268,0
0.01251,0.061628,0.42348,7.8715,148.63,0,0.018486,15.226,0.79267,0.93837,0.030162,0.29996,0.080134,0.018486,354.13,1.0307,16.226,0.018486,0.023321,53.181,1.2362,0.022668,0.015782,0.13857,0.1407,0.93373,1.9415,0.82247,4.1977,-0.097846,0.023994,28.468,12.821,12.821,0.002507,0.79267,,0.93837,0.003163,2.2642,0.030343,0.028597,159.12,105.94,0.10832,5.9975,53.35,-0.022366,-0.028216,7.8715,0.061628,0.077994,1.8225,1.8225,6676.1,0.003163,0.013332,0.97768,0,6.8633,3.4452,28.378,12.862,1.5395,0
0.019159,0.82777,-0.29404,0.64478,-79.32,-0.045453,0.023965,0.0621,1.0267,0.051405,0.023965,0.028952,0.022632,0.023965,5858.4,0.062304,1.2081,0.023965,0.010517,29.628,1.4961,0.06697,0.008408,-0.050059,0.051405,0.056498,0.30171,-0.63062,4.6018,0.36268,0.010517,136.12,2.6815,0.080905,0.06697,2.2895,,0.051405,0.029388,0.006346,0.28774,0.029388,84.646,55.019,0.10358,0.42132,30.417,0.039362,0.017273,0.64478,0.82777,0.37293,0.11025,0.11025,-11754,0.025962,0.37272,0.97404,0,12.32,6.6341,132.58,2.753,4.8873,0
0.027702,0.1374,0.65599,5.7745,90.387,0,0.034347,6.2782,1.3606,0.8626,0.035143,0.24998,0.063738,0.034347,578.28,0.63118,7.2782,0.034347,0.025244,49.476,0.96126,0.023072,0.02036,0.35076,0.64629,0.58281,28.984,3.175,2.3639,-0.069735,0.025244,35.693,10.226,10.226,-0.044419,1.3606,,0.8626,-0.032646,2.6509,0.060703,0.016958,115.13,65.653,0.1502,4.4321,47.912,-0.029302,-0.021536,5.7745,0.1374,0.097789,4.175,4.175,151.63,-0.032646,0.032114,0.97615,0,7.3772,5.5595,36.858,9.9028,6.5854,0
0.025375,0.64485,-0.076143,0.84143,-51.834,0.11971,0.033821,0.5507,1.0321,0.35512,0.033821,0.070434,0.073659,0.033821,1872.9,0.19489,1.5508,0.033821,0.019823,30.884,1.2046,0.071845,0.014873,0.14714,0.35512,0.18179,0.43462,-0.12776,4.9186,0.37768,0.019823,106.02,3.4426,0.11141,0.071845,1.7273,1.5769,0.51979,0.04211,0.009915,0.12951,0.04211,85.417,54.533,0.17577,0.54078,31.876,-0.020007,-0.011726,0.62655,0.48017,0.29048,0.59587,0.87218,-6313.2,0.031113,0.071455,0.96889,0.46372,11.818,6.6932,102.73,3.5532,2.8628,0
0.075006,0.45146,0.17451,1.8278,35.729,0,0.090546,1.215,0.99283,0.54854,0.12913,0.42948,0.14682,0.090546,1130.5,0.32287,2.215,0.090546,0.0912,25.903,0.99371,0.12317,0.075547,0.42128,0.53981,0.28845,3.192,0.28392,4.7576,0.28591,0.097784,86.465,4.2213,1.9713,0.10286,0.99283,1.4518,0.76543,0.10361,0.89554,0.08436,0.12406,72.253,46.35,1.0645,1.4936,28.897,0.06795,0.06844,0.85354,0.21083,0.23689,0.89243,1.2453,9987,0.10361,0.13674,0.91119,0.39539,14.091,7.8749,77.507,4.7093,1.6153,0
0.16561,0.34403,0.5782,2.6807,65.059,0.58515,0.20969,1.9033,1.0804,0.65481,0.20969,0.6095,0.0731,0.20969,566.29,0.64455,2.9067,0.20969,0.069124,8.6304,1.0942,0.2265,0.054592,0.73188,0.65481,0.51642,0.8067,7.4352,4.1807,0.019178,0.069124,44.724,8.1612,0.65836,0.2265,3.0546,,0.65481,0.074666,0.83451,0.047413,0.074666,76.422,67.792,2.3089,2.4722,9.3243,0.21444,0.070691,2.6807,0.34403,0.12253,8.4204,8.4204,8766.4,0.074421,0.25291,0.92558,0,42.293,5.3841,41.395,8.8174,39.008,0
0.10638,0.27206,0.11826,1.6276,28.559,0,0.10638,2.6757,1.8595,0.72794,0.11599,0.56456,0.057211,0.10638,933.42,0.39104,3.6757,0.10638,0.057211,0.24348,1.2111,0,0.057211,0.25802,0.41347,0.39104,0,0.17058,3.5333,0.069147,0.1294,47.123,7.7456,5.365,0.014838,1.8595,4.0366,0.80361,0.00798,0.76794,,0,31.797,31.554,85.767,1.621,0.31019,0,0,1.1273,0.18844,0.1291,1.05,1.1591,403.77,0.21507,0.14614,0.79123,0.10395,1499.1,11.568,36.989,9.8679,2.6821,0
0.33738,0.2339,0.54154,3.344,3.1098,0.53279,0.41739,3.1887,1.2996,0.74583,0.41739,1.8067,0.23001,0.41739,190.73,1.9137,4.2753,0.41739,0.21447,98.889,2.72,0.42885,0.17336,0.6598,0.74583,1.5717,2.8638,2.3811,4.9548,0.10942,0.21447,56.311,6.4818,1.8335,0.42885,1.954,85.36,0.7487,0.22036,0.097704,0.01675,0.22036,140.66,41.775,0.63987,1.0618,128.51,0.39862,0.20483,3.303,0.23103,0.15428,3.2793,3.292,48800,0.23052,0.45235,0.76948,0.003853,3.691,8.7372,43.33,8.4237,8.5568,0
0.036357,0.64219,0.21173,1.8054,55.413,0,0.046949,0.55718,0.8742,0.35781,0.065867,0.17858,0.12456,0.046949,2152.7,0.16956,1.5572,0.046949,0.053705,35.617,1.0877,0.047738,0.041589,0.074187,0.33253,0.15306,2.5234,0.40302,4.3328,0.72764,0.075346,113.33,3.2207,1.3185,0.027455,0.8742,2.1496,0.53894,0.031406,0.044531,0.19518,0.054608,193.28,157.67,0.4262,1.4809,36.772,-0.014199,-0.016242,0.7391,0.2629,0.31049,0.68108,1.0258,4556.2,0.031406,0.10161,0.94894,0.50618,10.248,2.315,109.77,3.3252,1.664,0
0.054676,0.10714,0.54237,6.0623,145.19,0.098056,0.068018,7.8377,0.9415,0.83972,0.068018,0.63486,0.14758,0.068018,250.26,1.4585,9.3337,0.068018,0.06424,38.389,0.96853,0.0554,0.051639,0.1265,0.83972,1.3339,0.49262,1.5475,4.2113,-0.098098,0.06424,34.773,10.497,0.51709,0.0554,1.1946,,0.83972,0.052322,2.0913,0.024522,0.052322,146.66,108.28,0.49099,5.0229,36.143,-0.032841,-0.031016,6.0623,0.10714,0.095268,2.3959,2.3959,8822.7,-0.06213,0.065112,1.0621,0,9.508,3.371,36.933,9.8827,3.021,0
-0.048471,0.37126,0.22832,1.615,5.3735,-0.14316,-0.048471,1.3365,0.99187,0.49621,-0.048471,-0.13056,0.006043,-0.048471,8138.9,0.044846,2.6935,-0.048471,-0.017591,24.373,1.0295,-0.038515,-0.017591,-0.14316,0.49621,0.044846,-0.13864,0.5702,4.5538,0.11672,-0.017591,48.78,7.4825,-0.10374,-0.038515,2.7802,,0.49621,-0.013978,0.14407,0.45877,-0.013978,72.34,47.967,-0.26344,1.1194,24.175,-0.10364,-0.037612,1.615,0.37126,0.13365,1.2392,1.2392,8173.1,-0.008196,-0.097683,1.0082,0,14.976,7.6094,49.18,7.4217,6.8812,0
0.077491,0.13529,0.32728,3.419,65.852,0.22727,0.097477,5.7247,1.0448,0.77452,0.097477,0.72049,0.13174,0.097477,275.71,1.3238,7.3914,0.097477,0.071699,24.225,1.0693,0.083268,0.056999,0.28682,0.77452,1.1761,0.63995,0.60898,4.5267,0.076774,0.071699,37.952,9.6174,0.61547,0.083268,1.4682,,0.77452,0.061248,0.33177,0.026974,0.061248,112.14,87.914,0.85881,2.7521,25.311,0.001639,0.001206,3.419,0.13529,0.10398,1.4412,1.4412,11005,0.042925,0.10005,0.95708,0,15.067,4.1518,36.323,10.049,2.5297,0
-0.1165,0.66113,0.29371,1.5432,-9.9654,-0.032104,-0.1165,0.51256,1.8931,0.33887,-0.11649,-0.21548,0.057456,-0.1165,2218.5,0.16452,1.5126,-0.1165,-0.061539,65.762,1.1293,0,-0.061539,-0.14455,0.22224,0.16452,-0.061539,1.7731,2.8366,0.24138,-0.12308,99.4,3.672,3.0029,0.12925,1.8931,,0.33887,0.068274,0.3801,0.097827,0,121.24,55.483,-0.34156,0.91237,62.709,-0.22527,-0.11899,1.262,0.54065,0.27233,2.0458,2.0458,201.59,-0.048686,-0.34379,1.0505,0,5.5503,6.5786,104.24,3.5016,11.429,0
0.081717,0.053639,0.30313,6.6514,172.05,0.32707,0.10253,17.2,1.1501,0.92257,0.10253,1.9115,0.20199,0.10253,166.26,2.1954,18.643,0.10253,0.17587,41.574,0.92897,0.076854,0.14017,0.38048,0.92257,1.8073,1.5161,0.47127,4.5384,-0.26594,0.17587,38.622,9.4506,1.4328,0.076854,0.61205,,0.92257,0.13183,3.9228,0.019151,0.13183,91.631,50.056,1.2306,5.4134,47.813,0.061628,0.10571,6.6514,0.053639,0.10581,1.4343,1.4343,10472,0.13049,0.088576,0.86951,0,8.7794,7.2918,33.582,10.869,0.90635,0
0.040433,0.6303,0.20885,1.4515,-22.808,0,0.050217,0.58655,1.9625,0.3697,0.068523,0.10857,0.043477,0.050217,2696.3,0.13537,1.5866,0.050217,0.025588,60.587,1.1834,0.066764,0.020603,0.17976,0.34833,0.11985,3.6471,0.63556,4.2142,0.31534,0.031744,87.722,4.1609,3.0534,0.037945,1.9625,2.1816,0.52813,0.019335,0.030764,0.20624,0.03402,122.22,61.637,0.12412,0.74725,61.781,0.031656,0.01613,1.0652,0.46254,0.24033,1.1251,1.6072,3420.2,0.019335,0.10937,0.97523,0.42854,6.0244,5.9218,86.026,4.2429,5.9722,0
-0.057958,0.83988,-0.32804,0.59053,-129.27,-0.028931,-0.056574,0.19064,1.8117,0.16012,-0.027968,-0.070617,-0.013342,-0.056574,-12683,-0.028778,1.1906,-0.056574,-0.031228,67.454,1.2388,-0.028308,-0.031992,0.0184,0.15189,-0.030426,-0.98958,-0.62258,4.0849,0.46334,-0.024853,155.33,2.3498,2.2414,-0.070883,1.8117,3.7734,0.19677,-0.039126,0.002477,6.8351,-0.015625,94.916,27.462,-0.17311,0.17262,64.914,-0.060712,-0.033512,0.56329,0.80114,0.42556,0.30388,0.37344,-3988.6,-0.039126,-0.36197,1.0305,0.22888,5.4111,13.291,161.41,2.2613,3.4383,0
0.064428,0.54173,0.12125,1.2985,-58.437,0,0.074507,0.84594,1.6128,0.45827,0.10836,0.18343,0.11215,0.074507,1093.2,0.33388,1.8459,0.074507,0.046197,76.007,1.1663,0.10819,0.039949,0.080441,0.35361,0.31527,3.1961,0.25658,4.3025,0.31748,0.054561,96.927,3.7657,2.8235,0.083202,1.6128,2.3342,0.54035,0.051589,0.11358,0.084166,0.06708,108.93,32.92,0.19184,0.47169,80.141,0.001822,0.00113,0.97362,0.40619,0.26555,0.96975,1.1435,2432.9,0.051589,0.14059,0.95458,0.17911,4.8022,11.088,91.927,3.9705,3.4129,0
0.01151,0.21925,-0.010297,0.71714,-47.504,-0.023232,0.008167,3.1096,1.1894,0.68178,0.008167,0.22437,0.14687,0.008167,5302.9,0.06883,4.5609,0.008167,0.079486,0,1.2969,0.016622,0.11202,-0.026741,0.68178,0.084077,1.9241,-0.010573,4.6454,1.9968,0.079486,153.8,2.3733,0.075814,0.016622,0.11619,0.14277,0.86463,0.16177,0.39187,0.30613,0.16177,42.059,42.059,,0.71714,0,0.009699,0.094388,0.11906,0.036401,0.42136,0.70006,0.88781,-455.11,0.15924,0.016883,0.84076,0.2682,,8.6782,129.31,2.8228,0.10551,0
0.21443,0.28333,0.65599,3.4332,122.25,0,0.21443,2.5295,1.494,0.71667,0.21618,0.79539,0.15337,0.21443,451.31,0.80875,3.5295,0.21443,0.14353,19.08,0.88414,0.21535,0.14353,0.64682,0.71537,0.80875,123.47,8.8147,3.6617,0.18964,0.14469,76.633,4.763,4.5321,0.20995,1.494,66.839,0.72935,0.14053,0.54458,0.041051,0.14414,190.26,171.18,2.7457,3.1436,22.199,0.20065,0.1343,3.2668,0.26959,0.20995,9.6302,9.8006,3010.4,0.14053,0.29921,0.85711,0.017692,19.13,2.1323,65.864,5.5418,20.076,0
0.073429,0.51176,0.22459,1.7552,26.015,0,0.094358,0.95402,0.92097,0.48824,0.12242,0.31728,0.1978,0.094358,1025.4,0.35596,1.954,0.094358,0.10246,66.21,1.3353,0.12242,0.07973,0.083908,0.47948,0.31506,4.3618,0.46983,3.7565,0.42954,0.10609,128.83,2.8333,1.6465,0.078354,0.92097,40.451,0.49701,0.085078,0.40064,0.081144,0.13293,159.65,93.442,0.43953,1.1934,72.367,0.034612,0.037582,1.02,0.2974,0.35295,1.0214,1.0397,1282,0.085078,0.1504,0.90388,0.017971,5.5128,3.9062,117.87,3.0968,1.9266,0
0.022708,0.81987,-0.044726,0.94545,-17.845,0.085175,0.031883,0.14518,1.0397,0.11903,0.031883,0.038888,0.027358,0.031883,6203.6,0.058836,1.2197,0.031883,0.018082,4.2747,0.92852,0.070155,0.012879,0.11625,0.11903,0.047646,0.41366,-0.19891,5.8441,0.23536,0.018082,176.45,2.0686,0.085569,0.070155,1.7905,,0.11903,0.039788,0.51563,0.31157,0.039788,72.947,68.672,1.0997,0.92026,4.4443,0.0538,0.030512,0.94545,0.81987,0.48342,0.52934,0.52934,-31240,0.038156,0.19078,0.96184,0,85.386,5.3151,169.72,2.1507,7.8415,0
0.023315,0.94034,-0.14621,0.83183,-65.284,-0.054179,0.027745,0.06345,1.6766,0.059664,0.057661,0.031913,0.054141,0.027745,3781.1,0.096533,1.0635,0.027745,0.016548,13.597,1.4203,0.056661,0.013906,-0.007924,0.001085,0.091822,1.894,-0.52816,4.6052,0.43577,0.033254,194.54,1.8762,1.7346,0.045462,1.6766,291.86,0.061928,0.027115,0.3283,0.26188,0.033795,95.301,81.704,0.3733,0.75999,13.976,-0.006367,-0.003798,0.76906,0.86938,0.53299,0.21553,0.22371,-5890.3,0.027115,0.39077,0.98391,0.037943,26.844,4.4674,189.27,1.9285,6.0566,0
0.018769,0.49939,0.285,1.9626,41.402,0.10901,0.026226,1.0002,1.0369,0.49949,0.026226,0.088575,0.053932,0.026226,2179,0.16751,2.0024,0.026226,0.016908,27.607,1.2002,0.043845,0.0121,0.13978,0.49949,0.15258,0.29311,0.68033,5.0898,0.32189,0.016908,72.247,5.0521,0.087797,0.043845,1.5528,2.2811,0.7028,0.028267,0.007998,0.16212,0.028267,136.18,108.58,0.15998,1.5663,28.626,-0.013582,-0.008757,1.1636,0.29608,0.19794,1.1923,1.6777,35045,0.035612,0.037576,0.96439,0.40703,13.222,3.3617,69.674,5.2387,3.7026,0
0.34023,0.085636,0.32824,4.8329,68.988,0.57362,0.34023,10.677,1.8759,0.91436,0.34132,3.9729,0.22899,0.34023,72.765,5.0162,11.677,0.34023,0.18137,9.4416,0.79138,0.335,0.18137,1.1694,0.91385,5.0162,307.06,0.56001,3.9947,-0.000043,0.18137,20.287,17.992,17.992,0.33514,1.8759,,0.91436,0.17865,1.0193,0.006727,0.17858,63.545,54.104,7.0114,4.2663,11.495,0.24566,0.13096,4.8329,0.085636,0.05558,1.56,1.56,3242.3,0.17865,0.37209,0.81924,0,38.659,6.7463,16.662,21.906,3.2005,0
-0.2281,0.9541,-0.4103,0.40137,-169.51,-0.075865,-0.2281,0.048108,0.99864,0.0459,-0.10765,-0.33281,-0.22841,-0.2281,-1526.7,-0.23908,1.0481,-0.2281,-0.22841,49.013,0.52721,-0.16826,-0.22841,-0.30467,-0.30398,-0.23908,-2.785,-0.56601,4.9166,0.94964,-0.19074,265.27,1.7625,1.2661,-0.064681,1.0403,0.7239,0.24067,-0.064769,0.044003,-0.18902,-0.16849,89.523,40.51,-1.701,0.23966,40.519,-0.16826,-0.16849,0.28833,0.68539,0.56738,0.063319,0.33201,-33861,0.055657,-4.9696,1.0456,4.2434,7.447,9.0102,250.51,1.457,1.3776,1
0.077226,0.23354,0.26793,2.3027,24.504,0,0.093441,3.2819,1.3349,0.76646,0.10179,0.45433,0.12836,0.093441,497.5,0.73366,4.2819,0.093441,0.069999,50.006,1.0672,0.098726,0.057853,0.29493,0.7653,0.66423,11.826,0.50898,5.0416,0.094666,0.074241,60.938,5.9897,5.2749,0.10299,1.3349,17.667,0.78292,0.077152,0.5527,0.044075,0.073959,98.416,48.41,0.42228,1.4135,54.186,0.020827,0.015602,2.0279,0.20567,0.16695,1.456,1.4873,29489,0.077152,0.10076,0.93033,0.021469,7.2992,7.5398,56.236,6.4905,2.5359,0
0.012821,1.0224,-0.49113,0.51961,-432.72,-0.11818,0.012821,-0.021867,1.0273,-0.022356,0.021208,0.01254,0.074243,0.012821,4892.5,0.074604,0.97813,0.012821,0.01248,151.75,1.5657,0.021208,0.01248,0.04272,-0.10536,0.074604,2.5285,-1.0477,2.9007,0.93922,0.01248,448.7,0.81346,0.81346,0.19568,1.0273,,-0.022356,0.19048,0.061248,0.40254,0.020644,166.49,14.747,0.030018,0.10185,187.45,-0.042243,-0.041119,0.51961,1.0224,1.2293,-0.04769,-0.04769,-390.74,0.19048,-0.57348,0.98752,0,2.4053,24.75,363.23,1.0049,2.1915,0
0.022563,0.070375,0.78573,12.165,124.84,0.11481,0.02869,12.941,1.0222,0.91074,0.02869,0.40767,0.084484,0.02869,426.03,0.85676,14.21,0.02869,0.0402,282.3,0.97102,0.018077,0.031616,0.1446,0.91074,0.7697,0.25893,5.4604,4.3981,-0.18513,0.0402,36.792,9.9206,0.25687,0.018077,0.7315,,0.91074,0.02533,2.9143,0.046571,0.02533,332.95,50.648,0.040877,4.3215,288.57,-0.013527,-0.018954,12.165,0.070375,0.1008,6.3291,6.3291,19652,0.021734,0.024775,0.97827,0,1.2929,7.2066,35.992,10.141,4.9596,0
0.03797,0.64846,0.014598,1.0332,7.2728,0.1074,0.046222,0.53999,1.4143,0.35016,0.046222,0.10508,0.35701,0.046222,3378.7,0.10803,1.5421,0.046222,0.23557,21.688,1.1621,0.050258,0.19351,0.13165,0.35016,0.095305,3.6225,0.026759,4.851,3.0445,0.23557,1157.2,0.31541,0.077504,0.050258,0.20722,2.1228,0.55875,0.25613,0.1175,0.28775,0.25613,749.23,727.55,3.2567,1.0067,30.673,0.026427,0.13468,0.70083,0.43986,3.1705,0.64185,1.0242,1035.8,0.29295,0.10844,0.70705,0.59572,16.83,0.50169,818.21,0.44609,0.35968,0
-0.14807,0.61379,0.31676,1.5161,-107.63,0,-0.14807,0.62922,1.3207,0.38621,-0.12519,-0.24123,-0.10789,-0.14807,-1572.2,-0.23215,1.6292,-0.14807,-0.11211,206.62,0.72705,-0.12556,-0.11211,0.013146,-0.14168,-0.23215,-5.4883,4.561,3.5675,0.46313,-0.10199,155.19,2.3668,2.3668,-0.12285,1.3275,,0.38621,-0.093018,0.00632,-0.17051,-0.09507,256.09,49.473,-0.19804,0.29798,187.85,-0.13114,-0.09929,1.5161,0.61379,0.42251,5.561,5.561,1170.1,-0.09302,-0.38339,1.1115,0,1.7665,7.3777,169.63,2.1518,19.017,1
0.069809,0.2789,-0.20134,0.27568,-284.96,0.22795,0.087269,2.2451,1.2678,0.62616,0.087269,0.31394,0.37694,0.087269,574.25,0.63562,3.5855,0.087269,0.18556,15.868,1.0083,0.09327,0.14844,0.28368,0.62616,0.57301,2.5144,-0.21805,5.9799,0.58326,0.18556,273.52,1.3345,0.33442,0.09327,0.47591,60.753,0.62708,0.19832,0.018681,0.05003,0.19832,55.444,39.577,3.4144,0.20213,20.117,0.003265,0.006942,0.27477,0.27798,0.74936,0.67812,0.67912,-192230,0.21124,0.11149,0.78876,0.001477,23.003,9.2225,215.74,1.6919,0.50933,0
0.004413,0.84341,-0.21065,0.64627,-94.659,0.007053,0.010166,0.18566,1.1836,0.15659,0.020592,0.01707,0.076273,0.010166,3409.9,0.10704,1.1857,0.010166,0.008589,21.059,3.5011,0.017332,0.003728,0.080901,0.041169,0.10022,1.6623,-0.34245,4.1138,0.65975,0.017256,186.9,1.9529,1.3789,0.020642,1.1836,1.3714,0.38743,0.01744,0.11468,0.28851,0.014643,97.621,76.562,0.064615,0.53159,21.433,-0.062782,-0.053041,0.45632,0.59552,0.51206,0.25456,0.62983,-2737.6,0.01744,0.02818,0.99144,1.4742,17.332,4.7674,183.64,1.9876,1.9242,0
0.01319,0.28671,0.48706,3.5078,155.93,0.36621,0.017332,2.4259,1.0106,0.69551,0.017332,0.089238,0.073127,0.017332,1478.8,0.24682,3.4879,0.017332,0.01791,35.423,0.88582,0.042482,0.01363,0.40584,0.69551,0.23238,0.44365,1.5282,4.8894,-0.10628,0.01791,74.033,4.9303,0.14817,0.042482,1.027,6.3509,0.78799,0.0439,2.0136,0.098273,0.0439,109.46,74.032,0.14044,3.0242,35.799,-0.010952,-0.011317,2.3762,0.19422,0.20283,2.1822,2.4724,37754,0.010497,0.018965,0.9895,0.13298,10.304,4.9303,73.256,4.9826,3.0363,0
0.12316,0.35981,0.31441,1.8965,7.1337,0.53952,0.12316,1.7527,1.0719,0.63064,0.12316,0.3512,0.084906,0.12316,764.56,0.4774,2.7792,0.12316,0.060877,49.523,1.2512,0.1353,0.060877,0.53952,0.63064,0.4774,0.71685,0.9388,4.2616,0.17729,0.060877,67.816,5.3822,0.37604,0.1353,2.0353,42.824,0.63976,0.066879,0.013126,0.06432,0.066879,119.16,69.641,0.44869,1.1138,53.081,0.086692,0.042851,1.8485,0.35069,0.1858,1.883,1.9103,5742.1,0.067034,0.1953,0.93297,0.014463,7.3704,5.2412,63.27,5.7689,6.0408,0
0.044452,0.058844,0.38335,7.6116,128.37,0,0.055361,15.994,0.98977,0.94116,0.062683,0.95482,0.11052,0.055361,196.35,1.859,16.994,0.055361,0.055934,24.928,1.3341,0.061206,0.044912,0.049291,0.89965,1.6736,8.3599,0.68618,3.0813,-0.12451,0.055947,22.698,16.081,15.845,0.057372,0.98977,,0.94116,0.057965,3.1841,0.017022,0.061838,94.668,69.74,0.6576,6.4458,26.462,0.007178,0.007252,7.5,0.057981,0.062185,1.6846,1.6846,462.24,0.057965,0.047232,0.94442,0,14.642,5.2337,21.382,17.071,1.7717,0
0.15891,0.16398,0.70702,5.4195,32.051,0,0.19755,5.0984,3.3602,0.83602,0.19755,1.2349,0.10958,0.19755,162.55,2.2454,6.0984,0.19755,0.058792,46.905,1.0293,0.19414,0.047292,1.1577,0.80494,2.0098,,5.3155,3.2065,0.017441,0.058792,18.467,19.795,19.312,0.19821,3.3643,,0.83602,0.058988,0.71162,0.014984,0.057777,81.811,34.907,0.36801,2.7204,49.769,0.023488,0.00699,5.2873,0.15998,0.050517,6.2855,6.2855,1137.3,0.058988,0.19008,0.94128,0,7.7817,10.456,17.377,21.004,25.263,0
0.15258,0.25985,0.66848,4.0334,-81.387,0,0.15258,2.8484,2.9882,0.74015,0.15258,0.69238,0.80829,0.15258,39.268,9.2952,3.8484,0.15258,0.051062,0.22248,1.187,0.007368,0.051062,0.67055,0.15258,9.2952,,6.0149,4.2309,0.048299,0.11511,2005.9,0.18197,0.15432,0.010923,2.9882,,0.74015,0.003655,1.2691,0.003816,0.002466,74.408,74.185,83.771,4.0251,16.579,-2.2554,-0.75476,3.4207,0.22038,5.4955,6.6597,6.6597,11377,0.98658,0.20615,0.017055,0,1640.6,4.9201,26.918,13.56,26.887,0
-0.098628,0.17815,0.21533,2.2317,126.73,-0.15821,-0.097002,4.5857,0.95189,0.81696,-0.097002,-0.55487,-0.055513,-0.097002,-2874.8,-0.12696,5.6132,-0.097002,-0.23807,79.865,0.31588,-0.001942,-0.24206,-0.1512,0.81696,-0.13609,-0.045378,0.35308,4.2227,0.4117,-0.23807,149.07,2.4485,-0.010903,-0.001942,0.59191,90.379,0.82029,-0.004767,0.069065,0.080852,-0.004767,338.68,258.81,-1.1063,1.7217,76.023,-0.076326,-0.18732,2.19,0.17482,0.40842,1.3396,1.3451,3596.2,-0.050541,-0.12073,1.0505,0.004077,4.5702,1.4103,156.61,2.3307,0.66812,0
0.051921,0.63302,0.12559,1.2079,1.954,0.19553,0.064736,0.55296,1.0261,0.35003,0.064736,0.10714,0.028906,0.064736,2554.1,0.14291,1.5797,0.064736,0.020685,12.415,1.2405,0.075298,0.01659,0.23987,0.35003,0.12266,0.24688,0.46482,4.449,0.17318,0.020685,72.307,5.0479,0.11895,0.075298,3.1363,21.642,0.37884,0.02406,0.15517,0.206,0.02406,74.181,61.766,0.48774,1.0317,12.739,0.049571,0.015839,1.1529,0.60421,0.1981,1.2955,1.4021,3531.8,0.025431,0.14833,0.97457,0.082288,29.399,5.9094,70.468,5.1797,11.583,0
0.059904,0.36757,0.35771,1.9732,3.8158,0.14598,0.078862,1.6737,1.0452,0.6152,0.078862,0.21455,0.038272,0.078862,1444.6,0.25266,2.7206,0.078862,0.032499,49.92,1.3879,0.089092,0.024687,0.18743,0.6152,0.20108,0.38376,1.3021,4.1568,0.1367,0.032499,57.79,6.316,0.24238,0.089092,2.432,,0.6152,0.036715,0.10131,0.11721,0.036715,103.49,53.574,0.1805,1.0703,52.178,0.075085,0.030943,1.9732,0.36757,0.15833,2.2394,2.2394,5132.8,0.043275,0.097373,0.95672,0,7.3117,6.813,55.289,6.6017,8.8328,0
0.11759,0.46803,0.09767,1.2687,-12.677,0.18312,0.14423,1.1298,1.1022,0.52876,0.14423,0.39685,0.11477,0.14423,861.12,0.42387,2.1366,0.14423,0.083438,31.58,1.2458,0.15194,0.068023,0.21208,0.52876,0.36694,0.96879,0.18124,4.395,0.26355,0.083438,84.585,4.3152,0.32463,0.15194,1.7539,2.9787,0.63335,0.087896,0.038217,0.074663,0.087896,94.432,62.852,0.78622,0.85723,34.807,0.097785,0.056568,0.98521,0.36344,0.23174,0.98121,1.1753,2425.4,0.09273,0.22238,0.90727,0.19781,11.558,5.8073,76.741,4.7562,3.2077,0
-0.16377,0.17525,0.45653,3.6564,48.08,0,-0.16336,4.706,1.3808,0.82475,-0.15659,-0.95054,-0.075176,-0.16336,-616.24,-0.59231,5.706,-0.16336,-0.11831,61.69,0.99078,-0.16817,-0.1186,-0.66396,0.74719,-0.59463,-24.814,1.2285,3.977,-0.056128,-0.11826,40.774,8.9518,8.7786,-0.15767,1.3808,,0.82475,-0.11419,1.6198,-0.053786,-0.12179,92.519,30.829,-0.70174,2.2984,55.368,-0.22773,-0.16493,3.5856,0.17186,0.11171,2.2194,2.2194,4329.3,-0.11419,-0.19857,1.1165,0,5.9166,11.84,45.43,8.0344,3.7158,0
0.080241,0.87173,0.52163,2.6564,9.3786,-0.15083,0.10107,0.14715,2.9912,0.12827,0.14724,0.32095,0.066939,0.10107,1589.1,0.22969,1.1471,0.10107,0.03379,54.11,1.0754,0.11105,0.026826,-0.021555,-0.034041,0.2058,2.4051,3.1913,3.5052,0.28961,0.049202,39.479,9.2454,3.3399,0.079662,2.9912,0.7226,0.6723,0.026632,0.03293,0.13824,0.037125,100.81,46.705,0.18096,1.2483,55.59,0.01189,0.003975,0.95964,0.31492,0.10816,0.78476,4.1131,1669.5,0.026632,0.62556,0.96757,4.2413,6.7456,7.8151,38.428,9.4984,18.3,0
0.1378,0.60203,0.24639,1.4435,17.173,0.31447,0.17309,0.65457,1.1382,0.39407,0.17309,0.31153,0.11374,0.17309,1095.3,0.33324,1.661,0.17309,0.098131,32.94,1.3312,0.19995,0.078127,0.39993,0.39407,0.27463,1.2902,1.2443,4.3945,0.33249,0.098131,130.86,2.7892,0.33212,0.19995,1.7761,13.845,0.4405,0.11336,0.054304,0.087009,0.11336,159.72,126.78,0.86571,1.157,37.492,0.17241,0.09775,1.3321,0.5556,0.35853,1.9902,2.2246,6111.2,0.12141,0.34969,0.87859,0.11782,11.081,2.8791,114.97,3.1746,8.9078,0
0.08993,0.52384,0.2997,1.8431,-0.84516,0,0.11116,0.909,1.8961,0.47616,0.15571,0.31269,0.081146,0.11116,1242.7,0.29372,1.909,0.11116,0.058625,57.416,1.1697,0.1521,0.047429,0.40276,0.37103,0.25319,3.4138,0.86914,5.0574,0.27463,0.071284,74.747,4.8831,3.3138,0.16022,1.8961,2.2654,0.63372,0.084499,0.023988,0.089638,0.080215,124.48,67.066,0.30151,1.004,62.715,0.10939,0.057694,1.2507,0.35548,0.20479,1.3809,1.8378,34207,0.084499,0.18886,0.94172,0.33088,6.3571,5.4424,68.431,5.3338,5.4988,0
0.030593,0.31257,0.57282,2.8326,75.79,-0.056484,0.032925,2.0271,1.0192,0.63361,0.032925,0.10534,0.041036,0.032925,1220.2,0.29914,3.1993,0.032925,0.01445,17.786,1.3077,0.051282,0.013427,-0.020361,0.63361,0.29168,0.22939,4.998,3.8983,0.025274,0.01445,51.033,7.1522,0.16406,0.051282,2.3004,,0.63361,0.022507,0.8282,0.091868,0.022507,100.36,82.576,0.27553,2.4774,18.128,-0.009295,-0.00408,2.8326,0.31257,0.13982,5.5285,5.5285,4532.5,0.018861,0.048284,0.98114,0,20.521,4.4202,50.071,7.2897,19.881,0
0.011346,0.48465,0.41612,1.8586,-50.278,0,0.020217,1.0632,1.144,0.51529,0.044876,0.041715,0.017673,0.020217,8749.9,0.041715,2.0633,0.020217,0.017673,180.66,0.96211,0.041481,0.009918,0.063551,0.051545,0.023409,1.6822,4.1957,4.2882,0.39234,0.03533,262.64,2.3463,2.3463,0.0471,1.1821,,0.51529,0.041172,0.091904,0.38946,0.036261,273.19,92.532,0.020037,1.2602,181.74,0.041481,0.036261,1.8586,0.48465,0.4262,5.1957,5.1957,8081,0.41124,0.022018,0.60391,0,2.0204,3.9446,154.64,2.3604,11.535,1
0.040055,0.17469,0.59649,4.4145,67.686,0.06315,0.082554,3.756,0.99233,0.65614,0.082554,0.47256,0.09455,0.082554,730.91,0.49938,5.7243,0.082554,0.089472,0,5.702,0.055099,0.043412,0.19339,0.65614,0.25611,0.59259,2.6069,4.3517,0.048524,0.089472,68.577,5.3225,0.3154,0.055099,1.1723,,0.65614,0.059717,3.1625,0.096069,0.059717,86.519,86.519,,4.4145,0,0.050414,0.054639,4.4145,0.17469,0.18788,2.8676,2.8676,13407,-0.007729,0.061047,1.0077,0,,4.2187,69.107,5.2817,4.0324,0
0.023779,0.56853,0.27062,1.6577,16.188,0.058881,0.03282,0.6862,1.0708,0.39012,0.03282,0.079765,0.064269,0.03282,3612.7,0.10103,1.7589,0.03282,0.036722,84.534,1.3361,0.047955,0.026606,0.073165,0.39012,0.085129,0.57457,0.85122,5.5486,0.61558,0.036722,179.94,2.0285,0.08435,0.047955,0.90392,3.0247,0.54719,0.053657,0.11075,0.25755,0.053657,259.95,175.42,0.11488,1.1547,90.521,0.023336,0.026111,1.1997,0.41146,0.49298,1.2271,1.7211,95713,0.066131,0.060952,0.93387,0.40262,4.3178,2.0808,168.04,2.1721,2.8112,0
0.16116,0.01568,0.87139,56.574,213.33,0,0.19097,62.776,1.5789,0.98432,0.19335,12.179,0.17591,0.19097,20.606,17.714,63.776,0.19097,0.12095,0,1.0453,0.1738,0.10207,0.33006,0.16116,15.813,73.121,7.716,3.4825,-0.31742,0.12106,4.0598,89.907,89.907,0.1692,1.5789,,0.98432,0.10716,38.54,0.002006,0.11008,65.368,65.368,,56.574,0,0.087029,0.055119,56.574,0.01568,0.011123,8.716,8.716,2646.5,0.10716,0.16373,0.88087,0,,5.5837,3.6247,100.7,13.981,0
0.17956,0.10431,0.52183,6.7268,369.92,0,0.21988,8.5868,0.70404,0.89569,0.22484,2.413,0.31513,0.21988,171.61,2.127,9.5868,0.21988,0.31231,0,1.5986,0.19808,0.25504,0.65089,0.88823,1.7404,39.967,1.3482,3.8262,-0.48437,0.31416,65.536,5.5695,4.8653,0.19655,0.70404,46.474,0.90888,0.27917,4.9135,0.017379,0.28134,85.661,85.661,,6.7268,0,0.19609,0.27852,5.8762,0.091121,0.17955,2.3142,2.3482,3497.4,0.27917,0.20047,0.70026,0.014725,,4.261,47.24,7.7264,1.819,0
0.098091,0.15972,0.65124,5.0793,114.58,0.23346,0.1215,5.1952,1.0554,0.82977,0.1215,0.76105,0.075757,0.1215,423.65,0.86156,6.261,0.1215,0.066889,21.707,1.5258,0.094703,0.054002,0.2983,0.82977,0.71501,0.55025,3.4437,4.656,-0.040737,0.066889,33.857,10.781,0.59294,0.094703,1.8491,9795.4,0.82984,0.052137,1.4675,0.047387,0.052137,115.87,94.159,0.90805,4.4026,22.909,0.078595,0.043269,5.077,0.15965,0.092758,4.3877,4.3881,29497,0.052477,0.11822,0.94752,0.000086,16.815,3.8764,32.08,11.378,9.605,0
0.12473,0.023081,0.34446,15.924,-1.4169,0,0.12473,42.327,0.060825,0.97692,0.14363,5.4043,2.5956,0.12473,53.36,6.8404,43.327,0.12473,2.0507,2065.3,0.12342,0.14363,2.0507,2.0752,0.60308,6.8404,7.5993,0.54464,2.7284,0.36999,2.3615,21.344,19.79,19.79,-0.33387,0.060825,,0.97692,-5.4891,0.10998,0.004352,2.3615,2190.3,125.04,0.36242,1.0128,275.03,0.11049,1.8165,15.924,0.023081,0.050531,1.5446,1.5446,184.29,-5.4891,0.12768,7.8202,0,0.17673,2.919,138.5,2.6353,0.096172,1
0.26884,0.29383,0.61708,3.4039,-18.407,0.417,0.33218,2.4033,2.315,0.70617,0.35582,1.294,0.15344,0.33218,301.92,1.2089,3.4033,0.33218,0.14349,108.59,1.5407,0.35566,0.11613,0.66024,0.69077,0.99336,15.041,4.8887,3.5114,0.11652,0.1537,49.073,7.4378,6.4979,0.40573,2.315,4.983,0.7433,0.17526,0.19032,0.025863,0.15363,130.06,21.47,0.39033,0.72081,131.67,0.33262,0.14368,2.9737,0.2567,0.13445,5.5945,5.8887,2003.4,0.17526,0.3807,0.85774,0.052583,3.3612,17,40.473,9.0184,18.34,0
0.25861,0.11143,0.35072,4.3154,104.93,0.39247,0.25861,7.9743,1.2091,0.88857,0.26501,2.4446,0.29453,0.25861,114.21,3.1958,8.9743,0.25861,0.21389,29.376,1.141,0.25716,0.21389,0.80903,0.88326,3.1958,40.166,0.64531,4.5305,0.074915,0.21389,40.325,9.0513,8.5929,0.25155,1.2091,,0.88857,0.20805,0.22307,0.010473,0.21269,130.69,101.31,2.6577,3.3955,37.093,0.15967,0.13206,4.0968,0.10579,0.11048,1.6349,1.6349,11899,0.20805,0.29104,0.7886,0,12.425,3.6026,31.936,11.429,2.2246,0
0.014572,0.27193,0.2107,1.7748,23.382,-0.50571,0.03517,2.2603,1.0111,0.61463,0.03517,0.12934,0.059544,0.03517,820.02,0.44511,3.6775,0.03517,0.017302,12.898,1.2444,0.034401,0.007169,-0.47147,0.61463,0.36936,0.17111,0.40724,3.2933,0.13129,0.017302,49.368,7.3935,0.12651,0.034401,2.0758,,0.61463,0.016924,0.069553,0.074334,0.016924,83.264,70.366,0.20286,1.5107,13.041,-0.051467,-0.025319,1.7748,0.27193,0.13525,1.188,1.188,413.97,0.010944,0.023708,0.98906,0,28.299,5.1871,48.827,7.4753,3.9289,0
-0.18257,0.8448,-0.28995,0.5086,-164.29,-0.23909,-0.22144,0.18371,0.82539,0.1552,-0.18347,-0.37529,-0.18497,-0.22144,-2019.7,-0.18072,1.1837,-0.22144,-0.26829,71.72,0.87335,-0.18355,-0.2212,0.97396,0.13941,-0.13471,-4.8334,-0.41428,3.9073,1.0235,-0.2304,209.93,1.7956,1.2541,-0.20051,0.82539,0.96703,0.29782,-0.24293,0.000032,-0.24534,-0.22238,132.7,60.982,-1.1257,0.23374,55.872,-0.25232,-0.3057,0.35524,0.59006,0.55692,0.22175,0.42552,-2342.1,-0.24293,-1.1764,1.3297,0.91896,5.0893,5.9853,260.93,1.3988,1.1793,1
-0.039181,0.77108,0.2764,1.9774,8.862,-0.19905,-0.04162,0.24453,1.0025,0.18855,-0.04162,-0.14718,0.06791,-0.04162,2257.5,0.16168,1.2969,-0.04162,-0.022671,39.621,1.5364,-0.002074,-0.021343,-0.19943,0.18855,0.16485,-0.011324,0.627,3.9821,0.38618,-0.022671,56.366,6.4756,-0.002689,-0.002074,1.8425,0.73704,0.67685,-0.00113,0.34746,0.15437,-0.00113,91.641,52.019,-0.19661,1.2727,39.722,-0.16837,-0.09171,0.72519,0.28278,0.15443,0.42772,1.5354,2652.4,0.002532,-0.2078,0.99747,2.5898,9.2122,7.0166,56.223,6.492,4.1646,0
-0.044548,0.62987,0.004177,1.0502,-13.496,-0.11336,-0.049482,0.45069,1.0931,0.28387,-0.049482,-0.59524,0.082241,-0.049482,6033.8,0.060493,1.5876,-0.049482,-0.1068,13.099,1.0444,0.016892,-0.096153,-0.12955,0.28387,0.068326,0.39854,0.004576,6.3589,1.2894,-0.1068,71.591,5.0984,0.026817,0.016892,0.46731,0.12928,0.83062,0.036459,0.39262,0.19821,0.036459,43.068,29.97,-2.6794,0.85024,14.319,-0.070694,-0.15258,0.13861,0.08313,0.19614,0.31103,0.91007,9542.9,0.085207,-0.15693,0.91479,1.926,27.866,12.179,65.491,5.5733,0.50763,0
0.093325,0.51209,0.20893,1.6415,-12.517,0.23519,0.11807,0.82661,1.0718,0.4233,0.11807,0.36252,0.090874,0.11807,1065.3,0.34262,1.9528,0.11807,0.061154,43.417,1.2411,0.13079,0.048338,0.3007,0.4233,0.2943,0.72611,0.44895,5.1954,0.26352,0.061154,65.994,5.5308,0.25541,0.13079,1.9408,1.6361,0.6097,0.067745,0.13274,0.089469,0.067745,92.898,49.481,0.40637,0.93637,46.536,0.073414,0.038025,1.044,0.32569,0.18081,0.90957,1.3101,32767,0.067018,0.22047,0.93298,0.44035,8.4069,7.3766,61.572,5.9281,4.1486,0
0.027811,0.58888,0.35866,1.806,28.197,-0.02398,0.050117,0.69163,1.1079,0.40729,0.050117,0.11262,0.027183,0.050117,2607.2,0.14,1.6981,0.050117,0.016525,17.188,1.9788,0.2115,0.00917,0.022052,0.40729,0.10212,0.77261,1.8267,4.3201,0.15772,0.016525,59.333,6.1517,0.35916,0.2115,3.0782,4.5928,0.55118,0.069737,0.25734,0.079403,0.069737,82.938,65.75,0.19473,1.485,19.042,0.17918,0.059079,1.3647,0.445,0.16256,2.0744,2.8072,7495.1,0.09738,0.068282,0.90262,0.35328,21.236,5.5514,53.555,6.8154,15.446,0
-0.7848,1.2131,-0.42562,0.64915,-23.609,-0.54583,-0.96818,-0.17567,1.2135,-0.21311,-0.96818,-0.7981,-0.12173,-0.96818,-458.98,-0.79524,0.82433,-0.96818,-0.12217,0.1091,1.4013,-0.97426,-0.099032,-0.67252,-0.21311,-0.64407,-1.4919,-2.0024,2.4036,0.14115,-0.12217,67.805,5.3831,-0.80311,-0.97426,7.9308,,-0.21311,-0.12294,0.077974,-0.041083,-0.12294,31.914,31.805,-331.32,0.64719,0.1324,-0.97773,-0.12338,0.64915,1.2131,0.18577,-1.0026,-1.0026,-107.81,0.17597,3.6827,0.82403,0,3345.6,11.476,55.874,6.5326,37.283,0
-0.19827,0.61706,0.057415,1.093,-38.978,-0.43522,-0.19827,0.57058,0.95098,0.35208,-0.19827,-0.32132,-0.058648,-0.19827,-1389.7,-0.26264,1.6206,-0.19827,-0.071752,43.541,1.0688,-0.1667,-0.071752,-0.43522,0.35208,-0.26264,-0.5737,0.17637,3.8726,0.21764,-0.071752,77.51,4.709,-0.27016,-0.1667,2.7639,,0.35208,-0.060327,0.087726,-0.15546,-0.060327,81.939,38.399,-0.6015,0.55884,41.406,-0.20291,-0.073431,1.093,0.61706,0.21236,1.0816,1.0816,428.16,-0.051545,-0.56315,1.0515,0,8.383,9.5056,81.506,4.4782,8.4886,0
0.089808,0.39283,0.29071,3.0871,18.419,0.20553,0.11608,1.16,1.1492,0.45567,0.11608,0.83338,0.16609,0.11608,889.55,0.41032,2.5456,0.11608,0.11961,92.716,1.2005,0.12958,0.092542,0.26763,0.45567,0.34344,1.5345,0.51003,4.464,0.3171,0.11961,60.206,6.0625,0.32987,0.12958,0.97768,0.72371,0.70921,0.13353,0.63466,0.073932,0.13353,128.48,35.764,0.36431,1.3173,106.55,0.084478,0.08705,1.0946,0.13929,0.16495,0.79942,1.2442,8461.7,0.12986,0.19709,0.87014,0.55641,3.9368,10.206,52.388,6.9673,1.7026,0
0.13137,0.59814,-0.1616,0.64349,-82.386,-0.24701,0.16025,0.67185,1.4029,0.40186,0.1907,0.35354,0.20923,0.16025,743.77,0.49074,1.6718,0.16025,0.11423,22.157,1.2609,0.19029,0.09364,0.16039,0.16322,0.44245,6.2498,-0.22815,4.1441,0.42251,0.12268,136.37,2.6765,2.0283,0.18971,1.4029,1.4807,0.54133,0.13522,0.01271,0.061618,0.13564,74.388,52.231,1.5426,0.45561,25.622,0.057015,0.04064,0.48765,0.45329,0.37362,0.56734,0.76425,-2251.7,0.13522,0.32691,0.8861,0.34707,16.473,6.9881,117.93,3.095,1.9807,0
0.036842,0.11599,0.87251,14.581,415.92,0,0.036842,7.6212,0.97096,0.88401,0.037627,0.57346,0.23319,0.036842,186.99,1.952,8.6212,0.036842,0.037943,153.13,0.91896,0,0.037943,,0.77706,1.952,0,13.796,3.0643,-0.33519,0.082087,39.627,9.2109,5.1016,0.075546,0.97096,,0.88401,0.077806,6.8793,0.020395,0,186,32.868,0.09044,8.2403,251.27,-0.18958,-0.19525,8.0759,0.064245,0.10857,13.977,13.977,1011.6,0.39056,0.041676,0.62587,0,2.3835,11.105,24.15,15.114,15.352,0
0.03866,0.41872,-0.01308,0.96559,-77.594,0.31266,0.050978,1.3791,0.70149,0.57744,0.06833,0.13412,0.090439,0.050978,2409.1,0.15151,2.3882,0.050978,0.072672,39.805,0.83552,0.065943,0.055112,0.15368,0.57034,0.12209,3.8004,-0.020665,5.7411,0.59691,0.072672,275.67,1.3855,1.2577,0.19822,0.70149,7.5218,0.61607,0.28257,0.042641,0.17802,0.094004,182.54,142.73,0.50536,0.76432,53.02,0.05348,0.076238,0.87652,0.3801,0.72175,0.91226,0.97328,0.96559,0.28257,0,0.75984,0.066888,9.1698,2.5573,197.78,1.8455,1.1082,0
0.046136,0.58764,0.061231,1.1278,-40.801,0.046136,0.060462,0.45953,1.059,0.27004,0.060462,0.1262,0.084496,0.060462,2122.2,0.17199,1.7017,0.060462,0.050548,55.693,0.78567,0.083127,0.038571,0.060462,0.27004,0.14761,,0.13321,4.8698,0.47856,0.050548,154.82,2.3576,0.14146,0.083127,1.2259,3.2967,0.37858,0.069496,0.036201,0.15614,0.069496,159.59,103.9,0.25279,0.74686,58.978,0.042521,0.035548,0.91949,0.4791,0.42416,0.58747,0.82359,4537.2,0.055699,0.17085,0.9443,0.40194,6.5538,3.5131,146.2,2.4966,2.6022,1
0.066346,0.47908,0.15933,1.4377,-0.68813,0.24253,0.084194,1.0873,1.0824,0.52092,0.084194,0.23129,0.10355,0.084194,1146.7,0.31831,2.0873,0.084194,0.057169,39.798,1.0983,0.096617,0.04505,0.31052,0.52092,0.28106,0.71008,0.33426,5.4455,0.32463,0.057169,97.649,3.7379,0.20167,0.096617,1.4788,3.1526,0.63598,0.065605,0.006097,0.095505,0.065605,129.16,89.358,0.41317,0.99656,43.076,0.028313,0.019225,1.0924,0.36402,0.26753,1.0929,1.3343,44439,0.076093,0.12736,0.92391,0.22089,9.1713,4.0847,90.219,4.0457,3.0897,0
0.19782,0.17933,0.65431,4.6487,61.634,0.43489,0.2429,4.5522,1.0912,0.81632,0.2429,1.3545,0.099008,0.2429,256.18,1.4248,5.5764,0.2429,0.094127,35.148,1.2063,0.20751,0.076657,0.54272,0.81632,1.1734,0.87743,3.933,4.346,0.02028,0.094127,27.676,13.188,1.1572,0.20751,2.6234,,0.81632,0.080413,0.72525,0.026785,0.080413,99.515,64.367,0.79605,3.263,38.352,0.19492,0.075532,4.6487,0.17933,0.075825,4.9068,4.9068,14514,0.08354,0.24233,0.91646,0,10.385,5.6706,25.364,14.39,15.512,0
0.17039,0.49483,-0.048375,0.88199,-21.838,0,0.17039,1.0209,2.3248,0.50517,0.20764,0.41567,0.1006,0.17039,772.25,0.47265,2.0209,0.17039,0.073293,10.216,1.1524,0.20764,0.073293,0.65881,0.16409,0.47265,5.5738,-0.075768,3.165,0.20848,0.089317,67.047,5.444,4.5098,0.093203,2.3248,3.4916,0.59008,0.040091,0.068865,0.060835,0.089316,52.331,42.116,2.6187,0.72326,10.642,0.14415,0.062006,0.73064,0.40992,0.18369,0.79124,0.92423,-70.731,0.040092,0.33729,0.93022,0.16808,35.73,8.6666,64.359,5.6714,3.6412,0
0,1.1047,-0.23251,0.7895,-106.8,-0.82805,-0.037822,-0.094761,2.0777,-0.10468,0.010954,-0.034241,-0.00935,-0.037822,-20755,-0.017587,0.90524,-0.037822,-0.018204,66.86,1.0866,-0.007234,0,-0.7585,-0.82805,0.016651,-0.14831,-1.8174,3.9857,0.47493,-0.018204,193.37,1.8875,1.8874,-0.007234,2.0777,4756,-0.10458,-0.003482,0.10675,3.2994,-0.003482,132.49,65.626,0,0.44494,66.628,-0.025628,-0.012335,0.78943,1.1046,0.52979,-0.81826,-0.81745,-2250,-0.003482,0,1.018,-0.000987,5.4591,5.5618,194.05,1.881,16.241,0
0.092909,0.15975,0.21104,2.3211,18.49,0.049428,0.10896,4.0719,1.0543,0.65047,0.10896,0.68206,0.10191,0.10896,240.33,1.5187,6.2599,0.10896,0.04577,9.552,2.8079,0.11339,0.039028,0.065909,0.65047,1.4183,0.50215,0.33541,4.4401,0.064381,0.04577,25.823,14.135,0.70978,0.11339,2.3909,,0.65047,0.04763,0.28873,0.02126,0.04763,49.78,40.228,1.4913,1.9311,10.071,-0.020268,-0.008514,2.3211,0.15975,0.070748,1.0338,1.0338,5813.7,0.051487,0.14283,0.94851,0,38.212,9.0733,24.493,14.902,3.7834,0
-0.89539,3.5226,-1.345,0.42645,-244.14,-2.7187,-0.89539,-0.71612,2.3149,-2.5226,-0.76618,-0.38184,-0.38679,-0.89539,-1436,-0.25419,0.28388,-0.89539,-0.38679,124.05,1.263,-0.84391,-0.38679,-3.3176,-3.6141,-0.25419,-6.5312,,1.6609,1.5008,-0.38679,272.29,1.3405,0.89235,-0.82844,2.3149,0.18106,-1.345,-0.35787,0.020602,-0.13914,-0.36455,150.06,26.001,-1.138,0.090925,91.359,-0.84391,-0.36455,0.28388,2.345,0.746,,,-61.61,-0.35788,0.35495,1.3545,-0.46683,2.9423,14.038,369.74,0.98719,,0
0.37056,0.024045,0.69233,46.37,93.392,0,0.45855,40.589,2.2008,0.97596,0.47606,30.05,0.23177,0.45855,17.205,21.214,41.589,0.45855,0.20835,30.346,1.2253,0.47074,0.16837,0.98975,0.9439,17.555,26.884,2.3676,3.1931,-0.17734,0.20835,2.7909,130.78,82.998,0.20516,2.2008,,0.97596,0.093221,27.481,0.001535,0.21389,47.802,17.457,2.0252,34.379,33.465,0.4192,0.19047,29.428,0.01526,0.007646,3.3376,3.3376,1079.9,0.093221,0.37969,0.81506,0,12.028,20.909,2.5307,144.23,7.5264,0
0.1031,0.72519,0.20316,1.2801,-3.8145,-0.19335,0.1031,0.37894,1.6336,0.27481,0.11816,0.14216,0.076632,0.1031,2114.4,0.17262,1.3789,0.1031,0.063109,48.976,1.753,0.098552,0.063109,0.056416,0.26022,0.17262,6.5443,2.8355,3.535,0.38432,0.071326,172.35,2.1178,2.1178,0.097765,1.6336,,0.27481,0.059846,0.13427,0.20037,0.060328,185.67,136.69,0.47033,0.97788,52.093,0.076462,0.046805,1.2801,0.72519,0.47218,3.8355,3.8355,696.37,0.059846,0.37516,0.93767,0,7.4527,2.6702,162.03,2.2527,22.801,0
0.020404,0.29957,0.11095,1.746,-6.8722,0,0.02372,2.3381,0.66629,0.70043,0.02644,0.15948,0.08223,0.02372,1995.7,0.18289,3.3381,0.02372,0.035601,62.358,1.1513,0.02644,0.030623,0.069841,0.35412,0.17182,9.7225,0.14988,5.1046,0.44961,0.035601,98.586,3.7319,1.8529,0.11562,0.66629,0.96702,0.85126,0.17353,0.047347,0.17364,0.039682,138.4,76.045,0.17924,0.98066,74.852,-0.004629,-0.006948,0.86688,0.14874,0.26796,0.94613,1.1499,1.746,0.17353,0.02913,0.82363,0.21535,5.8533,4.7998,81.479,4.4797,0.90002,0
-0.067234,0.65796,0.42013,1.7676,-36.544,0.017847,-0.065224,0.49416,0.98781,0.32514,-0.065224,-0.11916,-0.032439,-0.065224,-4573.3,-0.079811,1.5199,-0.065224,-0.040292,126.03,0.57536,-0.025842,-0.041533,0.057341,0.32514,-0.082866,-0.15769,12.925,4.3412,0.39668,-0.040292,121.91,2.9939,-0.039277,-0.025842,1.6317,3.694,0.43573,-0.015964,0.076826,-1.6474,-0.015964,208.67,82.633,-0.12028,0.74637,124.5,-0.038554,-0.023816,1.4705,0.54736,0.33401,10.003,13.405,9217,-0.012339,-0.20679,1.0123,0.34014,2.8961,4.4171,123.42,2.9574,49.801,0
0.083202,0.41944,0.11218,1.366,-1.4715,0.18172,0.10571,1.0961,1.0396,0.45973,0.10571,0.34486,0.031596,0.10571,1038.5,0.35146,2.3842,0.10571,0.022658,9.8714,1.5842,0.18431,0.017833,0.23746,0.45973,0.29779,0.41065,0.19298,4.8189,0.07841,0.022658,24.929,14.641,0.43941,0.18431,4.6777,2.5911,0.57263,0.039503,0.18848,0.061014,0.039503,28.237,18.365,0.65938,0.95431,10.262,0.1426,0.030564,0.99828,0.30654,0.0683,0.79088,0.9851,7392.6,0.038048,0.18098,0.96195,0.24558,36.975,19.874,23.981,15.221,8.0264,0
0.17068,0.71055,0.087794,1.1322,-12.986,0.47341,0.17068,0.40737,1.1576,0.28945,0.17068,0.25694,0.13478,0.17068,1317.1,0.27713,1.4074,0.17068,0.11682,21.589,1.5095,0.19026,0.11682,0.47341,0.28945,0.27713,1.5075,0.35412,4.304,0.48631,0.11682,192.11,1.9,0.26777,0.19026,1.464,14.388,0.33572,0.13023,0.069263,0.1079,0.13023,176.4,154.81,1.9752,1.0021,24.99,0.16403,0.11227,1.0584,0.66428,0.52632,1.1675,1.3541,1768.1,0.13612,0.58966,0.86388,0.15983,16.907,2.3578,165.96,2.1994,5.8929,0
0.12012,0.63764,0.36013,1.5648,72.745,0,0.14861,0.56829,1.5395,0.36236,0.1596,0.23307,0.10422,0.14861,1450.5,0.25164,1.5683,0.14861,0.096529,19.809,1.1717,0.15958,0.078021,0.37237,0.34752,0.20695,14.528,161.46,3.5275,0.12353,0.096529,168.66,2.1641,2.1641,0.15962,1.5395,,0.36236,0.10368,0.70196,0.12399,0.10365,130.44,110.63,1.4376,1.4338,22.1,0.14773,0.095959,1.5648,0.63764,0.46208,162.46,162.46,1213.4,0.10368,0.33148,0.90347,0,18.426,3.2993,151.17,2.4145,690.22,0
0.023252,0.60814,0.38826,1.6841,36.785,0,0.029754,0.64435,2.3496,0.39186,0.033283,0.052429,0.019729,0.029754,4788.5,0.076224,1.6444,0.029754,0.012664,19.475,0.68597,0.031323,0.009896,0.29628,0.34903,0.065531,8.8775,8.7799,3.6693,0.25327,0.013344,86.367,4.2262,3.9438,-0.048815,2.3496,,0.39186,-0.020776,0.057425,0.42299,0.013331,143.41,123.94,0.18547,1.4632,19.079,0.014723,0.006266,1.5716,0.56752,0.23662,8.8612,8.8612,1813.2,-0.020776,0.059338,0.98799,0,18.742,2.945,88.161,4.1401,53.132,0
0.050724,0.49234,-0.012939,0.96414,-60.783,0,0.053455,1.0311,0.91962,0.50766,0.097795,0.14813,0.10602,0.053455,1843.1,0.19803,2.0311,0.053455,0.058128,46.26,0.98444,0.077812,0.055157,0.14385,0.50578,0.19248,1.7549,-0.019843,5.4252,0.53015,0.070663,149.68,2.4385,1.7873,0.039647,0.91962,4.785,0.55601,0.043113,0.045584,0.13468,0.084614,131.56,85.303,0.4352,0.64116,48.345,0.033768,0.03672,0.70667,0.36086,0.41008,0.77853,0.85268,-3444.3,0.043113,0.099916,0.95098,0.095248,7.8901,4.2789,143.23,2.5484,1.4103,0
0.002643,0.48613,0.21642,1.6351,-39.688,-0.1952,0.00842,0.85566,1.032,0.41597,0.00842,0.024711,0.03112,0.00842,4369.7,0.08353,2.0571,0.00842,0.006453,98.001,1.3313,0.039116,0.002025,-0.18004,0.41597,0.071645,0.30937,0.4887,5.3106,0.34316,0.006453,98.363,3.7107,0.080464,0.039116,1.3432,1.4225,0.56136,0.029978,0.11821,0.22415,0.029978,144.59,46.584,0.007543,0.60695,101.14,0.00693,0.005311,1.1461,0.34074,0.26949,0.93931,1.2676,44250,0.030995,0.006353,0.96901,0.34953,3.7245,7.8353,95.315,3.8294,2.9465,0
-0.12828,0.81523,-0.12961,0.79831,-99.601,0,-0.13132,0.2266,1.3617,0.18473,-0.082894,-0.20435,-0.096441,-0.13132,-2265.9,-0.16108,1.2266,-0.13132,-0.096441,77.584,1.1677,-0.076963,-0.094212,-0.28457,0.099362,-0.15736,-1.2908,-0.26616,4.4573,0.59667,-0.05519,188.47,2.357,1.8579,-0.11667,1.443,,0.18473,-0.08568,0.004343,-0.35308,-0.056522,136.76,59.18,-0.44323,0.45475,69.748,-0.076963,-0.056522,0.62926,0.64261,0.42426,0.37935,0.37935,-3715,0.086013,-0.69443,0.88767,0,4.7046,6.1677,172.25,2.119,2.7962,1
0.002251,0.30516,0.40735,2.581,-0.76271,0,0.005501,2.277,1.7253,0.69484,0.007585,0.021352,0.024301,0.005501,2656.6,0.13739,3.277,0.005501,0.003189,86.546,0.98581,0.006585,0.001304,0.075763,0.4677,0.12674,3.16,1.216,4.0791,0.16667,0.004396,54.416,6.7075,5.6632,-0.002834,1.7253,109.64,0.69717,-0.001643,0.07538,0.2365,0.003817,136.57,50.027,0.005501,0.99321,86.404,-0.029841,-0.017296,2.1792,0.25765,0.14909,2.0741,2.0811,4887,-0.001643,0.003239,0.99685,0.003359,4.2174,7.2961,54.506,6.6965,5.1503,0
0.11889,0.40884,0.16775,1.4948,-4.3225,0,0.14766,1.446,1.3662,0.59116,0.14847,0.43556,0.14198,0.14766,769.32,0.47445,2.446,0.14766,0.10808,48.518,0.97109,0.13878,0.08702,0.27311,0.56316,0.40407,170.3,0.34011,4.9634,0.29524,0.10868,100.86,3.6261,3.0068,0.13931,1.3777,5.2264,0.65338,0.10197,0.017236,0.073628,0.10158,133.83,85.312,0.65465,0.95916,53.921,0.092465,0.067682,1.2395,0.33901,0.27578,1.1985,1.3247,15420,0.10197,0.2011,0.89283,0.10524,7.523,4.2784,90.572,4.0299,2.7698,0
0.007439,0.84851,0.1016,1.2159,-16.338,0.11702,0.01656,0.17854,1.8793,0.15149,0.090638,0.035186,0.022522,0.01656,7317.2,0.049882,1.1785,0.01656,0.008812,32.882,0.9585,0.088273,0.003958,0.12576,0.12446,0.039133,1.1916,0.23753,3.8692,0.41725,0.017876,95.445,3.8242,2.1212,0.079473,1.8793,1.1995,0.48741,0.042288,0.16398,0.24802,0.046971,96.152,63.27,0.043938,0.85615,34.334,0.062508,0.033261,0.67442,0.47065,0.26149,0.35416,1.1395,751.81,0.042288,0.049105,0.99125,2.2174,11.1,5.7689,91.409,3.9931,4.3936,0
0.049424,0.67341,0.23785,1.5625,-35.658,0,0.067651,0.48497,1.1073,0.32659,0.10579,0.15998,0.1184,0.067651,1874.8,0.19469,1.485,0.067651,0.061094,104.63,1.2169,0.099984,0.044634,0.049666,0.26147,0.16762,2.6214,0.70104,3.7304,0.5597,0.092998,157.99,2.3103,1.4508,0.13036,1.1073,1.3703,0.57713,0.11772,0.15265,0.13734,0.090292,196.51,91.883,0.15571,0.81183,118.59,0.036531,0.03299,0.98115,0.42287,0.43284,0.96259,1.701,1278.5,0.11772,0.15134,0.93986,0.76715,3.4885,3.9725,139.39,2.6186,3.2638,0
-0.12098,0.64802,0.35198,1.5432,8.746,0,-0.12098,0.54305,8.4055,0.35191,-0.12098,-0.18669,-0.014393,-0.12098,-1955.1,-0.18669,1.5432,-0.12098,-0.014393,5.6453,,-0.13045,-0.014393,-0.12098,-0.018054,-0.18669,,,2.1308,0.067342,-0.014393,27.51,13.268,13.268,-0.18964,8.4741,,0.35191,-0.022562,0.14672,-0.16559,-0.015519,39.295,33.65,-0.93056,0.34734,5.519,-0.13045,-0.015519,1.5432,0.64802,0.07537,,,47.57,-0.022887,-0.34378,1.0146,0,64.656,10.847,28.14,12.971,,1
0.017836,0.74875,0.019066,1.0433,-14.657,-0.004057,0.024996,0.33556,1.7812,0.25125,0.044072,0.056796,0.035994,0.024996,4262.7,0.085626,1.3356,0.024996,0.014033,13.783,1.1276,0.035313,0.010013,0.20437,0.21543,0.076063,1.8512,0.035255,4.064,0.41965,0.024743,91.342,3.996,2.3488,0.022524,1.7812,2.8722,0.3877,0.012645,0.05245,0.33533,0.019825,89.363,75.581,0.26518,0.8905,13.959,-0.003804,-0.002135,0.61326,0.44011,0.25025,0.46457,0.71687,220.93,0.012645,0.070989,0.98619,0.54308,26.482,4.8293,90.187,4.0472,3.2935,0
0.032917,0.68452,-0.14067,0.60906,-133.82,0.38739,0.039884,0.45608,1.0647,0.3122,0.039884,0.11084,0.067163,0.039884,4133.6,0.0883,1.4609,0.039884,0.044319,66.244,0.32124,0.055359,0.036576,0.39435,0.3122,0.078121,0.65492,-0.18016,3.9683,0.75401,0.044319,155.38,2.3491,0.080873,0.055359,0.90295,0.17194,0.63689,0.061514,0.023641,0.29644,0.061514,85.436,19.192,0.20153,0.15515,70.528,0.0348,0.038669,0.32016,0.35983,0.42569,0.39982,0.81564,-1307.9,0.060738,0.10543,0.93926,1.04,5.5099,19.018,145.94,2.501,1.1525,0
0.16776,0.12978,0.51658,5.1053,20.152,0,0.21181,6.7056,1.5705,0.87022,0.27947,1.6832,0.16729,0.21181,180.29,2.0245,7.7056,0.21181,0.13486,103.06,1.1651,0.27861,0.10682,0.45673,0.86389,1.6851,4.1175,1.4446,4.2953,-0.003792,0.13689,35.548,10.268,9.9559,0.2785,1.5705,,0.87022,0.17733,1.1077,0.013127,0.1774,116.91,13.846,0.3783,1.5811,125.28,0.22769,0.14497,4.9502,0.12583,0.097392,2.4336,2.4336,10196,0.17733,0.19278,0.86564,0,3.5416,26.362,29.244,12.481,4.392,0
0.012436,0.54148,0.35099,1.8426,-23.087,0,0.016344,0.8468,2.4393,0.45852,0.047736,0.039234,0.023096,0.016344,3508.2,0.10404,1.8468,0.016344,0.0067,74.795,0.97145,0.047736,0.005098,0.43744,0.44003,0.096825,1.5206,1.51,3.6873,0.22073,0.018961,63.574,5.7413,4.4168,0.047641,2.4393,2.1431,0.58344,0.019531,0.012044,0.20574,0.01957,114.1,39.307,0.024879,0.64265,76.285,0.007743,0.003174,1.4175,0.41656,0.17418,1.9726,2.51,1708.4,0.019531,0.027121,0.9933,0.27243,4.88,9.2858,62.333,5.8557,10.494,0
-0.089739,1.33,-0.31468,0.67454,-124.53,-1.2607,-0.089739,-0.24799,2.2327,-0.32981,-0.089739,-0.092813,-0.040192,-0.089739,-5409.4,-0.067475,0.75191,-0.089739,-0.040192,73.85,0.98303,-0.08332,-0.040192,-0.1691,-1.2714,-0.067475,-10.494,-0.90476,3.8453,0.59416,-0.039018,202.72,2.4492,1.7805,-0.060104,2.2862,1.4177,-0.18841,-0.02692,0.058033,-0.53207,-0.037317,97.447,23.597,-0.19865,0.52525,69.63,-0.08332,-0.037317,0.49039,0.96688,0.4083,-0.94828,-0.54172,-2204,0.2203,0.27209,0.79435,-0.42873,4.9425,15.468,158.06,2.3092,6.4195,1
0.019389,0.90185,0.13002,1.1591,-28.227,-0.000174,0.028354,0.10883,3.2464,0.098152,0.10347,0.034687,0.012482,0.028354,8123.2,0.044933,1.1088,0.028354,0.008734,41.488,1.3441,0.098241,0.005973,0.061814,0.067532,0.034992,1.3078,2.475,4.1161,0.27291,0.015569,95.102,3.838,3.4788,0.10901,3.2464,7.4835,0.17545,0.033579,0.026874,0.27228,0.030262,104.06,62.57,0.052545,0.70766,42.929,0.086072,0.026514,1.0506,0.81744,0.26055,1.8683,3.3397,1698.5,0.033579,0.19754,0.99131,0.78754,8.7978,5.8335,91.908,3.9713,61.795,0
0.014167,0.75862,0.13402,1.177,-39.458,0.23354,0.021961,0.29198,1.0218,0.2215,0.021961,0.029001,0.013391,0.021961,7863.1,0.046419,1.3182,0.021961,0.008351,57.343,0.99842,0.04206,0.005387,0.30648,0.2215,0.036146,0.16342,1.2325,4.2492,0.26424,0.008351,107.39,3.3988,0.055443,0.04206,2.6324,347.7,0.22287,0.015994,0.086157,0.4509,0.015994,114.65,57.305,0.034291,0.63139,58.593,0.028806,0.010954,1.1748,0.75724,0.29423,2.037,2.0496,2379,0.021324,0.063961,0.97868,0.006208,6.3652,6.3694,105.1,3.4728,24.184,0
0.096251,0.34422,0.60274,2.7539,-11.474,0.32448,0.12132,1.8453,1.1029,0.63517,0.12132,0.35303,0.093007,0.12132,983.71,0.37104,2.9051,0.12132,0.088347,170.62,1.0669,0.11603,0.070091,0.39367,0.63517,0.29821,0.93182,11.245,4.82,0.11495,0.088347,100.74,3.6233,0.33707,0.11603,1.391,542.6,0.63573,0.084492,0.54323,0.092438,0.084492,201.93,31.314,0.14995,0.88604,188.16,0.10963,0.079832,2.7494,0.34366,0.27599,11.849,11.86,39826,0.093262,0.15154,0.90674,0.000884,2.1393,11.656,91.343,3.9959,25.618,0
-0.021218,0.64165,0.11943,2.6687,29.631,-0.018436,-0.025405,0.12695,1.0751,0.081456,-0.025405,-0.35498,0.013332,-0.025405,27263,0.013388,1.5585,-0.025405,-0.039428,40.295,1.302,0.061066,-0.032929,-0.020348,0.081456,0.019914,1.0189,0.14763,4.5762,0.93755,-0.039428,43.586,8.3742,0.09517,0.061066,0.66914,0.21026,0.65154,0.094772,0.54919,0.22191,0.094772,85.93,45.635,-0.29828,1.6748,43.321,0.02707,0.042012,0.29767,0.071569,0.11941,0.10069,0.80536,4501.5,0.069865,-0.26048,0.93013,6.9987,9.0583,7.9983,40.541,9.0032,0.79647,0
0.37446,0.43297,0.45421,2.4012,3.6344,0.17598,0.42254,1.3096,4.0833,0.56703,0.43764,1.3035,0.11379,0.42254,340.13,1.0731,2.3096,0.42254,0.10348,36.85,1.2395,0.43133,0.091706,0.58293,0.55044,0.96206,28.56,2.0494,3.4877,0.07215,0.10718,32.302,11.299,8.4596,0.42052,4.0833,3.3646,0.67585,0.10299,0.44353,0.030486,0.10563,56.725,19.875,0.90835,1.1295,41.081,0.38925,0.095326,1.7977,0.32415,0.0885,2.5584,3.0494,1396.4,0.10299,0.66039,0.89697,0.1919,9.905,18.364,28.976,12.597,18.424,0
-0.15437,0.37086,0.45818,2.2355,-2.8766,0,-0.14697,1.6965,2.9061,0.62914,-0.13576,-0.3963,-0.026757,-0.14697,-1740.8,-0.20968,2.6964,-0.14697,-0.050573,59.955,1.2147,-0.13576,-0.053119,-0.18108,0.070894,-0.22963,-12.11,2.68,3.5649,0.12277,-0.0468,44.414,8.2181,8.2181,-0.14161,2.9061,,0.62914,-0.048729,0.050421,-0.18575,-0.046715,101.78,41.821,-0.32338,0.94828,57.169,-0.20497,-0.07053,2.2355,0.37086,0.12168,3.68,3.68,1682.5,-0.048729,-0.24536,1.0505,0,6.0879,8.7276,46.579,7.8362,16.999,0
0.068144,0.44258,0.16687,1.5841,7.2312,0.26042,0.071067,1.2595,1.0352,0.55742,0.071067,0.24876,0.10888,0.071067,1210.2,0.30159,2.2595,0.071067,0.05797,41.869,1.111,0.083929,0.055586,0.25992,0.55742,0.29499,0.70869,0.3048,5.8703,0.29115,0.05797,88.047,4.1455,0.18964,0.083929,1.3142,1.988,0.71432,0.068461,0.31278,0.099429,0.068461,108.13,66.265,0.48458,1.0919,43.342,0.021517,0.017552,1.0225,0.28568,0.24123,1.0182,1.3048,123800,0.033973,0.12225,0.96603,0.28147,8.7176,5.5082,85.056,4.2913,2.2393,0
-0.17116,0.51558,0.23861,1.5044,-0.51154,-0.3697,-0.17116,0.93956,2.1631,0.48442,-0.13192,-0.36179,-0.018059,-0.17116,-4817.6,-0.075764,1.9396,-0.17116,-0.079126,37.395,0.74289,-0.15994,-0.079126,-0.44809,-0.22798,-0.075764,-4.0757,0.82765,3.4483,0.22829,-0.060985,83.477,4.3725,4.0121,0.094539,2.1631,,0.48442,0.043705,0.08775,-0.61727,-0.073939,113.09,75.691,-0.77232,1.0359,39.105,-0.29203,-0.13501,1.3804,0.47308,0.2287,1.6802,1.6802,669.89,0.043705,-0.35333,1.0779,0,9.7605,4.8222,79.828,4.5723,7.5029,0
0.001207,0.22008,0.32673,2.4846,29.347,0,0.001779,3.5438,1.5738,0.77992,0.011208,0.008085,0.018828,0.001779,2710.9,0.13464,4.5438,0.001779,0.001131,46.753,1.1507,0.011151,0.000767,0.011974,0.77295,0.13204,1.1826,0.72097,3.8556,0.10297,0.005336,51.394,7.102,7.102,0.010769,1.5738,,0.77992,0.006843,0.26367,0.18809,0.007085,113.36,66.608,0.005986,1.5686,47.076,-0.016702,-0.010612,2.4846,0.22008,0.1408,1.721,1.721,2343,0.006843,0.001547,0.99887,0,7.8069,5.4798,51.042,7.151,3.4727,0
-0.028769,0.16946,0.24489,11.114,127.21,-0.042942,-0.028769,4.901,0.29805,0.83054,-0.028751,-1.1882,-0.069229,-0.028769,-2997.8,-0.12176,5.901,-0.028769,-0.096526,202.6,0.97835,0,-0.096526,-0.075718,-0.071711,-0.12176,0,0.33505,5.367,0.42102,-0.18721,38.343,9.5192,1.3601,0.008787,0.29805,0.81689,0.95744,0.02948,1.8531,0.69428,0,274.61,72.008,-0.1739,4.2817,261.99,-0.008136,-0.027298,1.588,0.024212,0.10505,1.1363,1.31,57012,0.2267,-0.034639,0.77757,0.1528,1.8016,5.0688,29.651,12.31,0.40778,0
0.20798,0.19917,0.70768,9.6641,213.2,0,0.20798,4.0208,1.427,0.80083,0.20798,2.5463,0.14574,0.20798,349.54,1.0442,5.0207,0.20798,0.14574,23.116,1.2796,0,0.14574,0.4982,0.32734,1.0442,,3.3597,3.6147,-0.15119,0.33114,28.838,12.657,5.1905,0.041114,1.427,,0.80083,0.028811,5.1418,,0,94.479,71.363,2.3013,8.5576,31.908,0,0,3.9632,0.08168,0.079008,3.8019,3.8019,2914.5,0.27555,0.25971,0.75356,0,15.79,5.1147,20.892,17.471,6.7748,0
0.048148,0.47019,0.17311,1.4333,-27.963,0,0.048148,1.1268,2.5699,0.52981,0.051169,0.12052,0.019248,0.048148,3469.6,0.1052,2.1268,0.048148,0.018735,46.729,0.84655,0,0.018735,0.14686,0.096007,0.1052,0,0.40506,3.1327,0.17295,0.037471,69.508,5.2512,4.4619,0.11241,2.5699,,0.52981,0.043742,0.081825,11.906,0,76.686,29.957,0.14634,0.60977,57.242,-0.001317,-0.000512,1.2179,0.39952,0.19043,1.2397,1.2397,234.99,0.18365,0.090879,0.83296,0,7.811,12.184,56.743,6.4326,6.0133,0
0.34039,0.65029,0.12216,1.7179,-4.3801,0,0.34039,0.53777,1.162,0.34971,0.34262,2.0005,0.32011,0.34039,638.14,0.57198,1.5378,0.34039,0.29295,40.077,1.0533,0,0.29295,0.9946,0.25442,0.57198,0,0.17261,3.9849,0.50192,0.58589,88.111,4.1425,1.0839,0.002134,1.162,,0.34971,0.001837,0.41049,0.68677,0,69.882,29.804,2.668,0.9681,66.066,-0.031563,-0.027164,0.44951,0.17016,0.2414,0.49415,0.49415,1179.8,0.39337,0.97336,0.60886,0,9.1074,12.246,53.45,6.8288,1.6419,0
0.018896,0.036413,0.67153,21.979,99.072,0,0.02664,26.463,2.0607,0.96359,0.040943,0.83225,0.032869,0.02664,196.23,1.8601,27.463,0.02664,0.012928,21.205,1.2675,0.026249,0.00917,0.11546,0.95794,1.6474,1.8352,2.2652,3.9468,-0.089497,0.012929,5.7222,63.787,56.073,0.018878,2.0607,,0.96359,0.009161,6.9372,0.018024,0.012738,85.283,64.079,0.15784,18.239,21.401,-0.014843,-0.007203,19.321,0.03201,0.015677,3.2503,3.2503,5941.2,0.009161,0.01961,0.98831,0,17.213,5.6961,5.6697,64.377,6.951,0
0.08085,0.47738,0.44952,2.7606,117.32,0,0.10577,1.0948,0.94299,0.52262,0.12267,0.41426,0.14544,0.10577,1270.5,0.2873,2.0948,0.10577,0.11217,70.922,1.2157,0.11926,0.085738,0.27547,0.30783,0.2351,7.0561,1.523,4.4462,0.24121,0.11681,110.93,3.2904,1.7598,0.10287,0.94299,2.5127,0.73021,0.10909,0.98959,0.10563,0.12647,175.02,104.1,0.44125,2.043,79.606,0.087883,0.093196,1.4765,0.25532,0.30392,1.7707,2.474,12560,0.10909,0.1547,0.8904,0.39721,5.1465,3.5062,98.828,3.6933,3.1949,0
0.049244,0.85263,0.33398,1.7127,10.149,0,0.049243,0.17284,4.8162,0.14737,0.11861,0.10508,0.016828,0.049243,3839.8,0.095057,1.1728,0.049243,0.010224,9.9398,9.7619,0.11179,0.010225,0.21395,0.049244,0.095058,1.6115,1.6918,3.7879,0.16692,0.014276,36.162,10.093,5.5474,0.086387,4.8162,2.2431,0.4467,0.017937,0.25417,0.19793,0.023211,51.798,41.858,0.37546,1.4328,10.121,0.079983,0.016607,0.94131,0.46861,0.099074,0.74651,2.2627,2049.5,0.017937,0.33415,0.98984,2.0311,36.721,8.72,35.513,10.278,24.397,0
0.049738,0.47955,0.183,1.5363,33.005,0.15872,0.062071,0.99824,1.0743,0.47871,0.062071,0.18189,0.061146,0.062071,2220.9,0.16435,2.0853,0.062071,0.048158,17.24,1.1342,0.096239,0.03859,0.19513,0.47871,0.13863,0.80216,0.38466,4.4841,0.18119,0.048158,103.82,3.5157,0.20068,0.096239,1.311,3.3506,0.617,0.074667,0.76094,0.13955,0.074667,74.926,57.685,0.81699,1.3579,18.522,0.079497,0.061678,1.0932,0.34125,0.28444,1.0062,1.2969,5579.1,0.069174,0.1039,0.93083,0.2889,21.171,6.3274,96.639,3.777,2.7092,0
0.19636,0.31503,0.6831,3.1684,-45.396,0.21189,0.24561,2.1743,1.2114,0.68497,0.30828,0.77963,0.20945,0.24561,453.18,0.80543,3.1743,0.24561,0.20274,239.16,1.6602,0.27649,0.16209,0.4233,0.60591,0.64909,4.4114,365.32,3.403,0.2445,0.2232,123.32,2.9597,2.9597,0.27902,1.2114,,0.68497,0.23033,0.078497,0.036895,0.22824,293.29,54.127,0.24738,0.64875,310.73,0.26837,0.22153,3.1684,0.31503,0.33787,366.32,366.32,1728,0.23033,0.28666,0.80288,0,1.5262,6.7434,94.918,3.8454,647.86,0
0.12109,0.1467,0.80319,7.2472,155.86,0,0.1379,5.8166,1.4314,0.8533,0.15118,1.0726,0.10433,0.1379,358.56,1.018,6.8166,0.1379,0.096339,52.288,1.1306,0.085916,0.084594,0.21613,0.77243,0.90336,6.4702,11.77,3.6693,-0.32545,0.096339,33.813,10.795,9.4605,0.043515,1.4314,,0.8533,0.030401,4.7815,0.05023,0.060023,80.836,28.548,0.59052,5.6523,53.927,0.074478,0.052033,6.3514,0.12857,0.092639,12.504,12.504,3750.4,0.030401,0.1419,0.91168,0,6.9806,12.785,32.785,11.133,20.976,0
0.000674,0.72233,-0.33645,0.44323,-200.33,-0.055129,0.003092,0.38441,1.0213,0.27767,0.003092,0.005116,0.023268,0.003092,12330,0.029602,1.3844,0.003092,0.003364,60.958,1.1967,0.018054,0.000734,-0.035852,0.27767,0.026255,0.20065,-0.45953,4.9684,0.78551,0.003364,245.13,1.489,0.024994,0.018054,0.93455,0.96886,0.39571,0.019646,0.001814,0.65341,0.019646,105.95,44.99,0.004394,0.18926,62.257,-0.000237,-0.000258,0.3708,0.60429,0.67159,0.37925,0.54047,-31281,0.02086,0.002428,0.97914,0.42512,5.9877,8.1129,240.02,1.5207,1.2551,0
-0.22026,1.0624,-0.18353,0.65255,-25.457,-0.84389,-0.25102,-0.093064,0.97814,-0.098874,-0.25102,-0.47519,-0.072616,-0.25102,-1640.2,-0.22253,0.94124,-0.25102,-0.077097,5.288,0.85938,-0.21021,-0.067652,-0.789,-0.098874,-0.19359,-0.63154,-0.28008,4.5786,0.32335,-0.077097,57.924,6.3013,-0.19786,-0.21021,3.3014,0.55698,0.43532,-0.064565,0.025151,-0.17856,-0.064565,37.154,31.866,-4.6696,0.56326,5.1725,-0.2248,-0.069046,0.32445,0.52824,0.1587,-0.15088,0.6643,-6955,-0.022347,2.2277,1.0223,-5.4028,69.024,11.454,59.219,6.1636,4.9685,0
0.014868,0.44603,0.15594,1.3513,273.9,0.06956,0.03124,0.86414,1.028,0.38544,0.03124,0.070383,0.31205,0.03124,2163.6,0.1687,2.242,0.03124,0.12956,10.898,0.43779,0.048655,0.061662,0.11575,0.38544,0.13199,2.0743,0.38964,4.9995,1.8182,0.12956,690.66,0.52848,0.10908,0.048655,0.38502,271.12,0.38762,0.20178,0.025602,0.15826,0.20178,890.71,879.81,2.0653,1.3351,11.203,0.004649,0.019282,1.3447,0.44385,1.8922,0.96308,0.96854,15577,0.02722,0.038575,0.97278,0.005671,33.493,0.41486,671.86,0.54326,0.6025,0
0.066157,0.58702,0.55291,2.2826,-58,0,0.08143,0.70351,1.8536,0.41298,0.11637,0.1889,0.059604,0.08143,1939.3,0.18821,1.7035,0.08143,0.04393,162.43,1.1357,0.083046,0.03569,0.18231,0.26054,0.16219,2.377,34.545,2.5159,0.28527,0.062762,88.775,4.1115,3.0193,0.081217,1.8611,1.228,0.54254,0.043815,0.15573,0.17455,0.044802,180.54,18.112,0.080201,2.0692,169.87,0.053992,0.029128,1.6762,0.43108,0.24322,25.802,33.897,181.36,0.043815,0.16019,0.95235,0.31375,2.2471,20.153,84.885,4.2999,115.81,1
0.041671,0.50235,0.20213,1.4419,12.211,0,0.041671,0.99065,2.5773,0.49765,0.041671,0.091096,0.33785,0.041671,210.58,1.7333,1.9906,0.041671,0.016168,24.919,1.2204,0,0.016168,-0.076611,0.47878,1.7333,,0.59374,3.8615,0.19481,0.032337,110.42,3.3054,3.0099,0.009255,2.5773,13.636,0.53312,0.003591,0.007163,0.020198,0,92.945,68.026,0.23683,1.0572,42.474,-0.82906,-0.32168,1.313,0.45744,0.30253,1.4618,1.566,1469.2,0.41333,0.083735,0.58851,0.071264,14.648,5.3656,64.783,5.6342,7.5706,0
0.29845,0.62451,0.28861,1.4621,10.873,0,0.404,0.60127,8.9455,0.37549,0.62899,0.64691,0.050981,0.404,499.83,0.73026,1.6013,0.404,0.045163,0.80776,1.3484,0.53534,0.033364,0.68226,0.29845,0.56125,2.3793,3.3219,2.5112,0.067898,0.060758,25.953,14.064,14.064,0.16258,8.9455,,0.37549,0.018175,0.035643,0.03544,0.059845,36.35,35.542,15.076,1.4304,0.82272,0.48329,0.054026,1.4621,0.62451,0.071105,4.3219,4.3219,93.654,0.018175,0.79482,0.95709,0,451.87,10.27,25.482,14.324,102.96,0
-0.37298,1.4197,-0.87511,0.35918,-52.431,-0.11428,-0.37298,-0.29636,5.3209,-0.42074,-0.37207,-0.27312,-0.05505,-0.37298,-1769.1,-0.20632,0.70438,-0.37298,-0.070098,1.0607,,-0.37208,-0.070098,0.5486,-0.4748,-0.20632,-409.67,-1.7176,2.9661,0.2205,-0.069927,79.923,4.5734,4.3993,-0.91624,5.8739,,-0.42074,-0.1722,0.18586,-0.16206,-0.069929,16.237,15.176,-24.122,0.19718,0.90362,-0.45215,-0.084977,0.34551,1.3656,0.21866,-0.82581,-0.82581,-809.35,-0.17212,0.88649,1.0633,0,344.13,24.051,93.679,3.8963,10.444,1
0.004937,0.52884,0.33585,3.2328,75.429,0.000858,0.010686,0.89094,0.35625,0.47116,0.039781,0.071043,0.10176,0.010686,5324.7,0.068548,1.8909,0.010686,0.029997,219.65,1.1268,0.025772,0.013859,0.060433,0.43487,0.057677,0.8858,0.65376,5.0264,1.2133,0.10884,165.96,2.2429,0.63795,0.02542,0.35625,0.9101,0.76991,0.071355,1.0246,0.34338,0.072343,340.32,120.67,0.02303,1.8076,231.93,0.000207,0.000581,0.91951,0.15042,0.44585,0.91714,1.4987,3.2328,0.071355,0.010479,0.97089,0.63408,1.6618,3.0247,154.12,2.3684,0.69345,0
0.072678,0.53937,-0.044703,0.89068,-54.239,0,0.088314,0.85402,1.3698,0.46063,0.13944,0.21597,0.11882,0.088314,1209.5,0.30178,1.854,0.088314,0.06447,34.575,1.1345,0.11568,0.053056,0.17768,0.32347,0.27279,2.2626,-0.070312,4.2777,0.38891,0.07315,116.59,3.1306,2.3735,0.089669,1.3698,2.6935,0.54768,0.065459,0.033775,0.094558,0.084449,93.369,58.793,0.56009,0.57336,36.997,0.041227,0.030096,0.67528,0.40893,0.31943,0.72452,0.86143,-847.35,0.065459,0.15778,0.93804,0.18897,10.557,6.2082,108.96,3.3499,2.1546,0
-0.13305,0.59533,-0.037536,0.92734,-38.629,-0.16285,-0.13708,0.67975,1.5518,0.40467,0.017425,-0.26533,-0.067239,-0.13708,-2082.5,-0.17527,1.6798,-0.13708,-0.088331,18.825,1.1706,-0.059561,-0.085734,-0.06864,0.27073,-0.1685,-0.38551,-0.072059,4.3903,0.38362,-0.088331,130.27,2.8386,2.4634,0.1043,1.5518,5.0709,0.48337,0.067212,0.066273,-0.73966,-0.038381,104.63,85.806,-1.6623,0.77242,19.921,-0.092293,-0.059473,0.80476,0.51663,0.35228,0.77687,0.92794,0.92734,0.067212,-0.32877,0.9835,0.19447,19.389,4.2538,121.51,3.0038,2.9791,0
0.058614,0.19191,0.40355,4.7362,65.753,0.29175,0.075139,4.0626,1.1402,0.77965,0.075139,0.69566,0.2139,0.075139,604.59,0.60372,5.2108,0.075139,0.13872,117.72,0.97081,0.085578,0.10821,0.32,0.77965,0.51761,1.8015,0.82622,4.8609,0.34403,0.13872,82.99,4.3981,0.44593,0.085578,0.58086,4.0153,0.86355,0.15799,1.4359,0.049956,0.15799,240.21,122.49,0.33552,3.1189,134.22,0.044859,0.082818,2.6657,0.10801,0.22737,1.5962,1.768,29299,0.12297,0.075179,0.87703,0.10761,3.1006,2.9797,72.785,5.0148,1.109,0
0.095133,0.67424,-0.091726,0.83076,-40.239,0,0.11846,0.48314,2.371,0.32576,0.15257,0.21856,0.073576,0.11846,1410.7,0.25874,1.4831,0.11846,0.049961,22.127,1.2647,0.1525,0.040123,0.22204,0.26823,0.22414,4.4713,-0.16685,4.0363,0.28198,0.058459,89.229,4.0906,3.2882,0.15397,2.371,2.3177,0.45801,0.064937,0.021676,0.1078,0.064317,67.506,45.379,0.66187,0.56556,23.663,0.096506,0.040702,0.6678,0.54199,0.24446,0.59257,0.83315,-997.21,0.064937,0.29204,0.95034,0.406,16.496,8.0434,83.435,4.3747,4.313,0
0.16874,0.2123,0.19563,2.2476,-23.061,0.43676,0.16874,3.7103,1.1119,0.7877,0.16874,1.0761,0.15268,0.16874,253.54,1.4396,4.7103,0.16874,0.084291,55.099,1.1457,0.17897,0.084291,0.43676,0.7877,1.4396,0.99411,0.30211,4.1459,0.092383,0.084291,31.792,11.481,0.843,0.17897,2.0131,0.90557,0.84319,0.089403,0.17451,0.022097,0.089403,59.272,4.1732,0.55838,0.32048,61.266,0.042074,0.021018,1.6601,0.15681,0.087101,1.2164,1.3021,2737.2,0.10067,0.21422,0.89933,0.070451,6.6245,87.462,28.591,12.766,3.0914,0
0.1288,0.29393,0.31182,2.0609,16.273,0.21921,0.16095,2.3237,1.1478,0.683,0.16095,0.5476,0.15696,0.16095,573.02,0.63697,3.4022,0.16095,0.13493,81.266,1.198,0.15082,0.10798,0.27776,0.683,0.52759,1.4512,0.79092,4.572,0.21354,0.13493,103.23,3.5357,0.51311,0.15082,1.2201,,0.683,0.12643,0.13495,0.054569,0.12643,173.22,91.952,0.48499,1.1573,93.276,0.12455,0.10441,2.0609,0.29393,0.28283,1.7324,1.7324,11638,0.12876,0.18859,0.87124,0,4.4914,3.9695,89.939,4.0583,3.0256,0
0.091623,0.54449,0.38019,1.7879,12.905,0,0.11506,0.83658,2.0851,0.45551,0.14457,0.23844,0.064541,0.11506,1476.8,0.24716,1.8366,0.11506,0.055181,54.247,1.5237,0.13518,0.043942,0.27817,0.37292,0.20412,4.5809,2.77,3.9862,0.2608,0.058866,90.303,4.042,3.5821,0.13466,2.0851,8.9255,0.51745,0.064582,0.003694,0.11732,0.064831,150.71,96.465,0.29566,1.1457,57.993,0.11566,0.055471,1.5845,0.48255,0.24741,3.3187,3.77,3682.8,0.064582,0.20114,0.94519,0.13598,6.7284,3.7838,84.471,4.321,15.191,0
0.062359,0.045405,0.011263,2.1684,11.025,0,0.062359,21.024,0.56429,0.95459,0.067334,6.4689,0.13999,0.062359,209.8,1.7398,22.024,0.062359,0.11051,0,0.27388,0,0.11051,0.5542,0.95314,1.7398,0,0.011504,4.5366,0.051134,0.25287,9.1802,39.759,8.4412,0.004223,0.56429,,0.95459,0.007484,1.7206,0.090985,0,2.7926,2.7926,,2.1684,0,-0.016635,-0.029479,0.46037,0.00964,0.025151,0.97497,0.97497,387.46,0.32078,0.065326,0.69147,0,,130.7,6.2354,58.537,0.57634,0
-0.01314,0.994,-0.071058,0.91746,-66.24,-0.046357,-0.006396,0.006039,2.2489,0.006002,0.021297,-0.00743,0.006964,-0.006396,23165,0.015756,1.006,-0.006396,-0.002844,54.09,2.0446,0.010134,-0.005843,0.046473,-0.00188,0.008972,0.36593,-0.33803,3.8023,0.4383,-0.002844,140.64,2.5952,2.2476,0.014791,2.2489,4.7102,0.10293,0.006577,0.012797,1.0293,0.004506,126.4,72.309,-0.03943,0.53032,54.448,-0.011924,-0.005303,0.79456,0.86085,0.38533,0.028554,0.48963,-450.74,0.006577,-2.1892,1.0028,16.147,6.748,5.0478,139.72,2.6124,10.698,0
0.090912,0.92709,-0.2272,0.75493,-108.44,-0.098307,0.090912,0.078646,2.0408,0.072912,0.091068,0.098062,0.056842,0.090912,2917,0.12513,1.0786,0.090912,0.044546,45.879,1.8133,0,0.044546,0.088365,0.038712,0.12513,0,-0.75705,3.165,0.37476,0.089092,204.14,1.788,1.788,0.059314,2.0408,,0.072912,0.029064,0.18367,1.2315,0,94.72,48.841,0.3544,0.47823,56.485,-0.025094,-0.012296,0.75493,0.92709,0.55928,0.24295,0.24295,-332.17,0.18777,1.2469,0.82244,0,7.9557,7.4732,165.81,2.2013,6.8003,0
0.006617,0.41075,-0.000036,0.99964,-72.672,0,0.006617,1.4346,0.33342,0.58925,0.036224,0.067281,0.078034,0.006617,5762.2,0.063344,2.4346,0.006617,0.019845,59.56,0.82461,0.036224,0.019845,,0.55165,0.063344,1.2235,-0.00004,3.1289,1.1518,0.10824,120.78,3.022,0.72357,0.036221,0.33342,0.14053,0.90165,0.10863,0.28811,0.24614,0.10864,76.602,17.042,0.12162,0.44641,66.819,0.016823,0.050454,0.23934,0.098345,0.3309,0.6535,0.99996,-0.048,0.10863,0.011229,0.98016,0.53016,6.1283,21.417,107.66,3.3903,0.36978,0
0.009384,0.21804,0.52845,3.4236,31.312,-0.2135,0.00953,3.4998,0.99865,0.76312,0.00953,0.043709,0.018128,0.00953,1907.4,0.19136,4.5863,0.00953,0.004141,50.551,1.1215,0.003118,0.004077,-0.20878,0.76312,0.19069,0.013529,2.0845,4.041,0.045065,0.004141,34.53,10.57,0.014301,0.003118,2.3243,,0.76312,0.001355,0.57933,0.203,0.001355,98.345,47.795,0.029437,1.9616,50.483,-0.029077,-0.012633,3.4236,0.21804,0.094603,3.0102,3.0102,5807.7,-0.001349,0.012297,1.0013,0,7.2205,7.6368,34.577,10.556,9.0793,0
0.24106,0.32481,0.23182,1.7137,-2.1417,-0.002729,0.29766,2.0788,2.1175,0.67519,0.31596,0.91643,0.16184,0.29766,345.95,1.0551,3.0788,0.29766,0.14058,32.012,1.562,0.31503,0.11384,0.80617,0.66383,0.8808,17.213,0.52285,3.6435,0.12417,0.14113,65.234,5.5953,5.5953,0.30008,2.1175,,0.67519,0.14172,0.36491,0.030069,0.14878,75.518,43.506,1.298,1.142,37.298,0.27,0.12751,1.7137,0.32481,0.17872,1.5229,1.5229,1020.1,0.14172,0.35702,0.86076,0,11.402,8.3896,55.989,6.5191,4.7758,0
-0.008912,0.21142,0.021878,1.1111,-5.2035,0.065726,-0.00008,3.7182,1.0296,0.78609,-0.00008,-0.000408,0.033746,-0.00008,757.88,0.4816,4.73,-0.00008,-0.000027,7.2094,0.91324,0.082424,-0.002954,0.099271,0.78609,0.43983,0.28126,0.028002,4.6044,0.068855,-0.000027,24.516,14.888,0.38986,0.082424,3.0489,10.91,0.80067,0.027318,0.034722,0.037709,0.027318,25.631,18.422,-0.14954,0.80838,7.4227,-0.019476,-0.006455,1.0345,0.19683,0.067167,1.0061,1.0248,879.79,0.028733,-0.011337,0.97127,0.018552,50.628,19.814,23.811,15.329,3.8619,0
0.004547,0.52369,-0.013793,0.93775,-17.864,-0.001956,-0.000564,0.90954,1.9634,0.47631,0.013458,-0.002545,0.02901,-0.000564,3355.9,0.10876,1.9095,-0.000564,-0.000287,14.845,0.98743,0.013445,0.002316,-0.07442,0.31693,0.11852,0.95885,-0.017411,3.6654,0.26382,0.006855,39.689,9.2568,3.9169,-0.074492,2.0647,0.70915,0.65674,-0.037941,0.049666,0.24598,0.006848,36.585,21.74,0.056937,0.5774,14.209,-0.044076,-0.022449,0.3968,0.22159,0.10803,0.60125,0.829,-63.83,-0.037941,0.009545,1.0003,0.37879,24.587,16.789,41.195,8.8603,2.4784,1
0.027173,0.56015,0.16139,1.4804,51.407,0,0.036822,0.78522,1.181,0.43985,0.076659,0.1096,0.07106,0.036822,2436.3,0.14981,1.7852,0.036822,0.031179,1.3343,1.0343,0.065114,0.023009,0.062923,0.4076,0.13259,1.6345,0.32108,3.8368,0.43023,0.031179,109.5,3.3334,1.9993,0.061049,1.181,2.2111,0.66283,0.051694,0.16651,0.1664,0.055136,136.43,135.09,6.2939,1.4675,1.4071,0.018016,0.015255,0.8879,0.33597,0.29999,0.87507,1.3187,1108.2,0.051694,0.061778,0.96923,0.50696,273.54,2.7018,103.84,3.5151,2.3495,0
0.46337,1.5809,0.44202,2.2352,-14.02,-2.1726,0.46757,-0.36744,3.8196,-0.58088,0.46762,1.3066,0.13869,0.46757,1089.2,0.33509,0.63256,0.46757,0.12241,53.732,1.2427,0.46762,0.12132,0.62967,-1.7092,0.33244,10361,2.2087,1.6465,0.39497,0.12243,40.355,9.0446,2.0474,0.58296,3.8196,0.19426,0.64215,0.15262,0.21133,0.099466,0.12243,69.21,15.477,0.82409,0.66393,63.41,0.40544,0.10615,0.50597,0.35785,0.11056,-2.9026,3.2087,19.587,0.15262,-0.79771,0.87941,-2.1055,6.7929,23.583,34.196,10.674,19.086,0
0.30065,0.32937,0.54088,4.8968,143.75,-0.14452,0.33159,2.0356,0.9789,0.67047,0.33204,2.389,0.33874,0.33159,362.56,1.0067,3.0361,0.33159,0.33874,35.067,,0.33302,0.30713,0.33159,0.15612,0.91281,28.005,1.6894,3.7995,-0.11313,0.33877,52.72,8.0566,3.3952,-0.091041,1.4617,5.1922,0.78327,-0.093003,3.1729,0.032968,0.34019,89.217,54.15,3.1969,3.8505,30.696,0.33302,0.34019,2.0636,0.1388,0.12412,2.0942,2.4464,3409.1,0.018314,0.44841,0.69052,0.16823,10.409,6.7405,51.754,7.0526,3.0575,1
0.15264,0.27629,0.64156,6.7834,45.902,0,0.18963,2.6194,2.1037,0.72371,0.19084,1.7094,0.10697,0.18963,448.13,0.8145,3.6194,0.18963,0.09014,17.335,0.92838,0.17155,0.072559,0.43338,0.64649,0.68063,141.35,2.592,3.6564,0.13134,0.090717,20.932,17.438,7.0012,0.16932,2.1037,59.159,0.73474,0.080487,2.7001,0.0445,0.081546,78.592,61.257,1.5278,5.8828,18.852,0.13614,0.064713,2.7235,0.11093,0.057347,2.9239,2.9685,2908,0.080487,0.21092,0.912,0.015242,21.056,5.9585,19.247,18.964,8.4994,0
0.068541,0.74818,0.009521,1.0175,-14.99,-0.006336,0.086626,0.33658,2.0374,0.25182,0.11024,0.15954,0.067161,0.086626,1995.7,0.18289,1.3366,0.086626,0.042517,14.777,1.3148,0.10092,0.033641,0.1329,0.23302,0.15872,4.2734,0.021276,3.7256,0.36673,0.052385,103.25,3.535,2.5654,0.11806,2.0374,3.0637,0.40523,0.057947,0.010805,0.16502,0.049533,97.926,83.149,0.83097,0.86562,15.686,0.05071,0.02489,0.73844,0.54296,0.28289,0.56272,0.90553,50.622,0.057947,0.27218,0.95796,0.6092,24.701,4.3897,97.271,3.7524,4.5528,0
0.10964,0.19965,0.60572,5.7816,26.892,0.10077,0.13804,3.9637,1.1632,0.79134,0.17104,1.0897,0.14395,0.13804,435.19,0.83871,5.0088,0.13804,0.11867,122.99,1.1547,0.12683,0.094259,0.33602,0.76968,0.69648,3.8433,2.2635,5.5183,0.17163,0.11867,47.937,8.1319,5.1598,0.19868,1.1632,4.6653,0.86431,0.1708,1.1359,0.042594,0.10904,184.66,61.669,0.27973,2.6874,138.88,0.097424,0.083754,3.6684,0.12668,0.12297,2.9571,3.2298,5.7816,0.1708,0.13855,0.83302,0.092211,2.9676,5.9187,39.75,9.1825,4.3468,0
0.053952,0.5316,0.11666,1.2615,-48.377,0,0.053952,0.88111,1.7933,0.4684,0.090004,0.12095,0.049922,0.053952,2167.4,0.16841,1.8811,0.053952,0.030086,69.201,1.275,0.085135,0.030086,0.16959,0.43541,0.16841,2.3614,0.26679,3.6577,0.2811,0.038029,95.246,3.8322,3.2157,0.083841,1.7933,2.6045,0.55392,0.046753,0.065243,0.1468,0.047474,108.61,39.413,0.15869,0.49933,72.595,0.049563,0.027638,1.0586,0.44608,0.26095,1.0712,1.2668,530.45,0.046753,0.11518,0.95632,0.18259,5.2745,9.261,90.793,4.0201,4.1012,0
0,0,28.336,,2874.5,0,0,,1.0286,6.1142,0,,0,0,,,,0,0,96.366,1.0643,15.541,0,0,6.1142,,9.7592,1.3952,2.699,-3.6385,0,0,,,15.541,114.74,,6.1142,0.94882,,0,0.94882,1601.8,1505.5,0,,99.118,15.541,0.94882,,0,0,0.30104,0.30104,14168,0.027765,0,0.97223,0,3.7876,0.24245,0,,0.80648,0
-0.51798,1.4195,-0.68333,0.5186,-168.7,-0.51798,-0.51798,-0.3417,0.82498,-0.48504,-0.51798,-0.36491,-0.23073,-0.51798,-1088.2,-0.33542,0.70448,-0.51798,-0.25101,78.031,1.0997,-0.42447,-0.25101,-0.51798,-0.48504,-0.33542,,-2.5898,4.2152,0.6777,-0.25101,207.13,1.7622,-0.29903,-0.42447,2.0861,,-0.48504,-0.2057,0.034578,-0.12197,-0.2057,121.53,43.495,-1.1741,0.20781,64.374,-0.46633,-0.22598,0.5186,1.4195,0.56748,-1.8383,-1.8383,-11216,-0.21215,1.0679,1.2122,0,4.6776,8.3918,251.07,1.4538,7.821,1
0.000156,0.17332,0.53293,4.0748,98.644,0,0.012455,4.7696,1.3888,0.82668,0.036573,0.071858,0.0265,0.012455,1719,0.21233,5.7696,0.012455,0.008968,36.219,0.68866,0.012796,0.000113,0.05868,0.74286,0.14138,0.53055,1.8142,3.5538,0.093148,0.009518,44.763,8.1541,8.1541,-0.024531,1.3888,,0.82668,-0.017664,0.33752,0.15554,0.009214,170.25,134.03,0.001135,3.2797,35.591,-0.011552,-0.008318,4.0748,0.17332,0.12264,2.8142,2.8142,1907.5,-0.017664,0.000189,0.99176,0,10.078,2.7233,45.554,8.0125,4.7276,0
0.012728,0.61133,-0.43647,0.19068,-462.82,0,0.01358,0.63577,0.46538,0.38867,0.041291,0.025181,0.2118,0.01358,2263.8,0.16123,1.6358,0.01358,0.029181,6.7953,0.96517,0.039404,0.027349,0.081348,0.25595,0.15984,1.422,-0.4865,5.9825,1.3132,0.088725,456.25,0.80001,0.70575,0.033934,0.46538,,0.38867,0.072917,0.000896,0.16382,0.08467,80.273,73.478,1.469,0.17461,7.3298,-0.045583,-0.097949,0.16821,0.5393,1.25,0.43322,0.43322,-419200,0.072917,0.032747,0.97145,0,53.714,4.9675,422.98,0.86293,0.51872,0
0.011746,0.25282,0.13141,2.1389,23.533,-0.48921,0.011746,2.9554,0.86595,0.74718,0.017279,0.10179,0.092999,0.011746,1145.9,0.31854,3.9554,0.011746,0.013564,33.243,1.1105,0.017254,0.013564,0.008704,-0.47746,0.31854,3.1182,0.17447,3.5141,0.24398,0.014136,49.603,7.3584,3.3583,0.016899,0.86595,1.2219,0.88461,0.019515,0.37337,0.097946,0.019925,85.866,52.623,0.14893,1.4554,33.904,-0.051533,-0.059511,0.97617,0.11539,0.1359,0.992,1.1745,429.22,0.019515,0.01572,0.98644,0.18394,10.98,6.9361,48.635,7.5048,1.1497,0
0.007146,0.73439,-0.13557,0.43818,-66.601,0,0.007146,0.36167,0.91785,0.26561,0.027721,0.029616,0.007786,0.007146,37509,0.009731,1.3617,0.007146,0.007786,0,1.2645,0,0.007786,0.086731,0.26287,0.009731,0,-0.1516,4.7463,0.79406,0.02197,116.51,3.1328,1.0294,0.000006,0.91785,0.24618,0.6951,0.000007,0.040815,,0,38.131,38.131,,0.43818,0,0,0,0.14398,0.2413,0.3192,0.29701,0.77729,-7559.3,0.17639,0.026906,0.84614,1.617,,9.5724,95.957,3.8038,1.0264,0
-0.072413,0.34323,0.43071,2.2549,36.37,-0.23924,-0.072413,1.8944,1.0139,0.65022,-0.072413,-0.21098,-0.036138,-0.072413,-2200.4,-0.16588,2.9135,-0.072413,-0.045963,62.045,1.3869,0.013907,-0.045963,-0.24468,0.65022,-0.16588,0.089501,1.9053,5.0483,0.17349,-0.045963,80.622,4.5273,0.04052,0.013907,1.5766,,0.65022,0.008828,0.22549,0.38399,0.008828,161.38,99.33,-0.27039,1.4746,62.906,-0.001572,-0.000998,2.2549,0.34323,0.22088,2.8763,2.8763,48142,0.013694,-0.11137,0.98631,0,5.8828,3.6746,79.518,4.5901,6.9692,0
0.12226,0.014315,0.77204,54.931,132.43,0,0.12226,68.855,1.0782,0.98568,0.12229,8.5407,0.15667,0.12226,30.933,11.8,69.855,0.12226,0.1134,149.96,0.94013,0.11934,0.1134,0.44109,0.083919,11.8,4324.4,3.6137,4.2422,-0.12039,0.11342,5.5755,65.466,65.466,0.14103,1.0782,,0.98568,0.1308,10.172,0.002875,0.11069,216.91,66.952,0.276,23.987,172.53,0.072687,0.067416,54.931,0.014315,0.015275,4.6137,4.6137,13484,0.1308,0.12404,0.88712,0,2.434,5.4517,4.8462,75.317,5.0467,0
0.090044,0.73648,0.17981,1.2441,8.5292,-0.23125,0.26677,0.35781,7.4472,0.26352,0.26677,0.36222,0.042921,0.26677,840.99,0.43401,1.3578,0.26677,0.035821,0,1.2288,0.26501,0.012091,-0.20994,-0.14121,0.19406,,2.1478,2.0918,0.097572,0.035821,37.428,9.7521,9.7521,0.26501,7.4472,,0.26352,0.035585,0.028148,0.077227,0.035585,43.892,43.892,,1.2441,0,0.21214,0.028485,1.2441,0.73648,0.10254,3.1478,3.1478,22.213,0.035585,0.3417,0.96419,0,,8.3158,36.096,10.112,88.96,0
0.042231,0.67608,-0.039524,0.9291,-104.59,0,0.042231,0.47911,1.0588,0.32392,0.058218,0.075755,0.040306,0.042231,5782.6,0.063121,1.4791,0.042231,0.039886,52.498,0.97309,0,0.039886,,0.21695,0.063121,0,-0.08199,4.4129,0.63612,0.085884,249.51,1.4629,1.2062,0.031273,1.0588,7.5986,0.37204,0.029537,0.08531,50.734,0,162.16,109.66,0.27732,0.65593,68.159,-0.000444,-0.00042,0.76609,0.55746,0.68359,0.67194,0.77176,-1022.7,0.22977,0.13037,0.7806,0.14856,6.9526,3.3285,192.18,1.8993,2.1963,0
-0.14468,0.94662,0.10537,2.0032,109.97,-0.27436,-0.16015,0.056395,0.33112,0.053385,-0.04228,-1.5247,-0.36539,-0.16015,-2855.7,-0.12781,1.0564,-0.16015,-0.48367,0,0.90208,-0.046391,-0.43694,-0.17318,-0.11023,-0.11147,-0.39356,0.13345,5.3675,2.6622,-0.32993,102.33,3.5671,0.3958,-0.043547,0.33112,0.2768,0.81353,-0.13151,0.64705,-4.3666,-0.1401,157.01,157.01,,2.0032,0,-0.085556,-0.25838,0.22227,0.10504,0.28034,0.06761,1.0303,24560,-0.13151,-2.7102,1.4761,14.239,,2.3246,115.78,3.1525,0.41936,0
0.053031,0.13709,0.44738,5.2955,134.2,-0.000234,0.058486,6.2944,1.0754,0.86291,0.058486,0.56155,0.077053,0.058486,603.88,0.60443,7.2944,0.058486,0.054386,22.171,1.4696,0.037197,0.049314,0.064164,0.85658,0.56464,,0.99755,3.8977,-0.23067,0.054386,36.545,9.9876,7.5877,0.035181,1.0754,,0.86291,0.032715,3.7303,0.074216,0.034589,55.327,33.157,0.81187,4.6683,22.92,0.012821,0.011922,4.0231,0.10415,0.10012,1.9241,1.9241,3534.9,0.032714,0.061457,0.94682,0,16.463,11.008,35.35,10.325,2.3979,0
0.015265,0.50543,0.027905,1.0712,-102.57,-0.089244,0.022662,0.97852,0.8501,0.49457,0.078592,0.05779,0.070271,0.022662,3088.2,0.11819,1.9785,0.022662,0.026658,85.1,1.2355,0.071031,0.017956,,-0.073979,0.10356,1.27,0.048116,4.0565,0.59287,0.052173,181.56,2.0103,1.5598,0.061764,0.8501,2.49,0.58367,0.072655,0.1152,0.15584,0.083556,160.96,75.857,0.077016,0.56573,91.767,0.033955,0.039943,0.83109,0.39215,0.49744,0.85279,1.0064,317.84,0.072655,0.030865,0.974,0.18015,4.2891,4.8117,168.37,2.1678,1.4658,0
0.058745,0.25542,0.42674,2.6778,6.8525,0.20563,0.072469,2.8162,1.0894,0.7193,0.072469,0.28493,0.13307,0.072469,774.2,0.47146,3.9151,0.072469,0.080081,92.375,1.1046,0.064124,0.064916,0.25299,0.7193,0.41772,0.77191,1.3381,4.5356,0.27918,0.080081,111.75,3.2661,0.25105,0.064124,0.94184,420.2,0.72038,0.070859,0.7297,0.074927,0.070859,199.85,107.48,0.2565,1.7774,100.63,0.016174,0.017873,2.6665,0.25434,0.30618,2.2554,2.2588,14649,0.082034,0.08167,0.91797,0.001496,3.9513,3.3961,102.59,3.558,2.8375,0
0.001161,0.75077,0.22615,1.3012,-5.5415,0,0.001161,0.33196,3.3813,0.24923,0.003885,0.001547,0.005419,0.001161,14955,0.024407,1.332,0.001161,0.000343,29.521,1.0022,0.003885,0.000343,-0.057991,0.071578,0.024407,1.4263,9.7972,2.4496,0.21089,0.00035,81.033,4.5043,4.5043,-0.000455,3.3813,,0.24923,-0.000134,0.056174,1.189,0.001149,100.9,71.383,0.004246,0.93696,29.517,-0.013278,-0.003927,1.3012,0.75077,0.22201,10.797,10.797,63.682,-0.000134,0.004659,0.99966,0,12.364,5.1133,81.044,4.5037,146.48,0
-0.14113,0.44136,-0.081482,0.65294,-30773,-0.050079,-0.14372,1.2657,0.000672,0.55864,-0.096403,-0.61217,-212.48,-0.14372,-1127.6,-0.32369,2.2657,-0.14372,-213.76,0,0.037985,-0.096493,-209.9,-0.98262,0.11042,-0.3178,-2.0391,-0.096235,5.1218,656.45,-213.76,31336,0.2383,0.12676,-0.002062,0.000672,0.74205,0.76522,-3.0674,0.33506,-0.15384,-143.52,40515,40515,,0.65294,0,-0.097354,-144.8,0.34732,0.23478,4.1963,0.65978,0.90377,0.65294,-3.0674,-0.25262,23.248,0.3698,,0.009009,127450,0.002864,0.000794,0
0.13848,0.15967,0.7983,10.902,117.67,0,0.17459,5.2627,1.6288,0.84033,0.17792,2.1656,0.11397,0.17459,313.95,1.1626,6.2627,0.17459,0.10719,42.271,1.3573,0.1694,0.085016,0.35144,0.76799,0.93644,50.884,6.5929,4.0157,-0.043339,0.10726,20.342,17.944,9.0598,0.1822,1.6288,,0.84033,0.11186,4.5978,0.029495,0.104,113.89,71.619,0.73409,8.562,47.595,0.15835,0.097218,5.5044,0.080621,0.05573,6.94,6.94,8277.5,0.11186,0.16479,0.8936,0,8.6347,5.0964,18.066,20.204,13.452,0
-0.038029,0.91532,0.021691,1.0507,-73.024,0,-0.045556,0.09251,1.5062,0.084676,0.066108,-0.10653,-0.011227,-0.045556,-19757,-0.018474,1.0925,-0.045556,-0.030245,74.147,1.2224,0.065953,-0.025248,0.23434,0.002324,-0.010251,0.59063,0.039392,4.5467,0.60393,-0.00452,108.4,3.3671,1.5732,0.066268,1.5062,0.29419,0.57201,0.043996,0.017926,0.32253,0.043787,107.03,32.884,-0.12429,0.33524,77.559,0.037306,0.024768,0.49092,0.42765,0.29699,0.15377,1.0388,763.85,0.043996,-0.44911,1.0302,5.7553,4.9226,11.099,103.63,3.5221,2.7353,0
-0.3049,2.591,-1.5998,0.20012,-127.55,-2.515,-0.29466,-0.61405,4.8176,-1.591,-0.17097,-0.14733,-0.04792,-0.29466,-4096.6,-0.089099,0.38595,-0.29466,-0.061164,20.991,,-0.17112,-0.06329,-0.29466,-1.6149,-0.093052,-1.3835,-2.6679,3.342,0.53782,-0.036894,141,2.6805,2.0691,-0.35985,5.1899,0.22031,-1.0318,-0.074695,0.000002,-0.80482,-0.03552,30.324,9.3327,-1.1005,0.13853,18.864,-0.23493,-0.048765,0.15448,2,0.37307,-2.6533,-1.7208,-3516.3,-0.0747,0.19164,1.0329,-0.35144,17.388,39.11,151.53,2.4088,8.0341,1
0.33357,0.28578,0.59661,3.8924,78.596,0.4491,0.41379,2.3569,1.2893,0.67356,0.41379,2.0061,0.21163,0.41379,242.24,1.5068,3.4992,0.41379,0.20336,45.637,1.9137,0.44701,0.16394,0.55873,0.67356,1.2261,2.8326,3.0265,4.498,0.080238,0.20336,47.708,7.6508,1.5642,0.44701,2.0455,6.8982,0.75306,0.21969,0.60044,0.020256,0.21969,121.81,76.17,1.3112,2.659,58.842,0.43019,0.21142,2.8095,0.20627,0.13071,3.4169,3.8202,18781,0.22442,0.49524,0.77558,0.11804,7.9979,4.7919,37.001,9.8645,10.322,0
-0.4411,1.5875,-1.4399,0.072875,-1538,-1.1909,-0.4411,-0.37007,0.072718,-0.58747,-0.3309,-0.28402,-4.773,-0.4411,-1669.4,-0.21864,0.62993,-0.4411,-6.0659,379.67,0.23646,-0.33095,-6.0659,-0.81226,-0.62693,-0.21864,-3.0031,-1.6236,3.7795,21.829,-4.5755,1309.3,0.28904,0.28277,-0.36019,0.11797,,-0.58747,-4.9533,0.000432,-0.22334,-4.5512,564.73,185.06,-5.8316,0.049136,63.767,-0.42497,-5.8441,0.071297,1.5531,3.5871,-0.66242,-0.66242,-8666.8,-4.954,0.75085,3.8051,0,0.96136,1.9723,7795.5,0.046822,0.081995,1
0.15969,0.20886,0.28811,2.3795,13.17,0.52931,0.20057,3.6642,1.0982,0.7653,0.20057,0.96033,0.11327,0.20057,291.54,1.252,4.7879,0.20057,0.086882,33.745,1.0733,0.19385,0.069174,0.66161,0.7653,1.0563,0.92214,0.57276,4.6753,0.047239,0.086882,36.263,10.065,0.92816,0.19385,2.3179,,0.7653,0.083972,0.47785,0.026952,0.083972,62.795,29.05,0.74821,1.3576,37.058,0.13294,0.057585,2.3795,0.20886,0.099352,1.5214,1.5214,13640,0.089385,0.20867,0.91061,0,10.816,12.565,33.022,11.053,4.5894,0
-0.017694,0.15649,0.063158,1.8013,-110.65,0.72786,-0.019055,5.3903,0.22237,0.84351,0.007083,-0.24177,-0.050196,-0.019055,-5117.2,-0.071328,6.3903,-0.019055,-0.085693,92.531,1.0335,0.005204,-0.07957,-0.037984,0.72056,-0.062628,0.1991,0.073608,5.2498,0.70373,-0.085693,170.07,2.3011,1.1589,0.053217,0.22237,1.1021,0.92118,0.23932,0.71497,0.39827,0.023403,140.54,48.011,-0.31387,1.0861,113.45,-0.002689,-0.012094,0.90724,0.078815,0.43458,0.98308,1.0736,1.8013,0.23932,0,0.88465,0.092083,3.9446,7.6024,129.37,2.8214,0.25916,0
-0.073221,1.6733,-0.65563,0.604,-240.53,-1.0258,-0.070306,-0.40238,1.4003,-0.67329,0.071033,-0.042465,-0.050207,-0.070306,-8687.1,-0.042017,0.59762,-0.070306,-0.050207,141.97,0.73068,0.023079,-0.052289,-0.059099,-1.0991,-0.043758,0.16329,,2.4848,1.1641,-0.046067,335.81,1.0869,1.0755,-0.39923,1.4003,,-0.67329,-0.2851,0.027362,2.4167,0.016482,248.85,106.88,-0.13443,0.27502,110.47,0.023079,0.016482,0.59762,1.6556,0.92003,,,-200.19,-0.2851,0.10875,1.0375,0,2.5709,3.4152,431.55,0.84579,,0
0.21233,0.11047,0.37595,4.4032,168.77,0.29174,0.26556,7.448,0.7623,0.82279,0.26556,2.4039,0.51099,0.26556,135.65,2.6907,9.0522,0.26556,0.45653,19.816,0.90422,0.24699,0.36502,0.37118,0.82279,2.2088,3.2368,0.73202,4.1312,-0.48595,0.45653,52.842,6.9074,2.2358,0.24699,1.085,,0.82279,0.42461,3.5723,0.013033,0.42461,57.596,37.78,6.7234,4.1173,15.106,0.21531,0.37014,4.4032,0.11047,0.14477,1.6021,1.6021,5085,-0.31182,0.25806,1.3118,0,18.419,9.6612,69.319,5.2655,1.1326,0
0.020684,0.17358,0.13396,1.944,15.046,0,0.021303,4.761,1.3101,0.82642,0.030014,0.15012,0.040243,0.021303,1201.7,0.30373,5.761,0.021303,0.016261,24.508,1.0924,0.029285,0.015788,-0.010752,0.64608,0.30016,3.3619,0.185,4.7394,0.13084,0.016915,48.885,7.5216,6.1492,0.25052,1.3101,,0.82642,0.19123,0.036599,0.095317,0.022354,75.413,50.905,0.23514,1.3241,30.081,-0.002132,-0.001628,1.5893,0.14191,0.13295,1.1413,1.1413,1.944,0.19123,0.025028,0.80596,0,14.893,7.1703,39.537,9.2319,1.8092,0
0.20003,0.083505,0.40269,6.6442,192.75,0.43457,0.24562,10.842,1.3231,0.90537,0.24562,3.4426,0.30986,0.24562,105.3,3.4662,11.975,0.24562,0.26294,18.597,1.1578,0.23887,0.21414,0.53648,0.90537,2.9203,3.3835,0.76561,4.7952,-0.2362,0.26294,36.885,9.8955,2.8606,0.23887,0.95532,35.07,0.91753,0.25572,4.2708,0.009711,0.25572,66.165,47.568,4.2029,5.9771,24.606,0.19504,0.2088,5.6767,0.071345,0.10106,1.7213,1.7445,25128,0.2442,0.22094,0.7558,0.01343,19.627,7.6732,27.878,13.093,1.776,0
0.018018,0.60303,0.25612,1.4596,-18.84,0,0.021332,0.65828,3.6835,0.39697,0.043628,0.038276,0.025843,0.021332,2312.2,0.15785,1.6583,0.021332,0.005791,40.982,0.936,0.034166,0.004891,0.024811,0.3442,0.15236,1.5323,1.3728,3.6161,0.16151,0.007495,55.367,6.5924,6.0927,0.009429,3.6835,,0.39697,0.00256,0.070095,0.18608,0.009275,76.733,35.751,0.043565,0.71746,41.087,-0.039694,-0.010776,1.3489,0.55732,0.15169,2.1278,2.1278,1058.1,0.00256,0.045388,0.99427,0,8.9064,10.21,55.225,6.6093,19.744,0
0.09718,0.58967,-0.048109,0.84681,-32.958,0.30163,0.11568,0.5244,1.0883,0.30922,0.11568,0.36835,0.17966,0.11568,822.72,0.44365,1.6959,0.11568,0.079442,14.624,1.2431,0.1508,0.066738,0.36621,0.30922,0.41228,1.127,-0.065537,5.2116,0.39104,0.079442,85.67,4.2605,0.25573,0.1508,1.4964,0.75316,0.58485,0.10356,0.073079,0.065334,0.10356,60.907,46.283,1.6657,0.66103,15.916,0.00487,0.003344,0.45099,0.31404,0.23471,0.42125,0.79673,-7831.6,0.081141,0.31427,0.91886,0.89136,24.959,7.8863,78.719,4.6368,1.9837,0
0.048348,0.95859,0.13804,1.281,-26.989,-0.018438,0.072103,0.043204,1.1487,0.041415,0.13289,0.1468,0.10901,0.072103,2794.3,0.13062,1.0432,0.072103,0.062771,64.765,1.5677,0.13287,0.04209,0.092092,0.02991,0.10584,2.1858,0.37227,4.1152,0.74084,0.076711,173.44,2.1044,1.0783,0.11504,1.1487,1.2848,0.37251,0.10015,0.23479,0.17181,0.11567,163.29,98.525,0.23721,0.86607,71.973,0.07976,0.069436,0.65639,0.49117,0.47519,0.11169,1.0046,1799.8,0.10015,1.1674,0.9389,7.9946,5.6358,3.7047,156.07,2.3387,3.0979,0
0.000605,0.55867,-0.038792,0.88126,-58.793,0.062415,0.003524,0.67097,1.0807,0.37485,0.003524,0.010787,0.073154,0.003524,3129.1,0.11665,1.79,0.003524,0.003956,27.098,1.2091,0.014136,0.00068,0.082028,0.37485,0.11142,0.17149,-0.054475,4.9423,0.62675,0.003956,144.65,2.5233,0.025303,0.014136,0.92698,0.95595,0.60683,0.015869,0.061109,0.24238,0.015869,109.78,82.682,0.009155,0.67881,29.285,-0.047508,-0.053329,0.51533,0.32669,0.39631,0.5264,0.85217,-3396.3,0.074664,0.001615,0.92534,0.61885,13.469,4.4145,133.85,2.7269,1.251,0
0.034464,0.11299,0.50687,5.5787,91.666,0,0.051472,7.8501,1.457,0.88701,0.051524,0.46496,0.089881,0.051472,314.92,1.159,8.8501,0.051472,0.035326,42.55,1.1598,0.044507,0.023653,0.12779,0.87747,1.0085,851.43,1.3254,3.7195,-0.15012,0.035362,29.268,12.471,12.218,0.076499,1.457,,0.88701,0.052503,3.0483,0.030376,0.030546,70.171,27.621,0.2029,4.0444,44.908,-0.034982,-0.024009,5.4656,0.1107,0.080187,2.3194,2.3194,2656.9,0.052503,0.038854,0.96512,0,8.5782,13.214,27.732,13.162,3.81,0
0.056086,0.31792,0.25187,1.841,14.626,0.18114,0.070692,1.9544,1.0268,0.62134,0.070692,0.23603,0.035262,0.070692,1250.2,0.29194,3.1454,0.070692,0.026857,9.6499,1.1852,0.062735,0.021308,0.22898,0.62134,0.246,0.24472,0.56143,5.2543,0.091472,0.026857,42.644,8.5592,0.19733,0.062735,2.6622,26.155,0.63976,0.023834,0.52148,0.12317,0.023834,54.801,45.151,0.80595,1.6086,9.9084,0.040611,0.015429,1.7343,0.2995,0.11683,1.385,1.426,45232,0.026093,0.090266,0.97391,0.029647,37.824,8.084,41.532,8.7885,5.8672,0
0.00126,0.83955,-0.15425,0.26472,-177.77,0.013069,0.003961,0.17903,1.0993,0.1503,0.003961,0.018882,0.10837,0.003961,6566.1,0.055588,1.1911,0.003961,0.009199,3.0734,1.3781,0.045184,0.002926,0.017443,0.1503,0.052371,1.1534,-0.16332,5.5435,1.9413,0.009199,195.46,1.8674,0.053819,0.045184,0.44569,0.082424,0.78007,0.10493,0.086027,0.31404,0.10493,31.774,28.701,0.34744,0.24744,3.3785,0.002476,0.005749,0.066148,0.20978,0.53551,0.15914,0.82594,-53915,0.090307,0.008382,0.90969,4.19,118.76,12.717,177.81,2.0528,0.45595,0
-0.021289,0.42136,0.23437,3.1932,99.538,-0.046365,-0.026076,1.3075,1.044,0.55095,-0.026076,-0.24402,0.10467,-0.026076,2389.4,0.15276,2.3733,-0.026076,-0.042405,50.541,1.3469,0.024706,-0.03462,-0.04274,0.55095,0.16412,0.41945,0.35576,4.9636,0.37171,-0.042405,66.219,5.512,0.058634,0.024706,0.61601,0.81423,0.86545,0.040177,1.9105,0.12031,0.040177,81.361,30.82,-0.25002,2.3964,52.765,-0.065736,-0.1069,0.80982,0.10686,0.18142,0.83632,1.3137,21550,0.042148,-0.03864,0.95785,0.57084,7.2218,11.843,63.428,5.7545,0.93344,0
0.11153,0.08163,0.27296,4.3438,48.113,0.26872,0.13541,11.024,1.1379,0.89993,0.13541,1.6588,0.14067,0.13541,200.3,1.8223,12.25,0.13541,0.12805,46.777,1.103,0.12145,0.10547,0.32499,0.89993,1.5298,1.3069,0.42292,5.3324,0.045638,0.12805,32.061,11.384,1.4878,0.12145,1.0942,,0.89993,0.11485,0.59284,0.01991,0.11485,105.69,58.912,0.82301,2.6837,53.227,0.10811,0.10224,4.3438,0.08163,0.087839,1.3943,1.3943,58685,0.12118,0.12394,0.87882,0,7.803,6.1957,28.176,12.954,1.6384,0
0.056585,0.57177,0.13184,1.3905,2.6117,0.001064,0.072206,0.74896,2.6237,0.42823,0.092806,0.21387,0.041381,0.072206,1922.2,0.18989,1.749,0.072206,0.02752,15.61,1.4064,0.092782,0.021567,0.21482,0.4211,0.16257,4.5041,0.24851,3.9918,0.21169,0.031517,48.411,7.5396,4.452,0.078205,2.6237,1.8082,0.6258,0.029807,0.052641,0.14758,0.035362,62.837,47.227,0.50428,1.0582,16.09,0.056417,0.021502,0.82107,0.33762,0.13263,0.80716,1.1796,1293.9,0.029807,0.13214,0.97263,0.46136,23.382,7.7287,46.968,7.7713,4.9454,0
0.099919,1.3416,-0.6806,0.46164,-140.18,-0.74131,0.097874,-0.25463,2.8308,-0.34161,0.18911,0.077419,0.06061,0.097874,2854.1,0.12788,0.74537,0.097874,0.034575,42.825,0.98858,0.1875,0.035297,-0.63695,-0.59006,0.12941,2.055,-1.6346,4.1882,0.46601,0.055871,172.3,2.1184,1.9962,0.15266,2.8308,9.3636,-0.31475,0.053928,0.018884,0.17122,0.066235,72.174,29.349,0.30084,0.19893,45.266,0.1138,0.040201,0.43501,1.2642,0.47206,-0.82043,-0.75593,-10498,0.053928,-0.29249,0.96639,-0.078621,8.5231,12.437,163.01,2.2391,6.7985,0
0.008151,0.61125,0.16511,1.2878,24.603,0,0.008629,0.63598,1.1461,0.38875,0.01148,0.015041,0.035137,0.008629,5540.5,0.065879,1.636,0.008629,0.007529,26.228,1.8066,0.000324,0.007112,0.29643,0.3314,0.065098,0.1136,0.63208,3.8251,0.017212,0.008592,177.65,2.0546,1.9282,-0.032577,1.1461,109.68,0.39473,-0.028425,1.0387,0.63744,0.000283,45.506,19.277,0.098977,1.1443,25.504,-0.031316,-0.027325,1.2086,0.57367,0.48672,1.4882,1.5111,1103.7,-0.028425,0.020968,0.99278,0.015395,13.916,18.934,182.7,1.9978,4.3873,0
-0.036883,0.65814,-0.11993,0.76097,-26.252,-0.02761,-0.037279,0.41542,0.99461,0.27341,-0.037279,-0.074297,0.013258,-0.037279,6555.6,0.055678,1.5194,-0.037279,-0.013488,9.5532,0.99553,-0.015457,-0.013345,-0.019906,0.27341,0.05628,-0.055624,-0.19401,4.3167,0.23744,-0.013488,65.905,5.5383,-0.023486,-0.015457,2.7792,1.9791,0.42979,-0.005593,0.01368,0.37009,-0.005593,49.517,39.964,-0.50986,0.6168,9.5017,-0.08938,-0.032338,0.58016,0.50176,0.18056,0.44228,0.69525,-2486.6,-0.005416,-0.1349,1.0054,0.57197,38.207,9.1332,66.262,5.5084,4.4711,0
0.055964,0.36598,0.39398,2.4158,46.3,0,0.070266,1.7324,2.732,0.63402,0.077298,0.2525,0.047974,0.070266,1019.2,0.35812,2.7324,0.070266,0.02572,7.4313,1.122,0.076267,0.020485,0.52681,0.54068,0.31904,10.846,1.2021,3.7166,0.10692,0.027343,38.1,9.5811,7.285,0.066061,2.7435,10.661,0.69186,0.024181,0.27724,0.089004,0.027917,79.509,72.077,1.0062,2.2159,7.6146,0.015469,0.005662,1.8369,0.27828,0.10437,1.9345,2.111,2051.5,0.024181,0.088269,0.97439,0.091224,49.117,5.064,37.179,9.8174,8.3356,0
-0.32543,3.0059,-1.1407,0.33209,-310.77,-0.32543,-0.32543,-0.66732,0.75303,-2.0059,-0.32543,-0.19054,-0.30948,-0.32543,-3371.3,-0.10827,0.33268,-0.32543,-0.30948,19.889,,-0.31869,-0.30948,-0.32543,-2.0059,-0.10827,,-2.6356,3.7589,2.8579,-0.30948,446.42,0.81761,-0.10602,-0.31869,1.0936,0.39284,-0.70791,-0.30308,0.004752,-0.31008,-0.30308,194.06,174.17,-5.6795,0.29854,14.977,-0.31869,-0.30308,0.18869,1.7079,1.2231,-4.6344,-1.6356,-6547.7,-0.32797,0.16224,1.328,-0.64708,18.352,2.0956,592.84,0.61568,2.4295,1
0.012107,0.29524,0.20869,1.9792,-5.659,0.23169,0.020751,2.231,1.0102,0.65867,0.020751,0.097359,0.046468,0.020751,2090.3,0.17462,3.3871,0.020751,0.018704,59.307,1.3467,-0.001466,0.010912,0.29515,0.65867,0.14534,-0.013352,0.36095,4.1042,0.2648,0.018704,70.836,5.1528,-0.004967,-0.001466,1.1478,2.9422,0.74078,-0.001322,0.21891,0.33086,-0.001322,123.43,64.122,0.06716,1.1334,59.912,-0.03227,-0.029086,1.4288,0.21313,0.19407,1.1392,1.2812,2652.9,0.010105,0.01838,0.9899,0.12465,6.1545,5.6923,70.12,5.2054,1.9189,0
0.23473,0.47301,0.028584,1.0655,-21.874,0.64226,0.23473,1.1141,1.1374,0.52699,0.23473,0.5378,0.16496,0.23473,556.84,0.65548,2.1141,0.23473,0.12489,23.06,1.0065,0.24683,0.12489,0.64226,0.52699,0.65548,1.4937,0.053434,4.4055,0.2123,0.12489,96.408,3.786,0.52183,0.24683,1.9056,9.4797,0.56352,0.13133,0.18251,0.048274,0.13133,74.844,51.784,1.9768,0.79344,26.228,0.17151,0.091255,0.9832,0.43648,0.26413,0.98514,1.0534,727.19,0.12079,0.44542,0.87921,0.069323,15.828,7.0485,84.763,4.3061,3.5135,0
0.083303,0.57756,0.045087,1.0795,-33.662,0.28169,0.083303,0.73141,1.0387,0.42244,0.083303,0.14692,0.058595,0.083303,1628.8,0.2241,1.7314,0.083303,0.037712,38.446,1.0894,0.096785,0.037712,0.28169,0.42244,0.2241,0.45512,0.11623,4.5179,0.25214,0.037712,97.317,3.7506,0.16757,0.096785,2.2313,35.888,0.43301,0.043816,0.048624,0.13287,0.043816,96.584,58.139,0.35804,0.66917,39.934,0.050657,0.022933,1.0598,0.56699,0.26662,1.089,1.1162,1485.7,0.03727,0.1972,0.96273,0.025027,9.494,6.2781,93.69,3.8958,5.6942,0
-0.050319,0.6319,-0.3006,0.51684,-243.71,-0.11652,-0.050319,0.58253,0.91687,0.3681,-0.016952,-0.080877,-0.004974,-0.050319,-50579,-0.007217,1.5825,-0.050319,-0.054881,54.98,1.0889,0,-0.054881,-0.14472,0.030271,-0.007217,0,-0.44308,4.5513,0.66029,-0.11695,326.67,1.1173,1.1001,0.011941,0.91687,46.689,0.37203,0.013023,0.044069,0.46031,0,117.1,62.115,-0.36434,0.29486,72.515,-0.045759,-0.049908,0.50888,0.62216,0.89498,0.54257,0.54836,-10699,0.2418,-0.1367,0.79466,0.010674,6.6387,5.8762,247.68,1.4737,1.3514,0
-463.89,0,0,,0,-463.89,-463.89,,0.8716,266.86,-463.89,,-0.37896,-463.89,0,,,-463.89,-0.49812,52.519,,-431.59,-0.49812,-463.89,266.86,,,0,1.0496,0,-0.49812,0,,,-431.59,965.66,,266.86,-0.46343,,0,-0.46343,52.519,0,-3.4619,,45.776,-542.56,-0.58259,,0,0,8309.6,8309.6,0,-0.14732,-1.7384,1.1473,0,6.9498,,0,,28999,1
-0.080399,0.4605,0.092923,1.2559,-43.29,0.24775,-0.077559,1.1648,0.94952,0.5364,-0.077559,-0.21355,-0.006228,-0.077559,-15366,-0.023753,2.1716,-0.077559,-0.044156,56.161,0.96793,-0.069147,-0.045773,0.3463,0.5364,-0.029921,-0.3738,0.17085,3.6039,0.24532,-0.044156,71.662,5.0934,-0.15016,-0.069147,1.8175,1.9098,0.63371,-0.039367,0.18363,-5.9919,-0.039367,80.922,24.761,-0.29749,0.51172,53.326,-0.13577,-0.077296,0.99046,0.36319,0.19633,0.98622,1.1651,373.28,-0.053162,-0.14989,1.0532,0.18142,6.4992,14.741,75.471,4.8363,3.2294,0
0.022091,0.51569,0.29808,1.578,48.521,0,0.026611,0.93913,1.4689,0.48431,0.037338,0.051602,0.029301,0.026611,4373.3,0.083461,1.9391,0.026611,0.018116,25.117,1.186,0.032227,0.015039,0.067775,0.081445,0.074696,3.0044,1.6007,4.0999,0.29563,0.025287,130.41,2.7989,2.7989,0.025542,1.4689,,0.48431,0.017389,0.16702,0.35329,0.02194,180.81,155.69,0.21854,1.382,25.562,0.015798,0.010755,1.578,0.51569,0.35729,2.6007,2.6007,3751.4,0.017389,0.045614,0.98207,0,14.532,2.3444,128.14,2.8484,7.8878,0
0.092441,0.33242,0.13425,1.5271,-23.754,0.17157,0.11431,2.0079,1.0687,0.66748,0.11431,0.44876,0.13399,0.11431,767.53,0.47555,3.0082,0.11431,0.096883,60.616,1.1734,0.12895,0.07835,0.19484,0.66748,0.40977,1.1681,0.21972,4.4072,0.23136,0.096883,84.217,4.334,0.38791,0.12895,1.2369,2.4842,0.74518,0.1093,0.26587,0.063273,0.1093,99.383,38.766,0.47178,0.75783,64.783,0.085175,0.072192,1.1701,0.25472,0.23073,1.0924,1.2196,3428.3,0.064317,0.13849,0.93568,0.11641,6.0215,9.4154,78.8,4.632,1.9309,0
0.039595,0.31681,0.39525,2.2476,-19.412,0,0.039595,2.1565,1.5426,0.68319,0.065315,0.12498,0.03703,0.039595,2024.3,0.18031,3.1565,0.039595,0.025668,110.02,1.1192,0.057288,0.025668,0.13896,0.68171,0.18031,2.2273,1.3727,3.8276,0.19327,0.025849,77.631,4.7017,4.7017,0.053073,1.5426,,0.68319,0.034405,0.089397,0.14115,0.037137,161.78,51.761,0.085155,0.77991,113.94,0.03976,0.025775,2.2476,0.31681,0.21269,2.3727,2.3727,2657.5,0.034405,0.057956,0.97464,0,3.3176,7.0516,74.96,4.8692,5.3573,0
0.11411,0.18079,0.376,3.0832,14.742,0.1414,0.14262,4.0267,1.1216,0.728,0.14262,0.79016,0.14603,0.14262,325.23,1.1223,5.5311,0.14262,0.10264,46.813,1.3864,0.14727,0.082126,0.18312,0.728,0.96465,1.1887,0.8478,5.0406,0.066552,0.10264,53.177,6.8639,0.81455,0.14727,1.4032,1241.4,0.7283,0.10599,1.3178,0.028638,0.10599,83.702,36.889,0.64034,2.0959,52.504,0.086977,0.062597,3.078,0.18049,0.14569,1.6415,1.6421,41286,0.1084,0.15675,0.8916,0.000419,7.7971,9.8944,47.412,7.6984,3.133,0
0.059651,0.53558,0.10655,1.2206,-59.508,0.19477,0.066651,0.82714,1.0299,0.443,0.066651,0.13798,0.10281,0.066651,1737.2,0.21011,1.8671,0.066651,0.060896,89.616,0.98666,0.073936,0.054501,0.21837,0.443,0.19704,0.69569,0.25965,5.3884,0.40826,0.060896,165.9,2.2001,0.13805,0.073936,1.1891,6.1101,0.49552,0.067552,0.19595,0.14696,0.067552,165.06,75.446,0.22198,0.66428,92.292,0.028057,0.025634,1.1009,0.48306,0.45453,1.0795,1.2074,26063,0.028996,0.13465,0.971,0.11855,4.073,4.8379,161.09,2.2658,2.667,0
0.01379,0.72796,0.005323,1.009,-69.244,0.044322,0.027613,0.29215,1.1142,0.21267,0.027613,0.046686,0.07558,0.027613,2180,0.16743,1.3737,0.027613,0.017123,59.189,1.3987,0.11859,0.008551,0.12184,0.21267,0.14844,0.8194,0.0132,4.9496,0.42919,0.017123,149.16,2.447,0.16291,0.11859,1.6156,2.4562,0.34917,0.07354,0.067456,0.11243,0.07354,126.04,66.855,0.052731,0.56686,65.95,0.024323,0.015083,0.8198,0.59146,0.40866,0.52743,0.86596,474,0.10251,0.06484,0.89749,0.64185,6.1667,5.4596,133.87,2.7265,3.9994,0
0.031785,0.87574,0.10007,1.1143,1.9021,-0.21991,0.078927,0.14158,4.5069,0.12398,0.10899,0.090127,0.019824,0.078927,3577.6,0.10202,1.1419,0.078927,0.017513,5.6098,,0.079189,0.007053,0.078927,0.084742,0.048193,2.6339,4.1542,3.1844,0.17309,0.024184,73.627,5.1371,5.1371,0.16541,4.6078,,0.12398,0.036701,0.11732,0.32577,0.017571,70.707,65.097,0.45888,0.19642,5.62,0.06877,0.015259,1.1143,0.87574,0.19466,5.1472,5.1472,153,0.036715,0.25637,0.97633,0,65.065,5.607,70.924,5.1464,187.1,1
0.054878,0.5534,-0.009632,0.96727,-18.075,0,0.054878,0.80702,1.2198,0.4466,0.087804,0.18651,0.082399,0.054878,2009.6,0.18163,1.807,0.054878,0.044989,13.108,1.3773,0.071303,0.044989,0.29762,0.054878,0.18163,2.1656,-0.013464,4.0018,0.44199,0.069807,91.186,4.0028,2.1283,0.042009,1.2198,1.2559,0.63835,0.034439,0.060029,0.15775,0.058454,79.878,66.77,1.2527,0.81839,13.576,0.02567,0.021044,0.5143,0.29424,0.24982,0.62428,0.89231,-96.727,0.034439,0.12288,0.95677,0.42934,27.845,5.4665,88.046,4.1456,1.7051,0
0.039128,0.57704,-0.074104,0.84657,-80.772,-0.12342,0.038365,0.60473,1.0008,0.34895,0.038365,0.079433,0.086213,0.038365,1964.5,0.1858,1.733,0.038365,0.03085,51.185,1.0926,0.060885,0.031464,-0.12419,0.34895,0.18712,0.48999,-0.12536,4.988,0.4341,0.03085,141.87,2.5727,0.10551,0.060885,1.3074,2.4927,0.44302,0.04896,0.1078,0.14623,0.04896,104.73,53.542,0.22437,0.4855,51.226,-0.007962,-0.006403,0.70857,0.48298,0.38869,0.59032,0.74945,-7208.9,0.000802,0.11213,0.9992,0.26957,7.131,6.8171,141.76,2.5748,2.1037,0
0.012644,0.62453,0.000676,1.0014,-59.769,0,0.017293,0.6012,1.5272,0.37547,0.069057,0.036374,0.077409,0.017293,1928.2,0.18929,1.6012,0.017293,0.011324,54.317,1.1155,0.067713,0.008279,0.098154,0.37396,0.18185,1.3081,0.00129,4.6008,0.40581,0.02437,116.63,3.1296,2.3824,0.039285,1.5272,4.2409,0.43414,0.025724,0.017783,0.12345,0.044338,111.77,57.451,0.055633,0.52339,55.752,-0.033212,-0.021747,0.76234,0.47543,0.31953,0.71669,0.82868,26.955,0.025724,0.033674,0.98894,0.15627,6.7198,6.3532,113.63,3.2122,2.9151,0
0.043564,0.67771,-0.054563,0.86923,-74.291,0,0.043564,0.47556,1.2694,0.32229,0.043564,0.10441,0.056425,0.043564,3453.5,0.10569,1.4756,0.043564,0.034318,37.305,1.5035,0.002102,0.034318,0.14219,0.23995,0.10569,,-0.085613,4.7833,0.52236,0.077206,148.1,2.4645,1.5173,0.052603,1.2694,1.2064,0.51537,0.041439,0.087993,0.74888,0.001656,93.724,56.419,0.33577,0.55827,46.054,-0.025961,-0.020451,0.53515,0.41724,0.40577,0.5057,0.80864,-3313,0.18997,0.13517,0.81505,0.59906,9.7841,6.4695,119.97,3.0424,1.9918,0
0.001155,1.0032,0.016613,1.0201,-55.082,-0.21559,0.001155,-0.003159,2.2399,-0.003169,0.004401,0.001396,0.000767,0.001155,213260,0.001712,0.99684,0.001155,0.000516,37.332,1.0322,0,0.000516,-0.45937,-0.21443,0.001712,0,0.1066,2.9869,0.44615,0.001032,206.14,1.7706,1.4606,0.008227,2.2399,,-0.003169,0.003673,0.018696,59.536,0,135.04,97.706,0.005043,0.74324,57.067,-0.000562,-0.000251,0.84149,0.82754,0.56477,-0.020334,-0.020334,16.12,0.34582,-0.36455,0.65552,0,9.7771,3.7357,134.85,2.7067,14.372,0
0.24663,0.11314,0.44383,4.9229,342.92,0.63621,0.30507,7.7183,1.6713,0.87324,0.30507,2.6964,0.49568,0.30507,115.29,3.1659,8.8386,0.30507,0.42216,37.387,1.2206,0.28598,0.3413,0.78767,0.87324,2.6495,6.6143,1.0018,5.618,-0.33868,0.42216,95.513,3.8215,2.5276,0.28598,0.74585,,0.87324,0.39575,3.2389,0.010969,0.39575,96.233,58.846,3.332,4.2687,62.486,0.23285,0.32223,4.9229,0.11314,0.26168,1.9711,1.9711,184160,0.40168,0.28243,0.59832,0,9.7628,6.2026,57.147,6.387,1.6311,0
0.072328,0.62516,0.15846,1.3851,-4.5137,0.14253,0.090782,0.53955,1.0453,0.33731,0.090782,0.2206,0.064494,0.090782,1525.5,0.23926,1.5996,0.090782,0.039143,28.356,1.2004,0.11311,0.031186,0.17252,0.33731,0.20974,0.50977,0.36849,4.402,0.24219,0.039143,67.697,5.3917,0.18092,0.11311,2.3532,1.8245,0.55096,0.048769,0.16727,0.11956,0.048769,78.869,50.513,0.40143,0.94723,29.64,0.054311,0.023418,0.91172,0.41151,0.18547,0.78439,1.2812,3998.6,0.04332,0.21443,0.95668,0.6334,12.872,7.2258,64.764,5.6358,5.3932,0
0.18654,0.19883,0.085418,1.5687,26.564,0,0.22496,4.0295,0.84112,0.80117,0.22666,1.4978,0.31845,0.22496,270.94,1.3472,5.0295,0.22496,0.26745,16.484,1.0176,0.22198,0.22178,0.43911,0.18654,1.1539,130.39,0.11175,3.8988,0.18975,0.26745,81.834,4.4602,3.3692,0.17122,0.84112,,0.80117,0.20356,0.26894,0.025021,0.26392,84.714,68.23,4.9107,1.3158,20.697,0.17909,0.21292,1.185,0.15019,0.2242,1.0481,1.0481,676.61,0.20356,0.23283,0.75018,0,22.142,5.3496,65.176,5.6002,1.1004,0
0.088987,0.77568,0.28282,1.4787,-25.854,0.053698,0.11795,0.27185,1.0522,0.21087,0.11795,0.19962,0.038508,0.11795,2123.2,0.17191,1.2892,0.11795,0.034061,54.116,1.5377,0.16281,0.025698,0.089675,0.21087,0.13457,0.4947,2.2385,4.2902,0.22132,0.034061,65.528,5.5701,0.20989,0.16281,3.4634,1.949,0.39571,0.047016,0.023637,0.1431,0.047016,90.616,36.501,0.17333,0.60973,56.94,0.14741,0.042569,1.1263,0.59084,0.17953,1.6691,3.1321,5516.8,0.049597,0.422,0.9504,0.87656,6.7448,9.9998,62.278,5.8608,27.409,0
0.15694,0.40186,0.20904,1.8705,16.81,0.27785,0.19505,0.99859,1.0823,0.40129,0.19505,0.81225,0.13885,0.19505,538.95,0.67724,2.4884,0.19505,0.099514,23.214,1.2791,0.2041,0.080072,0.34706,0.40129,0.58241,1.127,0.37949,4.5947,0.17686,0.099514,48.397,7.5417,0.50789,0.2041,2.0343,2.0066,0.56302,0.10413,0.24416,0.046982,0.10413,72.728,49.513,1.259,1.3514,25.124,0.12699,0.064793,1.1177,0.24013,0.1326,0.72852,1.0221,8220.6,0.076013,0.39109,0.92399,0.40301,15.723,7.3718,44.719,8.1622,3.5583,0
-0.071058,1.1304,-0.44183,0.60915,-64.708,-0.63866,-0.074626,-0.17705,1.0028,-0.20015,-0.074626,-0.066017,0.046418,-0.074626,1965.8,0.18568,0.88463,-0.074626,-0.016503,23.666,1.0079,-0.025226,-0.015714,-0.63639,-0.20015,0.18884,-0.055944,-1.4188,4.1777,0.19216,-0.016503,91.504,3.9889,-0.022316,-0.025226,4.568,,-0.20015,-0.005579,0.25286,0.14333,-0.005579,32.51,8.844,-0.24236,0.34978,23.733,-0.30975,-0.0685,0.60915,1.1304,0.2507,-0.6427,-0.6427,-6652,0.002816,0.35503,0.99718,0,15.423,41.271,91.246,4.0002,14.521,0
0.80516,0.15843,0.83259,6.2554,153.91,0,0.80516,5.3121,2.4752,0.84157,0.8128,5.0822,0.32699,0.80516,71.446,5.1087,6.3121,0.80516,0.32529,16.639,2.3012,0.8128,0.32529,1.3235,0.80516,5.1087,106.43,92.684,3.0408,0.00411,0.32835,34.628,10.541,10.541,0.80529,2.4752,,0.84157,0.32534,0.98404,0.006464,0.32838,123.15,106.51,7.1359,5.5432,24.662,0.8086,0.32668,6.2554,0.15843,0.094872,93.684,93.684,914.6,0.32534,0.95673,0.67582,0,21.937,3.4269,23.362,15.624,275.54,0
0.18208,0.85585,0.13027,1.1522,2.6973,-0.043364,0.18208,0.16843,3.6847,0.14415,0.18208,0.21275,0.049965,0.18208,1696.8,0.21511,1.1684,0.18208,0.049417,10.288,2.106,0.17884,0.049417,0.1909,0.13872,0.21511,,9.3834,4.2651,0.21039,0.049417,89.116,4.0958,4.0958,0.17927,3.6847,,0.14415,0.048654,0.094397,0.15774,0.048536,89.681,79.394,1.7533,1.0309,10.814,0.17682,0.047988,1.1522,0.85585,0.24415,10.383,10.383,2398.3,0.048654,1.2631,0.95075,0,35.48,4.5973,84.78,4.3053,265.41,0
-0.007348,0.73996,0.073956,1.1002,-12.221,-0.23801,-0.007348,0.35143,5.0391,0.26004,-0.007348,-0.009955,-0.001458,-0.007348,-36754,-0.009931,1.3514,-0.007348,-0.001458,13.486,1.0117,0,-0.001458,0.055812,-0.60367,-0.009931,,0.39363,2.8826,0.14684,-0.002917,55.787,6.5427,6.5268,0.023369,5.0391,,0.26004,0.004637,0.070076,,0,55.077,41.591,-0.039468,0.84796,14.071,0,0,1.0975,0.73816,0.15284,1.384,1.384,56.44,0.041593,-0.028259,0.9601,0,27.065,8.7759,53.467,6.8266,26.821,0
-0.046918,0.56925,0.24779,2.7832,154.88,0,-0.046918,0.75669,0.58757,0.43075,0.026036,-0.33765,-0.053536,-0.046918,-6605.3,-0.055259,1.7567,-0.046918,-0.07985,6.3551,0.42951,0.01964,-0.07985,0.17986,0.39857,-0.055259,0.26921,0.40406,3.1915,0.93603,-0.031514,89.634,4.0721,0.994,0.021735,0.58757,0.87501,0.86105,0.036992,0.14428,0.54058,0.033425,227.79,221.44,-4.5861,2.7096,6.5992,0.004178,0.007111,0.67939,0.13895,0.24557,0.7024,1.4041,385.09,0.036992,-0.10892,1.079,0.99896,57.434,1.6483,86.318,4.2285,0.95812,0
0.0216,0.56533,0.29973,2.7699,68.648,0,0.0216,0.76889,0.97496,0.43467,0.043001,0.12754,0.066773,0.0216,3169.6,0.11516,1.7689,0.0216,0.022155,46.191,0.76709,0.027207,0.022155,0.19325,0.35648,0.11516,1.2713,0.56455,4.0099,0.55086,0.042551,65.223,5.5962,1.6764,0.027241,0.97496,0.8931,0.82175,0.02794,0.19004,0.26651,0.027906,163.56,117.37,0.17507,2.0413,47.519,-0.016294,-0.016712,0.82976,0.16935,0.17869,0.81872,1.5478,3066.4,0.02794,0.049692,0.97843,0.8905,7.902,3.1098,63.401,5.757,1.8364,0
0.000072,0.7169,0.17919,1.2536,13.37,0,0.002269,0.39484,1.1454,0.28306,0.024056,0.003211,0.024424,0.002269,9353.4,0.039023,1.3949,0.002269,0.001981,43.573,0.9605,-0.001888,0.000063,0.15569,0.20755,0.035959,-0.086661,1.57,4.4039,0.57057,0.016441,225.9,1.6237,1.6005,0.003641,1.1715,,0.28306,0.003179,0.090777,1.0033,-0.001648,261.84,218.27,0.000528,0.28428,43.713,-0.027595,-0.024092,1.2356,0.70664,0.61891,2.4801,2.4801,4542,0.003203,0.000255,0.97944,0,8.3768,1.6723,225.18,1.6209,10.036,1
0.040952,0.73131,0.35095,4.3371,170.93,0.072446,0.040956,0.36329,0.95275,0.26568,0.040956,0.38945,0.143,0.040956,3504.1,0.10417,1.3674,0.040956,0.076884,68.131,1.098,0.067061,0.076875,0.072451,0.26568,0.10416,1.1994,0.64526,4.3916,1.3604,0.076884,68.652,5.3167,0.091699,0.067061,0.62654,0.56964,0.89183,0.12589,0.089058,0.23507,0.12589,306.1,237.97,0.41184,3.3916,64.912,0.031839,0.059769,0.62369,0.10516,0.18809,0.48848,1.6397,8645.8,-0.049594,0.15414,1.0496,2.3568,5.3573,1.5338,72.057,5.0654,0.97944,0
0.23813,0.19514,0.080772,1.4139,-8.5988,0.52108,0.23813,4.1245,1.5833,0.80486,0.25477,1.2203,0.15878,0.23813,283.32,1.2883,5.1245,0.23813,0.1504,15.984,1.2402,0,0.1504,0.45557,0.77001,1.2883,0,0.11155,3.4251,0.12325,0.34042,64.458,5.6626,5.6626,0.13058,1.5833,,0.80486,0.082478,0.19225,0.49014,0,54.959,38.975,3.4346,1.0586,22.902,-0.013271,-0.008382,1.4139,0.19514,0.1766,1.1115,1.1115,214.96,0.30208,0.29586,0.70844,0,22.836,9.3649,44.987,8.1135,2.1866,0
0.24345,0.10846,0.65996,8.2243,175.42,0.49314,0.29461,8.0043,1.4834,0.86816,0.29461,3.2249,0.35044,0.29461,123.2,2.9626,9.2198,0.29461,0.3213,94.969,1.4617,0.24862,0.26551,0.60021,0.86816,2.491,0.3213,2.6538,4.9938,-0.046697,0.3213,53.941,6.7666,2.2922,0.24862,0.99339,29.968,0.88527,0.27115,3.1141,0.01295,0.27115,185.83,90.861,1.0204,5.6127,140.87,0.22189,0.242,6.927,0.091352,0.14778,3.491,3.5598,65055,0.32585,0.28042,0.67415,0.019708,3.8433,4.0171,36.365,10.037,3.6871,0
0.23622,0.19072,0.2558,2.5296,-11.583,0.83994,0.29398,4.173,1.1313,0.79587,0.29398,1.7579,0.15453,0.29398,173.86,2.0994,5.2434,0.29398,0.11346,45.085,1.1756,0.28969,0.091171,1.0443,0.79587,1.7965,1.2649,0.44336,5.1707,0.053982,0.11346,26.653,13.694,1.519,0.28969,2.6131,4.3865,0.81935,0.11181,0.34014,0.01583,0.11181,51.582,6.4971,0.7381,0.61592,51.006,0.18329,0.070742,2.2182,0.16723,0.073022,1.3794,1.4201,37899,0.11609,0.29681,0.88391,0.029505,8.0958,56.179,23.559,15.493,4.4907,0
0.1107,0.21446,0.39479,3.5301,60.154,0.38745,0.1107,3.2193,1.081,0.6904,0.1107,0.70944,0.15167,0.1107,394.32,0.92563,4.6629,0.1107,0.084575,56.938,1.1439,0.11069,0.084575,0.38745,0.6904,0.92563,0.91419,0.8789,4.3331,0.066684,0.084575,47.037,7.7598,0.51613,0.11069,1.3652,5.9332,0.74882,0.08457,0.83411,0.035519,0.08457,117.31,60.374,0.54216,2.2216,61.55,0.022875,0.017477,2.5684,0.15603,0.12887,1.537,1.6671,8500.7,0.074925,0.16034,0.92508,0.084625,6.4104,6.0456,43.513,8.3883,2.9139,0
0.17544,0.57241,0.33462,1.8471,2.7327,0.27851,0.17544,0.74701,3.0685,0.42759,0.19957,0.44412,0.063844,0.17544,1066.5,0.34225,1.747,0.17544,0.057174,35.852,1.0003,0.19946,0.057174,0.70561,0.17214,0.34225,8.2669,1.2377,3.4117,0.18507,0.063523,50.26,7.2622,5.0118,0.19972,3.0685,2.4144,0.60497,0.065087,0.040817,0.086757,0.065003,84.873,49.022,0.58208,1.0841,38.347,0.179,0.058333,1.2747,0.39503,0.1377,1.5816,2.2377,863.42,0.065087,0.4103,0.94289,0.41482,10.181,7.4456,46.989,7.7678,11.35,0
-0.65139,4.0146,-3.5347,0.11888,-676.8,-3.7312,-0.65139,-0.75091,1.3057,-3.0146,-0.63902,-0.16238,-0.4989,-0.65139,-2249.5,-0.16225,0.24909,-0.65139,-0.4989,41.813,0.30578,-0.63902,-0.4989,0.74764,-3.347,-0.16225,-51.662,-6.7572,2.186,3.0726,-0.4989,745.27,0.48976,0.48938,-0.65903,1.3057,,-3.0146,-0.50475,0.003062,-0.20941,-0.48942,129.89,88.073,-4.3551,0.081598,27.787,-0.63902,-0.48942,0.11879,4.0116,2.0418,-5.763,-5.763,-542.38,-0.50475,0.21608,1.5142,0,8.7294,4.1443,1121.4,0.32547,2.496,1
0.019979,0.76432,0.29956,1.5792,-101.7,-0.06316,0.019979,0.30835,2.1484,0.23568,0.037021,0.038628,0.11214,0.019979,1158,0.3152,1.3084,0.019979,0.009299,89.785,1.0398,0,0.009299,0.13053,0.20432,0.3152,0,1.6348,3.6796,0.35202,0.027468,177.13,2.0606,1.3944,0.037064,2.1484,1.6552,0.40984,0.017251,0.03431,0.11532,0,135.75,45.961,0.037804,0.55738,181,-0.22094,-0.10284,1.0686,0.5172,0.48529,1.2862,2.2367,1432.6,0.50394,0.084771,0.50446,0.73898,4.0653,7.9415,87.868,4.1539,11.725,0
0.019822,0.14029,0.46639,4.3355,81.475,0.059328,0.023855,5.9539,1.0078,0.83529,0.023855,0.17061,0.056499,0.023855,578.16,0.63131,7.1279,0.023855,0.015217,29.455,1.1851,0.008135,0.012645,0.079861,0.83529,0.60257,0.052297,1.1844,4.9841,-0.098373,0.015217,32.81,11.125,0.057985,0.008135,1.5873,1023.2,0.83576,0.005189,2.124,0.063314,0.005189,71.998,42.543,0.15669,3.4308,29.685,-0.05658,-0.036092,4.321,0.13983,0.089889,2.1212,2.1224,44965,0.007725,0.023731,0.99228,0.000561,12.392,8.5795,32.556,11.211,3.9809,0
0.072839,0.6278,-0.12409,0.7419,-48.495,0.15716,0.091423,0.58961,1.0643,0.37016,0.091423,0.19016,0.090593,0.091423,1118.1,0.32644,1.5929,0.091423,0.040413,21.669,1.0858,0.13175,0.032198,0.19675,0.37016,0.29684,0.61982,-0.19289,4.2728,0.2534,0.040413,82.558,4.4211,0.20986,0.13175,2.2665,1.5126,0.51719,0.058238,0.13981,0.084154,0.058238,46.706,25.037,0.54237,0.46257,23.062,0.018231,0.008059,0.56816,0.48078,0.22619,0.5754,0.80395,-2325.3,0.060399,0.19678,0.9396,0.39719,16.845,14.578,77.572,4.7053,3.5166,0
-0.25239,1.1362,-0.65156,0.26265,-225.85,-0.32981,-0.33205,-0.11988,1.0243,-0.13621,-0.23747,-0.37577,-0.22117,-0.33205,-1830.6,-0.19938,0.88012,-0.33205,-0.32418,2.0551,0.80341,-0.23759,-0.24641,-0.17606,-0.25448,-0.12927,-2.512,-0.84849,3.4971,1.0787,-0.24196,279.32,1.3068,1.0163,-0.13045,1.0243,2.5712,-0.048188,-0.12735,0.036469,-0.28674,-0.23196,71.223,69.168,-43.763,0.25613,1.823,-0.3431,-0.33497,0.20427,0.88366,0.76525,-0.17738,-0.062752,-2046.7,-0.12735,1.853,1.2847,-0.64623,177.6,5.277,314.89,1.1591,1.3339,0
-0.09856,0.22057,0.59865,3.9804,103.7,0,-0.09856,3.5337,1.5873,0.77943,-0.09856,-0.49068,-0.01505,-0.09856,-3370,-0.10831,4.5337,-0.09856,-0.062092,55.581,0.88216,0,-0.062092,,0.70282,-0.10831,,2.9861,2.9116,0.080805,-0.12418,61.685,5.9172,5.3885,0.009974,1.5873,,0.77943,0.006284,0.63914,0.098464,0,154.33,98.747,-0.40776,2.7771,74.228,-0.07467,-0.047042,3.6248,0.20086,0.169,3.8878,3.8878,488.4,0.25122,-0.12645,0.74894,0,6.567,3.6963,46.188,7.9025,7.9175,0
-0.031047,0.2845,0.37839,2.9459,71.368,0,-0.031047,2.5149,1.4004,0.7155,-0.029689,-0.15966,0.21889,-0.031047,338.78,1.0774,3.5149,-0.031047,-0.022171,66.587,0.98539,0,-0.022171,0.026621,0.54582,1.0774,0,0.88586,3.5107,0.15689,-0.044342,78.573,4.6453,3.1751,0.023283,1.4004,53.294,0.72145,0.016626,0.38862,0.028093,0,129.61,63.027,-0.12153,1.6321,103.23,-0.33757,-0.24106,2.0135,0.19446,0.21527,1.6751,1.689,1226.5,0.35494,-0.043393,0.64719,0.008323,5.4816,5.7912,50.685,7.2014,3.2784,0
-0.15769,1.1577,-0.58425,0.059571,-589.68,-0.16383,-0.15769,-0.13619,0.3394,-0.15767,-0.085406,-0.25383,-0.17355,-0.15769,-7173.5,-0.050882,0.8638,-0.15769,-0.46462,11.953,0.51505,-0.082523,-0.46462,-0.029051,-0.32152,-0.050882,-1.1416,-0.60674,3.488,3.4037,-0.46462,492.94,0.74407,0.3993,-0.12057,0.37981,0.048302,0.37842,-0.35523,0.003946,2.3726,-0.24314,37.164,25.211,-14.187,0.021837,8.8193,-0.18131,-0.5342,0.031969,0.62126,1.3505,-0.16374,0.39298,-1797.2,-0.35536,1.0001,1.2171,-3.4001,30.535,14.478,668.12,0.54631,0.35246,1
0.064037,0.63617,0.37499,1.6369,28.198,0,0.064037,0.57189,1.9344,0.36383,0.064037,0.10877,0.034303,0.064037,3499.3,0.10431,1.5719,0.064037,0.033104,47.341,0.74703,0,0.033104,0.29948,0.34822,0.10431,,10.337,3.5057,0.28257,0.07108,153.75,2.374,2.197,0.023959,1.9344,,0.36383,0.012385,0.17725,9.142,0,162.15,114.81,0.25524,1.2108,65.52,-0.00232,-0.001199,1.5149,0.58874,0.42122,10.029,10.029,1201.6,0.27747,0.17601,0.73215,0,7.7101,3.1791,111.09,3.2857,53.324,0
0.002249,0.17365,0.20501,2.7425,35.371,0.029392,0.003658,4.7431,0.98869,0.82365,0.003658,0.031088,0.06219,0.003658,1257.2,0.29033,5.7586,0.003658,0.004512,53.982,1.419,-0.007382,0.002775,0.041835,0.82365,0.28222,-0.090029,0.30268,4.5432,0.137,0.004512,52.375,6.969,-0.04251,-0.007382,0.82898,3.6213,0.87964,-0.009106,0.60974,0.14499,-0.009106,112.98,58.997,0.01876,1.7234,53.372,-0.05414,-0.066784,1.8581,0.11766,0.14349,1.216,1.2987,7161.5,-0.011441,0.002731,1.0114,0.067985,6.7615,6.1867,52.974,6.8902,1.1969,0
0.000824,0.84075,-0.38436,0.51545,-201.88,-0.11792,0.000824,0.18942,1.2418,0.15925,0.035338,0.001039,0.061471,0.000824,4020,0.090795,1.1894,0.000824,0.000663,69.01,1.0677,0.035309,0.000663,0.072768,-0.11709,0.090795,1.023,-0.6502,5.5672,0.67365,0.012159,241.2,1.5133,1.4277,0.041443,1.2418,,0.15925,0.033373,0.019993,0.25289,0.028433,115.51,46.504,0.003509,0.21945,71.392,-0.040203,-0.032375,0.48631,0.79322,0.66081,0.2694,0.2694,-141870,0.033373,0.005174,0.99934,0,5.2891,7.8488,233.15,1.5655,2.1007,0
0.081213,0.6596,0.073958,1.2001,533.85,0.082136,0.083836,0.51559,0.88019,0.34008,0.11437,0.22685,0.15298,0.083836,1788,0.20414,1.5161,0.083836,0.095248,12.236,1.2302,0.10054,0.092268,0.20236,0.31909,0.20017,3.2926,0.13291,5.4516,0.74938,0.095248,,0.025992,0.014563,0,0.88019,1.4275,0.63011,0,0.32418,0.14526,0.11423,134.24,122.01,2.7523,1.1203,1121.2,0.049726,0.056495,0.67242,0.36957,38.473,0.61113,1.1323,1.2001,1,0,0.043433,0.85282,29.83,2.9917,153.25,2.3817,1.5817,0
-0.59346,1.1044,-0.64692,0.41184,-36.663,0,-0.59346,-0.094562,8.7497,-0.10444,-0.54347,-0.53956,-0.063362,-0.59346,-727.13,-0.50197,0.90544,-0.59346,-0.067826,13.895,,-0.54436,-0.067826,-0.50654,-0.15932,-0.50197,-10.89,-1.1827,2.5958,0.11797,-0.062113,41.428,8.8182,8.7819,-0.94121,9.155,,-0.10444,-0.10757,0.069151,-0.072857,-0.062214,15.724,1.8282,-1.7816,0.37199,12.535,-0.58341,-0.066678,0.41015,1.0999,0.1134,-0.19093,-0.19093,-255.08,-0.10754,5.6824,1.0594,0,26.268,199.65,45.883,7.955,15.996,1
0.032786,0.36986,0.16148,1.5442,-17.858,0,0.0434,1.7037,1.882,0.63014,0.051507,0.14627,0.052642,0.0434,1362.6,0.26787,2.7037,0.0434,0.02306,48.164,1.4604,0.05133,0.01742,0.32998,0.62262,0.23917,6.3317,0.29803,3.8229,0.19058,0.027177,59.177,6.1949,4.9696,0.051987,1.8896,3.4478,0.691,0.027622,0.042898,0.11522,0.027274,86.391,38.226,0.13201,0.70721,49.317,-0.004343,-0.002308,1.2388,0.29671,0.16142,1.163,1.2753,1074.1,0.027622,0.052029,0.97703,0.096581,7.5782,9.5484,57.543,6.3431,3.4736,0
0.094071,0.38179,0.41748,2.0935,37.352,0.28343,0.11844,1.5672,1.0699,0.59833,0.11844,0.31022,0.070604,0.11844,946.57,0.3856,2.6193,0.11844,0.056801,29.205,1.0229,0.11924,0.045115,0.35248,0.59833,0.32178,0.6118,2.0798,4.7191,0.12562,0.056801,71.502,5.1048,0.31231,0.11924,2.117,,0.59833,0.057184,0.44857,0.0848,0.057184,109.93,80.728,0.56385,1.6565,31.245,0.090455,0.043381,2.0935,0.38179,0.19589,2.9807,2.9807,21864,0.065309,0.15722,0.93469,0,12.498,4.5214,66.832,5.4615,10.388,0
0.023921,0.63987,0.023502,1.0472,-143.49,0,0.023921,0.56282,2.6861,0.36013,0.03119,0.048004,0.36837,0.023921,236.04,1.5464,1.5628,0.023921,0.008906,33.264,1.3242,0,0.008906,0.060036,0.3181,1.5464,0,0.049148,5.9094,0.21386,0.020814,118.31,3.0852,2.4027,0.005325,2.6861,8.3928,0.39314,0.001983,0.14457,0.02209,0,61.117,27.853,0.097718,0.55591,58.119,-0.96556,-0.35946,0.81551,0.49832,0.32413,0.75313,0.82215,19075,0.42765,0.066424,0.57556,0.091653,10.973,13.104,67.713,5.3904,5.6174,0
0.014256,0.7342,0.20719,1.2847,-54.713,0,0.026711,0.36203,1.8829,0.2658,0.097698,0.036699,0.026357,0.026711,5399.7,0.067596,1.362,0.026711,0.014186,91.277,1.2396,0.085205,0.007571,0.24751,0.26184,0.050632,1.2003,3.1888,4.4018,0.36723,0.019006,148.09,2.4647,2.4434,0.089009,1.8829,72.86,0.27217,0.047272,0.066247,0.22635,0.045251,171.91,80.628,0.030275,0.63772,95.806,0.062286,0.033079,1.2735,0.72783,0.40572,4.0908,4.1888,5226.2,0.047272,0.053634,0.986,0.023967,3.9988,4.527,141.09,2.587,28.979,0
0.1439,0.93993,0.19926,1.7708,36.797,-0.27798,0.16142,0.063909,1.7326,0.06007,0.21876,0.62447,0.11575,0.16142,1710.6,0.21337,1.0639,0.16142,0.093169,5.9105,1.0464,0.20874,0.083052,-0.11655,-0.11302,0.19473,3.6407,0.36747,2.7617,0.4551,0.11112,59.149,6.1709,1.6971,0.13745,1.7326,0.63078,0.74129,0.079332,0.63279,0.1264,0.12048,61.974,56.063,5.1288,1.6623,6.4198,0.16961,0.09789,0.48701,0.2585,0.16205,0.11078,1.3671,115.12,0.079332,2.3955,0.95376,11.341,61.755,6.5105,54.456,6.7026,3.1953,1
-0.004433,0.80838,0.00993,1.0199,-57.532,0,-0.002556,0.23704,1.2495,0.19162,0.037029,-0.005129,0.064404,-0.002556,3666.7,0.099545,1.237,-0.002556,-0.002046,55.907,0.92961,0.016992,-0.003548,0.074146,0.023021,0.097223,0.42926,0.020197,4.8304,0.62096,0.016284,147.47,2.4752,1.5261,0.015781,1.2495,1.1502,0.46719,0.01263,0.070141,0.26941,0.0136,138.29,82.384,-0.023162,0.63595,56.622,-0.066034,-0.05285,0.62885,0.49843,0.40401,0.38975,0.95026,672,0.01263,-0.023134,1.002,1.4382,6.5287,4.4305,145.6,2.5068,2.5414,0
0.38988,0.25747,0.66933,3.5996,156.92,0.33779,0.45161,2.8839,2.0053,0.74253,0.46275,1.754,0.23398,0.45161,200.29,1.8224,3.8839,0.45161,0.22521,0.65352,1.108,0.46042,0.19442,1.3545,0.72767,1.5826,41.332,9.1436,3.2441,0.084398,0.23077,60.832,6.0002,6.0002,0.46042,2.0053,,0.74253,0.2296,0.34267,0.017954,0.2296,152.64,151.98,108.59,3.5857,0.84829,0.44283,0.22083,3.5996,0.25747,0.16666,10.144,10.144,1174.3,0.2296,0.52506,0.77505,0,558.51,2.4016,46.864,7.7884,27.394,0
-0.12039,0.97317,-0.066972,0.9235,-140.68,-0.034572,-0.12069,0.02754,1.3218,0.026801,-0.084368,-0.13787,-0.045035,-0.12069,-5967.3,-0.061167,1.0276,-0.12069,-0.091314,124.17,0.76026,-0.0878,-0.091086,-0.1471,-0.02192,-0.060857,-2.4169,-0.34971,3.682,0.71605,-0.070282,232.42,1.6187,1.4561,-0.053043,1.3326,3.7229,0.12317,-0.040131,0.045617,-1.2181,-0.066426,212.22,88.048,-0.26774,0.55928,115.83,-0.14897,-0.1127,0.83073,0.87542,0.61779,0.13995,0.64318,-322,-0.040126,-4.4921,1.0633,3.5958,2.9394,4.1455,241.74,1.5099,6.9019,1
0.02064,0.077671,0.29992,4.8615,179.42,0.10243,0.02064,11.86,0.98886,0.92116,0.02064,0.26574,0.20894,0.02064,490.89,0.74355,12.875,0.02064,0.074672,233.98,0.37446,0.022808,0.074672,0.10243,0.92116,0.74355,0.81595,0.48188,3.9663,0.021486,0.074672,101.42,3.5989,0.29365,0.022808,0.32117,,0.92116,0.082515,0.94826,0.042616,0.082515,401.35,167.38,0.11649,2.5802,231.37,-0.014304,-0.051748,4.8615,0.077671,0.27787,1.48,1.48,2775.6,-0.011267,0.022407,1.0113,0,1.56,2.1807,102.56,3.5588,0.4441,0
0.33954,0.49427,0.46144,1.9336,44.572,0,0.42197,1.0232,2.6486,0.50573,0.50814,0.85372,0.16337,0.42197,416.93,0.87545,2.0232,0.42197,0.15931,26.501,1.774,0.46088,0.12819,0.54941,0.5012,0.70869,5.3485,10.419,4.0517,0.003236,0.16048,82.615,4.4181,4.4181,0.46492,2.6486,,0.50573,0.17553,0.98285,0.034934,0.17401,64.758,38.257,1.7656,1.5445,32.143,0.45014,0.16995,1.9336,0.49427,0.22634,11.419,11.419,5197.8,0.17553,0.67139,0.84457,0,13.773,9.5408,68.114,5.3587,59.802,0
0.74926,0.097352,0.85953,9.8291,158.37,0,0.74926,9.272,2.2942,0.90265,0.75122,7.6964,0.3388,0.74926,45.716,7.9841,10.272,0.74926,0.3266,27.852,0.8805,0.74972,0.3266,2.3757,0.74926,7.9841,382.74,19.934,3.1778,-0.002853,0.32671,22.67,16.1,16.1,0.72676,2.2942,,0.90265,0.31679,1.142,0.004173,0.3268,134.55,106.7,4.2801,8.0309,40.766,0.72171,0.31459,9.8291,0.097352,0.062111,20.934,20.934,1294.4,0.31679,0.83007,0.67728,0,13.105,3.4208,15.489,23.566,53.205,0
0.025827,0.85656,0.11566,1.1657,-31.262,-0.0733,0.021215,0.16746,4.1323,0.14344,0.12209,0.030386,0.011687,0.021215,6474,0.056379,1.1675,0.021215,0.005134,38.139,1.3326,0.082234,0.00625,0.050317,-0.028632,0.061763,0.81519,0.62129,3.9546,0.2056,0.011623,62.787,5.8133,4.7384,0.073584,4.1323,2.4121,0.30183,0.017807,0.058653,0.2612,0.0199,68.268,30.129,0.059814,0.54722,38.831,0.055157,0.013348,0.95012,0.69817,0.17202,0.77048,1.6213,1041.9,0.017807,0.18006,0.99493,1.1042,9.5702,12.115,61.669,5.9187,22.197,0
0.29074,0.26807,0.73193,3.7304,38.955,0,0.35403,2.7304,6.795,0.73193,0.41823,1.3207,0.052733,0.35403,273.07,1.3367,3.7304,0.35403,0.052102,1.9282,1.7353,0.35836,0.042788,0.37543,0.65537,1.1006,5.5817,,2.815,-0.029401,0.052146,15.201,24.011,24.011,0.35838,6.795,,0.73193,0.052742,1.7453,0.02464,0.052739,28.585,26.657,8.0994,3.5965,2.0356,0.35407,0.052108,3.7304,0.26807,0.041647,,,478,0.052742,0.39723,0.94835,0,189.29,13.692,14.4,25.348,,0
0.022425,0.61949,-0.00428,0.99306,-15.572,0.071692,0.01761,0.59435,1.0066,0.36819,0.01761,0.028558,0.010511,0.01761,5928.1,0.061571,1.6142,0.01761,0.004853,15.005,1.21,0.020188,0.00618,0.056372,0.36819,0.069342,0.056,-0.011041,5.3125,0.16451,0.004853,62.436,5.846,0.032588,0.020188,3.6327,163.67,0.37102,0.005563,0.039098,0.50016,0.005563,59.169,44.164,0.15031,0.75114,15.105,-0.000344,-0.000095,0.98852,0.61666,0.17106,0.94988,0.95718,-878.87,0.006577,0.060904,0.99342,0.007687,24.325,8.2646,62.025,5.8847,9.362,0
0.01382,0.74199,-0.045303,0.93314,-32.573,-0.037024,0.035836,0.34774,3.294,0.25801,0.043117,0.052888,0.035894,0.035836,2290.5,0.15935,1.3477,0.035836,0.010879,25.755,1.1181,0.042775,0.004196,0.058125,0.049094,0.12968,5.8747,-0.1232,3.8207,0.22373,0.011129,77.47,4.7115,4.3026,0.1016,3.294,,0.25801,0.030844,0.012818,0.19758,0.012986,69.098,43.343,0.059459,0.59011,26.575,-0.039626,-0.01203,0.85214,0.67758,0.21225,0.70166,0.70166,-299.77,0.030844,0.053564,0.98922,0,14.172,8.4212,75.08,4.8615,8.9579,0
-0.053684,0.51415,0.33044,3.3957,-51.423,0,-0.053684,0.94496,1.8119,0.48585,-0.053638,-0.3892,0.82032,-0.053684,126.26,2.8908,1.945,-0.053684,-0.029629,20.168,1.398,0,-0.029629,-0.045011,0.10013,2.8908,0,0.62157,3.2917,0.22984,-0.054222,,0,0,0.02722,1.8119,1.4931,0.73249,0.015023,0.78347,0.011129,0,72.585,52.417,-0.53623,2.6699,,-1.54,-0.84995,0.91097,0.13793,,0.9139,1.3778,646.8,1,-0.11049,0.003364,0.50765,18.098,6.9634,27.786,13.136,3.4081,0
-0.097416,1.0182,-0.14625,0.80073,-43.839,-0.008744,-0.094856,-0.017828,2.1981,-0.018152,-0.029801,-0.12924,0.000807,-0.094856,209450,0.001743,0.98217,-0.094856,-0.043153,17.473,1.3055,-0.029874,-0.044318,-0.040186,-0.096124,-0.000772,-0.45922,-0.35473,4.3752,0.45614,-0.030869,119.76,3.0478,2.1971,-0.038852,2.1981,1.8194,0.24703,-0.017675,0.033595,0.5084,-0.013591,93.495,76.022,-0.92577,0.65736,17.17,-0.1265,-0.057551,0.57723,0.73396,0.32811,-0.044027,0.59917,-3470.1,-0.017675,5.3666,1.0429,-14.609,20.889,4.8012,121.88,2.9949,5.3314,0
0.1191,0.12672,0.51125,5.0346,152.78,0.36525,0.15113,6.0303,1.0077,0.76413,0.15113,1.1926,0.20521,0.15113,215.91,1.6905,7.8916,0.15113,0.14477,33.814,0.95045,0.1454,0.1141,0.46192,0.76413,1.4378,1.4036,1.4122,4.2422,-0.09803,0.14477,44.646,8.1753,1.1475,0.1454,1.248,,0.76413,0.13929,1.8209,0.019981,0.13929,142.39,108.58,1.2316,4.2715,34.073,0.082308,0.078847,5.0346,0.12672,0.12232,2.1107,2.1107,8930.1,0.007606,0.15587,0.99239,0,10.794,3.3616,44.307,8.238,2.8834,0
0.002831,0.427,0.057012,1.1613,-54.142,-0.72855,0.002831,1.3419,1.1396,0.573,0.026364,0.00801,0.025705,0.002831,5320.4,0.068604,2.3419,0.002831,0.002484,60.732,1.271,0.020038,0.002484,-0.12456,-0.001846,0.068604,0.85146,0.096701,4.6088,0.37468,0.002484,135.24,2.7252,2.2556,0.18576,1.1396,3.001,0.64658,0.163,0.019433,0.30609,0.017583,129.25,68.522,0.014929,0.62478,71.86,-0.006425,-0.005638,0.9612,0.35342,0.36694,0.9719,1.0967,1.1613,0.163,0,0.85812,0.12841,6.01,5.3268,113.19,3.2246,1.933,0
-0.036523,0.13074,0.042742,1.3269,1250100,0.018511,-0.036523,6.6489,0.24486,0.86926,-0.036523,-0.27936,-0.14912,-0.036523,-1306.9,-0.27929,7.6489,-0.036523,-0.14916,1.5522,0.61576,0,-0.14916,-0.26405,0.013928,-0.27929,,0.051713,3.4296,0.4701,-0.29831,,0,0,0.001202,0.24486,,0.86926,0.004907,0.70519,434.02,0,121.16,119.61,-35.075,1.319,,-0.00001,-0.000041,1.3269,0.13074,,1.0517,1.0517,114.93,1,-0.042016,0.002722,0,235.16,3.0515,194.88,1.8729,0.29626,0
0.14521,0.21302,0.51372,3.4128,47.194,0.27025,0.18075,3.6392,1.1906,0.77522,0.18075,0.84894,0.20228,0.18075,324.03,1.1264,4.6944,0.18075,0.15237,119.71,1.2221,0.1808,0.12241,0.32663,0.77522,0.95958,1.8146,1.8792,4.6564,0.064604,0.15237,77.996,4.6797,0.84875,0.1808,1.1983,3161.9,0.77533,0.15241,0.64907,0.02918,0.15241,181.06,61.351,0.37323,1.5856,142.52,0.1216,0.10251,3.4111,0.21291,0.21369,2.8358,2.8362,23288,0.16006,0.18731,0.83994,0.000138,3.0491,5.9494,65.512,5.5715,4.3394,0
0.07485,0.2839,0.24495,1.9203,13.027,0,0.093745,2.5223,3.0618,0.7161,0.11016,0.3522,0.059438,0.093745,569.42,0.64101,3.5223,0.093745,0.030618,16.504,1.0953,0.11013,0.024446,0.2579,0.70961,0.57445,6.7093,0.50105,4.1661,0.0776,0.032459,33.075,11.102,10.408,0.12444,3.0651,22.523,0.73264,0.040642,0.18443,0.047707,0.035968,55.08,38.576,0.54066,1.4002,17.101,0.021886,0.007148,1.8003,0.26617,0.090077,1.4648,1.4986,3590.8,0.040642,0.10452,0.96942,0.023107,22.116,9.4619,31.731,11.503,6.2629,0
-0.3777,5.1196,-4.5447,0.11229,-613.86,-0.3777,-0.3777,-0.86696,0.98755,-4.4385,-0.3777,-0.073775,-0.12263,-0.3777,-5383.4,-0.067801,0.19533,-0.3777,-0.13343,37.481,1.0085,0.008632,-0.13343,-0.3777,-4.4385,-0.067801,,-10.691,3.8679,1.8085,-0.13343,651.94,0.55987,0.001686,0.008632,2.9269,,-4.4385,0.00305,0.000058,4.2921,0.00305,74.091,36.61,-1.2994,0.055515,37.015,-0.02195,-0.007755,0.11229,5.1196,1.7861,-10.441,-10.441,-33527,-0.01261,0.085096,1.0126,0,9.7382,9.97,660.16,0.5529,6.6584,1
0.3603,0.37968,0.61119,2.7502,64.419,0,0.2826,1.6338,2.382,0.62032,0.29289,0.80922,0.1346,0.2826,432.22,0.84447,2.6338,0.2826,0.11864,30.07,1.232,0.28048,0.15126,0.65498,0.58775,1.0491,27.26,15.44,3.4871,0.14028,0.11909,57.248,6.3758,5.8643,0.15549,2.382,,0.62032,0.065275,0.1972,0.039735,0.11775,136.61,106.54,1.836,2.1882,32.17,0.24245,0.10178,2.5295,0.34922,0.15684,15.67,15.67,1876.2,0.065275,0.58082,0.88795,0,12.138,3.4259,53.511,6.821,60.174,0
0.22417,0.64469,0.33407,1.5182,34.726,0,0.27696,0.55114,3.1186,0.35531,0.27696,0.4296,0.096897,0.27696,778.72,0.46872,1.5511,0.27696,0.08881,6.5775,1.4503,0.27626,0.071882,0.38463,0.3084,0.38683,,15.73,3.5592,0.14689,0.08881,82.672,4.415,4.415,0.27223,3.1186,,0.35531,0.087294,0.29835,0.07128,0.088587,92.044,85.466,3.9889,1.431,7.2066,0.25104,0.0805,1.5182,0.64469,0.2265,16.73,16.73,1210.7,0.087294,0.63091,0.91175,0,55.492,4.2707,75.455,4.8373,146.84,0
0.20497,0.29214,0.6133,3.0993,44.789,1.0513,0.2398,1.8508,1.0783,0.54071,0.2398,0.82082,0.078462,0.2398,415.08,0.87935,3.423,0.2398,0.073239,25.886,1.0049,0.2374,0.062603,1.2651,0.54071,0.76015,0.7818,6.4859,4.0745,0.084366,0.073239,35.117,10.394,0.8126,0.2374,3.3266,,0.54071,0.072505,0.073068,0.03774,0.072505,98.558,72.672,0.88271,2.3045,27.912,0.2203,0.067283,3.0993,0.29214,0.09621,5.7182,5.7182,7280.4,0.072585,0.37908,0.92741,0,14.1,5.0226,32.568,11.207,34.626,0
-0.1392,0.43356,-0.010569,0.97499,-91.653,-0.4101,-0.13181,1.2253,0.87766,0.53122,-0.13181,-0.31189,-0.075562,-0.13181,-1952.2,-0.18697,2.3065,-0.13181,-0.12287,96.628,0.90591,-0.099979,-0.12976,-0.42907,0.53122,-0.20403,-0.81795,-0.017976,4.0027,0.39195,-0.12287,126.19,2.8924,-0.2306,-0.099979,1.1246,11.686,0.54218,-0.093197,0.039729,-0.28952,-0.093197,134.48,37.849,-0.49016,0.30296,84.806,-0.15072,-0.1405,0.95035,0.4226,0.34574,0.90349,0.92212,-106.35,-0.1394,-0.26204,1.1394,0.020624,3.7774,9.6435,143.79,2.5385,1.8245,0
0.06214,0.60245,0.089347,1.2924,1.4952,0.16159,0.08131,0.53568,1.0916,0.32273,0.08131,0.26605,0.12323,0.08131,1348.4,0.27069,1.6599,0.08131,0.061442,22.89,1.2526,0.12351,0.046957,0.20568,0.32273,0.23887,1.0187,0.14767,4.6092,0.39447,0.061442,92.009,3.967,0.20501,0.12351,1.3411,1.051,0.61957,0.093329,0.26861,0.096489,0.093329,86.293,63.404,0.74878,1.0208,24.985,0.041741,0.031542,0.65558,0.30561,0.25208,0.53339,1.024,3633.2,0.083875,0.19255,0.91613,0.9198,15.946,5.7568,84.292,4.3302,2.1872,0
0.14931,0.66655,0.013404,1.0203,-56.126,-0.033108,0.188,0.48071,1.0843,0.32042,0.188,0.28481,0.09235,0.188,1146.8,0.31828,1.5003,0.188,0.081837,52.318,1.1403,0.22366,0.064995,-0.017542,0.32042,0.26023,1.0557,0.041051,4.7211,0.28995,0.081837,113.72,3.2097,0.33556,0.22366,2.3551,53.162,0.32689,0.097363,0.016896,0.088429,0.097363,105.24,52.918,0.45345,0.52147,56.727,0.19951,0.08685,1.0104,0.66007,0.31156,0.98129,1.0011,705.3,0.077735,0.46598,0.92227,0.020207,6.9766,6.8974,104.88,3.4802,7.0353,0
-0.002154,0.30758,0.37259,2.4547,-40.796,-0.16238,-0.001376,2.2236,0.97918,0.68395,-0.001376,-0.005373,0.055678,-0.001376,2003,0.18223,3.2512,-0.001376,-0.001367,159,1.4311,0.009827,-0.00214,-0.14515,0.68395,0.1797,0.095587,1.0035,4.204,0.29079,-0.001367,90.929,4.0141,0.03195,0.009827,1.0917,3.6957,0.73541,0.009762,0.23001,0.15036,0.009762,206.6,47.596,-0.004912,0.74255,155.69,-0.047599,-0.047283,2.0441,0.25612,0.24912,1.8421,1.9807,5959.4,-0.021265,-0.003149,1.0213,0.07524,2.2956,7.6687,92.863,3.9305,2.7114,0
0.11594,0.35317,0.51309,2.4973,25.542,0,0.11594,1.8315,1.4897,0.64683,0.12082,0.33833,0.8113,0.11594,106.66,3.4222,2.8315,0.11594,0.077828,144.5,1.2927,0,0.077828,0.24724,0.25384,3.4222,0,3.5577,4.0553,0.23679,0.15566,,0,0,0.021486,1.4897,36.076,0.65421,0.014423,0.003665,0.010774,0,209.37,64.868,0.19658,0.77623,,-1.0927,-0.73347,2.4232,0.34269,,4.4851,4.5362,5827.8,1,0.17924,0.004109,0.011399,2.5259,5.6268,83.964,4.3471,10.329,0
0.032342,0.42314,0.25058,1.5922,29.457,0,0.039929,1.3633,3.1731,0.57686,0.058994,0.094364,0.029523,0.039929,1648.7,0.22139,2.3633,0.039929,0.012584,0.5125,1.4112,0.043459,0.010193,0.1323,0.51132,0.20346,2.2795,0.76801,2.8825,0.040946,0.012584,50.444,7.2358,7.2358,0.11133,3.1731,,0.57686,0.035087,0.69295,0.1451,0.013696,43.77,43.257,7.2592,1.5817,0.53114,-0.010291,-0.003243,1.5922,0.42314,0.1382,1.768,1.768,191.17,0.035087,0.056066,0.98749,0,712.19,8.4378,48.674,7.4989,9.725,0
0.079298,0.37634,0.36997,2.1932,21.282,0.29927,0.10106,1.521,1.0425,0.57241,0.10106,0.32592,0.081124,0.10106,761.81,0.47913,2.6572,0.10106,0.045466,39.998,1.0145,0.10281,0.035677,0.37868,0.57241,0.42131,0.48222,1.1563,4.4005,0.14167,0.045466,53.081,6.8763,0.2732,0.10281,2.2525,6.5858,0.63869,0.046257,0.21442,0.067955,0.046257,100.76,60.757,0.32557,1.4077,41.697,0.023558,0.010599,1.807,0.31006,0.14543,1.789,1.9961,9303.6,0.040752,0.13853,0.95925,0.11578,9.1255,6.0075,50.917,7.1685,6.9466,0
0.09917,0.53416,-0.11567,0.59737,-171.5,0.12832,0.099759,0.40877,1.1782,0.21835,0.099759,0.34724,0.26118,0.099759,1069.6,0.34126,1.8721,0.099759,0.14293,65.713,1.4501,0.14484,0.14209,0.12902,0.21835,0.34016,2.445,-0.13964,4.6147,0.75837,0.14293,177.02,2.0619,0.27114,0.14484,0.73871,0.18619,0.46522,0.20752,0.022382,0.07724,0.20752,86.389,20.676,0.78922,0.16,77.425,0.062306,0.089271,0.32129,0.28729,0.48499,0.26358,0.5616,-4763.4,0.15126,0.45418,0.84874,1.1306,5.5544,17.653,150.24,2.4294,0.84254,0
0.094512,0.42215,0.13774,1.344,-27.139,0.22323,0.094512,1.3062,1.0433,0.55143,0.094512,0.23607,0.084883,0.094512,983.15,0.37126,2.3688,0.094512,0.051188,52.088,1.0438,0.1018,0.051188,0.22323,0.55143,0.37126,0.57525,0.29819,4.3425,0.22519,0.051188,82.573,4.4203,0.24115,0.1018,1.8767,12.598,0.57323,0.055136,0.023303,0.08462,0.055136,104.53,52.44,0.3587,0.6859,54.345,0.039588,0.021441,1.2746,0.40035,0.22623,1.1938,1.241,3030.5,0.041535,0.1714,0.95847,0.039527,7.0074,6.9603,79.144,4.6119,3.9972,0
0.10776,0.95606,0.10496,1.1202,-114.86,-0.21715,0.10433,0.045961,2.3999,0.043941,0.11926,0.11949,0.043975,0.10433,3306.6,0.11038,1.046,0.10433,0.043474,126.56,0.9783,0.11894,0.0449,-0.10614,-0.094408,0.11396,7.9681,4.8007,4.2014,0.39732,0.047175,139.76,2.6116,2.3852,0.11953,2.3999,1310.9,0.044053,0.049804,0.002913,0.26526,0.049561,148.38,21.818,0.12949,0.1672,133.19,0.11774,0.049061,1.0231,0.87317,0.38291,2.0097,2.0148,1669.1,0.049804,2.4523,0.95661,0.002535,2.884,16.729,132.8,2.7485,109.76,0
0.064367,0.57715,0.26954,1.7983,55.969,-0.19713,0.080137,0.73266,1.3076,0.42285,0.10281,0.23734,0.16061,0.080137,1003,0.36389,1.7327,0.080137,0.061286,27.426,1.1667,0.097877,0.049226,0.173,-0.13269,0.33657,4.3165,0.68616,4.4624,0.28721,0.067331,100.83,3.6201,2.1178,0.085312,1.3076,2.3474,0.63966,0.065243,0.60137,0.084468,0.074852,112.81,85.382,0.65512,1.5073,29.34,-0.032005,-0.024477,1.052,0.33764,0.27624,1.0764,1.6284,7817.4,0.065243,0.15222,0.9398,0.51272,13.308,4.2749,94.248,3.8728,3.3287,0
0.051488,0.46831,0.35235,1.7806,28.587,0.16873,0.065599,1.1283,1.0226,0.5284,0.065599,0.14532,0.038867,0.065599,1567.5,0.23286,2.1354,0.065599,0.023381,12.332,1.1204,0.065406,0.018351,0.21334,0.5284,0.20272,0.23838,1.7955,4.4838,0.1435,0.023381,60.049,6.0783,0.13967,0.065406,2.8224,41.962,0.5453,0.023312,0.24106,0.14144,0.023312,90.407,78.075,0.54316,1.5706,12.61,0.021956,0.007826,1.7163,0.45141,0.16452,2.6927,2.7788,10735,0.022056,0.09744,0.97794,0.031975,29.598,4.675,58.725,6.2154,14.298,0
0.079268,0.29859,0.46949,5.2698,267.3,0.15787,0.099762,2.0941,1.096,0.62528,0.099762,0.90729,0.22275,0.099762,904.01,0.40376,3.349,0.099762,0.18432,67.225,0.97179,0.073967,0.14646,0.18997,0.62528,0.33512,1.4979,1.1163,4.8984,-0.18372,0.18432,81.273,4.491,0.24772,0.073967,0.60585,2.5433,0.81392,0.13666,3.789,0.10359,0.13666,109.81,42.582,0.79519,4.3632,73.681,0.05317,0.098238,1.9406,0.10996,0.22267,1.4868,1.9353,37158,0.087611,0.12677,0.91239,0.30168,5.4295,8.5717,74.152,4.9223,1.2869,0
0.040355,0.4807,0.47342,2.3951,77.488,77.488,0.050201,1.0803,1.4799,0.5193,0.5193,0.14793,0.055452,0.050201,2138.1,0.17071,2.0803,0.050201,0.033922,30.317,0.91047,0.054287,0.027269,0.10624,0.35467,0.15023,13.231,2.5286,2.491,0.28656,0.033922,88.307,4.1333,2.9179,0.07722,1.4799,,0.5193,0.05218,0.33026,0.186,0.036684,172.82,142.51,0.32831,2.0329,31.986,0.022426,0.015154,1.6908,0.33935,0.24194,2.7737,2.7737,146.66,0.05218,0.07771,0.96651,0,12.04,2.5613,83.699,4.3609,7.9043,0
-0.19895,1.6435,-1.0552,0.35184,-126.94,-0.61559,-0.22623,-0.39155,3.6313,-0.64353,-0.087166,-0.13896,-0.048136,-0.22623,-3431.9,-0.10635,0.60845,-0.22623,-0.062299,19.662,1.0965,-0.08862,-0.054788,-0.60402,-0.81454,-0.08976,-0.63728,-2.4701,3.4659,0.45234,-0.03606,164.22,2.2226,2.2016,0.012866,3.6313,,-0.64353,0.003543,0.004806,-1.473,-0.024405,56.789,37.127,-1.0171,0.23169,19.732,-0.14005,-0.038568,0.34852,1.628,0.44993,-1.5064,-1.5064,-3085.1,0.003543,0.30916,1.0613,0,18.564,9.8311,163.64,2.2305,8.5002,0
0.15159,0.068128,0.64089,10.407,338.82,0.48414,0.189,11.717,1.2834,0.79828,0.189,2.7742,0.31249,0.189,105.84,3.4487,14.678,0.189,0.25138,61.213,0.89886,0.17124,0.20162,0.60283,0.79828,2.8995,2.923,2.2025,4.2408,-0.60601,0.25138,42.447,8.5989,2.5135,0.17124,0.78947,,0.79828,0.22775,7.786,0.010313,0.22775,86.69,25.477,1.2022,8.5564,78.561,0.12528,0.16663,10.407,0.068128,0.11629,2.7434,2.7434,11158,0.22083,0.18989,0.77917,0,5.9628,14.326,33.074,11.036,2.5839,0
-0.088938,0.90416,0.024155,1.0267,-156.56,0,-0.088938,0.106,0.82985,0.095837,-0.076795,-0.098366,-0.092567,-0.088938,-4296.2,-0.084959,1.106,-0.088938,-0.10717,173.85,0.89998,-0.076795,-0.10717,-0.25043,-0.082425,-0.084959,-6.3241,0.33698,2.4479,0.67199,-0.10705,381.33,0.95718,0.95718,-0.035599,0.82985,,0.095837,-0.042898,0.38324,-0.46601,-0.092542,255.9,82.053,-0.22502,0.58957,166.7,-0.088917,-0.10715,1.0267,0.90416,1.0447,1.337,1.337,6.775,-0.042898,-0.92802,1.1072,0,2.0995,4.4484,397.69,0.91781,11.577,0
0.11296,0.61113,0.27698,1.4786,40.722,0,0.1402,0.63624,2.1774,0.38883,0.14035,0.24224,0.064388,0.1402,1591.1,0.22941,1.6363,0.1402,0.064388,7.2743,1.3981,0.14453,0.051877,0.5481,0.24107,0.18483,13.47,1.9205,4.416,0.1224,0.066526,112.24,3.5136,3.3274,0.14791,2.1845,,0.38883,0.06793,0.60163,0.14094,0.066379,85.079,77.804,2.603,0.67661,7.7892,0.14453,0.066379,1.4002,0.57875,0.28461,2.6959,2.6959,7219,0.13567,0.29051,0.86339,0,50.177,4.6912,97.016,3.7623,15.097,1
0.034558,0.32576,0.34601,2.0621,-35.472,0,0.034558,2.0697,1.2877,0.67424,0.05105,0.10608,0.032588,0.034558,2833.6,0.12881,3.0697,0.034558,0.026838,124.12,0.80697,0,0.026838,0.34396,0.51942,0.12881,0,1.0541,3.5048,0.16662,0.06217,120.83,3.0208,3.0208,0.000323,1.2877,,0.67424,0.000251,0.35473,1.4665,0,157.66,33.539,0.07892,0.71795,162.42,-0.007404,-0.00575,2.0621,0.32576,0.33103,2.0541,2.0541,1106.3,0.23578,0.051255,0.77772,0,2.9406,10.883,92.339,3.9528,3.923,0
-0.093794,0.66323,-0.005587,0.9915,-66.716,-0.050834,-0.093794,0.50776,1.4942,0.33677,-0.079246,-0.14269,0.008817,-0.093794,18376,0.019863,1.5078,-0.093794,-0.062772,64.897,,-0.083978,-0.062772,-0.20206,-0.078988,0.019863,-5.7726,-0.016043,3.9604,0.43064,-0.053036,152.13,2.4178,2.3962,-0.082994,1.5101,,0.33677,-0.055544,0.035333,0.96164,-0.056203,153.53,88.634,-0.35305,0.4395,61.014,-0.19095,-0.12779,0.98266,0.65732,0.4136,0.96697,0.96697,-51,-0.055503,-0.27851,1.0524,0,5.6243,4.1181,160.57,2.2732,4.2903,1
0.005628,0.16931,0.079405,1.5508,-19.664,0,0.005628,4.9065,1.097,0.83069,0.017009,0.039037,0.098383,0.005628,572.6,0.63745,5.9065,0.005628,0.00513,42.35,1.4751,0.017008,0.00513,-0.11522,0.005628,0.63745,1.4944,0.10227,3.6918,0.15361,0.015505,48.447,7.534,6.4155,0.010793,1.097,3.8312,0.85583,0.009839,0.046256,0.047304,0.015504,72.172,29.822,0.044217,0.66792,42.771,-0.085288,-0.077748,1.3205,0.14417,0.13273,1.0699,1.1023,390.54,0.009839,0.006775,0.9949,0.030257,8.6186,12.239,47.971,7.6088,1.4129,0
0.025394,0.6961,0.06276,1.1005,-18.72,0.051982,0.039088,0.28743,1.0515,0.20008,0.039088,0.062624,0.036004,0.039088,4070.6,0.089667,1.4366,0.039088,0.022547,24.576,1.6752,0.087527,0.014648,0.079218,0.20008,0.069994,0.53086,0.20047,4.7805,0.39594,0.022547,138.18,2.6415,0.12574,0.087527,1.7526,7.9283,0.272,0.050487,0.064464,0.20644,0.050487,136.16,111.58,0.21754,0.91353,25.841,0.064198,0.037031,0.98684,0.62418,0.37857,0.63912,0.86885,3785.7,0.048955,0.12692,0.95104,0.35945,14.852,3.2712,131.42,2.7775,5.5377,0
0.006175,0.69387,0.28105,1.4051,10.46,0,0.006175,0.44119,1.9355,0.30613,0.025785,0.008899,0.006616,0.006175,19780,0.018453,1.4412,0.006175,0.00319,42.028,1.0082,0.017463,0.00319,-0.010742,0.1754,0.018453,0.89048,11.209,3.4807,0.33294,0.01257,132.18,2.7614,2.7614,0.019427,1.9355,,0.30613,0.010037,0.07523,0.96002,0.009023,174.01,131.99,0.027707,1.0839,42.454,0.010834,0.005598,1.4051,0.69387,0.36214,12.209,12.209,850.08,0.010037,0.02017,0.99683,0,8.6848,2.7655,130.85,2.7894,77.189,0
-0.13033,0.91379,-0.13173,0.85579,-52.675,-0.26843,-0.14776,0.049902,0.95416,0.0456,-0.14776,-0.16176,-0.038977,-0.14776,-3499.3,-0.10431,1.0943,-0.14776,-0.060423,34.378,1.018,-0.10465,-0.053295,-0.26602,0.0456,-0.085232,-0.40832,-0.60346,4.8619,0.32019,-0.060423,130.09,2.8057,-0.11452,-0.10465,2.4666,1574.4,0.04595,-0.042793,0.14899,-0.57548,-0.042793,96.367,61.988,-0.56584,0.60364,32.802,-0.15709,-0.064239,0.85546,0.91344,0.35642,0.2089,0.2105,-9583.7,-0.048042,-2.858,1.048,0.007681,10.617,5.8882,136.34,2.6771,11.202,0
0.003638,0.57606,0.20297,1.8346,12.042,0,0.007377,0.73594,1.392,0.42394,0.056061,0.030334,0.040434,0.007377,3735.7,0.097706,1.7359,0.007377,0.0053,40.635,1.1205,0.055957,0.002613,0.013042,0.36852,0.091215,1.1494,0.36649,4.2636,0.35052,0.014245,66.499,5.4888,2.3172,0.057146,1.392,1.1649,0.67392,0.041053,0.38292,0.18311,0.040199,92.573,51.938,0.023473,1.1974,42.375,0.00705,0.005064,0.77452,0.2432,0.18219,0.76547,1.2168,3724.4,0.041053,0.008581,0.9947,0.58964,8.9824,7.0277,63.769,5.7238,2.5134,0
0.13011,0.24195,0.079806,1.3298,-31.373,0,0.13011,3.1331,2.7122,0.75805,0.13061,0.53776,0.054529,0.13011,597.14,0.61125,4.1331,0.13011,0.047973,31.759,1.4119,0,0.047973,0.28086,0.40245,0.61125,0,0.11767,3.7043,0.083931,0.10762,48.272,7.5613,7.5613,0.003102,2.7122,,0.75805,0.001144,0.066192,0.4536,0,41.146,9.387,0.55134,0.35448,47.083,-0.01778,-0.006556,1.3298,0.24195,0.13225,1.1177,1.1177,403.97,0.32546,0.17164,0.67479,0,11.493,38.883,32.561,11.21,3.9988,0
-0.030989,0.7747,-0.18081,0.61533,-45.481,0,-0.030989,0.29076,1.9061,0.22525,-0.010215,-0.065929,0.00806,-0.030989,18404,0.019833,1.2908,-0.030989,-0.016258,10.601,1.0084,-0.010238,-0.016258,-0.039485,0.062858,0.019833,-0.49281,-0.25441,4.2713,0.4056,-0.005359,88.985,4.1153,2.4969,-0.021885,1.9241,1.8215,0.35364,-0.011481,0.008315,0.71501,-0.005371,54.636,44.035,-0.55976,0.1261,10.446,-0.056592,-0.029689,0.37335,0.47004,0.243,0.31694,0.49759,-3377,-0.011488,-0.13758,1.0053,0.57,34.43,8.2889,90.007,4.0552,2.682,1
-0.49236,0.83845,0.80118,5.0297,-35.836,0,-0.49236,0.19267,1.2591,0.16155,-0.4546,-2.4764,-0.39103,-0.49236,-621.57,-0.58722,1.1927,-0.49236,-0.39103,257.36,0.97224,-0.4546,-0.39103,-0.5049,-0.21298,-0.58722,-12.042,,2.1255,0.64422,-0.36105,42.408,8.6069,2.0409,-0.4521,1.2591,0.17541,0.80118,-0.35906,0.55838,-0.06148,-0.36104,257.7,0.34308,-0.55458,0.56433,189.37,-0.4546,-0.36104,1.1927,0.19882,0.11619,,,106.96,-0.35905,-3.0478,1.391,3.9594,1.4183,1063.9,57.635,6.333,,0
0.2635,0.6887,-0.077077,0.80104,-52.668,-0.061332,0.2635,0.45201,1.5864,0.3113,0.31544,0.68016,0.1929,0.2635,821.44,0.44434,1.452,0.2635,0.1661,34.455,0.91464,0.31544,0.1661,0.20575,0.069048,0.44434,6.0731,-0.11176,3.9539,0.41925,0.17921,86.958,4.1974,2.3611,-0.039732,1.5864,0.53297,0.61259,-0.025045,0.073473,0.064132,0.19884,64.853,30.398,1.7596,0.4145,33.613,0.27292,0.17204,0.4506,0.38741,0.23824,0.45137,0.88824,-693.18,-0.025045,0.84645,0.86541,0.96786,10.594,12.007,89.136,4.0949,2.3002,0
0.005072,0.12834,0.05113,1.4079,-80.858,0.027905,0.006782,1.9339,1.0696,0.24818,0.006782,0.054102,0.085061,0.006782,1694.5,0.2154,7.7921,0.006782,0.020868,100,0.92084,0.006676,0.015608,0.036027,0.24818,0.20208,0.21972,0.062087,6.0788,0.37807,0.020868,150.59,2.4238,0.052019,0.006676,0.39877,29.294,0.25117,0.020542,0.24824,0.15322,0.020542,163.26,63.259,0.056968,0.69757,106.97,-0.014186,-0.043651,1.3752,0.12535,0.41257,0.30137,0.30499,61308,0.065097,0.020438,0.9349,0.012027,3.6498,5.7699,140.79,2.5926,0.39463,0
0.12734,0.62397,0.37846,1.6089,-103.97,-0.014005,0.15839,0.60264,1.6895,0.37603,0.18875,0.25484,0.093755,0.15839,1437.9,0.25385,1.6026,0.15839,0.093755,175.76,0.84949,0.18875,0.075374,0.42347,0.36084,0.20408,6.2187,,3.5175,0.36655,0.10019,150.6,2.4236,2.4142,0.18307,1.6895,,0.37603,0.10836,0.007558,0.1102,0.11172,215.03,39.272,0.15653,0.30002,197.12,0.18875,0.11172,1.6026,0.62154,0.4126,,,1245.9,0.10836,0.33865,0.90656,0,2.0767,9.2942,134.28,2.7182,,0
0.003195,0.34335,0.13529,1.4068,12.444,0.034024,0.007501,1.8622,1.0261,0.6394,0.007501,0.022558,0.050633,0.007501,1468.6,0.24854,2.9125,0.007501,0.004451,16.837,1.1534,0.043232,0.001896,0.043306,0.6394,0.236,0.2632,0.25421,5.058,0.17507,0.004451,73.894,4.9395,0.12591,0.043232,1.7013,36.052,0.65022,0.025651,0.15563,0.09324,0.025651,90.106,73.269,0.041097,1.173,17.276,-0.034603,-0.020531,1.3625,0.33253,0.20245,1.2015,1.2218,15463,0.025409,0.004997,0.97459,0.016922,21.678,4.9816,72.016,5.0683,3.167,0
0.22383,0.11067,0.37458,5.5092,13.859,0.019097,0.22383,8.0362,0.73269,0.88933,0.23135,2.6945,0.34778,0.22383,158.52,2.3025,9.0362,0.22383,0.30549,163.52,0.9402,0.21552,0.30549,0.3133,0.43792,2.3025,28.653,0.69066,4.1349,0.1224,0.31135,40.842,8.9368,6.7082,-0.009688,0.73269,4.7873,0.91637,-0.013222,0.48077,0.014965,0.29416,208.09,44.573,0.68192,1.5579,161.38,0.18455,0.25187,4.1354,0.083069,0.1119,1.6398,1.6896,5110.7,-0.013222,0.25168,0.77032,0.030396,2.2322,8.1888,41.382,8.8202,1.3509,0
0.18035,0.40346,0.31311,2.4255,13.567,0,0.21468,1.4786,3.2731,0.59654,0.23175,0.97736,0.081387,0.21468,552.81,0.66026,2.4786,0.21468,0.065589,20.106,1.3892,0.23151,0.055101,0.17324,0.58091,0.57518,13.567,0.67012,4.2126,0.11686,0.069307,26.193,13.935,7.5865,0.21225,3.2731,2.1628,0.75951,0.064846,0.18386,0.047485,0.070732,54.907,34.801,1.0003,1.6046,21.5,0.1798,0.054934,1.3205,0.21965,0.071762,1.2767,1.6255,5108.2,0.064846,0.30233,0.93483,0.27319,18.154,10.488,24.495,14.901,7.0052,0
0.22427,0.51925,0.2459,1.7643,8.5723,0,0.35099,0.92585,1.9152,0.48075,0.35374,1.0909,0.24035,0.35099,411.73,0.88651,1.9259,0.35099,0.18327,39.299,1.1193,0.35252,0.1171,0.81798,0.22427,0.64246,128.52,0.56873,4.5485,0.20589,0.1847,75.338,4.8448,3.002,0.3564,1.9152,1.9039,0.67059,0.18609,0.40442,0.037476,0.18407,83.384,44.085,1.0876,1.1234,48.284,0.2432,0.12698,1.0932,0.32174,0.20641,1.1119,1.551,8695.5,0.18609,0.46651,0.81718,0.39488,9.2878,8.2795,61.319,5.9525,4.4296,0
0.022493,0.64582,0.12246,1.4416,-21.43,-0.009062,0.027928,0.54842,0.74147,0.35418,0.052662,0.10072,0.090135,0.027928,3527.1,0.10349,1.5484,0.027928,0.037666,79.066,0.85729,0.049682,0.030335,0.01281,0.35003,0.095069,2.0087,0.204,5.0808,0.85011,0.062904,141.5,2.5794,1.1075,0.026239,0.74147,1.1786,0.55707,0.035388,0.063425,0.24301,0.067005,188.12,109.05,0.14004,0.86237,81.967,0.010777,0.014535,0.61896,0.27728,0.38768,0.59004,0.92803,14750,0.035388,0.063507,0.96612,0.57283,4.6164,3.347,136.5,2.6741,1.2352,0
0.027128,0.44463,0.24803,2.239,-18.847,0,0.027128,1.2491,1.272,0.55537,0.082874,0.13552,0.069604,0.027128,1833,0.19913,2.2491,0.027128,0.021326,79.296,1.1638,0.082874,0.021326,0.040692,0.027128,0.19913,1.4866,0.44949,3.8267,0.33829,0.065151,62.813,5.8109,2.6162,0.10881,1.272,0.7487,0.78492,0.08554,0.21817,0.10272,0.065151,116.08,36.782,0.098166,0.85853,86.713,0.021464,0.016874,1.008,0.20018,0.17209,1.0065,1.4225,1664,0.08554,0.048846,0.97871,0.41331,4.603,9.9233,57.44,6.3544,2.3052,0
0.16577,0.66817,0.25951,1.4,-5.4905,0.34142,0.16577,0.49663,1.0482,0.33183,0.16577,0.25551,0.052493,0.16577,1411.3,0.25862,1.4966,0.16577,0.050356,33.046,1.3972,0.15283,0.050356,0.34142,0.33183,0.25862,0.48661,2.8292,4.3483,0.19102,0.050356,75.4,4.8409,0.22872,0.15283,3.3121,31.462,0.35123,0.046425,0.074934,0.13741,0.046425,95.318,62.272,0.55618,0.9406,34.638,0.14579,0.044288,1.3594,0.64877,0.20657,3.6178,3.8292,5787.4,0.045953,0.49955,0.95405,0.058451,11.045,5.8614,71.935,5.074,35.89,0
-0.052398,1.0516,-0.20079,0.80657,-30.765,-0.1614,-0.052398,-0.049088,5.5015,-0.051622,-0.019065,-0.050476,-0.007099,-0.052398,-9827.7,-0.03714,0.95091,-0.052398,-0.009524,7.5619,0.74118,-0.048276,-0.009524,-0.2138,-0.069189,-0.03714,-1.4483,-1.234,3.4543,0.18188,-0.007855,68.886,5.2986,5.2303,0.001167,5.5015,53.397,-0.038076,0.000212,0.19761,-1.0034,-0.008775,41.94,34.378,-0.45973,0.69678,7.5635,-0.061617,-0.0112,0.79618,1.0381,0.18873,-0.31725,-0.234,-571.49,0.000212,1.015,1.0095,-0.26241,48.268,10.617,68.872,5.2997,33.811,0
-0.00163,0.79269,0.1611,1.2032,10.175,0.090944,0.00109,0.15394,1.0058,0.12203,0.00109,0.001375,0.004435,0.00109,24165,0.015105,1.2615,0.00109,0.000404,3.7,1.1824,0.004908,-0.000604,0.12172,0.12203,0.011674,0.018283,3.4867,5.0799,0.24362,0.000404,107.79,3.3863,0.006191,0.004908,2.7291,,0.12203,0.001818,0.24366,1.6504,0.001818,102.84,99.137,-0.059551,1.1687,3.7214,-0.005976,-0.002213,1.2032,0.79269,0.29531,2.641,2.641,19365,0.005746,-0.013356,0.99425,0,98.649,3.6818,107.17,3.4058,58.43,0
0.10277,0.54828,0.67466,15.735,87.515,0,0.11533,0.82389,1.2371,0.45172,0.11845,2.519,0.13148,0.11533,1230.3,0.29667,1.8239,0.11533,0.093225,118.89,0.82818,0.11803,0.083073,0.39806,0.38454,0.27376,37.83,2.4133,2.8717,0.26752,0.093225,14.902,24.493,2.0454,0.11571,1.2371,0.6589,0.93356,0.093529,4.9775,0.11053,0.095405,145.32,26.43,0.25505,6.9341,131.15,0.070707,0.057153,1.314,0.045786,0.040828,1.6158,3.3394,502.1,0.093528,0.22752,0.90699,1.0667,3.0702,13.81,13.508,27.02,4.4253,0
0.046751,0.09277,0.54631,7.5793,181.93,0.17516,0.046751,9.7793,0.97369,0.90723,0.046751,0.56303,0.048514,0.046751,716.83,0.50918,10.779,0.046751,0.048015,47.974,0.79301,0,0.048015,0.2448,0.84248,0.50918,,1.4739,3.8963,-0.32642,0.1065,37.667,9.6902,8.6734,0.003033,0.97369,,0.90723,0.003115,5.0887,6.3662,0,77.524,29.55,0.36531,6.038,58.053,-0.000486,-0.000499,6.7839,0.083035,0.1032,2.4476,2.4476,4303,0.17362,0.051532,0.84173,0,7.6084,12.352,31.127,11.726,2.6269,0
0.007459,0.43193,0.28831,1.6675,22.509,0.057005,0.010851,1.3152,0.98672,0.56807,0.010851,0.025123,0.030603,0.010851,1942.9,0.18787,2.3152,0.010851,0.004093,16.798,0.82012,0.013453,0.002813,0.073572,0.56807,0.18001,0.050063,1.0305,4.0602,0.15412,0.004093,58.669,6.2214,0.031146,0.013453,2.7086,,0.56807,0.005074,0.060083,0.16957,0.005074,95.574,78.776,0.061123,1.385,16.575,-0.05684,-0.021437,1.6675,0.43193,0.16074,2.0305,2.0305,3311.5,-0.013454,0.01313,1.0135,0,21.729,4.6334,59.458,6.1388,9.4776,0
0.002831,0.60795,0.24929,1.41,32.364,0,0.014817,0.64486,2.5522,0.39205,0.068277,0.024371,0.016377,0.014817,5308.9,0.068753,1.6449,0.014817,0.005805,2.9814,1.4416,0.062928,0.001109,0.094816,0.37928,0.049038,1.1771,1.7462,3.6575,0.1545,0.011029,88.451,4.1266,4.1266,0.043449,2.5522,,0.39205,0.017024,0.36016,0.22539,0.024656,91.283,88.301,0.13578,1.3758,3.033,0.035946,0.014084,1.41,0.60795,0.24233,2.7462,2.7462,1132.9,0.017024,0.00722,0.99425,0,122.43,4.1336,86.946,4.198,17.878,0
0.01193,0.7555,0.2445,1.3236,-22.649,-0.18023,0.016743,0.32363,0.95407,0.2445,0.019517,0.022162,0.019626,0.016743,14727,0.024785,1.3236,0.016743,0.017549,116.79,0.81167,0.019517,0.012504,-0.73384,-0.1683,0.018414,7.0357,,2.0832,0.45514,0.020457,284.88,1.2812,1.2812,-0.013895,0.95407,,0.2445,-0.014564,0.42523,1.1714,0.020457,259.67,142.88,0.039079,0.91956,115.11,0.017536,0.01838,1.3236,0.7555,0.7805,,,29.615,-0.014564,0.048793,0.98314,0,3.1253,2.5547,289.03,1.2628,,0
0.36417,0.27066,0.59217,3.1879,245.84,0.60016,0.45291,2.6597,1.3471,0.71987,0.45291,1.6734,0.24413,0.45291,211.52,1.7256,3.6947,0.45291,0.23674,23.79,1.7117,0.48286,0.19035,0.75084,0.71987,1.3978,3.3999,4.3171,5.5301,-0.12097,0.23674,69.56,5.2473,1.784,0.48286,1.9327,,0.71987,0.25239,0.034674,0.017904,0.25239,162.83,139.04,2.9205,2.7272,32.047,0.46872,0.245,3.1879,0.27066,0.19058,5.2481,5.2481,200720,0.25765,0.50589,0.74235,0,15.342,2.6252,51.638,7.0685,13.947,0
0.10299,0.50094,0.3366,2.1453,-30.024,0,0.12887,0.99623,1.2377,0.49906,0.17472,0.43848,0.13542,0.12887,1090.9,0.33459,1.9962,0.12887,0.10412,124.2,1.3349,0.17472,0.083213,0.23837,0.4887,0.28294,3.8106,0.91096,4.3162,0.3863,0.11502,100.78,3.6218,2.1248,0.17326,1.2377,1.0311,0.70209,0.13999,0.081064,0.078226,0.14117,178.91,54.71,0.24454,0.7123,144.42,0.13597,0.10986,1.2586,0.29389,0.27611,1.3506,1.9001,6971,0.13999,0.20637,0.89604,0.40684,2.9388,6.6715,86.671,4.2113,3.3495,0
0.057798,0.69337,0.038572,1.0731,-15.304,0.12461,0.079493,0.44194,1.0606,0.30643,0.079493,0.15058,0.065805,0.079493,1868,0.19539,1.4422,0.079493,0.038612,19.755,1.2553,0.10222,0.028074,0.17679,0.30643,0.1641,0.52657,0.088975,4.6483,0.32321,0.038612,99.262,3.6771,0.14742,0.10222,2.069,2.7504,0.47188,0.04965,0.066758,0.14409,0.04965,94.184,74.429,0.5187,0.86199,20.952,0.046232,0.022456,0.81701,0.52792,0.27195,0.70684,1.0885,1716,0.057104,0.18862,0.9429,0.53995,18.476,4.904,93.594,3.8998,4.7491,0
0.000978,0.13121,0.13775,2.6454,80.792,0.007633,0.003872,6.4842,1.0488,0.85078,0.003872,0.046256,0.042772,0.003872,2864.1,0.12744,7.6214,0.003872,0.009905,36.143,1.0694,0.014273,0.002502,-0.001948,0.85078,0.10538,0.38291,0.17693,4.1662,0.25033,0.009905,81.975,4.4526,0.10878,0.014273,0.42241,3.8479,0.89828,0.036509,0.61652,0.15905,0.036509,158.58,122.44,0.025263,2.183,37.907,0.001424,0.003643,1.6879,0.083715,0.22459,1.0928,1.1538,2019.8,0.046536,0.00115,0.95346,0.055824,10.099,2.9811,78.161,4.6699,0.50214,0
0.0833,0.17193,0.29371,3.15,42.193,0,0.0833,4.8164,1.4589,0.82807,0.087279,0.60977,0.061675,0.0833,697.45,0.52334,5.8164,0.0833,0.0571,23.496,1.0536,0.005077,0.0571,0.27021,0.4652,0.52334,1.2758,0.51557,3.8799,0.074459,0.11527,43.327,8.4649,6.726,0.014763,1.4589,,0.82807,0.010119,0.93954,0.48763,0.00348,75.551,52.055,0.88701,2.4625,29.642,-0.001599,-0.001096,2.5029,0.13661,0.11813,1.4536,1.4536,2227.5,0.21113,0.10059,0.7954,0,15.534,7.0118,34.179,10.679,2.5608,0
0.005787,0.65884,0.18891,1.2867,3.4508,0.044828,0.008759,0.51773,1.0007,0.3411,0.008759,0.013294,0.014163,0.008759,9389.3,0.038874,1.5178,0.008759,0.004844,34.302,1.2157,0.022,0.0032,0.060045,0.3411,0.034362,0.12175,1.2408,4.2604,0.34045,0.004844,133.08,2.7427,0.033393,0.022,1.8641,,0.3411,0.012166,0.068325,0.5575,0.012166,162.03,127.73,0.03405,1.0288,34.327,0.005148,0.002847,1.2867,0.65884,0.36461,2.2405,2.2405,3440.9,0.000737,0.016964,0.99926,0,10.641,2.8577,132.98,2.7447,11.878,0
-0.12651,0.60774,0.19764,1.5325,-20.318,-0.13008,-0.13836,0.62147,0.89948,0.37769,-0.13836,-0.37275,-0.095756,-0.13836,-2308.6,-0.15811,1.6454,-0.13836,-0.13789,92.189,1.0654,-0.11876,-0.12607,-0.16582,0.37769,-0.13859,-1.0645,0.4584,5.0887,0.60088,-0.13789,121.45,3.0054,-0.19541,-0.11876,1.0177,1.3334,0.61423,-0.11835,0.025732,-0.26124,-0.11835,203.44,111.25,-0.49914,0.84966,82.923,-0.16104,-0.16048,0.936,0.3712,0.33273,0.87599,1.4246,24241,-0.11175,-0.33494,1.1118,0.62628,3.9592,3.281,135.02,2.7033,2.3274,0
0.13151,0.62935,0.95717,,5.9353,-0.52522,0.13151,0.58893,1.555,0.37064,0.13155,,0.086197,0.13151,1713.8,0.21298,1.5889,0.13151,0.084575,158.39,0.89103,0.13155,0.084575,-0.44903,-0.39371,0.21298,3442.2,22.346,2.1167,0.40473,0.0846,0,,2.2913,0.11297,1.555,,0.37064,0.07265,,0.15647,0.0846,163.96,5.5708,0.19489,,170.8,0.12903,0.082978,1.5209,0,0,8.6529,8.6529,125.23,0.07265,0.35483,0.91647,0,2.3044,65.52,0,,36.303,0
0.025424,0.39184,0.09414,1.291,-28.466,-0.02446,0.029224,1.1424,1.0277,0.44762,0.029224,0.09035,0.053816,0.029224,1702.2,0.21442,2.5521,0.029224,0.018719,47.381,1.101,0.040031,0.016284,-0.013811,0.44762,0.20473,0.2635,0.16164,4.4793,0.24881,0.018719,77.712,4.6968,0.10216,0.040031,1.5789,3.143,0.516,0.02564,0.032928,0.13585,0.02564,95.139,47.758,0.12545,0.66448,48.691,-0.014765,-0.009457,1.0657,0.32346,0.21291,0.76857,0.88599,2838.1,0.026913,0.056798,0.97309,0.15277,7.7035,7.6427,75.62,4.8267,2.6807,0
-0.042712,0.11482,0.79063,19.945,99.013,-0.024517,-0.042712,7.7093,2.6661,0.88518,-0.042451,-1.0234,0.003188,-0.042712,4930.8,0.074024,8.7093,-0.042712,-0.01602,0.52705,0.9,-0.073019,-0.01602,0.17566,-0.051472,0.074024,-279.09,4.7164,3.1264,-0.17248,-0.01602,5.2581,69.417,25.231,-0.2309,2.6661,,0.88518,-0.086604,13.868,-0.1755,-0.027388,34.72,34.193,-11.095,19.852,0.48504,-0.12423,-0.046596,7.2493,0.041734,0.014406,5.2804,5.2804,1057.7,-0.086604,-0.048253,1.0146,0,692.54,10.675,5.7135,63.884,15.904,0
0.066059,0.25829,0.23959,2.0853,10.092,0.18252,0.082151,2.3912,1.0277,0.61762,0.082151,0.37213,0.051805,0.082151,643.18,0.56749,3.8716,0.082151,0.029034,20.872,1.4162,0.092988,0.023347,0.2269,0.61762,0.50519,0.33776,0.44396,4.7266,0.089096,0.029034,29.268,12.471,0.36001,0.092988,2.8473,7.9541,0.65515,0.032864,0.039026,0.053945,0.032864,58.274,37.402,0.40828,1.3524,21.451,0.028559,0.010094,1.7823,0.22076,0.080187,1.1445,1.214,12766,0.027,0.10696,0.973,0.060772,17.488,9.7589,28.478,12.817,5.243,0
-0.096752,0.42629,0.11256,1.2849,-37.389,-0.094056,-0.096892,1.3458,1.4014,0.57371,-0.061539,-0.24528,-0.022058,-0.096892,-5033.8,-0.07251,2.3458,-0.096892,-0.069142,69.084,0.92555,-0.068879,-0.069041,-0.24947,0.40945,-0.07218,-1.9483,0.22858,3.2896,0.28454,-0.059686,93.085,3.9211,3.6335,-0.14757,1.4014,7.9416,0.60423,-0.10531,0.073115,-4.9046,-0.049152,124.68,55.598,-0.36477,0.61349,62.502,-0.13486,-0.096236,1.1907,0.39502,0.25503,1.1651,1.2271,219.27,-0.10531,-0.16864,1.0647,0.05319,5.2834,6.5649,102.89,3.5476,2.8459,0
0.090114,0.33139,0.52754,3.769,22.473,0,0.090114,2.0176,2.5726,0.66861,0.1909,0.47301,0.065336,0.090114,719.62,0.50722,3.0176,0.090114,0.035028,56.014,1.1347,0,0.035028,0.50355,0.57464,0.50722,0,1.871,3.726,0.1005,0.074954,31.884,11.448,6.5812,0.008091,2.5726,2.2946,0.80949,0.003145,0.39009,0.14167,0,91.333,35.319,0.22825,1.6968,66.074,-0.07797,-0.030308,2.1668,0.19051,0.087355,2.3714,2.871,2806.8,0.15225,0.13478,0.91235,0.2107,6.5163,10.334,27.03,13.504,9.1243,0
0.1476,0.097863,0.46987,6.4957,59.981,0.003564,0.18156,9.2184,1.4462,0.90214,0.1817,2.1236,0.14376,0.18156,171.81,2.1244,10.218,0.18156,0.12554,65.987,1.2562,0.17375,0.10206,0.48384,0.69942,1.7775,1261.9,1.0567,4.6077,0.011067,0.12564,24.623,14.824,12.951,0.17884,1.4462,,0.90214,0.12366,0.97648,0.016303,0.12014,119.09,53.105,0.56454,3.4376,75.299,0.14741,0.10193,5.6749,0.085497,0.067459,2.0289,2.0289,19041,0.12366,0.16362,0.87543,0,5.5314,6.8732,21.578,16.916,3.2526,0
0.032555,0.72198,0.31138,1.5332,-47.931,-0.11684,0.032555,0.38507,2.987,0.27802,0.032555,0.055749,0.6641,0.032555,132.85,2.7475,1.3851,0.032555,0.010899,3.1121,1.966,0,0.010899,-0.004432,-0.084285,2.7475,,2.9755,2.7632,-0.014821,0.023004,,0,0,0.002358,2.987,6.3026,0.41603,0.00079,1.3569,0.012335,0,12.581,9.4688,1.2783,1.4896,,-1.9511,-0.6532,1.2401,0.58397,,2.6566,3.9754,180.49,1,0.1171,0.000446,0.49644,117.29,38.548,71.358,5.1151,28.543,0
0.25182,0.33965,0.1303,1.5248,-5.5214,0.62683,0.25182,1.7027,1.1786,0.57832,0.25182,1.0142,0.20897,0.25182,362.84,1.0059,2.9442,0.25182,0.15402,32.376,1.1765,0.283,0.15402,0.62683,0.57832,1.0059,2.04,0.20969,4.2658,0.202,0.15402,65.331,5.5869,0.83322,0.283,1.6715,2.5571,0.66966,0.17309,0.05856,0.029949,0.17309,81.273,48.896,1.7363,0.94067,38.159,0.19316,0.11814,1.1147,0.24831,0.17899,0.93068,1.0777,2403,0.15155,0.43544,0.84845,0.15795,11.274,7.4648,55.431,6.5848,2.6313,0
0.005884,0.271,0.67012,3.4728,66.848,0.67288,0.008862,2.69,2.4123,0.729,0.013959,0.0327,0.011309,0.008862,3625.8,0.10067,3.69,0.008862,0.003674,28.547,0.65738,-0.006231,0.002439,0.13281,0.67876,0.089679,-1.2224,11.38,3.299,0.11234,0.005767,40.882,8.928,8.928,-0.007178,2.4123,,0.729,-0.002976,0.13132,0.74114,-0.002583,137.01,108.46,0.031186,2.7765,28.463,-0.02465,-0.010218,3.4728,0.271,0.11201,12.38,12.38,1333.9,-0.002976,0.008071,0.99636,0,12.786,3.3651,41.004,8.9016,40.968,0
0.035855,0.60882,0.29594,1.5314,41.072,0.062387,0.046856,0.60751,1.0517,0.36986,0.046856,0.084131,0.061424,0.046856,2668.9,0.13676,1.6425,0.046856,0.034567,32.726,1.0997,0.073483,0.026451,0.091313,0.36986,0.11869,0.57014,2.0115,4.595,0.44121,0.034567,157.72,2.3142,0.1207,0.073483,1.3805,14.097,0.42174,0.05421,0.075868,0.18215,0.05421,218.28,185.55,0.29502,1.3131,34.419,0.037077,0.027353,1.4009,0.55694,0.43212,2.514,2.8666,11647,0.049179,0.096942,0.95082,0.14026,11.153,1.9671,149.97,2.4339,9.2135,0
0.056689,0.07844,0.61994,8.9034,170.47,0.17293,0.070587,11.575,1.0834,0.90794,0.070587,0.89989,0.14944,0.070587,272.84,1.3378,12.749,0.070587,0.10053,160.86,1.1137,0.057042,0.080733,0.21722,0.90794,1.1606,0.88013,2.0553,5.3036,-0.1949,0.10053,44.175,8.2625,0.72721,0.057042,0.72383,,0.90794,0.081236,2.9977,0.028218,0.081236,240.8,79.938,0.18319,4.9582,174.28,0.022695,0.032321,8.9034,0.07844,0.12103,3.0102,3.0102,124730,0.076998,0.062436,0.923,0,2.2691,4.5661,40.774,8.9518,2.328,0
0.003644,0.73804,-0.27296,0.4963,-84.54,0,0.003157,0.35495,1.5668,0.26196,0.035721,0.005826,0.054104,0.003157,3177.9,0.11486,1.3549,0.003157,0.002015,15.208,0.65864,0.034425,0.002326,1.2717,0.045394,0.11552,1.0572,-0.37338,4.0578,0.47002,0.002842,128.96,2.845,2.089,0.033009,1.5668,1.0384,0.4581,0.021068,0.011565,0.21201,0.021972,61.194,45.986,0.055814,0.37583,15.455,-0.047187,-0.030117,0.36441,0.5419,0.35149,0.35834,0.62662,-3118.2,0.021068,0.013909,1.0048,0.7487,24.001,7.9372,126.24,2.8913,2.1432,1
0.16615,0.37404,0.32511,1.9081,40.164,0.32569,0.20521,1.5886,1.1216,0.59418,0.20521,0.57318,0.1366,0.20521,583.14,0.62592,2.6735,0.20521,0.11973,29.476,0.97409,0.20436,0.096941,0.40506,0.59418,0.5215,1.3373,1.026,4.3708,0.14898,0.11973,85.514,4.2683,0.54636,0.20436,1.7517,34.012,0.61019,0.11923,0.3858,0.052717,0.11923,116.06,86.587,1.2004,1.5215,33.06,0.17545,0.10237,1.8264,0.35802,0.23429,1.8751,1.9257,7635.5,0.10841,0.27963,0.89159,0.026954,12.383,4.2154,76.244,4.7873,5.409,0
0.09409,0.302,0.25098,1.9361,19.876,0.004045,0.12208,2.3112,1.307,0.698,0.12912,0.45535,0.13147,0.12208,641.49,0.56899,3.3112,0.12208,0.093406,52.54,1.3806,0.1254,0.071988,0.56966,0.63503,0.47629,17.821,0.52188,4.2832,0.10768,0.093598,83.508,4.4279,3.931,0.13515,1.3157,,0.698,0.1034,0.60165,0.057475,0.095942,99.914,47.374,0.5001,1.2344,57.845,0.075646,0.057877,1.7188,0.26811,0.22584,1.4514,1.4514,4817.3,0.1034,0.1348,0.90764,0,6.947,7.7047,74.873,4.8749,2.7178,0
0.10964,0.052074,0.68146,14.086,407.36,0,0.1339,18.204,0.74761,0.94793,0.1345,2.5714,0.26315,0.1339,96.612,3.778,19.204,0.1339,0.17911,12.639,0.98262,0.11302,0.14665,0.32217,0.63751,3.312,188,2.5574,4.0542,-0.70549,0.17911,29.668,12.303,12.303,0.10695,0.74761,,0.94793,0.14306,11.162,0.009871,0.15117,74.352,61.713,4.2353,13.589,14.749,0.050185,0.067128,14.086,0.052074,0.081282,3.5574,3.5574,7720.9,0.14306,0.11566,0.83013,0,28.88,5.9144,25.424,14.357,2.8056,0
0.049595,0.34095,0.60606,3.1313,58.498,0,0.049595,1.933,1.3639,0.65905,0.052011,0.17441,0.052482,0.049595,1738.6,0.20994,2.933,0.049595,0.036363,121.99,1.0277,0,0.036363,0.11738,0.47798,0.20994,0,5.5309,3.9449,0.069795,0.085958,110.33,3.3082,2.7592,0.023576,1.3639,,0.65905,0.017286,0.86745,0.51697,0,172.28,50.285,0.1088,1.5282,176.87,-0.021984,-0.016119,2.6116,0.28436,0.30228,6.0145,6.0145,5338.5,0.31025,0.075253,0.69923,0,2.9919,7.2586,76.101,4.7963,12.447,0
0.1998,0.059067,0.60562,11.253,98.53,0.37884,0.25183,15.248,1.1814,0.90067,0.25183,4.2634,0.17412,0.25183,71.912,5.0757,16.93,0.25183,0.14625,46.354,1.2629,0.25516,0.11604,0.4793,0.90067,4.1949,1.7507,1.8061,4.423,-0.066687,0.14625,14.792,24.675,4.3198,0.25516,1.7337,,0.90067,0.14819,2.9638,0.006406,0.14819,103.79,57.436,0.91372,7.551,54.762,0.20718,0.12033,11.253,0.059067,0.040527,2.686,2.686,16038,0.15353,0.22184,0.84647,0,7.8741,6.3548,12.521,29.151,5.135,0
0.012187,0.43091,0.055474,1.1294,-34.343,0.082442,0.01508,1.0968,1.009,0.47262,0.01508,0.035184,0.04367,0.01508,2061.2,0.17708,2.3207,0.01508,0.00863,43.267,1.0068,0.021752,0.006975,0.1057,0.47262,0.17037,0.12562,0.10752,4.7084,0.22093,0.00863,90.34,4.0403,0.05048,0.021752,1.7611,119.62,0.47494,0.012449,0.1227,0.17073,0.012449,90.134,46.866,0.058837,0.64616,43.658,-0.039473,-0.022591,1.1234,0.42859,0.24751,0.91606,0.92054,2834.3,0.008959,0.025785,0.99104,0.004899,8.4359,7.7881,89.53,4.0768,3.3867,0
-0.025734,0.32727,0.14359,1.4437,-38.138,-0.072682,-0.023959,2.0488,1.0112,0.67051,-0.023959,-0.07404,0.01501,-0.023959,5829.6,0.062611,3.0556,-0.023959,-0.01755,72.261,1.0684,-0.012756,-0.01885,-0.062261,0.67051,0.057187,-0.094487,0.26948,4.9609,0.20266,-0.01755,87.485,4.1721,-0.038978,-0.012756,1.3784,53.557,0.67419,-0.009344,0.19233,0.33949,-0.009344,108.27,36.008,-0.095216,0.60851,73.069,-0.057206,-0.041904,1.4275,0.32359,0.23969,1.2584,1.2653,13122,0.011059,-0.038379,0.98894,0.005483,5.0511,10.137,86.518,4.2188,2.5621,0
0.11532,0.22227,0.28982,3.4136,95.051,0,0.11532,3.4991,0.74935,0.77773,0.11582,0.96036,0.27668,0.11532,391.3,0.9328,4.4991,0.11532,0.15389,68.006,1.6857,0.10923,0.15389,0.25347,0.70928,0.9328,218.24,0.49113,4.92,0.065776,0.1545,67.607,5.3988,2.9167,0.10107,0.74935,24.853,0.78861,0.13487,1.4683,0.036815,0.14577,113.78,45.773,0.82596,2.2509,78.608,0.017221,0.022981,1.8442,0.12008,0.18523,1.318,1.3364,24105,0.13487,0.14827,0.85543,0.013983,5.3672,7.9741,58.489,6.2405,1.2699,0
0.13437,0.57023,0.24148,1.793,50.924,0,0.13437,0.75369,1.3272,0.42977,0.14129,0.44126,0.16135,0.13437,971.97,0.37553,1.7537,0.13437,0.10124,19.957,1.2338,0.1372,0.10124,0.33431,0.071541,0.37553,19.827,0.53188,3.8855,0.3288,0.10591,88.17,4.1397,2.2107,0.066579,1.3272,6.2673,0.50531,0.050166,0.4457,0.087608,0.10338,112.83,92.875,1.8517,1.5547,21.011,0.057433,0.043275,0.9575,0.30451,0.24156,0.94662,1.113,1855,0.050165,0.31265,0.90421,0.17577,18.289,3.93,83.747,4.3584,2.9232,0
-0.02657,0.17017,0.052648,1.4049,3.8456,-0.00447,-0.023673,4.4517,0.94139,0.75756,-0.023673,-0.18205,0.066294,-0.023673,737.99,0.49459,5.8764,-0.023673,-0.018647,5.5808,1.4382,-0.025437,-0.020929,-0.000677,0.75756,0.47756,-0.18861,0.064416,4.8553,0.1307,-0.018647,35.195,10.371,-0.14947,-0.025437,1.3359,4.068,0.7977,-0.020036,0.18629,0.067896,-0.020036,45.557,39.976,-1.3688,1.2556,5.2538,-0.13328,-0.10498,1.0735,0.13004,0.096423,0.92689,0.976,3773,-0.062254,-0.035073,1.0623,0.05298,65.402,9.1304,37.386,9.7631,1.5533,0
0.15487,0.15426,0.48071,4.1198,109.64,0,0.19052,5.4826,1.163,0.84574,0.19107,1.2365,0.18989,0.19052,254.97,1.4315,6.4826,0.19052,0.16383,58.771,1.0479,0.18563,0.13317,0.57113,0.84497,1.2004,337.87,1.3163,4.1115,0.017292,0.16383,57.525,6.345,6.338,0.18527,1.163,,0.84574,0.15931,0.90258,0.023812,0.15962,155.58,96.814,0.82704,2.9045,69.908,0.15533,0.13357,4.1152,0.15409,0.1576,2.3158,2.3158,6213.7,0.15931,0.18311,0.83732,0,6.2105,3.7701,48.361,7.5475,3.1844,0
0.084833,0.5506,0.25217,1.4595,10.019,0,0.12644,0.8162,3.6682,0.4494,0.13288,0.2304,0.052598,0.12644,1041.6,0.35041,1.8162,0.12644,0.034469,13.325,1.3174,0.1085,0.023127,0.18156,0.097147,0.27485,16.84,1.2669,3.3427,0.089306,0.036226,56.247,6.4893,6.4679,0.10698,3.6682,,0.4494,0.029164,0.44464,0.10488,0.029579,55.418,42.094,0.63351,1.2155,13.725,0.042003,0.011451,1.4547,0.54878,0.1541,2.2578,2.2578,555.16,0.029164,0.18877,0.96579,0,27.393,8.6711,54.606,6.6842,18.429,0
0.03386,0.56807,0.12467,1.2375,-21.215,0.18179,0.034163,0.75803,1.0477,0.43061,0.034163,0.065094,0.049661,0.034163,3274.1,0.11148,1.7603,0.034163,0.02679,55.453,1.2736,0.062435,0.026552,0.18261,0.43061,0.11095,0.51296,0.35569,5.5185,0.44175,0.02679,157.39,2.3191,0.10991,0.062435,1.2821,10.541,0.47385,0.04896,0.010827,0.20389,0.04896,184.28,128.82,0.17477,0.8684,58.099,0.03327,0.026089,1.1433,0.52483,0.4312,1.2286,1.3519,41138,0.045543,0.078632,0.95446,0.10041,6.5822,2.8333,150.22,2.4298,3.6383,0
0.02492,0.72918,-0.070343,0.87342,-101.21,0.12618,0.031769,0.32727,1.0324,0.23864,0.031769,0.057168,0.047815,0.031769,4113.4,0.088734,1.3714,0.031769,0.023477,74.849,1.0132,0.055837,0.018416,0.15829,0.23864,0.079342,0.426,-0.13668,4.1046,0.5154,0.023477,154.75,2.3587,0.076575,0.055837,1.386,1.1983,0.41211,0.041263,0.077665,0.27005,0.041263,119.28,44.428,0.089805,0.37407,77.273,0.022903,0.016925,0.66563,0.5557,0.42397,0.4637,0.80077,-894.97,0.031376,0.10443,0.96862,0.72693,4.8765,8.2155,149.89,2.4351,2.6294,0
0.54867,0.6352,0.18879,1.2972,12.66,1.725,0.54867,0.50434,1.2569,0.32035,0.54867,0.86379,0.20562,0.54867,394.8,0.92451,1.5743,0.54867,0.19212,12.486,0.76825,0.56791,0.19212,1.725,0.32035,0.92451,2.4995,1.0726,3.7747,0.21986,0.19212,102.04,3.5771,0.89407,0.56791,2.878,,0.32035,0.19885,0.031252,0.034433,0.19885,102.77,90.286,5.616,1.1434,15.694,0.52934,0.18535,1.2972,0.6352,0.27956,1.82,1.82,1123.8,0.20441,1.7127,0.79559,0,29.232,4.0427,81.181,4.4961,16.225,0
0.018533,0.40834,0.072879,1.218,2.1503,0.014835,0.026394,1.3155,1.0206,0.53715,0.026394,0.078958,0.043307,0.026394,2164.8,0.16861,2.449,0.026394,0.016602,13.741,1.1928,0.040647,0.011658,0.031037,0.53715,0.14936,0.26096,0.12293,4.816,0.24067,0.016602,78.331,4.6597,0.099544,0.040647,1.6107,4.6891,0.61121,0.025568,0.08887,0.16155,0.025568,86.659,72.918,0.30965,1.039,14.025,-0.001807,-0.001137,0.99709,0.33427,0.2146,0.90605,1.031,4770.7,0.020215,0.034502,0.97978,0.13789,26.562,5.0056,76.747,4.7559,2.6815,0
0.0912,0.37537,0.35125,2.2659,26.779,0,0.11468,1.6641,1.9871,0.62463,0.16498,0.41332,0.10655,0.11468,647.14,0.56402,2.6641,0.11468,0.057715,39.217,0.94738,0.15943,0.045896,0.33589,0.44954,0.50146,3.17,0.94606,4.3348,0.14888,0.05989,54.94,6.6437,4.911,0.14367,1.9871,16.653,0.64957,0.072301,0.31485,0.048787,0.080235,99.44,60.223,0.42717,1.4964,42.273,0.062403,0.031404,1.675,0.27747,0.15052,1.6824,1.7495,7593.2,0.072301,0.14601,0.943,0.039917,9.3072,6.0608,50.967,7.1614,5.352,0
0.11786,0.01503,0.80229,54.38,390.06,0.2569,0.14592,65.235,1.1772,0.98047,0.14592,9.7087,0.24964,0.14592,34.514,10.575,66.535,0.14592,0.22919,131.72,0.99882,0.096043,0.18512,0.31841,0.98047,8.7087,1.7757,4.3918,5.1524,-0.64223,0.22919,10.143,35.987,6.3902,0.096043,0.68713,,0.98047,0.15085,28.246,0.00453,0.15085,225.18,93.458,0.51297,39.093,155.06,0.083018,0.13039,54.38,0.01503,0.027788,5.3671,5.3671,113970,0.1505,0.12021,0.8495,0,2.771,3.9055,8.6162,42.362,3.4852,0
-0.13621,0.49147,0.17117,2.6905,32.903,-0.58231,-0.15245,1.0347,0.65997,0.50853,-0.079772,-1.5056,-0.1215,-0.15245,-2237.2,-0.16315,2.0347,-0.15245,-0.23099,54.954,5.1827,-0.079898,-0.20638,-0.39291,-0.22708,-0.13011,-1.0994,0.23525,4.8609,0.63029,-0.17914,51.209,7.1276,1.4684,-0.061714,0.65997,0.44797,0.89483,-0.093511,0.86858,-2.1455,-0.12106,102.02,47.07,-1.3708,1.7091,50.254,-0.15216,-0.23056,0.55429,0.10125,0.1403,0.69893,1.2299,12427,-0.093511,-0.26785,1.2286,0.75965,6.642,7.7544,55.998,6.5181,0.90707,0
0.0839,0.14999,0.56449,4.8236,117.98,0,0.0839,5.6671,1.2261,0.85001,0.084517,0.5683,0.06843,0.0839,652.52,0.55937,6.6671,0.0839,0.06843,67.338,1.1805,0,0.06843,0.16039,0.84035,0.55937,0,1.9609,4.015,-0.048812,0.15341,52.918,6.8975,6.7891,0.002521,1.2261,,0.85001,0.002056,1.4523,,0,148.17,80.83,0.37092,3.2915,81.078,0,0,4.7478,0.14763,0.14498,2.9527,2.9527,5842.9,0.16947,0.098705,0.8405,0,5.4204,4.5156,43.95,8.3049,4.259,0
-0.038583,0.029774,0.92389,32.03,6639,0,-0.038583,32.586,0.067704,0.97023,-0.038583,-1.2959,-0.49397,-0.038583,-324.96,-1.1232,33.586,-0.038583,-0.56988,72.4,0.15276,0,-0.56988,,0.96409,-1.1232,,19.941,3.9109,-12.117,-1.1398,199.51,1.8295,1.8295,0.000713,0.067704,,0.97023,0.010525,28.575,0.1931,0,554.47,482.07,-2.873,31.579,89.986,-0.00514,-0.075916,32.03,0.029774,0.54659,20.941,20.941,7524.8,0.19543,-0.039768,1.2656,0,5.0414,0.75715,160.52,2.2739,1.4613,0
0.001173,0.67203,0.14227,1.2156,-49.408,0.016824,0.001271,0.48075,1.0074,0.32308,0.001271,0.001926,0.010069,0.001271,14201,0.025702,1.488,0.001271,0.000741,29.67,1.5586,0.028596,0.000684,0.014349,0.32308,0.025555,0.16793,0.71945,5.1476,0.38925,0.000741,141.47,2.58,0.042552,0.028596,1.7744,55.044,0.33512,0.016671,0.36164,0.49541,0.016671,119.92,90.252,0.00841,1.0043,29.888,0.012595,0.007342,1.1938,0.65999,0.38759,1.6338,1.6947,19985,0.007312,0.003629,0.99269,0.037272,12.302,4.0442,140.44,2.5991,8.6745,0
0.002828,0.60261,-0.022049,0.95673,-130.16,0,0.004475,0.65944,0.91074,0.39739,0.040243,0.008782,0.069561,0.004475,3471.9,0.10513,1.6594,0.004475,0.004914,120.16,0.73539,0.03962,0.003106,-0.024926,0.38868,0.1024,1.1077,-0.043026,4.3566,0.65892,0.044187,192.34,1.8977,1.6047,-0.056293,0.91074,2.4351,0.47448,-0.06181,0.017613,0.20394,0.043504,191.8,71.639,0.009434,0.36839,113.16,-0.019256,-0.021144,0.80906,0.50959,0.52697,0.77546,0.9259,-501.22,-0.06181,0.007118,0.99556,0.194,3.0376,5.095,204.23,1.7872,1.7772,0
0.24041,0.09943,0.45902,5.6168,230.88,0,0.24047,9.0573,0.98611,0.90057,0.24227,2.4186,0.2759,0.24047,133.39,2.7363,10.057,0.24047,0.24386,10.975,1.1345,0.23785,0.2438,0.73055,0.89591,2.7357,131.9,1.0396,4.0308,-0.040887,0.2452,51.773,7.0501,7.0497,0.28516,0.98611,,0.90057,0.28918,1.4066,0.012301,0.2412,154.94,143.96,8.1079,5.3186,15.44,0.20625,0.20915,5.6165,0.099424,0.14184,2.0396,2.0396,4927.8,0.28918,0.26696,0.75807,0,33.256,2.5354,36.801,9.9182,2.2333,0
0.10913,0.28599,0.64043,3.2393,110.12,0.37079,0.13702,2.0566,1.079,0.58816,0.13702,0.4791,0.094236,0.13702,660.7,0.55245,3.4966,0.13702,0.081725,31.632,1.1343,0.12485,0.065089,0.46448,0.58816,0.45492,0.80352,8.7036,4.3403,-0.142,0.081725,67.181,5.4331,0.43656,0.12485,1.7048,,0.58816,0.074468,1.9243,0.064476,0.074468,81.878,50.246,0.75105,2.7313,34.132,0.10388,0.061957,3.2393,0.28599,0.18406,7.9932,7.9932,14021,0.073227,0.18554,0.92677,0,11.539,7.2643,62.261,5.8624,22.785,0
0.00344,0.2818,0.37225,2.518,11.522,0,0.003586,2.5486,1.0754,0.7182,0.06922,0.014625,0.023694,0.003586,4036.8,0.090418,3.5486,0.003586,0.003335,32.688,0.99782,0.054239,0.003198,0.46844,0.70768,0.089897,0.82639,0.97311,4.0274,0.15264,0.015204,88.221,4.1373,3.6002,0.060843,1.0754,21.628,0.74229,0.056577,1.4755,0.12338,0.050436,86.766,54.079,0.035714,2.1253,34.648,0.032345,0.030078,2.1911,0.24522,0.2417,1.8775,1.9405,3965.2,0.056577,0.004789,0.99671,0.033551,11.166,6.7494,83.229,4.3855,2.8112,0
0.10731,0.42706,0.063419,1.365,-9.2379,0,0.13415,1.3416,0.66573,0.57294,0.17456,0.77216,0.2378,0.13415,984.63,0.3707,2.3416,0.13415,0.2015,31.721,1.4557,0.010974,0.16119,0.19503,0.55053,0.30786,0.27151,0.083134,5.4143,0.64149,0.2015,112.14,3.296,1.3408,0.10026,0.66573,0.70774,0.82627,0.1506,0.11197,0.40513,0.016485,119.36,87.635,1.8547,1.032,36.88,-0.013189,-0.019812,0.55531,0.17373,0.3034,0.75105,1.0831,1.365,0.1506,0.18729,0.73163,0.44216,11.506,4.165,95.251,3.832,0.87268,0
0.18713,0.059977,0.94002,16.673,207.43,-0.043181,0.23141,15.673,1.9802,0.94002,0.23303,3.8582,0.2103,0.23141,52.569,6.9433,16.673,0.23141,0.11686,0,1.0352,0.23303,0.094499,0.19485,0.38053,6.205,143.62,,1.9512,-0.45454,0.11686,12.53,29.13,29.13,0.23303,1.9802,,0.94002,0.11768,16.673,0.004782,0.11768,0,0,,16.673,0,0.047993,0.024237,16.673,0.059977,0.034328,,,84.007,0.11768,0.19907,0.88314,0,,,11.055,33.016,,0
-0.046507,0.016475,0.001675,1.1196,2.987,-0.09376,-0.046507,59.699,0.17193,0.98353,-0.046471,-3.3213,-0.17433,-0.046507,-200.62,-1.8194,60.699,-0.046507,-0.27049,0,1.0645,-0.046471,-0.27049,-0.01732,0.96498,-1.8194,-1307.6,0.001702,2.811,0.048638,-0.27029,23.401,15.598,13.257,-0.046471,0.17193,,0.98353,-0.27029,0.57934,-0.018343,-0.27029,16.06,16.06,,1.1196,0,-0.063005,-0.36645,0.9516,0.014002,0.064112,0.99919,0.99919,1.084,-0.2703,-0.047286,1.2705,0,,22.727,29.726,12.279,0.17467,0
-0.060512,1.7469,-0.7856,0.54882,-172.42,-0.69812,-0.06764,-0.42756,1.7774,-0.74691,0.12768,-0.038846,-0.035795,-0.06764,-10022,-0.036421,0.57244,-0.06764,-0.038054,2.9431,1.0977,0.11794,-0.034044,-0.15886,-0.75863,-0.03234,0.60384,-17.7,3.63,0.94972,-0.038,375.86,0.97109,0.96793,0.086566,1.7774,,-0.74691,0.048702,0.03837,0.47745,0.066356,182.52,179.57,-4.2222,0.54059,3.0937,0.11393,0.064096,0.54703,1.7412,1.0298,-16.829,-16.829,-3351.4,0.048702,0.081017,1.0371,0,124.02,2.0326,357.56,1.0208,40.048,0
0.15821,0.33166,0.51951,2.993,114.31,0,0.19617,2.0151,1.5103,0.66834,0.20417,0.75257,0.17871,0.19617,448.52,0.81378,3.0151,0.19617,0.12989,28.571,0.96032,0.20367,0.10476,0.50265,0.15821,0.69932,25.473,2.3633,3.7795,0.054627,0.13224,71.589,5.0985,4.0071,0.18124,1.5103,,0.66834,0.12001,0.96626,0.039854,0.13486,127.68,99.109,1.3383,2.5395,32.467,0.12994,0.086036,2.3523,0.26067,0.19614,3.0403,3.0403,3126.5,0.12001,0.23672,0.87345,0,12.775,3.6828,62.998,5.7938,6.8703,0
0.063119,0.86443,0.13624,1.1577,17.308,-0.16625,0.063119,0.15683,2.9169,0.13557,0.088803,0.073075,0.021639,0.063119,4998.8,0.073018,1.1568,0.063119,0.021639,0,1.195,0.08317,0.021639,0.19767,-0.030698,0.073018,3.2383,,3.2678,0.1652,0.030444,111.26,3.2807,3.2781,0.08317,2.9169,,0.13557,0.028513,0.44289,0.34645,0.028513,77.263,77.263,,1.1577,0,0.08317,0.028513,1.1568,0.86376,0.30482,,,252.38,0.028513,0.4656,0.9784,0,,4.7241,108.09,3.377,,0
0.062216,0.56085,0.28102,1.5933,15.731,0,0.076811,0.783,3.1684,0.43915,0.10193,0.16218,0.034982,0.076811,1847,0.19762,1.783,0.076811,0.024243,16.546,1.205,0.088678,0.019637,0.26823,0.4198,0.1716,3.5305,1.1453,3.4123,0.17355,0.024243,55.746,6.5476,5.5291,0.067354,3.1684,7.2428,0.52351,0.021258,0.030275,0.15236,0.027989,85.282,68.736,0.43317,1.2901,16.906,0.054654,0.01725,1.3455,0.47361,0.15273,1.7897,2.1336,726.13,0.021258,0.14168,0.97602,0.1921,22.059,5.3102,54.561,6.6898,12.913,0
0.013333,0.11351,0.19518,3.0145,96.854,0.043785,0.015672,6.2533,1.0281,0.70983,0.015672,0.16176,0.11423,0.015672,693.66,0.5262,8.8095,0.015672,0.029971,46.934,0.99441,0.012764,0.025498,0.047198,0.70983,0.50559,0.25096,0.2757,4.7888,-0.054748,0.029971,69.527,5.2497,0.11245,0.012764,0.53442,13.521,0.72646,0.02441,1.4976,0.065677,0.02441,102.59,55.654,0.1983,2.3205,48.252,-0.031294,-0.059846,2.5729,0.096886,0.19049,1.0027,1.0262,12001,0.027314,0.018784,0.97269,0.023425,7.7768,6.5584,67.628,5.3972,0.73864,0
0.034572,0.40028,0.058285,1.3526,355.49,-0.056174,0.034572,1.4983,1.5364,0.59972,0.090652,0.20914,0.035098,0.034572,2709.3,0.13472,2.4983,0.034572,0.022502,7.1314,1.2756,0.015059,0.022502,-0.49075,0.032057,0.13472,0.26853,0.075071,5.69,0.24606,0.033922,42.1,8.7406,3.6097,-0.005334,1.5364,0.93086,0.80767,-0.003471,0.1447,0.38772,0.009802,47.435,40.304,1.1517,1.171,7.5832,-0.004294,-0.002795,0.55859,0.16531,0.11441,0.77243,1.0403,28544,0.067193,0.057647,0.97692,0.34675,51.182,9.0562,39.271,9.2943,1.9789,0
-0.097916,0.41513,0.10055,1.2782,-28.403,0,-0.10019,1.4089,1.1112,0.58487,-0.08897,-0.27719,-0.039973,-0.10019,-3411.3,-0.107,2.4089,-0.10019,-0.09016,58.847,0.87511,-0.089754,-0.088116,-0.063001,0.57797,-0.10153,-8.002,0.18689,4.3372,0.36666,-0.081504,107.82,3.3854,2.9475,-0.1124,1.1112,11.675,0.60909,-0.10115,0.05874,-0.40716,-0.080772,144.78,85.929,-0.54654,0.78252,53.442,-0.14552,-0.13096,1.1129,0.36144,0.29539,1.0871,1.1321,2185.8,-0.10115,-0.16741,1.0867,0.041421,6.2025,4.2477,118.72,3.0744,2.0654,0
-0.026006,0.21862,0.51641,3.9198,83.537,0.24165,-0.026006,3.5741,1.3603,0.78138,-0.025998,-0.14704,0.031212,-0.026006,1879.5,0.1942,4.5741,-0.026006,-0.019118,60.95,0.94451,-0.027954,-0.019118,0.32144,0.70734,0.1942,-3625.6,1.6836,3.6692,0.10258,-0.019112,50.255,7.2629,5.8757,0.075714,1.3603,,0.78138,0.055662,0.48718,0.1799,-0.020551,162.91,101.96,-0.11449,2.6355,64.543,-0.096417,-0.070881,3.1711,0.17686,0.13769,2.5475,2.5475,2411.2,0.055662,-0.033282,1.0179,0,5.9885,3.5799,47.458,7.691,4.4348,0
0.071413,0.1505,0.25463,2.7714,33.727,0,0.088385,5.6446,1.0425,0.8495,0.0902,0.61487,0.1079,0.088385,488.34,0.74743,6.6446,0.088385,0.084783,49.366,1.1531,0.087013,0.068502,0.39053,0.84166,0.63465,47.928,0.42323,6.2342,0.14436,0.084783,57.986,6.3074,6.0245,0.13765,1.0425,,0.8495,0.13204,0.21648,0.045148,0.083467,128.58,79.219,0.50649,1.7905,56.76,0.062911,0.060348,2.647,0.14375,0.15854,1.412,1.412,2.7714,0.13204,0.084064,0.86817,0,7.3938,4.6075,50.329,7.2523,1.7328,0
0.04667,0.65805,-0.034566,0.94162,-44.016,-0.064801,0.04667,0.51963,2.0941,0.34195,0.090495,0.078817,0.061611,0.04667,1861.7,0.19606,1.5196,0.04667,0.022286,30.086,1.0624,0.08984,0.022286,0.040034,-0.032737,0.19606,2.0499,-0.078127,4.0877,0.31293,0.029459,107.44,3.3973,3.0569,0.082452,2.0941,6.8677,0.398,0.039374,0.053133,0.12739,0.042902,91.699,61.614,0.27038,0.65012,31.319,0.007491,0.003577,0.84729,0.59213,0.29435,0.77287,0.89956,-423.01,0.039374,0.13648,0.97787,0.16392,12.132,5.924,103.21,3.5365,4.7331,0
-0.38236,1.2723,-0.44576,0.29254,-118.52,-0.22103,-0.38236,-0.21405,1.2364,-0.27233,-0.34619,-0.60685,-0.29492,-0.38236,-1273.6,-0.28659,0.78598,-0.38236,-0.30926,27.819,0.949,-0.34619,-0.30926,-0.55195,-0.27975,-0.28659,-9.5695,-0.54652,2.3554,1.0278,-0.28,151.24,2.6313,1.3031,-0.2842,1.3117,,-0.27233,-0.22987,0.002521,-0.12912,-0.28,53.946,26.126,-4.0576,0.15208,20.746,-0.36392,-0.29434,0.14487,0.63008,0.38004,-0.33389,-0.33389,-101.04,-0.22987,1.404,1.264,0,13.12,13.971,186.01,1.9623,1.5158,1
-0.024062,0.40645,-0.36024,0.11369,-116.38,-0.31883,-0.024062,1.4603,1.1739,0.59355,0.031483,-0.0592,-0.013563,-0.024062,-9318.2,-0.039171,2.4603,-0.024062,-0.020498,3.8781,1.1157,0.019866,-0.020498,-0.087759,-0.34289,-0.039171,0.35766,-0.3777,3.4265,0.33336,-0.016512,127.4,2.865,2.865,0.009371,1.1739,,0.59355,0.007983,0.039961,0.48375,0.016924,9.3174,5.4393,-1.9292,0.082999,3.9093,0.011726,0.009989,0.11369,0.40645,0.34904,0.6223,0.6223,-961.73,0.007983,-0.040539,1.0201,0,94.117,67.104,126.38,2.8881,1.2307,0
0.071991,0.63062,0.024376,1.0475,-62.437,0,0.071991,0.58575,0.86513,0.36938,0.075925,0.14014,0.12434,0.071991,2139.9,0.17057,1.5857,0.071991,0.083214,60.961,0.71389,0.071386,0.083214,0.56935,0.072848,0.17057,18.148,0.05277,3.7514,0.50313,0.087761,233,1.5665,1.2761,0.060417,0.86513,,0.36938,0.069836,0.40612,0.19653,0.082514,139,78.036,0.49824,0.76618,65.538,0.03581,0.041393,0.85326,0.5137,0.63837,0.79967,0.79967,137.51,0.069836,0.1949,0.91854,0,5.9874,4.6773,216.73,1.6841,1.8729,0
0.10696,0.35827,0.21325,1.5952,15.813,0.1898,0.10696,1.7338,1.0289,0.62116,0.10696,0.29854,0.075705,0.10696,855.55,0.42662,2.7912,0.10696,0.052976,22.187,1.2378,0.11515,0.052976,0.1898,0.62116,0.42662,0.58682,0.4977,4.0232,0.14243,0.052976,66.639,5.4773,0.32142,0.11515,2.0907,,0.62116,0.057036,0.21506,0.07314,0.057036,89.393,67.206,0.87152,1.2527,22.827,0.069265,0.034307,1.5952,0.35827,0.18257,1.4497,1.4497,2249.5,0.028053,0.17219,0.97195,0,16.451,5.431,64.769,5.6354,4.712,0
0.053241,0.22734,0.3384,2.5439,56.945,0.14204,0.067461,3.3714,1.052,0.76645,0.067461,0.30777,0.091982,0.067461,641.19,0.56926,4.3988,0.067461,0.047949,33.604,1.1497,0.068071,0.037842,0.1826,0.76645,0.5067,0.50899,0.76492,4.7147,0.061818,0.047949,59.823,6.1014,0.29943,0.068071,1.4144,52.555,0.7746,0.048382,0.67289,0.057483,0.048382,106.39,72.789,0.41103,1.9529,35.352,0.00612,0.00435,2.4527,0.21919,0.1639,1.7325,1.7509,17546,0.049446,0.069464,0.95055,0.010627,10.862,5.0145,56.865,6.4188,3.1802,0
0.041901,0.70426,-0.22497,0.59284,-66.128,0.086704,0.044011,0.28884,1.0299,0.20342,0.044011,0.079653,0.0272,0.044011,4010.8,0.091005,1.4199,0.044011,0.018678,29.458,1.0668,0.083872,0.017783,0.099809,0.20342,0.08801,0.36659,-0.33455,4.0442,0.2895,0.018678,88.146,4.1408,0.11909,0.083872,2.3748,0.90549,0.35516,0.035595,0.04262,0.22273,0.035595,47.093,17.635,0.22034,0.24867,30.338,0.063791,0.027072,0.46511,0.55253,0.2415,0.30251,0.52816,-2490.5,0.029024,0.20598,0.97098,0.74592,12.391,20.698,85.588,4.2646,3.5042,0
0.075638,0.40351,0.006306,1.0314,-28.666,0,0.08658,1.4782,1.0742,0.59649,0.11454,0.43067,0.13859,0.08658,989.29,0.36895,2.4782,0.08658,0.080598,24.322,1.137,0.11454,0.070412,-0.017587,0.45257,0.34183,4.097,0.007955,3.0392,0.36249,0.098588,76.461,4.7737,2.3783,0.11454,1.0742,0.67051,0.79896,0.10662,0.10101,0.076063,0.10662,63.552,39.23,1.0567,0.67531,27.225,0.05224,0.04863,0.51384,0.20104,0.20948,0.75252,1.008,6.901,0.10662,0.12681,0.9194,0.33945,15.007,9.3041,68.309,5.3434,1.3552,1
0.02636,0.78319,0.045868,1.0588,-233.81,0.1654,0.021765,0.25621,1.0713,0.20066,0.021765,0.027912,0.087243,0.021765,3750.1,0.097331,1.2768,0.021765,0.02491,219.69,0.84053,0.046185,0.030169,0.16211,0.20066,0.1032,0.56626,0.26307,4.2508,0.81681,0.02491,348.96,1.046,0.05897,0.046185,0.87671,87.646,0.20408,0.052858,0.10747,0.25583,0.052858,309.89,90.204,0.050124,0.38439,235.35,-0.008279,-0.009475,1.0542,0.77977,0.95606,1.1509,1.1705,817.21,0.066546,0.13137,0.93345,0.017043,1.6614,4.0464,325.74,1.1205,5.0113,0
0.042435,0.4298,0.15647,1.6444,0.92992,0,0.051119,1.3266,1.989,0.5702,0.075637,0.21053,0.07418,0.051119,1063.3,0.34328,2.3266,0.051119,0.025701,26.521,1.0762,0.074154,0.021335,0.16411,0.56113,0.32307,3.0244,0.26048,4.1219,0.20996,0.036666,44.321,8.2354,4.6525,-0.010693,1.989,2.7914,0.66147,-0.005376,0.079191,0.08399,0.037282,69.745,43.225,0.29363,1.0492,26.379,-0.022269,-0.011196,0.929,0.24281,0.12143,0.9492,1.1011,2071.6,-0.005376,0.074421,0.97579,0.16007,13.763,8.4442,44.559,8.1913,3.311,0
0.11929,0.50326,0.16722,1.6516,-56.926,0.28462,0.12033,0.91593,1.2225,0.46095,0.12033,0.46893,0.2634,0.12033,1159.1,0.3149,1.9871,0.12033,0.20001,42.369,1.2704,0.11026,0.19827,0.28676,0.46095,0.31283,2.2403,0.29023,6.0476,0.74083,0.20001,190.31,1.9179,0.21909,0.11026,0.61667,1.4352,0.70759,0.18326,0.88344,0.11149,0.18326,119.59,77.223,1.7081,1.3795,51.795,0.072118,0.11987,0.84218,0.25661,0.52141,0.80003,1.2281,186590,0.182,0.2588,0.818,0.53508,8.6148,4.7266,155.68,2.3446,1.0442,0
0.20165,0.4797,0.5184,2.0807,-34.293,0,0.20165,1.0846,5.5133,0.5203,0.25006,0.42036,0.77719,0.20165,40.862,8.9324,2.0846,0.20165,0.036574,14.76,1.7213,0,0.036574,0.39408,0.49168,8.9324,0,273.06,3.2423,0.016102,0.082119,152.94,2.3866,2.3866,0.004985,5.5133,,0.5203,0.000904,0.84736,0.003916,0,39.168,24.408,0.90447,1.6159,71.08,-4.0832,-0.74061,2.0807,0.4797,0.41901,274.06,274.06,905.74,0.79235,0.38756,0.21945,0,24.73,14.954,31.758,11.493,2904,0
0.25469,0.32084,0.53975,2.7983,65.019,0,0.3193,2.1168,3.2627,0.67916,0.31933,1.0638,0.10967,0.3193,327.27,1.1153,3.1168,0.3193,0.097865,0.77043,1.1131,0.31434,0.078063,1.1718,0.44554,0.9139,11533,3.3711,3.2547,0.04591,0.097873,37.053,9.8506,9.2152,0.30606,3.2627,,0.67916,0.093807,0.58932,0.030308,0.096344,74.172,73.402,36.983,2.7754,0.85019,0.27581,0.084537,2.6178,0.30014,0.10152,4.2418,4.2418,970.36,0.093807,0.37501,0.90254,0,473.76,4.9726,33.578,10.87,20.378,0
0.050289,0.92762,0.047533,1.0512,-38.251,-0.10358,0.05037,0.078025,2.8836,0.072378,0.051196,0.054301,0.020979,0.05037,5596.8,0.065216,1.078,0.05037,0.017468,43.641,4.5194,0.050472,0.01744,,0.019466,0.065128,61.114,1.9132,3.3556,0.32017,0.017478,119.64,3.0508,3.0508,0.053649,2.8836,,0.072378,0.018605,0.007275,0.51027,0.017503,122.58,78.938,0.14586,0.67957,44.468,0.040347,0.013992,1.0512,0.92762,0.32779,2.9132,2.9132,107.8,0.018605,0.69482,0.98256,0,8.3637,4.6239,117.42,3.1086,116.07,0
0.21007,0.21287,0.36985,2.7441,48.586,0.59186,0.26215,3.6421,1.1733,0.7753,0.26215,1.2362,0.17545,0.26215,251.48,1.4514,4.6977,0.26215,0.14887,34.592,1.4916,0.24455,0.11929,0.73512,0.7753,1.2068,1.6294,0.8846,4.0912,0.060109,0.14887,51.57,7.0777,1.1488,0.24455,1.7885,507.4,0.77611,0.13887,0.53639,0.02402,0.13887,97.038,62.446,1.2587,1.9571,40.587,0.19773,0.11229,2.7336,0.21205,0.14129,1.8543,1.8563,4562.5,0.1477,0.27095,0.8523,0.001055,10.552,5.8451,43.953,8.3043,4.2118,0
0.22687,0.22232,0.73691,4.4101,84.501,0.068618,0.27966,3.498,2.0086,0.77768,0.28644,1.2942,0.14604,0.27966,276.63,1.3194,4.498,0.27966,0.13923,45.297,1.3112,0.28382,0.11295,0.57528,0.73753,1.082,41.822,15.679,4.374,0.05416,0.13927,45.793,7.9706,7.7473,0.28619,2.0086,,0.77768,0.14248,0.92602,0.02491,0.1413,136.82,91.52,0.91014,3.2566,52.823,0.27013,0.13449,4.2866,0.21609,0.12546,16.546,16.546,17435,0.14248,0.29172,0.86217,0,8.058,3.9882,39.269,9.2949,42.735,0
0.000721,0.08842,0.34288,4.8779,99.672,0.13521,0.003791,10.297,0.98828,0.91043,0.003791,0.042871,0.040756,0.003791,867.88,0.42056,11.31,0.003791,0.004155,38.12,1.0426,-0.013732,0.00079,0.17339,0.91043,0.38585,-0.14874,0.60292,4.446,-0.11815,0.004155,34.957,10.441,-0.1553,-0.013732,0.93149,,0.91043,-0.01505,2.2331,0.14783,-0.01505,93.551,55.431,0.007568,3.8002,37.673,-0.047127,-0.051652,4.8779,0.08842,0.095773,1.6009,1.6009,9575.6,-0.011862,0.000792,1.0119,0,9.575,6.5847,35.372,10.319,1.6044,0
0.063819,0.30916,-0.010271,0.96678,-31.611,0.026848,0.069199,2.1863,1.063,0.67592,0.069199,0.22383,0.1552,0.069199,596.1,0.61231,3.2346,0.069199,0.056732,21.601,1.0292,0.080396,0.052321,0.052641,0.67592,0.59491,0.70065,-0.014649,4.7238,0.20657,0.056732,98.342,3.7115,0.26005,0.080396,1.2468,,0.67592,0.065912,0.21008,0.050694,0.065912,70.005,48.404,0.88411,0.73329,22.961,-0.039706,-0.032553,0.96678,0.30916,0.26943,0.96407,0.96407,-543.78,0.059268,0.094417,0.94073,0,16.898,7.5407,92.513,3.9454,1.7397,0
0.18772,0.041785,0.01604,1.3839,-5.0719,0.48338,0.18772,22.838,1.288,0.95427,0.18772,4.4925,0.28533,0.18772,63.686,5.7313,23.932,0.18772,0.22366,10.07,1.0953,0.18778,0.22366,0.48338,0.95427,5.7313,2.8816,0.017024,4.1132,0.020964,0.22366,23.405,15.595,4.4939,0.18778,0.83997,,0.95427,0.22373,0.61088,0.005735,0.22373,14.046,3.9763,8.1068,0.8297,12.97,0.13602,0.16206,1.3839,0.041785,0.064123,1.0128,1.0128,208.16,0.2236,0.19672,0.7764,0,36.246,91.794,18.171,20.086,0.89082,0
-0.05438,1.2314,-0.26319,0.78627,-157.32,-0.43515,-0.05438,-0.18791,2.717,-0.23139,0.056863,-0.044161,-0.014062,-0.05438,-11764,-0.031026,0.81209,-0.05438,-0.020015,120.59,1.0649,0.039186,-0.020015,-0.45188,-0.48953,-0.031026,0.35225,-8.277,2.2871,0.4375,-0.020015,167.95,2.1732,2.1732,0.040853,2.717,,-0.23139,0.015036,0.035939,0.74143,0.014423,124.12,3.531,-0.060579,0.057284,122.43,0.023011,0.008469,0.78627,1.2314,0.46014,-7.277,-7.277,-50.978,0.015036,0.23501,1.0199,0,3.0267,103.37,165.43,2.2064,85.445,0
0.015925,0.61145,-0.090184,0.81168,-222.1,0,0.017188,0.63545,0.60009,0.38855,0.045636,0.03589,0.074053,0.017188,5022.3,0.072676,1.6354,0.017188,0.028642,134.45,1.2413,0.045636,0.026538,0.019932,0.023315,0.070611,1.6042,-0.14753,4.6135,0.90552,0.068566,311.95,1.1701,0.9164,0.039749,0.60009,1.2649,0.5211,0.066239,0.17901,0.27964,0.076049,184.29,49.84,0.072044,0.35011,143.99,0.018386,0.030638,0.63572,0.4789,0.85466,0.63562,0.85247,-3703.9,0.066239,0.040986,0.97164,0.34116,2.7147,7.3235,291.29,1.2531,0.98168,0
0,0.26159,0.47008,4.9795,114.67,1.0835,1.0835,2.8227,1.9662,0.73841,1.0888,9.1723,0.57489,1.0835,84.469,4.3211,3.8227,1.0835,0.55105,31.537,0.99553,1.0853,0,2.6452,0.26429,0.17921,204,1.1416,3.6177,0.094813,0.55376,44.966,8.1172,3.6655,1.0074,1.9662,,0.73841,0.51233,0.71858,0.007702,0.55198,93.435,61.898,0,3.5413,64.67,1.0384,0.52813,2.2486,0.11813,0.12319,1.7932,1.7932,1949.5,0.51233,0,0.47128,0,11.574,5.8968,21.928,16.645,4.7748,0
-0.43731,0.98552,-0.13199,0.78982,-39.972,-0.46978,-0.44163,0.011636,0.99104,0.011468,-0.44163,-0.70324,-0.12292,-0.44163,-1025.5,-0.35592,1.0147,-0.44163,-0.15476,13.604,1.1269,-0.02512,-0.15325,-0.4685,0.011468,-0.35154,-0.08724,-0.2619,4.6352,0.3421,-0.15476,79.605,4.5851,-0.02549,-0.02512,2.9056,1.0899,0.36899,-0.008803,0.12829,0.49282,-0.008803,53.137,39.532,-4.1115,0.62045,13.483,-0.11599,-0.040645,0.50329,0.628,0.2181,0.022754,0.73212,-5698.7,-0.009041,-38.134,1.009,31.176,26.829,9.2329,80.325,4.544,5.662,0
0.005918,0.63351,-0.17765,0.71117,-57.687,0,0.008644,0.57852,1.5301,0.36649,0.008921,0.014053,0.10888,0.008644,1387.9,0.26298,1.5785,0.008644,0.005649,3.8236,1.6289,0.008595,0.003868,0.021032,0.14397,0.25868,30.963,-0.31579,3.6483,0.36871,0.005649,147.36,2.4769,2.4048,0.00661,1.5301,,0.36649,0.00432,0.15361,0.12679,0.005617,81.808,77.985,0.36922,0.68511,3.8402,-0.14936,-0.097614,0.69049,0.61508,0.40373,0.65146,0.65146,-790.37,0.00432,0.016148,0.99438,0,95.459,4.6804,146.73,2.4876,2.7198,0
0.083702,0.51018,0.15472,1.3315,-17.374,0,0.083702,0.96011,1.5068,0.48982,0.094834,0.17935,0.056478,0.083702,2188.2,0.1668,1.9601,0.083702,0.055551,46.323,1.3975,0,0.055551,0.10074,0.33927,0.1668,0,0.40866,4.4658,0.3251,0.12136,193.46,1.8867,1.7258,0.022156,1.5068,10.542,0.53063,0.014704,0.056259,12.174,0,144.17,97.847,0.43771,0.92177,79.272,-0.001397,-0.000927,1.218,0.46669,0.53004,1.2938,1.4016,4521.6,0.41564,0.17088,0.60235,0.083307,7.8795,3.7303,113.05,3.2286,3.9799,0
0.37336,0.20718,0.63383,4.0593,92.284,0.33481,0.37336,3.8266,2.4725,0.79282,0.38685,1.8021,0.15609,0.37336,195.95,1.8627,4.8266,0.37336,0.151,13.578,1.5374,0.38037,0.151,,0.66828,1.8627,28.207,3.9866,2.6829,0.06775,0.151,35.967,10.148,10.148,0.36999,2.4725,,0.79282,0.14964,0.2209,0.017576,0.15384,117.4,103.82,4.0593,3.6153,15.967,0.3678,0.14875,4.0593,0.20718,0.098539,4.9866,4.9866,305.38,0.14964,0.47093,0.85002,0,26.882,3.5158,30.585,11.934,15.552,0
0.34777,0.33525,0.55416,2.8051,35.366,0.76943,0.43855,1.4762,1.1272,0.49491,0.43855,1.4285,0.12346,0.43855,252.94,1.443,2.9828,0.43855,0.11192,18.109,1.1591,0.44233,0.08875,0.96806,0.49491,1.1723,1.2724,3.9913,4.4434,0.06701,0.11192,32.232,11.324,1.3194,0.44233,3.9349,23.596,0.52317,0.11288,0.31057,0.022606,0.11288,71.333,53.224,1.7888,2.1718,20.412,0.3971,0.10134,2.5687,0.30699,0.088308,3.5646,3.7681,15383,0.11284,0.7027,0.88716,0.057095,20.155,6.8578,28.595,12.764,28.223,0
0.000389,0.88469,0.052545,1.1167,-60.265,0.048993,-0.010095,0.13033,1.5331,0.11531,0.061192,-0.022414,0.021809,-0.010095,9657.9,0.037793,1.1303,-0.010095,-0.006585,38.619,1.1386,0.060931,0.000254,0.24384,0.10578,0.049643,0.85472,0.10571,5.1737,0.57706,-0.006585,140.41,2.6367,1.3423,0.36232,1.5331,0.78447,0.54963,0.23633,0.1755,0.2823,0.039744,100.92,62.298,0.002397,0.75651,49.858,0.017401,0.01135,0.56847,0.45037,0.37926,0.23197,1.1057,1.1167,0.23633,0,0.81118,3.7667,9.4514,5.8589,107.23,3.4041,3.0842,0
0.097389,0.19447,0.43653,3.8056,103.71,0,0.12297,4.1423,1.0398,0.80553,0.13,0.7903,0.20678,0.12297,330.13,1.1056,5.1423,0.12297,0.11826,65.436,1.1047,0.11808,0.093662,0.33774,0.76082,0.97411,16.776,1.0703,4.1416,-0.043339,0.12427,61.631,5.9224,4.7386,0.1183,1.0398,12.005,0.83933,0.11378,1.6113,0.03085,0.11356,119.85,54.412,0.52245,2.6075,73.837,0.026039,0.025042,3.0449,0.15559,0.16885,1.975,2.0578,6047.6,0.11378,0.1209,0.88383,0.041954,5.578,6.7081,54.618,6.6827,2.5493,0
0.22341,0.19458,0.3149,2.7428,66.528,0,0.23344,4.1393,1.0682,0.80542,0.26103,1.2919,0.22831,0.23344,291.23,1.2533,5.1393,0.23344,0.21854,0,1.2972,0.12257,0.20915,0.48896,0.67332,1.2018,4.4429,0.62431,4.1021,0.050665,0.21919,109.08,3.3463,3.1074,0.46357,1.0682,53.87,0.81462,0.43399,1.9125,0.048769,0.11474,51.266,51.266,,2.7428,0,0.11214,0.10498,2.547,0.18069,0.29884,1.5968,1.615,2.7428,0.43399,0.27738,0.52267,0.011422,,7.1197,61.742,5.9117,2.1177,0
-0.18899,0.93595,-0.1853,0.65596,-88.246,-0.29906,-0.22898,-0.002295,0.93182,-0.002148,-0.22898,-0.42513,-0.12965,-0.22898,-2160.8,-0.16892,1.0684,-0.22898,-0.18777,35.001,0.9687,-0.16166,-0.15498,-0.33905,-0.002148,-0.12619,-1.2353,-0.28654,4.9253,0.68224,-0.18777,150.22,2.4297,-0.17273,-0.16166,1.2502,0.59486,0.3952,-0.13257,0.19526,-0.33895,-0.13257,74.27,39.268,-1.6161,0.43884,32.615,-0.23254,-0.1907,0.37748,0.5386,0.41157,-0.003322,0.6111,-15602,-0.073171,87.981,1.0732,-184.98,10.428,9.295,161.21,2.2641,1.8856,0
0.038469,0.80971,-0.009002,0.98727,-38.493,0.10525,0.057709,0.23498,1.0317,0.19026,0.057709,0.081613,0.02469,0.057709,4096.4,0.089103,1.235,0.057709,0.019749,36.4,1.2939,0.084786,0.013164,0.14359,0.19026,0.065342,0.29934,-0.029818,4.1214,0.27503,0.019749,91.12,4.0057,0.10471,0.084786,2.9315,3.9637,0.29287,0.029015,0.009769,0.26828,0.029015,86.335,49.935,0.13201,0.57514,37.553,0.070347,0.024074,0.86217,0.7071,0.24964,0.63023,0.97008,-119.05,0.030705,0.20219,0.96929,0.53927,10.027,7.3095,88.322,4.1326,9.6793,0
0.093743,0.18579,0.43971,3.6274,68.988,0.069168,0.11496,3.9965,1.1209,0.74252,0.11496,0.68695,0.13358,0.11496,396.48,0.92061,5.3823,0.11496,0.089779,65.501,1.4222,0.10927,0.073208,0.093903,0.74252,0.8064,0.95652,1.119,4.7617,0.008358,0.089779,53.47,6.8263,0.58813,0.10927,1.3195,20.456,0.76097,0.085335,1.0567,0.036941,0.085335,122.63,57.132,0.40795,2.2543,73.42,0.053189,0.041537,3.2674,0.16735,0.14649,1.8896,1.9366,25400,0.10786,0.12625,0.89214,0.024838,5.5724,6.3887,47.703,7.6515,3.2587,0
-0.030591,0.19856,0.3923,2.9757,26.986,0.014182,-0.033739,4.0362,0.93605,0.80143,-0.033739,-0.16992,0.008811,-0.033739,5017.7,0.072743,5.0362,-0.033739,-0.020581,57.454,0.94652,-0.038331,-0.018661,0.027412,0.80143,0.088596,-0.21888,0.95885,3.4572,0.016922,-0.020581,41.384,8.8198,-0.19304,-0.038331,1.7249,,0.80143,-0.023383,0.89351,0.66265,-0.023383,92.056,34.602,-0.11855,1.6762,53.78,-0.086514,-0.052775,2.9757,0.19856,0.11338,1.9589,1.9589,1124.2,-0.068318,-0.03817,1.0683,0,6.3529,10.549,44.211,8.2558,4.0067,0
0.092389,0.45346,0.44345,1.9779,36.044,0.64725,0.12571,1.034,1.0723,0.46886,0.12571,0.27723,0.052535,0.12571,1148.4,0.31784,2.2053,0.12571,0.045822,24.008,0.96831,0.14543,0.033676,0.81442,0.46886,0.24436,0.56842,4.3013,4.1873,0.10734,0.045822,64.69,5.6423,0.32072,0.14543,2.7851,,0.46886,0.053011,0.36973,0.090986,0.053011,97.023,73.014,0.51198,1.58,25.743,0.12702,0.046298,1.9779,0.45346,0.17723,4.5478,4.5478,6826.3,0.067399,0.19705,0.9326,0,15.203,4.999,60.33,6.0501,26.611,0
0.00576,0.00052,0.40915,788.09,20384,0,0.007111,1922.7,0.013797,0.99948,0.007111,13.679,0.51535,0.007111,26.684,13.679,1923.7,0.007111,0.51535,0,1.1833,0.006571,0.41746,0.007268,0.9509,11.08,,0.69309,3.0125,-15.456,0.51535,26.257,13.901,13.901,0.006571,0.013797,,0.99948,0.47627,411.22,0.002637,0.47627,5182.5,5182.5,,788.09,0,0.006571,0.47627,788.09,0.00052,0.071938,1.6931,1.6931,421.09,0.47627,0.005763,0.50403,0,,0.070429,13.752,26.542,0.023372,0
0.14883,0.079136,0.2925,5.3384,51.506,0.51016,0.15186,11.578,1.132,0.91622,0.15186,2.2524,0.16257,0.15186,139.96,2.6078,12.636,0.15186,0.11963,39.132,1.0913,0.14387,0.11724,0.52084,0.91622,2.5695,1.2829,0.45697,5.0871,0.062099,0.11963,21.944,16.633,1.8181,0.14387,1.2807,19.106,0.92793,0.11333,0.060127,0.013115,0.11333,102.32,63.188,1.0935,3.3197,44.297,0.089363,0.070394,4.5481,0.067421,0.06012,1.4314,1.4497,35746,0.11659,0.16244,0.88341,0.012786,9.3273,5.7764,19.385,18.829,1.9833,0
0.066858,0.45128,0.18351,2.1061,29.789,0.26886,0.071179,0.60876,1.0541,0.27472,0.071179,0.429,0.057153,0.071179,1348.1,0.27075,2.2159,0.071179,0.033295,3.2038,1.2962,0.083519,0.031274,0.28146,0.27472,0.26117,0.41182,0.28208,4.7386,0.18522,0.033295,29.861,12.223,0.18507,0.083519,2.1611,1.1587,0.56009,0.039067,0.34039,0.11029,0.039067,50.017,46.813,3.5629,1.993,3.3773,0.032514,0.015209,0.77431,0.16592,0.081811,0.42228,0.86093,10051,0.051362,0.24336,0.94864,1.0387,113.93,7.7969,28.327,12.885,3.2861,0
0.089376,0.19149,0.63502,4.3161,65.954,0.22647,0.11126,4.2093,1.071,0.80605,0.11126,0.581,0.081458,0.11126,490.55,0.74406,5.2221,0.11126,0.063607,70.764,1.248,0.11966,0.051097,0.28311,0.80605,0.62979,0.73267,3.6605,4.2447,0.010685,0.063607,42.796,8.5288,0.62488,0.11966,1.7617,,0.80605,0.068411,0.91499,0.041725,0.068411,135.91,65.144,0.26356,2.5452,75.788,0.088437,0.05056,4.3161,0.19149,0.11725,4.6463,4.6463,11156,0.066286,0.11088,0.93371,0,5.158,5.603,39.959,9.1343,10.083,0
-0.1173,0.57942,-0.52828,0.049477,-1601.5,-0.78383,-0.1173,0.32069,0.020926,0.18582,-0.1173,-0.21106,-45.694,-0.1173,-1830.5,-0.1994,1.7259,-0.1173,-46.393,0,0.6479,-0.11896,-46.393,-0.78383,0.18582,-0.1994,-9.8451,-0.54322,3.5557,227.98,-46.393,1678.9,0.2174,-0.2053,-0.11896,0.004896,1.1631,0.20946,-47.047,0.007883,-0.16255,-47.047,3337.2,3337.2,,0.049477,0,-0.12072,-47.746,0.047458,0.55578,4.5998,0.19107,0.21538,-1899.2,-46.788,-0.63127,47.788,0.12724,,0.10937,80232,0.004549,0.0026,0
-0.073843,0.33976,0.65711,3.0435,215.36,0,-0.073862,1.9433,0.80238,0.66024,-0.049688,-0.2297,-0.08193,-0.073862,-1886.4,-0.19349,2.9433,-0.073862,-0.092053,54.578,0.87851,-0.115,-0.092029,0.082445,0.65683,-0.19343,-4.757,30.806,4.1662,-0.44479,-0.092053,130.1,2.8055,2.6552,-0.099739,0.80238,,0.66024,-0.1243,2.1737,-0.10597,-0.14332,127.23,72.65,-0.61546,2.6704,48.544,-0.12312,-0.15344,2.8805,0.32156,0.35645,30.953,30.953,9635.7,-0.1243,-0.11184,1.0834,0,6.6877,5.0241,146.28,2.4953,37.617,0
0.22495,0.28723,0.66441,3.3182,77.102,0,0.28242,2.4816,3.0027,0.71277,0.30308,0.98539,0.10327,0.28242,338.09,1.0796,3.4816,0.28242,0.094056,10.668,1.3353,0.29653,0.074917,,0.71049,0.87952,14.352,13.563,4.3406,0.004525,0.094234,39.113,9.3319,9.3118,0.32809,3.0027,,0.71277,0.10927,0.9888,0.029532,0.098756,81.155,70.487,2.5633,3.012,11.976,0.26886,0.089541,3.311,0.28661,0.10716,14.55,14.55,14556,0.10927,0.3156,0.90631,0,34.216,5.1783,34.839,10.477,61.296,0
0.21124,0.1501,0.55713,4.7118,237.7,0.56105,0.21124,5.5725,1.2467,0.83641,0.21124,1.4074,0.29098,0.21124,221.77,1.6459,6.6624,0.21124,0.24881,55.976,1.1124,0.17209,0.24881,0.56105,0.83641,1.6459,2.527,1.9029,4.9683,-0.22379,0.24881,80.446,4.5372,1.1465,0.17209,0.89505,,0.83641,0.2027,2.2719,0.023737,0.2027,157.45,101.47,1.6224,3.8444,69.784,0.13629,0.16054,4.7118,0.1501,0.2204,2.8568,2.8568,51791,0.19786,0.25255,0.80214,0,6.5206,3.5971,64.529,5.6563,2.8998,0
0.028134,0.43166,0.18703,1.5137,20.603,0,0.028134,1.3166,1.5809,0.56834,0.04641,0.077268,0.040784,0.028134,2443.7,0.14936,2.3166,0.028134,0.017796,27.126,1.2433,0,0.017796,0.19741,0.56761,0.14936,0,0.41666,5.4372,0.26227,0.040491,108.95,3.35,2.8258,0.022258,1.5809,10.399,0.61004,0.014079,0.051751,0.39594,0,122.9,95.77,0.23947,1.191,35.156,-0.036341,-0.022987,1.2768,0.36411,0.29851,1.2662,1.3591,51182,0.22843,0.049503,0.78316,0.073371,13.456,3.8112,84.066,4.3418,3.522,0
0.33637,0.36659,0.2761,1.7763,12.947,0,0.33637,1.7278,3.0171,0.63341,0.3436,0.9458,0.12911,0.33637,343.5,1.0626,2.7278,0.33637,0.11149,21.219,1.0273,0.34036,0.11149,1.3913,0.55869,1.0626,47.069,0.74973,4.3307,0.11759,0.11208,48.335,7.5514,7.3259,0.33151,3.0171,55.012,0.6417,0.10988,0.05012,0.031051,0.11281,74.269,53.05,1.9177,1.2832,23.838,0.28719,0.095186,1.7233,0.35564,0.13242,1.72,1.7425,5912.6,0.10988,0.53104,0.88902,0.013096,17.202,6.8803,43.024,8.4836,8.1929,0
0.024915,0.69935,0.29623,1.4236,-1.3439,-0.30074,0.024915,0.42989,0.88233,0.30064,0.08101,0.035626,0.036821,0.024915,7857,0.046455,1.4299,0.024915,0.028238,18.492,0.3253,0.08101,0.028238,1.0263,-0.005361,0.046455,1.4442,67.029,2.2669,0.7829,0.028238,155.2,2.4454,2.4454,-0.76243,0.88233,,0.30064,-0.86411,0.38101,0.26316,0.091814,301.62,283.13,0.55736,1.3597,9.5406,0.073437,0.083231,1.4236,0.69935,0.40893,68.028,68.028,54.763,-0.8641,0.082873,2.0019,0,19.738,1.2892,289.3,1.2616,199.65,1
0.11186,0.51415,0.29739,1.6085,-1.2278,0,0.11186,0.94498,3.4347,0.48585,0.13297,0.22889,0.036563,0.11186,1494.3,0.24425,1.945,0.11186,0.032569,31.922,0.99501,0.12138,0.032569,0.19814,0.33458,0.24425,5.7506,1.3904,3.5767,0.13305,0.038714,54.417,6.7075,6.3758,0.15655,3.4347,19.108,0.51127,0.045579,0.13358,0.12686,0.035339,76.602,44.68,0.37239,0.99386,33.447,0.10766,0.031344,1.529,0.48873,0.14909,2.2716,2.3904,1122,0.045579,0.23024,0.96758,0.05232,11.434,8.1692,51.937,7.0278,16.059,0
0.10223,0.58262,0.10714,1.3899,-7.6009,0,0.10223,0.71637,1.6676,0.41738,0.13018,0.37203,0.090557,0.10223,1408.3,0.25919,1.7164,0.10223,0.061304,29.552,0.88231,0.12821,0.061304,0.41196,0.40077,0.25919,4.5868,0.17334,3.8662,0.33377,0.077409,65.541,5.569,2.6265,0.13728,1.6676,1.2589,0.6135,0.082322,0.10717,0.10973,0.076885,77.15,47.598,0.75717,0.89855,32.203,0.079431,0.047633,0.65552,0.27478,0.17956,0.67528,0.99259,787.32,0.082322,0.24493,0.93882,0.46989,12.351,7.6684,60.146,6.0686,2.698,0
0.016458,0.76585,0.056921,1.3278,-15.679,0,0.023464,0.30573,1.1234,0.23415,0.042055,0.13513,0.082073,0.023464,3032,0.12038,1.3057,0.023464,0.020887,33.266,1.187,0.041837,0.014651,0.16224,0.20576,0.11124,2.2503,0.073977,3.2671,0.6809,0.037437,56.951,6.409,1.4531,0.0105,1.1234,0.28869,0.67815,0.009347,0.005639,0.23088,0.037243,74.595,41.329,0.16075,0.73818,33.58,-0.026896,-0.023943,0.30105,0.17364,0.15603,0.30431,0.88135,105.28,0.009347,0.070292,0.97976,1.8963,10.972,8.8315,56.419,6.4695,1.46,0
0.19511,0.20318,-0.10702,0.35433,-131.71,0.77193,0.19511,3.659,1.4498,0.74344,0.19511,1.1772,0.48225,0.19511,277.99,1.313,4.9218,0.19511,0.35271,0,0.90231,0.19683,0.35271,0.77193,0.74344,1.313,5.1586,-0.11369,3.9944,0.35005,0.35271,158.55,2.3021,0.96877,0.19683,0.66715,1.5689,0.78087,0.35582,0.095926,0.024879,0.35582,28.26,28.26,,0.35433,0,0.12517,0.22628,0.28905,0.16575,0.43439,0.78982,0.82959,-1056.4,0.31024,0.26244,0.68976,0.050351,,12.916,109.36,3.3375,0.58769,0
0.038131,0.50182,0.069286,1.1381,-39.06,0.14408,0.047933,0.95072,1.0323,0.47709,0.047933,0.095519,0.032228,0.047933,3067.8,0.11898,1.9928,0.047933,0.025874,49.935,1.3759,0.068822,0.020583,0.17744,0.47709,0.099444,0.38349,0.16154,4.4198,0.25203,0.025874,102.06,3.5763,0.13715,0.068822,1.8799,,0.47709,0.03715,0.088082,0.20471,0.03715,103.81,53.878,0.15045,0.63301,51.547,0.057051,0.030796,1.1381,0.50182,0.27962,1.1124,1.1124,1821.6,0.031263,0.079925,0.96874,0,7.3095,6.7746,98.871,3.6917,4.3194,0
0.089516,0.15353,0.57194,6.0713,67.891,0,0.11343,5.5133,1.9718,0.84647,0.12005,1.0058,0.071526,0.11343,397.33,0.91862,6.5133,0.11343,0.057527,39.226,0.91904,0.11463,0.045398,0.55157,0.40177,0.76285,17.317,1.814,3.9071,0.031171,0.057527,21.992,16.597,12.192,0.1,1.9718,,0.84647,0.050714,0.92478,0.03598,0.058135,107.44,68.214,0.42243,4.1923,41.321,0.087027,0.044135,4.4598,0.11278,0.060251,2.6848,2.6848,4618.4,0.050714,0.10575,0.94346,0,9.3051,5.3508,20.876,17.484,6.2541,0
0.35097,0.23082,0.68946,3.987,89.115,0,0.45215,3.3324,3.274,0.76918,0.54489,1.9589,0.14432,0.45215,178.31,2.047,4.3324,0.45215,0.13811,0,1.2557,0.48781,0.1072,0.8684,0.68168,1.6087,5.2601,8.6478,3.058,-0.16758,0.13811,30.242,12.069,12.069,0.48817,3.274,,0.76918,0.14911,3.3981,0.015141,0.149,15.154,15.154,,3.987,0,0.46747,0.14278,3.987,0.23082,0.082856,9.6478,9.6478,787.96,0.14911,0.4563,0.86426,0,,24.085,25.733,14.184,41.065,0
0.15332,0.20974,0.2946,2.4401,92.517,0,0.15332,3.7678,0.93197,0.79026,0.15647,0.74946,0.17666,0.15332,464.98,0.78498,4.7678,0.15332,0.16451,55.966,1.0484,0,0.16451,0.59616,0.77396,0.78498,0,0.58825,3.4917,0.18024,0.35837,126.28,2.8904,2.8193,0.000939,0.93197,,0.79026,0.001008,0.21709,0.6176,0,178.11,122.14,1.0729,1.7416,88.208,-0.01132,-0.012146,2.38,0.20458,0.34597,1.5779,1.5779,913.91,0.36552,0.19401,0.64678,0,6.5218,2.9883,80.121,4.5556,1.8609,0
0.11467,0.18575,0.60281,4.5415,77.711,0,0.14382,4.3837,1.3185,0.81425,0.14769,0.84498,0.15356,0.14382,334.85,1.09,5.3837,0.14382,0.10908,95.188,1.2955,0.1286,0.08697,0.19885,0.78208,0.93307,33.227,2.6557,3.8,0.017901,0.10908,51.736,7.0551,6.465,0.11764,1.3185,,0.81425,0.089225,1.0255,0.033066,0.097539,165.68,70.488,0.33349,2.5214,104.51,0.069958,0.053059,4.1617,0.17021,0.14174,3.5873,3.5873,3803.5,0.089225,0.14083,0.89366,0,3.8345,5.1782,47.12,7.7462,5.8088,0
0.1356,0.21412,0.63472,3.9643,55.144,0,0.17018,3.6702,3.0996,0.78588,0.17451,0.79477,0.065063,0.17018,387.54,0.94184,4.6702,0.17018,0.054903,15.641,1.0436,0.14665,0.043748,0.71918,0.57922,0.78035,33.869,4.1992,3.7261,0.016807,0.0563,26.376,13.838,13.838,0.13653,3.0996,,0.78588,0.044047,1.0035,0.040065,0.047314,74.655,59.014,1.0209,3.344,16.362,0.11516,0.037154,3.9643,0.21412,0.072264,5.1992,5.1992,3378.5,0.044047,0.17255,0.94576,0,23.336,6.185,25.214,14.476,20.507,0
-0.2094,1.3743,-0.24222,0.72102,-132.81,-0.61066,-0.2094,-0.27234,1.7825,-0.37427,-0.20441,-0.24118,-0.097475,-0.2094,-2886.9,-0.12643,0.72766,-0.2094,-0.11747,64.83,0.90725,0,-0.11747,-0.67725,-0.82006,-0.12643,0,-0.6477,4.6317,0.76489,-0.23489,203.7,1.7919,1.1321,0.063665,1.7825,0.62739,0.11892,0.035716,0.01471,1.2851,0,125.57,60.743,-0.66139,0.35637,74.278,-0.035647,-0.019998,0.45554,0.86825,0.55807,-1.0008,0.31799,-10373,0.12721,0.5595,0.88166,-1.3177,5.6301,6.009,177.79,2.053,4.7665,0
0.087144,0.61182,0.20847,1.3407,-31.819,0,0.11522,0.63447,2.9616,0.38818,0.1771,0.18832,0.060301,0.11522,1250.5,0.29189,1.6345,0.11522,0.038904,19.633,1.1874,0.17691,0.029425,0.2555,0.3022,0.24601,2.8589,1.1601,3.6889,0.19721,0.041631,80.267,4.5473,4.5473,0.17946,2.9616,,0.38818,0.060597,0.5185,0.084878,0.059733,62,42.367,0.54706,1.0804,20.899,0.11354,0.038336,1.3407,0.61182,0.21991,2.1601,2.1601,1018.4,0.060597,0.22449,0.9611,0,18.592,8.6152,75.403,4.8406,16.48,0
0.003859,0.40473,0.10275,1.2958,0.58682,0.00952,0.005192,1.302,0.88259,0.52697,0.005192,0.014945,0.035699,0.005192,2880.7,0.12671,2.4708,0.005192,0.003614,24.421,1.1994,0.010132,0.002686,0.010981,0.52697,0.12341,0.062248,0.18686,4.1405,0.21887,0.003614,77.907,4.6851,0.025033,0.010132,1.6662,6.1753,0.5843,0.007053,0.27169,0.23668,0.007053,90.395,65.974,0.040146,1.0191,21.554,-0.035959,-0.025032,1.1122,0.3474,0.21344,0.95838,1.0626,1420.1,-0.13303,0.007322,1.133,0.10879,14.946,5.5325,88.271,4.135,2.6125,0
-0.13176,0.85212,-0.1409,0.7114,-44.537,0,-0.13196,0.17355,1.51,0.14788,-0.11838,-0.27028,-0.045891,-0.13196,-4488.5,-0.081318,1.1735,-0.13196,-0.087392,12.241,,-0.11838,-0.087263,-0.13196,-0.11316,-0.081088,-8.7157,-0.2159,4.1853,0.56104,-0.078397,104.8,3.5208,2.0172,-0.1903,1.6005,1.8398,0.30914,-0.12603,0.037566,-0.50978,-0.078403,79.524,67.283,-2.6019,0.14129,10.753,-0.18105,-0.1199,0.4076,0.48822,0.28403,0.2266,0.4737,-2159,-0.12608,-0.891,1.074,1.0905,29.817,5.4249,118.02,3.0928,2.3137,1
0.21113,0.20136,0.64476,4.202,75.994,-0.092132,0.2668,3.9662,2.7605,0.79864,0.26681,1.325,0.10509,0.2668,253.36,1.4406,4.9662,0.2668,0.09665,13.591,1.2495,0.24389,0.076483,0.79977,0.18642,1.1642,17815,4.19,3.0397,-0.12753,0.096654,28.369,12.866,12.866,0.16976,2.7605,,0.79864,0.061496,2.7483,0.025122,0.088349,38.705,25.114,2.0541,3.6915,14.481,0.2206,0.079913,4.202,0.20136,0.077724,5.19,5.19,706.46,0.061496,0.26436,0.90673,0,26.857,14.534,26.625,13.709,17.939,0
-0.035995,0.78335,-0.11546,0.74671,-23.642,-0.006114,-0.042432,0.27593,0.99878,0.21615,-0.042432,-0.093083,-0.003355,-0.042432,-27957,-0.013056,1.2766,-0.042432,-0.01392,9.3591,1.0479,-0.028972,-0.011809,-0.003919,0.21615,-0.004839,-0.094931,-0.17504,3.9591,0.2531,-0.01392,54.518,6.695,-0.036985,-0.028972,3.1194,0.80067,0.54366,-0.009505,0.036283,7.9671,-0.009505,38.778,29.419,-0.46053,0.57525,9.3477,-0.061176,-0.02007,0.43452,0.45584,0.14936,0.32769,0.8242,-1050.8,-0.00122,-0.16653,1.0012,1.5152,38.999,12.407,54.585,6.6869,4.6211,0
0.16888,0.32089,0.50505,3.0749,107.18,0,0.20897,2.1163,1.4661,0.67911,0.22428,0.85854,0.15129,0.20897,528.08,0.69119,3.1163,0.20897,0.14254,25.487,1.3147,0.21739,0.11519,0.51569,0.66844,0.56624,14.201,2.0079,3.9717,0.023131,0.14628,71.108,5.1396,3.8985,0.21664,1.4753,8.3385,0.75659,0.14777,1.3189,0.046464,0.14828,106.42,80.929,1.6497,2.6544,29.868,0.20457,0.13954,2.3325,0.24341,0.19457,2.6998,3.0079,4732.3,0.14777,0.24868,0.85835,0.11409,14.321,4.5101,60.6,6.0231,5.8284,0
-0.17643,0.99277,-0.24209,0.75504,-184.23,0,-0.1862,0.007286,0.80391,0.007233,-0.11006,-0.18841,-0.22016,-0.1862,-2047.4,-0.17828,1.0073,-0.1862,-0.23161,107.51,0.2726,-0.11554,-0.21947,0.12016,-0.15663,-0.16844,-1.5176,-0.95375,3.3876,1.168,-0.21123,378.52,0.96429,0.95992,-0.14907,0.80391,,0.007233,-0.18543,0.058604,-0.31123,-0.14372,312.49,204.98,-0.74507,0.51543,90.696,-0.12475,-0.15518,0.75161,0.98826,1.037,0.028495,0.028495,-590.95,-0.18543,-24.393,1.2131,0,3.3949,1.7807,448.7,0.81345,3.1672,0
0.045202,0.42444,0.2095,1.5239,-0.26874,0.089274,0.057233,1.2012,1.0423,0.50986,0.057233,0.14311,0.06099,0.057233,1425.7,0.25602,2.356,0.057233,0.032123,41.454,1.1679,0.063643,0.02537,0.1118,0.50986,0.22768,0.37232,0.53638,4.3491,0.23582,0.032123,85.394,4.2743,0.14995,0.063643,1.8088,16.6,0.53438,0.035721,0.031676,0.12126,0.035721,122.25,80.798,0.22338,1.0179,43.208,0.01221,0.006853,1.4358,0.39992,0.23396,1.3054,1.3682,4680.4,0.040585,0.088655,0.95942,0.048097,8.8049,4.5174,81.928,4.4551,4.5617,0
0.02452,0.5883,0.19474,1.331,-5.6605,0,0.0354,0.69982,1.8087,0.4117,0.040225,0.060173,0.032981,0.0354,3599.6,0.1014,1.6998,0.0354,0.019572,43.876,0.95091,0.038043,0.013557,0.87988,0.12091,0.082908,7.8837,0.89754,3.9166,0.31285,0.021681,122.19,3.018,3.018,0.051378,1.8087,,0.4117,0.028406,0.046391,0.31478,0.021033,152.51,108.63,0.11278,0.96143,44.698,0.013789,0.007624,1.331,0.5883,0.33135,1.8975,1.8975,1607.2,0.028406,0.059558,0.98428,0,8.3188,3.36,118.72,3.0745,8.3364,0
-0.11725,0.80461,-0.038532,0.9511,-36.464,0,-0.11725,0.24283,3.1333,0.19539,-0.11725,-0.1488,-0.025403,-0.11725,-3689.7,-0.098924,1.2428,-0.11725,-0.037421,25.223,1.0833,0,-0.037421,-0.11183,0.13927,-0.098924,,-0.1538,2.9833,0.25446,-0.074843,109.13,3.3448,3.2757,0.004895,3.1333,,0.19539,0.001562,0.01957,0.71224,0,85.511,60.288,-0.54152,0.67633,29.985,-0.037657,-0.012018,0.93147,0.78801,0.29897,0.77991,0.77991,-37.079,0.1588,-0.60011,0.84151,0,14.471,6.0543,91.796,3.9762,12.507,0
-0.031173,0.35589,0.30627,1.8606,35.502,0,-0.031173,1.8099,3.7198,0.64411,-0.020612,-0.087592,-0.007527,-0.031173,-4639.3,-0.078676,2.8099,-0.031173,-0.00838,3.0907,0.76251,0,-0.00838,0.46005,0.54446,-0.078676,0,0.90656,2.7005,0.080232,-0.015805,52.576,6.9424,6.9424,0.004745,3.7198,,0.64411,0.001276,0.24973,3.7388,0,56.253,53.162,-0.98969,1.7721,4.6532,-0.003173,-0.000853,1.8606,0.35589,0.14404,1.9066,1.9066,153.67,0.33579,-0.048397,0.66739,0,118.1,6.8658,34.921,10.452,11.011,0
0.037547,0.53266,0.006388,1.0215,-17.926,0,0.04755,0.87736,1.642,0.46734,0.056115,0.15986,0.076275,0.04755,1552.3,0.23513,1.8774,0.04755,0.028958,14.894,0.99711,0.052228,0.022866,0.12863,0.29087,0.21635,6.0973,0.009176,4.1151,0.32295,0.034174,67.929,5.3732,3.0005,0.043751,1.642,3.0162,0.54586,0.026644,0.058755,0.13666,0.031807,63.655,48.761,0.5604,0.79622,15.301,-0.025469,-0.015511,0.57042,0.29745,0.18611,0.67131,0.7841,83.264,0.026644,0.080343,0.97146,0.16802,24.507,7.4855,66.119,5.5203,2.3587,0
-0.064464,0.87674,0.37693,2.027,-78.321,-0.15821,-0.064464,0.14063,1.0982,0.1233,-0.064464,-0.17564,-0.0587,-0.064464,-4964.1,-0.073528,1.1406,-0.064464,-0.0587,206,,-0.019764,-0.0587,-0.064464,-0.22269,-0.073528,-0.44338,1.4721,3.9022,0.79727,-0.02624,134.98,3.0732,1.2865,-0.025994,1.1094,0.24361,0.63288,-0.023669,0.01001,-1.4786,-0.017997,246.04,40.038,-0.10401,1.6987,200.57,-0.019764,-0.017997,0.84855,0.36703,0.32539,0.48154,2.4718,3009,0.09627,-0.52284,0.89803,4.133,1.7718,9.1164,121.99,2.9922,4.2891,1
0.02924,0.58048,0.15455,1.2816,10.644,0.1319,0.03769,0.72184,1.0461,0.41902,0.03769,0.068685,0.036081,0.03769,4731.1,0.07715,1.7227,0.03769,0.030365,33.379,1.5441,0.057986,0.023557,0.1697,0.41902,0.062593,0.48869,0.52086,4.5829,0.42056,0.030365,168.8,2.1623,0.099893,0.057986,1.2543,18.579,0.45076,0.046717,0.11779,0.29324,0.046717,187.8,154.43,0.2576,1.0748,34.916,0.050892,0.041002,1.2116,0.54874,0.46246,1.4122,1.5192,5914.7,0.044038,0.069782,0.95596,0.075759,10.935,2.3636,161.36,2.262,4.1832,0
0.21096,0.58068,0.27479,1.5625,61.963,0,0.21096,0.72212,1.5686,0.41932,0.21456,0.43187,0.28332,0.21096,476.9,0.76536,1.7221,0.21096,0.13449,32.309,1.3173,0.001957,0.13449,0.5345,0.41664,0.76536,0.54278,1.1607,5.1944,0.34583,0.30003,204.05,1.7888,1.5047,0.008293,1.5686,7.7429,0.49996,0.005287,0.13086,0.082216,0.001248,162.73,130.42,1.5193,1.2783,58.002,-0.23151,-0.14759,1.3144,0.48848,0.55904,1.7713,2.1119,42992,0.44297,0.50309,0.56689,0.19232,11.297,2.7987,113.66,3.2112,6.6261,0
-0.18291,0.27564,-0.13478,0.51103,-151.63,0,-0.18519,0.78435,0.32467,0.2162,-0.18519,-0.67186,-0.53378,-0.18519,-580.54,-0.62873,3.6279,-0.18519,-0.5704,18.891,1.0019,-0.17827,-0.56336,0.88632,0.072483,-0.62043,,-0.15688,4.9833,0.72189,-0.5704,254.46,1.4344,1.4344,0,0.32467,,0.2162,0,0.18579,-0.055222,-0.54908,100.79,81.895,-10.885,0.45007,15.512,-0.19016,-0.5857,0.51103,0.27564,0.69715,0.25165,0.25165,-12970,-0.21781,-0.846,1.2178,0,19.322,4.4569,309.88,1.1779,0.3779,1
0.04451,0.091351,0.69539,8.6123,331.46,0.11301,0.057347,9.0637,1.0571,0.82798,0.057347,0.62776,0.13772,0.057347,380.1,0.96026,10.947,0.057347,0.090036,94.713,1.0783,0.035894,0.069882,0.14696,0.82798,0.81974,0.59574,3.2608,5.2242,-0.56088,0.090036,55.34,6.5956,0.39293,0.035894,0.66577,,0.82798,0.056355,4.9471,0.04532,0.056355,191.87,97.159,0.26931,6.8031,100.12,0.00552,0.008667,8.6123,0.091351,0.15162,3.8825,3.8825,116540,0.054032,0.053757,0.94597,0,3.8537,3.7567,52.35,6.9723,2.9867,0
0.067257,0.073298,0.85783,12.703,47.813,-0.026581,0.069271,12.643,0.80991,0.9267,0.069271,0.94505,0.2367,0.069271,139.56,2.6154,13.643,0.069271,0.08553,0,0.75744,0.03826,0.083043,0.32823,0.040677,2.5879,,12.456,3.395,-0.02735,0.08553,33.755,10.813,10.813,0.017318,0.80991,,0.9267,0.021382,11.791,0.015205,0.04724,30.129,30.129,,12.703,0,-0.084172,-0.10393,12.703,0.073298,0.09248,13.456,13.456,2130,0.021382,0.072577,0.91966,0,,12.114,33.033,11.049,11.76,0
0.16884,0.32714,0.28045,2.0617,25.546,0,0.20834,2.0568,1.677,0.67286,0.21401,0.78869,0.18344,0.20834,388.15,0.94036,3.0568,0.20834,0.12423,36.82,1.2526,0.19979,0.10068,0.52747,0.52203,0.81963,35.24,0.61585,4.2208,0.18104,0.12728,63.58,5.7408,4.6355,0.16053,1.677,10.465,0.70873,0.095722,0.12964,0.03646,0.11914,111.08,74.261,0.99805,1.4213,40.718,0.1005,0.059926,1.6647,0.26416,0.17419,1.4775,1.5563,4663.5,0.095722,0.25093,0.88084,0.05332,9.9131,4.9151,57.494,6.3485,3.6826,0
0.45477,0.036691,0.96078,27.186,128.15,0,0.56168,26.255,2.3664,0.96331,0.56428,15.308,0.24076,0.56168,23.506,15.528,27.255,0.56168,0.23735,42.741,1.2353,0.55385,0.19218,,0.89726,12.614,212.68,380.43,3.1802,-0.083839,0.23736,7.3413,49.718,49.718,0.5422,2.3664,,0.96331,0.22912,7.4206,0.002177,0.23405,111.86,69.115,1.6411,19.633,55.445,0.54579,0.23064,27.186,0.036691,0.020113,381.43,381.43,1454.8,0.22912,0.47209,0.76536,0,8.5398,5.281,5.6593,64.496,937,0
-0.55637,0.45266,0.41107,1.9386,8.6086,0,-0.55637,1.2092,2.4961,0.54734,-0.46514,-1.2704,-0.21946,-0.55637,-301.61,-1.2102,2.2092,-0.55637,-0.22289,51.554,0.49524,-0.53368,-0.22289,0.11671,-0.57326,-1.2102,-5.85,2.723,4.521,0.17498,-0.21749,66.054,5.5258,5.3464,0.076029,2.4961,,0.54734,0.030459,0.038174,-0.028735,-0.2138,121.71,70.153,-1.5781,1.1336,53.173,-0.54225,-0.21724,1.8757,0.43796,0.18097,3.6256,3.6256,13643,0.030459,-1.0165,1.2016,0,7.08,5.2029,64.042,5.6994,16.535,0
0.000289,0.000342,0.003491,16.831,625.92,-0.20989,0.000353,2922,0.000191,0.99966,0.000551,1.6029,1.8475,0.000353,353.28,1.0332,2923,0.000353,1.8475,0,6.2105,-0.002904,1.5085,0.004005,0.96248,0.8436,-14.68,0.003504,5.7901,-16.11,1.8475,8273.3,7.5294,4.8531,-0.001557,0.000191,30.52,0.99978,-8.1356,15.559,-0.003927,-15.178,535.13,535.13,,16.831,0,-0.002904,-15.178,10.848,0.000221,0.13281,1.0034,1.0035,2153,0.94915,0.000289,9.7119,0.000122,,0.68208,420.68,0.86765,0.000192,0
-0.057802,0.27308,0.56824,3.6661,-8.8857,0,-0.05415,2.662,1.6021,0.72692,-0.050459,-0.25406,-0.019434,-0.05415,-3201.3,-0.11402,3.662,-0.05415,-0.0338,118.4,0.94581,-0.055699,-0.036079,-0.14562,-0.047799,-0.12739,-15.09,2.5991,4.0085,0.16148,-0.031496,46.923,7.7788,6.0713,-0.05585,1.6021,,0.72692,-0.034861,0.48458,-0.2785,-0.034767,154.49,36.089,-0.11123,1.2278,114.41,-0.078714,-0.049132,2.8614,0.21314,0.12856,3.325,3.325,5794.4,-0.034861,-0.079516,1.0328,0,3.0828,10.114,48.558,7.5167,7.328,0
0.007856,0.71864,0.12802,1.2504,-1.3626,0,0.015404,0.39151,1.3978,0.28136,0.070671,0.030135,0.043063,0.015404,4357.6,0.083763,1.3915,0.015404,0.01102,33.531,0.81019,0.053696,0.00562,0.23785,0.084444,0.073258,0.97157,0.35481,3.5704,0.18107,0.01102,138.07,2.6435,1.8804,0.046541,1.3978,2.4992,0.48573,0.033295,0.91962,0.24323,0.038413,44.156,10.626,0.061174,0.99923,34.686,0.008904,0.00637,0.88944,0.51117,0.37828,0.77979,1.3462,476.06,0.033295,0.02792,0.98927,0.72639,10.886,34.351,133.48,2.7346,3.8742,0
0.09068,0.072784,0.4162,6.7183,132.03,0.15867,0.11384,12.691,1.1095,0.92367,0.11384,1.5641,0.15795,0.11384,167.47,2.1795,13.739,0.11384,0.11336,32.332,1.1936,0.094558,0.090292,0.20152,0.92367,1.8612,1.0446,0.81446,4.5876,-0.11741,0.11336,29.348,12.437,1.2992,0.094558,1.0425,,0.92367,0.094153,2.7806,0.017172,0.094153,104.16,71.828,1.0193,5.4961,35.871,0.049772,0.049558,6.7183,0.072784,0.080404,1.8075,1.8075,16104,0.098659,0.098174,0.90134,0,11.289,5.0816,26.452,13.799,1.9653,0
0.22144,0.50984,-0.018882,0.96293,-28.295,0.48626,0.23069,0.96139,1.1117,0.49016,0.23069,0.45286,0.15239,0.23069,624.17,0.58478,1.9614,0.23069,0.11792,20.715,1.2042,0.23322,0.11319,0.65219,0.49016,0.56663,1.3252,-0.037062,4.7194,0.2606,0.11792,105.65,3.4546,0.45743,0.23322,1.9974,879.35,0.49059,0.11921,0.006109,0.055748,0.11921,90.936,70.221,1.9944,0.74497,23.029,0.16577,0.08473,0.96212,0.50941,0.28947,0.96209,0.96294,-989.7,0.10047,0.45178,0.89953,0.00088,17.62,5.1979,95.039,3.8405,3.8401,0
0.14079,0.51208,0.19418,1.5148,-6.3685,-0.068637,0.17468,0.95283,2.989,0.48792,0.19976,0.46313,0.063259,0.17468,988.49,0.36925,1.9528,0.17468,0.058439,29.726,1.2392,0.19971,0.0471,0.3507,0.072148,0.30306,7.9634,0.45301,2.954,0.14623,0.058442,49.197,7.4191,5.4646,0.19077,2.989,2.7736,0.60615,0.063823,0.19884,0.079719,0.066815,60.611,30.886,0.57834,0.86943,31.752,0.18531,0.061995,1.1158,0.37717,0.13479,1.1383,1.4141,174.67,0.063823,0.28854,0.94174,0.24232,12.279,11.818,46.057,7.9249,6.9732,0
0.095301,0.41763,0.42311,4.4407,195.76,-0.000751,0.11161,1.3945,0.9554,0.58237,0.11718,0.90762,0.1685,0.11161,946.88,0.38548,2.3945,0.11161,0.11682,40.631,0.96547,0.1037,0.09975,0.47496,0.55315,0.34642,18.619,0.93213,4.3546,0.17137,0.12265,72.073,5.5564,1.6361,0.33263,0.9554,160.45,0.58511,0.34815,2.105,0.090942,0.10854,109.73,69.102,0.89609,3.5758,56.811,0.054325,0.056861,1.3076,0.12297,0.17997,1.283,1.289,4.4407,0.34815,0.16364,0.68154,0.004706,8.9834,5.282,46.98,7.7692,2.1048,0
0.091252,0.14846,0.40933,4.8811,46.935,0,0.11795,5.7358,1.4407,0.85154,0.14353,1.1184,0.14395,0.11795,261.27,1.397,6.7358,0.11795,0.081871,52.551,1.1601,0.13094,0.063337,0.33618,0.54256,1.2172,5.1194,0.84365,4.3634,0.048698,0.081923,29.446,12.396,8.8061,0.13338,1.4407,,0.85154,0.09258,1.1513,0.022454,0.090885,99.661,47.11,0.43992,2.9144,57.912,0.041495,0.028801,3.4676,0.10547,0.080673,1.755,1.755,9450.9,0.09258,0.10716,0.91942,0,6.9457,7.7478,26.72,13.66,2.9694,0
0.19609,0.45867,0.45535,1.9928,28.94,0,0.24654,1.1802,3.0768,0.54133,0.2467,0.53751,0.08679,0.24654,626.95,0.58218,2.1802,0.24654,0.08013,25.907,1.7848,0.21128,0.063733,0.59602,0.48001,0.47219,1336.6,5.2963,3.7176,0.094375,0.080182,57.636,6.3328,6.3328,0.17207,3.0768,,0.54133,0.055927,0.3781,0.065967,0.06867,87.859,61.952,0.89794,1.5166,27.441,0.19079,0.062011,1.9928,0.45867,0.15791,6.2963,6.2963,2376.5,0.055927,0.36224,0.92178,0,14.089,5.8917,54.413,6.708,35.787,0
0.068549,2.5741,-1.5741,0.38848,-434.09,-2.9474,0.068549,-0.61152,1.9146,-1.5741,0.068549,0.02663,0.035803,0.068549,13706,0.02663,0.38848,0.068549,0.035803,81.567,2.8113,0.061973,0.035803,0.24223,-2.8788,0.02663,,,1.5835,1.2062,0.035803,563.88,0.6473,0.6473,0.24839,1.9146,,-1.5741,0.12973,0.10558,1.3845,0.032368,138.83,57.262,0.16021,0.22227,93.726,0.061973,0.032368,0.38848,2.5741,1.5449,,,-60.325,0.12973,-0.043547,0.96431,0,4.4748,6.3743,490.73,0.7438,,0
0.001103,0.69522,-0.064582,0.90028,-51.318,-0.12868,-0.001427,0.32137,1.0247,0.22342,-0.001427,-0.002203,0.025509,-0.001427,4445,0.082116,1.4384,-0.001427,-0.000637,38.361,0.96717,0.068007,0.000493,-0.13321,0.22342,0.085755,0.31137,-0.15489,4.0779,0.30582,-0.000637,108.23,3.3725,0.097821,0.068007,2.2656,7.3082,0.27102,0.030387,0.021614,0.18065,0.030387,92.807,54.446,0.00469,0.53709,39.307,0.009492,0.004241,0.83865,0.64762,0.29652,0.53584,0.64999,-772.72,0.024084,0.004938,0.97592,0.21302,9.515,6.7039,105.62,3.4557,5.3675,0
-0.071653,0.85981,-0.30086,0.65008,-62.826,-0.23976,-0.080871,0.15595,1.005,0.13409,-0.080871,-0.094057,-0.016998,-0.080871,-6366.5,-0.057331,1.1631,-0.080871,-0.027887,24.258,1.1374,0.022087,-0.024708,-0.23084,0.13409,-0.046609,0.076547,-0.68214,5.0492,0.28243,-0.027887,108.76,3.3559,0.025688,0.022087,2.9409,,0.13409,0.007616,0.052611,0.52675,0.007616,64.658,40.4,-0.37177,0.42593,24.38,-0.009491,-0.003273,0.65008,0.85981,0.29798,0.30401,0.30401,-33694,0.005014,-0.53438,0.99499,0,15.047,9.0347,108.22,3.3728,6.5751,0
-0.001105,0.44094,0.13279,1.7138,-31.517,0.09601,0.002184,1.2375,1.0133,0.54566,0.002184,0.01174,0.022371,0.002184,7367.4,0.049543,2.2679,0.002184,0.002237,57.472,1.1496,0.016734,-0.001131,0.11476,0.54566,0.042084,0.17364,0.19495,5.6698,0.39067,0.002237,70.464,5.18,0.03795,0.016734,0.99907,0.64759,0.80056,0.017136,0.65105,0.39832,0.017136,73.9,16.428,-0.007184,0.8873,58.238,-0.002928,-0.002998,0.72307,0.18604,0.19305,0.80107,1.1753,62085,0.01315,-0.002024,0.98685,0.46714,6.3509,22.218,69.537,5.249,1.4336,0
0.1572,0.6188,0.04203,1.1055,-55.839,0,0.1572,0.61603,1.3316,0.3812,0.16803,0.39444,0.11811,0.1572,1436,0.25417,1.616,0.1572,0.11805,57.625,1.5478,0,0.11805,0.27749,0.26528,0.25417,0,0.075133,4.7878,0.4626,0.23611,133.56,2.7328,1.7601,0.001037,1.3316,1.0663,0.59723,0.000779,0.008783,271.4,0,119.8,62.18,0.74776,0.57797,70.454,-0.000076,-0.000057,0.712,0.39856,0.36593,0.68143,1.0676,2578.2,0.18209,0.41239,0.82578,0.56672,6.334,5.8701,109.24,3.3412,2.3804,0
0.00807,0.80953,0.052693,1.4717,57.917,-0.13541,0.006369,0.23529,0.41776,0.19047,0.092974,0.05702,0.1272,0.006369,5560.4,0.065642,1.2353,0.006369,0.015246,0.19565,1.2193,0.092974,0.019318,-0.10528,0.18587,0.067743,1.0735,0.063059,4.5134,1.7197,0.096896,116.29,3.1388,0.4331,0.06715,0.41776,0.29478,0.7474,0.16074,0.84772,0.1931,0.22255,60.9,60.704,36.04,1.4697,0.23312,0.046204,0.1106,0.20307,0.1117,0.31859,0.22794,0.89444,1718.7,0.16074,0.042371,0.98565,2.9239,1865.6,6.0127,97.595,3.74,0.49995,0
0.19094,0.43133,0.52266,2.2118,23.862,0,0.19094,1.3184,5.8306,0.56867,0.19094,0.44269,0.038714,0.19094,697.46,0.52333,2.3184,0.19094,0.032749,12.219,1.472,0,0.032749,0.54978,0.52123,0.52333,,11.36,3.1989,0.062532,0.074049,31.708,11.511,11.511,0.004318,5.8306,,0.56867,0.000741,0.1563,0.41337,0,55.5,43.282,0.97827,1.7592,14.349,-0.034782,-0.005965,2.2118,0.43133,0.086872,12.36,12.36,826.31,0.14844,0.33577,0.85184,0,29.872,8.4331,27.002,13.518,126.73,0
0.000232,0.85201,-0.027833,0.96733,-23.053,0,0.000232,0.1737,1.5262,0.14799,0.000232,0.000272,0.000152,0.000232,1341700,0.000272,1.1737,0.000232,0.000152,14.474,1.1102,0,0.000152,0.004935,0.13043,0.000272,,-0.15818,3.5336,0.35551,0.004251,222.22,1.6425,1.6422,0.013786,1.5262,,0.14799,0.009033,0.36468,,0,122.78,108.3,0.00383,0.89628,15.788,0,0,0.96717,0.85187,0.60883,0.84103,0.84103,-95.104,0.083229,0.001566,0.90859,0,25.218,3.3702,203.73,1.7916,8.6734,0
0.030713,0.26923,0.70745,3.6277,37.719,0,0.037918,2.7143,2.6713,0.73077,0.056917,0.14084,0.022828,0.037918,1611.5,0.2265,3.7143,0.037918,0.014195,54.367,0.73417,0.055332,0.011498,0.87021,0.56458,0.19974,2.9124,30.34,2.5575,0.095681,0.014211,36.989,9.8679,9.8679,0.014542,2.6713,,0.73077,0.005444,0.17555,0.11448,0.020714,126.99,72.628,0.07719,2.1498,54.664,0.03227,0.01208,3.6277,0.26923,0.10134,31.34,31.34,255.4,0.005444,0.042028,0.98603,0,6.7137,5.0256,36.787,9.9219,114.56,0
-0.10307,0.17036,0.29534,3.0834,55.32,0,-0.10307,4.8701,0.8681,0.82964,-0.10124,-0.72709,-0.11873,-0.10307,-603.3,-0.60501,5.8701,-0.10307,-0.11873,47.478,0.67359,0,-0.11873,0.080203,0.79064,-0.60501,0,0.52466,3.5642,0.16119,-0.23745,71.759,5.0865,4.2324,0.03136,0.8681,12.888,0.8548,0.036125,0.7199,,0,140.87,93.393,-0.91275,2.2869,57.162,0,0,2.5657,0.14175,0.1966,1.4738,1.5185,1082.8,0.16942,-0.12423,0.83564,0.030317,7.6878,3.9082,59.602,6.124,1.5422,0
0.050509,0.62895,-0.015015,0.96476,-85.245,0,0.063991,0.58995,1.401,0.37105,0.079208,0.15019,0.097636,0.063991,1678.3,0.21749,1.59,0.063991,0.045676,70.307,1.0492,0.079202,0.036052,0.23903,0.29502,0.19605,5.2049,-0.025494,4.6098,0.43923,0.054838,115.05,3.1724,2.149,0.049344,1.401,1.2705,0.48218,0.035221,0.074013,0.13793,0.056533,98.875,28.568,0.18717,0.33138,72.874,0.006406,0.004572,0.65355,0.42606,0.31522,0.63002,0.8187,-611.39,0.035221,0.13612,0.95563,0.29949,5.1915,12.777,111,3.2882,2.3788,0
0.19184,0.058442,0.52128,9.9196,147.87,0.56548,0.19184,16.08,1.1308,0.93977,0.19184,3.2826,0.16982,0.19184,92.533,3.9446,17.111,0.19184,0.14132,11.263,1.0657,0.17153,0.14132,0.56548,0.93977,3.9446,1.4288,1.2403,4.1934,-0.28806,0.14132,17.768,20.542,2.935,0.17153,1.3972,,0.93977,0.12635,7.7283,0.00914,0.12635,34.434,23.171,4.5798,9.2028,12.735,0.13284,0.097859,9.9196,0.058442,0.04868,2.2361,2.2361,8137,0.11563,0.20414,0.88437,0,32.407,15.752,15.714,23.228,3.23,0
0.19313,0.16158,0.58238,4.6042,102.85,0.32384,0.24584,3.9153,1.0438,0.63265,0.24584,1.5215,0.14816,0.24584,191.68,1.9042,6.1888,0.24584,0.11838,2.3151,0.90728,0.23611,0.092994,0.42942,0.63265,1.578,1.1867,2.2747,5.0878,-0.031525,0.11838,29.643,12.313,1.4612,0.23611,2.2489,,0.63265,0.11369,1.5195,0.017829,0.11369,87.605,85.29,14.662,4.5227,2.4165,0.17426,0.08391,4.6042,0.16158,0.081215,2.471,2.471,71286,0.041975,0.30527,0.95803,0,157.66,4.2795,28.399,12.853,8.1113,0
0.078552,0.57722,0.29827,1.604,8.4011,0.20366,0.078552,0.6727,1.0269,0.3883,0.078552,0.15908,0.068388,0.078552,2016.2,0.18103,1.7324,0.078552,0.051409,62.614,1.2823,0.096987,0.051409,0.20366,0.3883,0.18103,0.65178,1.4344,4.1889,0.31694,0.051409,121.12,3.0135,0.16802,0.096987,1.5958,6.352,0.47173,0.063473,0.19232,0.15437,0.063473,166.52,103.9,0.29968,1.0732,64.296,0.071043,0.046494,1.3722,0.49379,0.33184,1.8674,2.2686,4607.7,0.026156,0.2023,0.97384,0.21486,5.8293,3.5129,117.95,3.0944,7.3484,0
0.072157,0.76936,-0.006516,0.99153,-78.714,0.000227,0.072157,0.29978,2.4975,0.23064,0.12114,0.093788,0.050602,0.072157,2222.1,0.16426,1.2998,0.072157,0.028892,73.726,1.2707,0.10327,0.028892,0.14453,0.16502,0.16426,2.1082,-0.027474,3.4134,0.30705,0.038147,117.44,3.108,3.108,0.10629,2.4975,,0.23064,0.042557,0.003276,0.16284,0.041351,111.12,37.394,0.14304,0.33584,77.003,0.049053,0.019641,0.99153,0.76936,0.32175,0.97253,0.97253,-16.88,0.042557,0.31285,0.97132,0,4.9508,9.761,112.44,3.2462,10.531,0
-0.025287,0.95425,-0.2792,0.64715,-184.59,-0.35634,-0.035285,0.047945,1.1533,0.045752,0.061581,-0.044593,-0.012139,-0.035285,-24880,-0.014671,1.0479,-0.035285,-0.030596,83.11,1.1538,0.057202,-0.021926,,-0.17902,-0.004193,0.59052,-0.5722,4.2503,0.70248,-0.022765,267.24,1.3658,1.1325,0.072539,1.1533,1.5369,0.20807,0.062899,0.18394,0.40527,0.0496,116,32.891,-0.096295,0.31528,88.688,0.035916,0.031143,0.53661,0.79126,0.73215,0.093766,0.42642,-4968.5,0.062899,-0.5527,1.0304,3.5478,4.3918,11.097,250.43,1.4575,2.3636,0
0.025731,0.19181,0.13761,1.7231,24.118,0.023706,0.030178,4.2135,1.0102,0.80819,0.030178,0.15858,0.016978,0.030178,2128.3,0.1715,5.2135,0.030178,0.015576,0.014882,1.1707,0.024519,0.01328,0.030934,0.80819,0.14831,0.12784,0.20475,4.2785,0.033736,0.015576,36.215,10.079,0.12783,0.024519,1.9495,216.89,0.8097,0.012655,0.7129,0.23154,0.012655,36.215,36.2,325.71,1.7227,0.015034,0.021802,0.011253,1.7095,0.1903,0.09922,1.2025,1.2047,2612.9,0.010111,0.031838,0.98989,0.00187,24527,10.083,35.849,10.182,2.8829,0
-0.055559,0.47295,0.050281,1.1219,-70.292,0,-0.055559,1.1144,1.0176,0.52705,-0.051689,-0.13464,-0.048984,-0.055559,-3463.3,-0.10539,2.1144,-0.055559,-0.054599,80.456,0.99869,0,-0.054599,-0.36726,0.39725,-0.10539,0,0.093618,4.3315,0.46307,-0.1087,165.77,2.2019,1.9211,0.11652,1.0176,58.88,0.5311,0.11451,0.009714,2.7591,0,164.61,84.153,-0.2477,0.57827,90.108,-0.005714,-0.005615,0.97878,0.41264,0.45416,0.98131,0.98886,1078.6,0.10712,-0.10541,0.89669,0.007689,4.5366,4.3373,148.01,2.466,1.8946,0
0.083153,0.14794,0.2782,3.6895,105.75,0.00508,0.089446,5.7594,0.64674,0.85206,0.089855,0.86473,0.24645,0.089446,338.79,1.0774,6.7594,0.089446,0.1383,99.504,1.3126,0.08665,0.12857,0.20437,0.83287,1.0348,211.69,0.44989,4.8632,0.12863,0.13847,91.701,4.1484,2.9005,0.23502,0.64674,214.32,0.85302,0.36339,0.64043,0.031492,0.13398,178,78.492,0.47163,1.985,149.97,0.016708,0.025834,2.5796,0.10344,0.24105,1.3779,1.3795,3.6895,0.36339,0.097591,0.65121,0.001124,3.6682,4.6501,58.377,6.2524,1.0459,0
0.085379,0.62678,0.10109,1.2337,-6.9649,0.071049,0.10574,0.59545,1.659,0.37322,0.13578,0.24449,0.081274,0.10574,1696.8,0.21512,1.5955,0.10574,0.063738,28.41,1.0063,0.13266,0.051465,0.5018,0.29374,0.18263,4.4161,0.21675,5.355,0.35199,0.076001,103.39,3.5302,2.4359,0.13217,1.659,2.6028,0.52861,0.079671,0.10125,0.12916,0.079967,107.76,79.353,0.66121,0.93519,30.869,0.10357,0.062431,0.85131,0.43249,0.28327,0.80019,1.1334,22894,0.079671,0.22876,0.9365,0.41636,12.848,4.5997,95.155,3.8358,3.5569,0
0.028692,0.11273,0.27093,5.024,929.28,0,0.035151,7.8704,0.1206,0.88727,0.036904,0.52208,0.63391,0.035151,538.24,0.67813,8.8704,0.035151,0.29147,0,1.0637,-0.00697,0.23791,0.051351,0.78051,0.62083,-3.9751,0.40942,4.6853,-0.98476,0.30592,176.18,2.0717,1.2373,-0.018891,0.1206,8.15,0.92877,-0.15664,3.6976,0.10947,-0.057798,270.27,270.27,,5.024,0,-0.048268,-0.40024,3.0005,0.067329,0.48268,1.3408,1.4035,13125,-0.15664,0.032337,0.81531,0.046777,,1.3505,203.78,1.7912,0.18224,0
0.11955,0.17016,0.62934,5.3101,164.21,0.381,0.14797,4.8682,1.1327,0.82839,0.14797,1.0134,0.14,0.14797,374.54,0.97454,5.8767,0.14797,0.12492,48.514,1.1224,0.14274,0.10093,0.46915,0.82839,0.80755,1.365,2.8015,4.1802,-0.34123,0.12492,50.964,7.1619,0.83884,0.14274,1.2113,25.587,0.85254,0.12051,3.9544,0.034833,0.12051,60.998,12.484,0.75935,4.2319,54.951,0.12487,0.10542,4.5565,0.14601,0.13963,3.6875,3.795,9529.5,0.11715,0.14432,0.88285,0.029152,7.5237,29.237,44.994,8.1123,5.2728,0
-0.086352,0.95407,-0.007688,0.94298,-47.631,-0.14882,-0.086352,0.048146,0.44762,0.045934,-0.05171,-0.6404,-0.12571,-0.086352,-6188.8,-0.058978,1.0481,-0.086352,-0.19291,0,0.89659,-0.052034,-0.19291,-0.29529,-0.23518,-0.058978,-1.5021,-0.008808,3.6973,2.0513,-0.11552,95.484,3.8226,0.54026,-0.067818,0.44762,0.15998,0.84071,-0.15151,0.68521,-1.4488,-0.11624,28.343,28.343,,0.94298,0,-0.082117,-0.18345,0.13327,0.13484,0.2616,0.052626,0.96318,-38.288,-0.15151,-1.8799,1.1838,17.302,,12.878,109.95,3.3197,0.51283,0
-0.13015,0.34488,-0.06224,0.31906,-265.85,-0.38775,-0.13015,1.1678,0.28446,0.40275,-0.13015,-1.4239,-1.4873,-0.13015,-1828.5,-0.19962,2.8996,-0.13015,-2.8118,15.485,0.26815,-0.11057,-2.8118,-0.34348,0.40275,-0.19962,-6.7951,-0.06411,6.0613,7.374,-2.8118,205.03,1.7802,-0.32061,-0.11057,0.21499,0.10731,0.65623,-2.3888,0.15579,-0.23016,-2.3888,117.68,102.19,-66.277,0.29757,4.405,-0.17188,-3.7132,0.084561,0.091404,0.56173,0.41485,0.67594,-71677,-2.5154,-0.32315,3.5154,0.62935,23.571,3.5718,720.77,0.50641,0.047678,0
0.2281,0.13587,0.60252,5.4344,28.231,0.41572,0.2875,6.3381,1.1704,0.86118,0.2875,2.1159,0.17813,0.2875,149.35,2.4439,7.3598,0.2875,0.15422,39.951,1.7421,0.26145,0.12236,0.51633,0.86118,2.0067,1.6415,2.3031,4.4646,0.015366,0.15422,31.137,11.722,1.9242,0.26145,1.8979,,0.86118,0.14025,2.8283,0.014598,0.14025,69.331,29.38,1.1179,3.9326,46.76,0.21688,0.11634,5.4344,0.13587,0.085308,3.2918,3.2918,17561,0.14561,0.26487,0.85439,0,9.1361,12.424,26.603,13.72,7.1258,0
0.13031,0.52789,0.27244,1.5161,16.332,0.34732,0.18754,0.60244,1.0709,0.31802,0.18754,0.35527,0.075493,0.18754,832.02,0.43869,1.8943,0.18754,0.061137,3.9815,1.4974,0.21375,0.042481,0.46192,0.31802,0.33028,0.74624,1.3644,4.7706,0.08433,0.061137,67.268,5.4261,0.40492,0.21375,3.1214,,0.31802,0.069681,0.72029,0.067323,0.069681,49.986,46.005,3.8944,1.4527,4.2639,0.16971,0.055325,1.5161,0.52789,0.1843,1.5927,1.5927,16065,0.06624,0.40976,0.93376,0,91.675,7.934,62.812,5.811,15.363,0
0.038549,0.27186,0.38572,2.4188,-14.078,0,0.060149,2.6784,3.5277,0.72815,0.07047,0.22125,0.03387,0.060149,830.46,0.43952,3.6784,0.060149,0.01705,52.637,1.4662,0.069033,0.010927,0.32542,0.68693,0.36007,6.6884,1.1264,3.0839,0.074989,0.019395,29.084,12.55,12.55,0.11597,3.5277,,0.72815,0.032872,0.056644,0.070592,0.019569,66.443,13.806,0.075774,0.54749,54.426,0.009696,0.002749,2.4188,0.27186,0.079682,2.1264,2.1264,467.93,0.032872,0.052941,0.983,0,6.9343,26.437,28.128,12.977,10.302,0
0.95303,0.029316,0.88073,31.043,-57.096,0,0.95303,33.111,8.0764,0.97068,0.95303,32.509,0.78886,0.95303,1.6795,217.33,34.111,0.95303,0.118,0.18489,0.60702,0,0.118,3.5164,0.95303,217.33,,9.7907,2.854,-0.067456,0.236,,0,0,0.25639,8.0764,,0.97068,0.031745,20.175,0.00018,0,14.399,14.214,232.96,30.903,,-5.4181,-0.67086,31.043,0.029316,,10.791,10.791,629.28,1,0.98181,0.004367,0,1974.2,25.679,1.3249,275.5,89.782,0
0.032481,0.62693,0.19094,2.5514,-7.5667,0.086996,0.038421,0.55606,1.0718,0.34862,0.038421,0.31218,0.12061,0.038421,2077.2,0.17572,1.5951,0.038421,0.042066,53.378,1.1425,0.06557,0.035562,0.101,0.34862,0.16624,0.76944,0.27835,5.3769,0.68462,0.042066,52.715,6.924,0.10459,0.06557,0.92455,0.35814,0.85247,0.071789,0.61267,0.15011,0.071789,95.355,41.978,0.24317,1.4662,57.211,-0.006172,-0.006758,0.50088,0.12308,0.14443,0.5082,1.2427,45476,0.066997,0.093171,0.933,1.4453,6.8381,8.6951,49.184,7.4212,1.3315,0
-0.02988,1.0969,0.16901,1.3924,-15.251,-0.57544,-0.028369,-0.088358,1.8424,-0.096921,0.083689,-0.065862,0.011428,-0.028369,19015,0.019195,0.91164,-0.028369,-0.015398,44.526,1.2718,0.082659,-0.016218,-0.60249,-0.34552,0.017818,0.73765,0.42225,4.354,0.57609,0.00493,88.404,4.1288,1.6213,0.063989,1.8424,0.57483,0.55544,0.034732,0.12315,0.27683,0.044865,108.31,63.782,-0.13295,0.87059,46.128,0.033235,0.018039,0.54675,0.43073,0.2422,-0.24215,1.3877,3818.7,0.034732,0.30829,1.0151,-6.7308,8.1974,5.7226,85.334,4.2773,4.603,0
0.095617,0.36337,0.195,1.6648,-1.3717,0.098591,0.12125,1.752,1.1997,0.63663,0.12782,0.41337,0.15652,0.12125,706.34,0.51675,2.752,0.12125,0.10106,59.044,1.1786,0.12193,0.0797,0.30087,0.62316,0.44622,18.552,0.38109,5.5919,0.30288,0.10106,108.86,3.3639,2.7153,0.21628,1.1997,4.1996,0.70669,0.18028,0.015087,0.064271,0.10164,147.22,88.174,0.49269,1.0032,71.792,0.055406,0.046183,1.3438,0.29331,0.29727,1.2442,1.3811,1.6648,0.18028,0,0.816,0.11005,6.1819,4.1395,89.237,4.0902,2.3446,0
0.024515,0.51396,0.2156,1.4367,-24.615,0.024515,0.034535,0.94567,1.0003,0.48604,0.034535,0.069957,0.032756,0.034535,3186,0.11456,1.9457,0.034535,0.019212,6.4449,1.2814,0.034833,0.013638,0.034535,0.48604,0.095067,,0.74157,5.0153,0.2678,0.019212,100.27,3.64,0.067773,0.034833,1.8615,33.372,0.50634,0.019378,0.68395,0.28553,0.019378,75.46,69.016,0.77237,1.3724,6.4472,0.010487,0.005834,1.38,0.49366,0.27473,1.6717,1.7416,22332,0.000345,0.050438,0.99965,0.04177,56.634,5.2887,100.24,3.6413,6.1827,1
0.64092,0.040843,0.84029,21.574,35.211,0,0.79505,23.484,4.5065,0.95916,0.80325,19.466,0.18281,0.79505,18.096,20.171,24.484,0.79505,0.17643,37.92,0.98667,0.80322,0.14222,1.9853,0.75674,16.397,97.932,7.069,2.3927,-0.059929,0.17825,3.9137,93.262,93.262,0.69734,4.5065,,0.95916,0.15474,7.6701,0.001636,0.17824,45.994,8.074,1.369,10.111,44.862,0.77444,0.17185,21.574,0.040843,0.010722,8.069,8.069,207.57,0.15474,0.66821,0.82763,0,9.6256,45.207,3.3081,110.34,37.911,0
0.005424,0.3933,0.18245,2.2379,-19.186,0,0.009677,1.5426,0.70966,0.6067,0.025678,0.065652,0.067837,0.009677,2981.9,0.1224,2.5426,0.009677,0.013636,113.67,0.74164,0.025371,0.007643,0.062711,0.54643,0.11159,1.5855,0.27226,4.2199,0.47729,0.030655,66.911,5.455,2.0443,-0.094376,0.70966,0.70074,0.76203,-0.13299,0.38557,0.20537,0.035751,140.42,26.751,0.024541,0.73844,100.33,-0.013093,-0.01845,0.83868,0.1474,0.18332,0.90532,1.1371,3027.2,-0.13299,0.00894,0.98847,0.25602,3.2111,13.644,75.81,4.8147,1.059,0
0.019835,0.080801,0.43625,6.3991,133.81,0,0.025051,11.376,1.186,0.9192,0.025802,0.31004,0.053993,0.025051,460.57,0.7925,12.376,0.025051,0.021123,0,0.53343,0.020444,0.016725,0.29228,0.88369,0.72794,27.235,0.90331,3.1486,-0.10506,0.021123,24.706,14.774,14.774,-0.007762,1.186,,0.9192,-0.006544,2.6291,0.045322,0.017238,93.749,93.749,,6.3991,0,-0.01854,-0.015632,6.3991,0.080801,0.067688,1.9033,1.9033,614.29,-0.006544,0.021579,0.97954,0,,3.8934,24.868,14.678,2.4557,0
0.27056,0.53463,-0.12592,0.76446,-38.801,0.25789,0.29616,0.74572,1.1475,0.39868,0.29616,0.55395,0.2168,0.29616,375.21,0.97279,1.8705,0.29616,0.12346,11.116,1.799,0.32862,0.11278,0.29744,0.39868,0.92491,1.572,-0.21296,4.6123,0.21359,0.12346,93.347,3.9101,0.61468,0.32862,2.4268,,0.39868,0.13699,0.045746,0.03181,0.13699,58.465,47.348,3.7032,0.62781,12.756,0.1047,0.043646,0.76446,0.53463,0.25575,0.67424,0.67424,-5157.4,0.12857,0.67863,0.87143,0,32.834,7.7088,81.346,4.487,4.0569,0
0.019261,0.19827,0.32251,2.6267,63.059,0.029,0.019261,3.8672,1.0121,0.76675,0.019261,0.097148,0.032406,0.019261,1783,0.20471,5.0437,0.019261,0.015379,31.244,1.1086,0.015826,0.015379,0.046314,0.76675,0.20471,0.12789,0.673,4.5105,0.023031,0.015379,58.48,6.2415,0.07982,0.015826,1.2757,,0.76675,0.012636,0.866,0.17545,0.012636,101.73,70.488,0.17966,2.0859,31.622,-0.005501,-0.004392,2.6267,0.19827,0.16022,1.6,1.6,10448,0.011953,0.025121,0.98805,0,11.682,5.1782,57.781,6.317,2.6136,0
0.025167,0.4469,0.32134,2.6507,8.9996,-0.009187,0.025167,1.2376,1.393,0.5531,0.045122,0.12928,0.11456,0.025167,1022.2,0.35708,2.2376,0.025167,0.018067,75.423,1.095,0.041757,0.018067,0.056226,-0.026523,0.35708,2.0925,0.66394,3.6388,0.29934,0.032393,52.622,6.9363,3.0214,0.042687,1.393,0.90459,0.80533,0.030645,0.1697,0.08456,0.029977,126.55,51.13,0.087433,1.1721,77.807,-0.092654,-0.066516,1.1546,0.19467,0.14417,1.1428,1.6639,1399,0.030645,0.045502,0.98198,0.45604,4.8394,7.1386,51.009,7.1556,2.8781,0
0.13414,0.31587,0.37773,2.3588,-6.4537,-0.22604,0.13414,2.0821,1.0503,0.65769,0.13414,0.48254,0.099247,0.13414,453.3,0.80521,3.1658,0.13414,0.052343,59.237,1.2922,0.13624,0.052343,-0.22604,0.65769,0.80521,0.55835,1.0972,4.1118,0.10793,0.052343,41.585,8.7771,0.4313,0.13624,2.6126,6.3311,0.69556,0.05316,0.1535,0.040496,0.05316,87.315,28.077,0.32252,0.86264,62.218,0.016034,0.006256,2.0759,0.27799,0.11393,1.9104,2.0204,4886.6,0.047903,0.20396,0.9521,0.057593,6.1617,13,39.593,9.2187,7.444,0
0.005693,0.45381,0.052596,1.1179,-80.222,0.005693,0.006368,1.2036,1.3123,0.54619,0.041544,0.014279,0.035463,0.006368,3559.2,0.10255,2.2036,0.006368,0.004852,59.41,1.0086,0.025531,0.004338,0.28071,0.50362,0.10106,0.72582,0.10489,5.5029,0.34581,0.004852,173.26,2.1609,2.1236,0.37283,1.3123,36.311,0.55404,0.2841,0.088345,0.23023,0.019455,127.71,68.298,0.02665,0.63897,80.902,-0.01464,-0.011156,1.0986,0.44596,0.46276,1.0892,1.1049,1.1179,0.2841,0,0.74947,0.014368,6.1438,5.3443,124.04,2.9427,2.617,0
0.11671,0.47213,0.25763,1.6317,5.3261,0.20258,0.11671,1.1181,2.3007,0.52787,0.15739,0.28619,0.13175,0.11671,568.51,0.64202,2.1181,0.11671,0.050728,33.583,1.1331,0,0.050728,,0.40653,0.64202,0,0.77005,4.9953,0.19415,0.11441,86.254,4.2317,3.6552,0.02712,2.3007,56.464,0.53591,0.011788,0.11918,0.084426,0,97.859,64.276,0.55133,1.1127,44.773,-0.18641,-0.081021,1.4094,0.40781,0.23631,1.5778,1.6018,25487,0.24992,0.22109,0.7681,0.015223,10.868,5.6787,64.697,5.6417,6.8768,0
-0.076836,0.51194,0.1966,1.3859,-133.38,-0.076836,-0.074938,-0.2459,1.03,-0.12589,-0.074938,-0.14711,-0.022907,-0.074938,-6804.5,-0.053641,1.9533,-0.074938,-0.06251,185.8,1.0149,-0.053483,-0.064094,-0.074938,-0.12589,-0.05735,,0.66873,4.018,0.39395,-0.06251,159.75,2.2848,-0.10447,-0.053483,1.2038,37.703,-0.12335,-0.044613,0.077858,-2.8021,-0.044613,202.88,17.08,-0.12591,0.18798,191.38,-0.10096,-0.084216,1.3791,0.5094,0.43768,-0.4282,-0.41956,2049,0.029134,0.61036,0.97087,-0.020175,1.9645,21.37,155.1,2.3534,4.0777,1
0.004366,0.84538,-0.015561,0.9594,-193.08,0,-0.010896,0.18019,0.55488,0.15233,0.12164,-0.02843,0.019735,-0.010896,28178,0.012954,1.1829,-0.010896,-0.019637,40.033,1.1201,0.081206,0.007869,0,0.15034,0.031007,0.61272,-0.024609,5.4934,1.5235,-0.019637,316.32,1.1178,0.50675,0.11265,0.55488,0.66397,0.61445,0.20301,0.3889,0.27344,0.14635,143.82,103.79,0.071741,0.8006,51.853,0.05936,0.10698,0.43495,0.38325,0.89463,0.24092,0.97177,0.9594,0.20301,0,0.94224,3.0336,9.1175,3.5167,252.1,1.4478,0.87755,0
0.11563,0.20438,0.31785,3.628,92.677,0,0.12879,3.8928,1.2203,0.79562,0.14075,1.0648,0.14845,0.12879,411.78,0.8864,4.8928,0.12879,0.10553,1.809,1.3187,0.11669,0.094753,,0.76767,0.82204,9.7534,0.56637,3.2527,-0.025097,0.10765,39.4,9.2641,5.4822,0.099884,1.2203,5.1866,0.87905,0.081849,2.2477,0.040296,0.095618,49.933,48.124,19.119,3.578,1.9702,0.064307,0.052696,2.1469,0.12095,0.10794,1.4177,1.5664,568.74,0.081849,0.14534,0.89804,0.10487,201.77,7.5845,36.175,10.09,2.1745,0
0.015241,0.18065,0.55927,4.0958,76.947,0.032221,0.019754,4.2004,1.0118,0.75882,0.019754,0.10935,0.037978,0.019754,1191.5,0.30634,5.5354,0.019754,0.013556,63.733,0.83838,0.020651,0.010459,0.046558,0.75882,0.28136,0.14338,2.1504,4.1066,0.030468,0.013556,45.782,7.9725,0.11431,0.020651,1.4737,,0.75882,0.014171,0.77963,0.10561,0.014171,150.06,86.323,0.059898,2.6873,64.483,-0.014937,-0.010251,4.0958,0.18065,0.12543,2.9177,2.9177,7149,0.011634,0.020085,0.98837,0,5.727,4.2283,45.25,8.0663,5.603,0
-0.050824,0.47308,0.2289,1.5803,-166,0,-0.050824,1.1138,0.8331,0.52692,-0.030968,-0.12884,-0.046341,-0.050824,-4472.6,-0.081607,2.1138,-0.050824,-0.061006,291.79,0.65465,-0.14571,-0.061006,-0.009452,0.45802,-0.081607,-7.338,0.60778,3.6389,0.66261,-0.043245,147.76,2.4702,2.0597,-0.14131,0.8331,-0.54228,0.60553,-0.16962,-0.18344,-0.11813,-0.1749,304.82,13.027,-0.076312,-0.10806,249.47,-0.15792,-0.18956,1.3177,0.39447,0.40483,1.3991,1.6078,996.66,-0.16962,-0.096454,1.0533,0.14918,1.2509,28.018,172.83,2.112,2.212,0
0.26961,0.51149,0.32315,1.6318,50.623,0,0.32463,0.95506,2.3135,0.48851,0.32712,0.63468,0.1501,0.32463,537.63,0.6789,1.9551,0.32463,0.14032,4.4795,0.633,0.29538,0.11654,1.5345,0.26961,0.57133,118.66,1.9543,2.6684,0.1405,0.1414,89.729,4.0678,4.0678,0.2342,2.4064,,0.48851,0.10123,0.37501,0.053615,0.12768,101.42,96.942,9.4958,0.43052,4.9808,0.27276,0.1179,1.6318,0.51149,0.24583,2.9543,2.9543,150.58,0.10063,0.5519,0.86464,0,81.481,3.7651,80.7,4.523,13.991,1
0.076698,0.48821,0.11687,1.2394,-67.502,0.21617,0.0998,1.0189,1.1418,0.49744,0.0998,0.20442,0.13218,0.0998,1489.4,0.24507,2.0483,0.0998,0.11025,104.34,0.82055,0.11275,0.084733,0.27787,0.49744,0.19775,1.4223,0.29594,5.0872,0.42278,0.11025,224.78,1.6238,0.23094,0.11275,0.93487,,0.49744,0.12456,0.22233,0.12105,0.12456,200.22,95.877,0.2964,0.70935,119.14,0.092904,0.10264,1.2394,0.48821,0.61585,1.2596,1.2596,14287,0.12421,0.15419,0.87579,0,3.498,3.807,196.86,1.8541,2.292,0
-0.11531,0.92687,0.12521,1.1635,-46.922,-0.059822,-0.12527,0.035497,0.96533,0.032901,-0.12527,-0.16354,-0.0781,-0.12527,-3117.2,-0.11709,1.0789,-0.12527,-0.090144,4.4516,0.86754,-0.12168,-0.082977,-0.054857,0.032901,-0.10635,-0.84528,1.1506,4.3764,0.51336,-0.090144,194.21,1.8794,-0.13128,-0.12168,1.4046,5.4329,0.19381,-0.087564,0.66217,-0.29036,-0.087564,100.86,96.404,-6.8036,1.1413,4.2972,-0.13842,-0.099608,0.96148,0.76596,0.53208,0.30233,1.781,2979,-0.035914,-3.5047,1.0359,4.8908,81.994,3.7862,201.18,1.8143,12.769,0
0.096612,0.68131,0.1962,1.3115,-9.2266,0,0.12796,0.46775,2.0717,0.31869,0.17061,0.20316,0.084347,0.12796,1423.1,0.25648,1.4678,0.12796,0.061765,41.356,1.1151,0.17061,0.046634,0.32288,0.14356,0.21047,4.0004,1.128,3.9327,0.30552,0.067259,120.91,3.0187,2.7907,0.17039,2.0717,12.618,0.36555,0.082245,0.09105,0.10447,0.08235,135.43,94.077,0.41158,0.93882,45.062,0.12382,0.059767,1.2125,0.62986,0.33127,1.8322,2.1016,1680.6,0.082245,0.30316,0.93884,0.14705,8.8257,3.8798,110.97,3.2892,11.911,0
0.031545,0.38864,0.38373,2.1575,-15.729,0.16423,0.04015,1.5308,1.0376,0.59493,0.04015,0.12112,0.037562,0.04015,1842.4,0.19811,2.573,0.04015,0.019587,82.435,1.1457,0.07324,0.015389,0.18334,0.59493,0.17597,0.37073,1.3475,4.1739,0.17982,0.019587,61.247,5.9595,0.18845,0.07324,2.052,4.4148,0.65207,0.03573,0.077032,0.11607,0.03573,122.81,40.374,0.068139,0.76101,85.533,0.036396,0.017756,1.8403,0.3315,0.1678,2.0891,2.2898,5727.5,0.036223,0.053024,0.96378,0.096051,4.4277,9.0404,59.028,6.1835,7.1982,0
0.13444,0.25551,0.39235,2.5356,52.922,0.23534,0.17006,2.7274,1.099,0.69687,0.17006,0.66558,0.1128,0.17006,449.76,0.81154,3.9137,0.17006,0.09251,29.889,1.0951,0.1646,0.07313,0.30165,0.69687,0.67211,0.98402,1.1142,4.6048,0.089658,0.09251,55.755,6.5465,0.64419,0.1646,1.8468,,0.69687,0.089538,0.36045,0.041608,0.089538,110.35,80.46,0.89307,1.9464,32.848,0.1273,0.069251,2.5356,0.25551,0.15275,1.979,1.979,15794,0.090083,0.19291,0.90992,0,12.212,4.5364,50.732,7.1946,5.2204,0
0.14507,0.50477,0.8054,5.1386,36.091,0,0.17742,0.9811,8.3107,0.49523,0.20599,0.91168,0.021348,0.17742,1038.5,0.35148,1.9811,0.17742,0.021348,0,1.2025,0.2026,0.017456,0.55789,0.4503,0.2874,7.0914,,3.055,0.014173,0.021378,8.8451,41.266,15.909,0.28017,8.3107,,0.49523,0.033711,1.9901,0.08305,0.024378,26.91,26.91,,5.1386,0,0.2026,0.024378,1.9811,0.1946,0.024233,,,914.18,0.033711,0.29294,0.97866,0,,13.564,8.5469,42.706,,0
0.11746,0.58095,0.2681,1.5576,26.127,0,0.14502,0.72133,3.429,0.41905,0.15386,0.30161,0.048229,0.14502,1282.2,0.28467,1.7213,0.14502,0.042291,2.8486,1.4212,0.14787,0.034256,0.25356,0.40468,0.23724,16.723,1.0678,3.5414,0.073718,0.04487,52.453,6.9586,5.7592,0.083213,3.429,7.7159,0.51265,0.024267,0.68253,0.11511,0.043123,44.787,41.938,4.3893,1.5019,2.9194,0.12751,0.037185,1.2891,0.48081,0.14371,1.669,2.0418,932.7,0.024267,0.28031,0.9588,0.22335,128.13,8.7033,51.18,7.1317,13.657,0
0.38449,0.24116,0.72785,4.6194,291.11,0,0.38449,3.1467,1.536,0.75885,0.39312,1.912,0.25032,0.38449,228.93,1.5944,4.1467,0.38449,0.25032,12.538,2.0378,0,0.25032,0.5041,0.71754,1.5944,0,10.245,3.0829,0.060184,0.55943,88.089,4.1435,3.4553,0.00008,1.536,,0.75885,0.000052,0.7459,,0,185.11,172.57,7.2871,4.357,23.113,0,0,3.8521,0.2011,0.24134,10.681,10.681,881.03,0.45751,0.50668,0.55789,0,29.11,2.1151,47.788,7.6379,21.619,0
-0.011822,1.057,0.25416,1.3928,-57.256,-0.082085,0.002016,-0.053909,2.4998,-0.056981,0.025723,0.003116,0.016467,0.002016,9372.3,0.038945,0.94609,0.002016,0.000807,81.834,2.0118,0.022783,-0.004729,-0.042891,-0.081089,0.025852,0.96106,2.5745,3.4307,0.39479,0.01029,99.016,3.6863,2.2568,0.11437,2.4998,2.5649,0.075894,0.04575,0.21163,0.56891,0.009114,111.6,29.767,-0.021094,0.52667,85.757,-0.016364,-0.006546,0.85269,0.64711,0.27128,-0.57718,0.76875,685.27,0.04575,0.20748,0.9992,-2.3319,4.4603,12.262,94.486,3.863,25.321,0
0.060103,0.17441,0.52517,4.0111,41.01,0.21273,0.080039,4.2862,1.0966,0.74757,0.080039,0.45891,0.083812,0.080039,545.11,0.66958,5.7335,0.080039,0.057441,99.072,0.84589,0.083065,0.043134,0.2689,0.74757,0.55528,0.65374,1.7481,4.2859,0.063716,0.057441,50.102,7.2851,0.47625,0.083065,1.4095,,0.74757,0.059613,0.52765,0.04786,0.059613,159.15,60.075,0.15891,1.8426,108.65,0.04632,0.033242,4.0111,0.17441,0.13727,2.4884,2.4884,10143,0.088123,0.080398,0.91188,0,3.6842,6.0757,45.687,7.9891,4.6382,0
0.022096,0.43786,0.46408,2.0599,10.488,0.061024,0.033341,0.79589,1.0127,0.34849,0.033341,0.076145,0.011817,0.033341,3561.8,0.10248,2.2838,0.033341,0.008781,0,0.75935,0.041033,0.005819,0.090303,0.34849,0.076794,0.10944,4.7325,3.9981,0.11004,0.008781,42.626,8.5628,0.093713,0.041033,3.8191,,0.34849,0.010806,0.85692,0.27387,0.010806,50.632,50.632,,2.0599,0,0.029504,0.00777,2.0599,0.43786,0.11678,3.5538,3.5538,4620.6,0.012586,0.063405,0.98741,0,,7.2088,42.09,8.6719,38.721,0
0.003599,0.35226,0.1877,1.5329,-39.039,-0.023552,0.00981,1.7924,1.0129,0.63138,0.00981,0.02785,0.056893,0.00981,1764.8,0.20683,2.8388,0.00981,0.007661,12.272,42.662,0.004346,0.002811,-0.017341,0.63138,0.18919,0.034375,0.40801,6.5691,0.23453,0.007661,101.69,3.5892,0.012338,0.004346,1.3018,,0.63138,0.003394,0.92784,0.17185,0.003394,60.745,48.473,0.083595,1.4106,12.43,-0.058699,-0.045838,1.5329,0.35226,0.27862,1.3724,1.3724,695890,0.012706,0.005701,0.98729,0,29.743,7.5299,100.4,3.6354,2.7836,0
-0.087478,0.68894,0.73419,4.0342,56.14,-1.0622,-0.087478,0.45151,2.8633,0.31106,-0.062295,-0.36153,-0.023301,-0.087478,-3769.1,-0.096841,1.4515,-0.087478,-0.030552,32.598,0.92057,-0.062363,-0.030552,-0.97989,0.098218,-0.096841,-2.4763,30.788,2.3709,0.15229,-0.022788,29.891,12.211,4.2887,-0.091369,2.8633,1.6118,0.75803,-0.031911,1.1317,-0.552,-0.02178,89.531,56.933,-0.34209,2.9774,31.59,-0.083123,-0.029031,1.4169,0.24197,0.081894,13.044,31.787,172.47,-0.031911,-0.28123,1.0301,1.4369,11.197,6.4111,30.845,11.833,120.07,0
0.040121,0.60569,0.13458,1.3045,2.8596,0,0.48798,0.651,2.7166,0.39431,0.55705,1.1039,0.20725,0.48798,392.67,0.92953,1.651,0.48798,0.17963,13.334,1.466,0.51143,0.014769,0.98864,0.34199,0.19012,7.4046,0.31787,3.7947,0.18841,0.18806,72.148,5.0591,3.692,0.48032,2.7166,3.0464,0.55101,0.17681,0.25346,0.034426,0.18826,62.421,49.087,0.40428,1.08,16.198,0.4364,0.16064,0.95198,0.44203,0.19767,0.93131,1.3014,838.79,0.17681,0.10175,0.82573,0.39741,27.374,7.4358,59.391,6.1457,6.4163,0
0.015443,0.71554,0.13984,1.1961,-101.93,0.055269,0.020699,0.37029,1.0353,0.26496,0.020699,0.029023,0.032441,0.020699,5775.3,0.0632,1.3975,0.020699,0.014849,123.7,0.99634,0.048651,0.011078,0.070952,0.26496,0.055854,0.36132,0.95161,4.1543,0.49397,0.014849,193.33,1.888,0.067992,0.048651,1.3979,163.32,0.26729,0.034901,0.096301,0.32149,0.034901,205.38,81.681,0.032689,0.53369,128.06,0.024128,0.017309,1.1922,0.71321,0.52967,1.803,1.8189,1995.1,0.034067,0.058284,0.96593,0.008796,2.9508,4.4686,186.74,1.9545,9.4861,0
0.049257,0.50339,0.16205,1.3859,-49.191,0.007509,0.051245,0.98652,1.2697,0.49661,0.082985,0.12204,0.074476,0.051245,1943,0.18785,1.9865,0.051245,0.040359,70.979,1.2119,0.079735,0.038793,0,0.47243,0.1839,2.5121,0.38764,4.8718,0.39646,0.040359,170.68,2.1519,1.795,0.37175,1.2697,4.0134,0.58009,0.29278,0.076005,0.13636,0.062797,158.12,87.139,0.19949,0.7979,99.737,0.036415,0.02868,1.1561,0.41991,0.4647,1.1879,1.3876,1.3859,0.29278,0.099186,0.72837,0.1681,5.1424,4.1887,120.71,3.0238,3.0373,0
0.060475,0.68853,0.20551,1.305,42.333,0.06349,0.060773,0.45237,1.1895,0.31147,0.060773,0.090192,0.088191,0.060773,3473.3,0.10509,1.4524,0.060773,0.074073,55.852,2.3811,0.086538,0.073709,0.064736,0.31147,0.10465,1.2546,1.7032,5.2888,0.61314,0.074073,356.58,1.0236,0.12568,0.086538,0.82189,51.241,0.32618,0.10548,0.27559,0.2307,0.10548,308.58,252.73,0.4817,1.1187,66.437,0.074955,0.091357,1.2771,0.67382,0.97692,2.5813,2.7032,39961,0.15933,0.19416,0.84067,0.04723,6.5351,1.4442,299.77,1.2176,6.7994,0
0.097594,0.21841,0.50509,3.3126,92.692,0.26387,0.12219,3.5614,1.1009,0.77784,0.12219,0.55944,0.1195,0.12219,486.34,0.7505,4.5786,0.12219,0.089081,43.453,1.1993,0.12571,0.071152,0.33516,0.77784,0.63791,1.009,1.8267,5.6836,0.028006,0.089081,63.986,5.7043,0.57558,0.12571,1.3941,,0.77784,0.091651,0.96955,0.042884,0.091651,136.18,92.726,0.59767,2.565,47.839,0.083982,0.061228,3.3126,0.21841,0.17531,2.8132,2.8132,243790,0.091686,0.12547,0.90831,0,8.3999,3.9363,58.12,6.2801,4.9606,0
0.019101,0.65874,0.086791,1.2273,-8.7725,-0.12132,0.01046,0.51805,1.608,0.34126,0.044738,0.027397,0.043559,0.01046,3432.6,0.10633,1.518,0.01046,0.006505,28.239,1.1801,0.030622,0.011878,-0.11655,0.23182,0.11945,0.89333,0.16332,4.9989,0.38777,0.020213,86.913,4.1996,2.4339,0.004718,1.608,1.252,0.61615,0.002934,0.092183,0.24342,0.019043,98.37,70.131,0.15353,0.90147,28.322,-0.028964,-0.018012,0.71131,0.38178,0.23812,0.64216,1.1594,8657.6,0.002934,0.055972,0.99371,0.80551,12.926,5.2046,86.658,4.212,3.0259,0
0.007318,0.81492,-0.010105,0.98607,-186.19,0.015745,0.011316,0.19339,1.0532,0.15759,0.011316,0.015605,0.03136,0.011316,7708.1,0.047353,1.2271,0.011316,0.009196,171.28,1.8813,0.057448,0.005948,0.028175,0.15759,0.042447,0.4917,-0.035467,4.6717,0.62488,0.009196,226.55,1.6111,0.070495,0.057448,1.2399,1.534,0.24733,0.046686,0.067064,0.31624,0.046686,197.69,26.405,0.012674,0.18982,180.39,0.030175,0.024523,0.87749,0.72519,0.62069,0.55312,0.86806,-474.5,0.050505,0.046438,0.94949,0.5694,2.131,13.823,215.11,1.6968,4.3188,0
0.075204,0.3442,0.031963,1.1374,-33.988,0,0.077233,1.9053,1.0756,0.6558,0.10157,0.33194,0.16371,0.077233,713.46,0.51159,2.9053,0.077233,0.071802,36.965,0.93543,0.10153,0.069916,0.32996,0.62922,0.5057,4.1725,0.043465,4.9025,0.30061,0.074534,86.476,4.2208,2.8531,0.093574,1.0756,1.6084,0.7526,0.086994,0.11722,0.057255,0.094394,80.544,43.579,0.69037,0.66918,40.487,0.002676,0.002488,0.76883,0.23267,0.23692,0.8918,1.0234,2553.4,0.086994,0.11468,0.92887,0.14762,9.8742,8.3755,78.953,4.623,1.4627,0
0.080187,0.2973,0.24855,1.9054,38.437,-0.004478,0.10743,2.3636,1.3076,0.7027,0.13809,0.39137,0.12764,0.10743,650.19,0.56137,3.3636,0.10743,0.082162,24.872,1.3152,0.13684,0.061326,0.18625,0.11125,0.46973,4.4633,0.52112,4.9039,0.22641,0.08713,86.145,4.8243,4.4544,0.14448,1.4624,,0.7027,0.1105,0.09346,0.050482,0.10465,138.85,113.97,0.89998,1.5809,24.557,0.077378,0.059178,1.7593,0.2745,0.20728,1.4733,1.4733,19919,0.1105,0.11411,0.92654,0,14.675,3.2025,76.627,4.7634,2.7415,0
0.022315,0.23695,0.52219,4.4906,-30.162,0,0.030551,3.2203,0.75513,0.76305,0.043553,0.20421,0.10727,0.030551,1067.7,0.34186,4.2203,0.030551,0.040458,272.52,0.99387,0.041794,0.029551,0.24587,0.64408,0.3071,3.2145,1.5911,4.2854,0.26654,0.046143,75.216,4.8527,3.0638,0.029162,0.75513,1.7879,0.82345,0.038618,0.33861,0.085622,0.055346,300.23,27.709,0.039579,0.72181,283.47,-0.00866,-0.011468,2.8352,0.1496,0.20607,2.3249,2.5089,10076,0.038618,0.029245,0.96069,0.079154,1.3393,13.172,72.311,5.0476,2.3008,0
0.025153,0.76663,0.41527,1.8922,-261.9,0.20608,0.031861,0.2909,1.1397,0.22301,0.031861,0.068455,0.078013,0.031861,6134.7,0.059498,1.3044,0.031861,0.054492,469.03,0.77616,0.070643,0.04302,0.25756,0.22301,0.050748,1.377,3.4806,4.9843,1.298,0.054492,331.14,1.1022,0.092147,0.070643,0.58674,0.42948,0.52422,0.12082,0.074958,0.29865,0.12082,528.01,58.98,0.033478,0.27795,534.56,0.05689,0.097302,1.1488,0.46542,0.90724,1.8692,4.3938,40050,0.12259,0.11279,0.87741,1.3507,0.7782,6.1886,290.55,1.2562,4.9005,0
-0.011678,0.080127,0.001862,1.0237,-100.3,-0.15101,-0.009991,11.48,0.061087,0.91987,-0.001928,-0.12737,-0.11442,-0.009991,-4184.3,-0.08723,12.48,-0.009991,-0.16356,0.65459,0.32161,-0.006814,-0.19118,-0.12493,-0.088015,-0.10829,-0.84511,0.002025,4.6593,1.3117,-0.16356,519.98,0.81536,0.7982,0.006025,0.061087,47.532,0.92156,0.098637,0.20726,-0.70057,-0.11155,382.67,382.02,-106.6,1.0223,0.62521,-0.009816,-0.16069,1.0022,0.07844,1.2264,1.0002,1.002,1.0237,0.098637,0,0.97393,0.001834,557.6,0.95545,468.69,0.77877,0.06642,0
0.034615,0.73079,0.013254,1.0386,-79.249,0,0.034615,0.36839,1.1712,0.26921,0.067387,0.10081,0.10548,0.034615,2159.2,0.16905,1.3684,0.034615,0.029555,75.788,1.0637,0.067387,0.029555,0.12267,0.034615,0.16905,2.0562,0.0206,4.4538,0.60879,0.057538,110.58,3.3008,1.5509,0.037782,1.1712,0.5742,0.46677,0.03226,0.051799,0.15584,0.057538,105.6,29.811,0.14234,0.33037,78.314,-0.021535,-0.018387,0.488,0.34337,0.30295,0.41844,0.7255,376.82,0.03226,0.12858,0.97125,0.73385,4.8161,12.244,107.01,3.4109,1.8204,0
0.028815,0.20705,0.078718,1.3802,25.083,0.000752,0.028815,3.8297,0.93773,0.79295,0.028815,0.13917,0.038864,0.028815,2073.7,0.17601,4.8297,0.028815,0.030729,0,0.74528,0,0.030729,0.058739,0.034225,0.17601,,0.11021,3.0493,0.17826,0.064367,100.35,3.6371,3.6371,0.000853,0.93773,,0.79295,0.00091,0.32197,0.90475,0,85.283,85.283,,1.3802,0,-0.007628,-0.008135,1.3802,0.20705,0.27494,1.1102,1.1102,88.188,0.19693,0.03634,0.80576,0,,4.2799,80.592,4.529,1.3129,0
-0.07635,1.2761,-0.69508,0.39037,11979,0,-0.076464,-0.22584,1.2721,-0.2882,-0.011487,-0.067065,-0.039176,-0.076464,-9346.8,-0.039051,0.78361,-0.076464,-0.06011,32.477,1.058,-0.025635,-0.06002,-0.45904,-0.29714,-0.038961,-0.39453,-1.2526,5.8548,1.0032,-0.06011,,0.034427,0.030759,0,1.2721,2.4406,-0.15221,0,0.0683,42.768,-0.020152,105.36,72.887,-0.67455,0.2911,1052.5,-0.052265,-0.041086,0.34877,1.1402,29.047,-0.51936,-0.27429,0.39037,1,0.26492,0.079859,-0.47186,11.239,5.0078,327.15,1.1157,2.2924,0
0.040008,0.38663,0.44523,2.1566,58.587,0.19845,0.054295,0.76833,1.0215,0.29706,0.054295,0.14105,0.038464,0.054295,2138.2,0.17071,2.5864,0.054295,0.031643,3.6202,1.11,0.045256,0.023316,0.28216,0.29706,0.13375,0.26942,2.6217,4.7466,-0.025109,0.031643,83.647,4.3636,0.11705,0.045256,1.734,482.63,0.29874,0.026375,1.5235,0.22316,0.026375,51.841,48.221,2.3508,2.1124,3.6981,0.033552,0.019554,2.1472,0.38495,0.22917,1.7492,1.7591,24840,0.021068,0.13468,0.97893,0.005672,100.82,7.5693,81.884,4.4575,10.104,0
0.04723,0.61818,0.33626,1.5464,-5.5566,0.070139,0.061099,0.49691,1.0438,0.30718,0.061099,0.099284,0.037955,0.061099,3315.5,0.11009,1.6177,0.061099,0.034075,73.386,1.0114,0.06324,0.026341,0.09289,0.30718,0.087656,0.36813,6.9548,4.5737,0.29995,0.034075,130.75,2.7915,0.1023,0.06324,1.8042,212.25,0.30996,0.03527,0.13409,0.28952,0.03527,176.93,103.54,0.13101,0.96061,76.597,0.056283,0.03139,1.5394,0.61539,0.35823,6.3533,6.4109,12601,0.041919,0.15376,0.95808,0.009067,4.9737,3.5252,125.27,2.9137,37.085,0
-0.12596,0.43569,0.19274,1.4424,-50.737,-0.53026,-0.11863,1.0705,0.90659,0.4664,-0.11863,-0.27228,-0.061615,-0.11863,-1873.9,-0.19478,2.2952,-0.11863,-0.086131,104.03,1.4293,-0.10999,-0.091458,-0.52153,0.4664,-0.21162,-0.72398,0.51871,4.0798,0.2846,-0.086131,104.68,3.4869,-0.25244,-0.10999,1.4386,,0.4664,-0.079857,0.12224,-0.18792,-0.079857,152.43,48.397,-0.32089,0.5414,94.313,-0.14375,-0.10437,1.4424,0.43569,0.28679,1.2552,1.2552,2316,-0.10303,-0.27008,1.103,0,3.5086,7.5418,115.46,3.1612,3.7066,0
0.1939,0.21336,0.36632,5.3723,107.35,0,0.23787,3.687,1.0041,0.78664,0.24837,2.8392,0.29562,0.23787,262.36,1.3912,4.687,0.23787,0.2369,55.031,1.1815,0.24267,0.19312,0.37984,0.36679,1.1851,23.111,0.66615,5.0971,-0.004367,0.23715,39.277,9.293,3.6492,0.22551,1.0041,3907.5,0.78672,0.22459,2.603,0.023579,0.24169,84.341,29.31,1.2809,3.5654,70.97,0.18372,0.18297,2.1096,0.083781,0.10761,1.4305,1.4307,45806,0.22459,0.2465,0.7718,0.000097,6.6326,12.453,30.456,11.985,1.8259,0
0.016766,0.49594,0.097685,1.3308,-28.662,0.12138,0.021965,0.983,1.0392,0.48751,0.021965,0.074384,0.082354,0.021965,2342.2,0.15583,2.0164,0.021965,0.023406,62.021,1.1215,0.027442,0.017866,0.15327,0.48751,0.14535,0.30389,0.16092,4.5545,0.50509,0.023406,119.36,3.058,0.055333,0.027442,0.96136,1.1639,0.68815,0.029242,0.093657,0.19701,0.029242,142.09,80.07,0.10514,0.7908,64.454,-0.027877,-0.029706,0.79239,0.29529,0.32701,0.80312,1.1337,3502,0.037745,0.034392,0.96225,0.41157,5.8851,4.5585,114.85,3.178,1.546,0
0.009393,0.66458,0.29167,1.4389,20.664,0,0.02497,0.50472,3.4532,0.33542,0.025092,0.037574,0.010996,0.02497,6387.9,0.05714,1.5047,0.02497,0.007231,6.6022,1.0978,0.023668,0.00272,0.29244,0.33542,0.0337,194.99,6.6654,3.5852,0.16423,0.007266,70.729,5.1606,5.1606,0.023669,3.4532,,0.33542,0.006854,0.1964,0.60409,0.006854,87.276,80.674,0.15038,1.3449,6.6477,0.010664,0.003088,1.4389,0.66458,0.19378,7.6654,7.6654,1122.2,0.006854,0.028004,0.99277,0,55.285,4.5244,70.244,5.1962,78.916,0
0.19424,0.89018,-0.24123,0.67717,-958.97,-0.3781,0.19424,0.12337,0.010746,0.10982,0.19436,0.25995,19.296,0.19424,1566.9,0.23295,1.1234,0.19424,18.075,0,,0.19437,18.075,0.19424,-0.1839,0.23295,1639.3,-0.48831,4.4713,81.856,18.075,10712,0.15546,0.13049,-0.014715,0.31055,3.5403,0.25274,-1.3693,0.05859,0.143,18.088,15699,15699,,0.05859,0,0.18125,16.866,0.56842,0.74722,6.4326,0.22231,0.51162,-7141,-1.3693,1.7687,0.37405,1.3014,,0.023249,25380,0.014382,0.021753,1
-0.035774,0.99866,-0.18356,0.81614,-537.74,-0.027034,-0.039226,0.001341,1.0178,0.001339,-0.039226,-0.03929,-0.035822,-0.039226,-15970,-0.022855,1.0013,-0.039226,-0.061564,53.4,0.90444,0.01115,-0.056146,-0.038613,0.001339,-0.019398,0.17812,-0.99121,5.7414,1.5657,-0.061564,582.13,0.62701,0.011165,0.01115,0.60119,2502,0.001627,0.0175,0.63589,1.1917,0.0175,103.09,49.694,-0.38377,0.72278,54.352,-0.005251,-0.008242,0.81591,0.99837,1.5949,0.007229,0.008786,-101190,0.017517,-26.724,0.98248,0.21545,6.8352,7.345,571.93,0.63819,3.4407,0
0.40231,0.10794,0.76962,8.1881,264.08,0.28937,0.48753,8.264,1.5117,0.89206,0.49898,4.5534,0.33526,0.48753,77.741,4.6951,9.264,0.48753,0.32251,0.82728,1.7557,0.4723,0.26613,1.3718,0.80499,3.9056,41.243,6.2412,3.7591,-0.12891,0.32308,37.095,9.8397,9.7598,0.45817,1.5117,,0.89206,0.30308,2.8985,0.00732,0.31243,136.75,135.92,117.42,8.1561,1.1871,0.45302,0.29968,8.1216,0.10707,0.10163,7.234,7.234,4419.9,0.30308,0.45099,0.68598,0,441.2,2.6854,25.852,14.119,12.259,0
0.12407,0.5846,-0.17323,0.6393,-42.141,0,0.15571,0.71056,2.2086,0.4154,0.18629,0.32421,0.10766,0.15571,897.37,0.40674,1.7106,0.15571,0.0705,5.7196,1.4195,0.18629,0.056176,0.41344,0.36886,0.35263,6.091,-0.24998,3.3408,0.2645,0.084263,84.968,4.2957,3.529,0.14555,2.2086,3.2229,0.49992,0.065899,0.050973,0.072613,0.084347,46.695,40.975,3.5849,0.56724,6.1231,0.10421,0.047185,0.5252,0.48026,0.23279,0.59945,0.72142,-379.71,0.065899,0.29868,0.931,0.20348,63.816,8.9078,79.369,4.5988,3.1872,0
0.12223,0.59759,0.32231,2.4462,9.4856,-0.18064,0.12223,0.67339,3.401,0.40241,0.12273,0.54842,0.040069,0.12223,1600.6,0.22804,1.6734,0.12223,0.035939,25.429,0.98314,0,0.035939,-0.30568,0.26469,0.22804,0,0.70865,3.9447,0.16628,0.073345,28.59,12.767,4.7614,0.029274,3.401,1.332,0.63383,0.008607,0.19212,1.418,0,53.914,28.485,0.51586,1.383,30.395,-0.014047,-0.00413,0.9123,0.22287,0.078328,0.88478,1.3936,2837.5,0.16338,0.30374,0.83732,0.57508,14.354,12.814,23.919,15.26,7.4777,0
0.027919,0.43399,0.048545,1.1923,-46.765,-0.014168,0.03239,1.3042,0.81979,0.56601,0.051097,0.12831,0.058561,0.03239,3299.6,0.11062,2.3042,0.03239,0.039509,52.244,0.97346,0.046535,0.034056,0.44814,0.55637,0.10032,2.4875,0.069447,5.3382,0.4873,0.050757,170.01,2.2051,1.2826,0.04889,0.81979,3.2444,0.62261,0.059636,0.14257,0.23275,0.056764,117.98,65.737,0.23793,0.72747,76.945,0.030916,0.037712,0.6935,0.25243,0.4535,0.80971,0.89068,10577,0.33892,0.049327,0.7018,0.099999,6.9865,5.5524,112.39,3.2476,1.1728,0
-0.13628,0.66921,0.098201,1.1467,-2.4103,-0.58714,-0.13573,0.4831,0.8273,0.32329,-0.13573,-0.20282,-0.053062,-0.13573,-2896.1,-0.12603,1.4943,-0.13573,-0.085391,25.179,1.7704,-0.1097,-0.08574,-0.61362,0.32329,-0.12686,-0.57097,0.42221,4.1801,0.31558,-0.085391,127.13,2.871,-0.16393,-0.1097,1.8536,,0.32329,-0.069016,0.25204,-0.37729,-0.069016,137.49,112.31,-1.2429,0.98289,20.831,-0.16109,-0.10134,1.1467,0.66921,0.34831,1.39,1.39,1486.5,-0.20874,-0.42155,1.2087,0,14.496,3.2499,153.67,2.3752,6.8339,0
0.060531,0.3599,0.14639,1.4075,-55.461,0.040801,0.062841,1.7355,1.0585,0.62461,0.062841,0.17494,0.08684,0.062841,1012.9,0.36035,2.7785,0.062841,0.042078,86.262,1.3963,0.076152,0.040531,0.042593,0.62461,0.35393,0.53975,0.29611,5.112,0.21151,0.042078,92.932,3.9276,0.21159,0.076152,1.5018,222.03,0.6253,0.050991,0.12396,0.082744,0.050991,112.69,26.427,0.1715,0.42498,91.31,0.009303,0.006229,1.4048,0.35922,0.25461,1.2634,1.2648,18946,0.055289,0.09691,0.94471,0.001101,4.2313,13.811,87.794,4.1575,3.0208,0
0.084972,0.57417,0.059206,1.1554,-65.651,0.19461,0.083631,0.71638,1.1849,0.41133,0.083631,0.21958,0.13845,0.083631,1618.4,0.22553,1.7416,0.083631,0.089416,74.991,1.4377,0.12322,0.09085,0.20278,0.41133,0.22787,1.561,0.10574,5.3137,0.60374,0.089416,176.11,2.0726,0.21461,0.12322,0.93597,1.2825,0.60463,0.13174,0.031823,0.11164,0.13174,167.01,92.017,0.44219,0.65091,88.854,0.077359,0.08271,0.76645,0.38087,0.48249,0.73461,1.0798,12192,0.15602,0.20658,0.84398,0.46995,4.8672,3.9667,148.63,2.4557,1.6704,0
0.070236,0.48509,0.19957,1.6332,-46.534,0.070236,0.087264,1.0615,0.9534,0.51491,0.10074,0.27689,0.1052,0.087264,1765.4,0.20676,2.0615,0.087264,0.091529,64.516,1.8776,0.094213,0.073668,0.14224,0.27453,0.17165,6.9935,0.41126,5.4352,0.50879,0.091529,141.84,2.5835,1.6785,0.14237,0.9534,2.0374,0.68484,0.14933,0.42582,0.15077,0.098817,145.68,81.166,0.41678,1.0985,75.545,0.081182,0.085149,1.0611,0.31516,0.38708,1.0611,1.4113,1.6332,0.14933,0,0.85763,0.33001,5.6575,4.497,120.66,3.0251,1.9647,0
0.063235,0.23733,0.44014,2.8545,33.061,0.38962,0.078608,2.8272,1.0236,0.67099,0.078608,0.33121,0.063329,0.078608,619.53,0.58915,4.2135,0.078608,0.035602,40.378,1.2593,0.07165,0.02864,0.48394,0.67099,0.52438,0.33215,1.3647,4.2624,0.092273,0.035602,40.158,9.089,0.30189,0.07165,2.2401,,0.67099,0.032451,0.15593,0.058726,0.032451,105.88,65.499,0.25889,1.8254,41.329,0.010431,0.004724,2.8545,0.23733,0.11002,2.0804,2.0804,8053.9,0.023009,0.094241,0.97699,0,9.0396,5.5726,39.234,9.3031,6.8458,0
0.10459,0.22024,0.4281,3.0943,112.38,0.27817,0.10907,3.1788,1.1028,0.70009,0.10907,0.53359,0.14233,0.10907,572.13,0.63797,4.5405,0.10907,0.11049,48.014,1.1207,0.094315,0.10595,0.30055,0.70009,0.61762,1.0536,1.1649,4.8687,0.043135,0.11049,83.346,4.3793,0.42824,0.094315,1.0211,31.753,0.71592,0.095539,1.0091,0.05758,0.095539,157.59,109.58,0.80539,2.459,52.95,0.06288,0.063696,2.8719,0.20441,0.22835,1.9051,1.9481,31640,0.093215,0.14939,0.90679,0.022611,7.6019,3.3309,75.577,4.8295,2.6863,0
0.23213,0.021476,0.5917,28.552,35.44,0,0.23213,45.564,0.9372,0.97852,0.23351,10.809,0.29155,0.23213,28.688,12.723,46.564,0.23213,0.24769,203.59,1.0672,0.22411,0.24769,0.65247,0.085336,12.723,161.88,1.5296,4.0127,-0.01037,0.24769,10.969,33.276,33.276,0.22257,0.9372,,0.97852,0.23748,1.5752,0.002699,0.23913,225.63,22.038,0.44405,4.2101,267,0.183,0.19527,28.552,0.021476,0.030051,2.5296,2.5296,6093.1,0.23748,0.23722,0.75519,0,1.7928,16.562,8.3639,43.64,2.4228,0
0.2381,0.3497,0.30431,1.9406,114.56,0,0.30028,1.8596,0.97651,0.6503,0.30127,0.92814,0.3388,0.30028,385.81,0.94607,2.8596,0.30028,0.3075,14.534,1.2568,0.29062,0.24382,0.67454,0.54796,0.76826,294.19,0.81765,4.0392,-0.13687,0.3075,173.21,2.1073,1.9495,0.29476,0.97651,,0.6503,0.30185,1.6739,0.036293,0.29761,32.25,17.716,6.1233,1.8204,20.818,0.26006,0.26631,1.7953,0.32353,0.47455,1.7473,1.7473,3330.3,0.30185,0.36614,0.69627,0,25.113,20.603,120.93,3.0183,2.6238,0
0.058839,0.37498,-0.03702,0.90127,-49.848,0.007646,0.058839,1.6668,0.74892,0.62502,0.14698,0.15691,0.092469,0.058839,1976.4,0.18468,2.6668,0.058839,0.078564,21.328,1.1889,0.14405,0.078564,0.077958,0.54096,0.18468,1.6344,-0.055918,3.0754,0.3829,0.10091,228.61,1.5966,1.5966,0.15022,0.74892,,0.62502,0.20059,0.23706,0.08092,0.19235,121.39,100.06,1.3445,0.78457,26.68,0.13364,0.17844,0.90127,0.37498,0.62632,0.94408,0.94408,-44.039,0.20058,0.094138,0.92186,0,17.114,3.6479,182.75,1.9972,1.1312,0
0.249,0.37938,0.60116,7.8044,25.447,0,0.249,1.6359,1.3504,0.62062,0.26381,2.8184,0.21546,0.249,475.92,0.76694,2.6359,0.249,0.18439,141.4,1.0667,0.25086,0.18439,0.51022,0.44976,0.76694,16.933,1.9361,4.0293,0.17165,0.18508,28.832,12.68,2.9529,0.23198,1.384,,0.62062,0.17179,1.6909,0.043185,0.18577,145.99,4.5903,0.47597,7.6122,170.45,0.2089,0.15469,1.8174,0.088348,0.078863,1.9988,1.9988,6431.8,0.17179,0.4012,0.80946,0,2.5814,79.516,23.879,15.285,4.3492,1
0.14959,0.47004,0.10078,1.4068,-36.843,0,0.18695,1.1275,2.4135,0.52996,0.22994,0.75453,0.17878,0.18695,397.62,0.91796,2.1275,0.18695,0.07746,45.591,1.1584,0.22883,0.06198,0.46448,0.45176,0.83847,5.323,0.1547,3.5839,0.18689,0.094675,39.505,9.2394,4.8703,0.12425,2.4135,,0.52996,0.051481,0.11121,0.0331,0.094812,48.545,2.9541,0.49621,0.19005,48.066,-0.015701,-0.006506,0.74153,0.24777,0.10823,0.81351,0.81351,386.64,0.051481,0.28226,0.92579,0,8.0059,123.56,37.471,9.7409,3.7048,0
0.13466,0.18242,0.53366,3.9456,438.73,0.46299,0.16482,4.2909,1.1894,0.78275,0.16482,0.90971,0.48384,0.16482,353.06,1.0338,5.4819,0.16482,0.42284,122.69,0.67429,0.14936,0.34549,0.55622,0.78275,0.86854,4.5579,1.8714,4.9336,-0.90245,0.42284,201.79,1.8088,0.81879,0.14936,0.50057,468.92,0.78399,0.3832,3.1264,0.034639,0.3832,138.98,16.289,1.0278,3.2224,145.93,0.12559,0.3222,3.9186,0.18117,0.55286,2.7449,2.7493,45804,0.15926,0.17204,0.84074,0.001591,2.975,22.407,169.66,2.1514,1.3669,0
0.10867,0.51874,0.09042,1.2064,-11.764,0,0.10867,0.92774,3.0779,0.48126,0.15716,0.24803,0.054067,0.10867,1137.8,0.3208,1.9277,0.10867,0.035306,21.898,1.0594,0.15688,0.035306,0.40702,0.023341,0.3208,3.2351,0.19179,3.952,0.16146,0.039141,54.134,6.7426,5.6946,0.12384,3.0779,6.8358,0.53156,0.040237,0.050648,0.080565,0.05097,60.047,38.149,0.58849,0.78491,22.816,0.099134,0.032208,1.0189,0.43812,0.14831,1.0208,1.1275,809.65,0.040237,0.2258,0.96514,0.10453,16.668,9.5677,51.956,7.0252,6.5284,0
0.085044,0.7301,0.16233,1.3657,-29.621,0,0.10968,0.36967,1.8375,0.2699,0.17702,0.24712,0.069203,0.10968,2095.7,0.17417,1.3697,0.10968,0.05969,57.357,2.108,0.15811,0.046283,0.146,0.11743,0.14042,2.348,0.41217,3.7437,0.36244,0.065673,96.353,3.7881,2.3028,0.1562,1.8375,1.1095,0.55599,0.085005,0.16807,0.1386,0.086045,105.59,48.233,0.29452,0.71516,62.686,0.14063,0.076532,0.83024,0.44383,0.26398,0.6853,1.4117,899.63,0.085005,0.3151,0.94123,1.06,6.3636,7.5674,88.163,4.1401,4.6656,0
-0.084581,0.77359,-0.022469,0.95049,-3.1063,0,-0.084581,0.29267,2.5933,0.22641,-0.04916,-0.18639,-0.017893,-0.084581,-6085.2,-0.059982,1.2927,-0.084581,-0.032615,0,1.4755,-0.049582,-0.032615,-0.092016,0.18235,-0.059982,-1.3998,-0.03951,3.055,0.26192,-0.021264,62.688,5.8225,3.4154,-0.048864,2.5933,1.3487,0.54622,-0.018842,0.20791,-2.2615,-0.019119,47.428,47.428,,0.95049,0,-0.087762,-0.033842,0.55755,0.45378,0.17175,0.39813,0.96049,-25.501,-0.018842,-0.37358,1.0326,1.4125,,7.6959,63.869,5.7148,4.5601,0
0.33247,0.36934,0.43905,2.1887,96.516,0,0.41175,1.7075,2.0918,0.63066,0.41192,1.1148,0.23205,0.41175,277.73,1.3142,2.7075,0.41175,0.19684,0,1.7884,0.41089,0.15894,1.1051,0.54508,1.0996,2382.9,2.2915,3.3687,0.17029,0.19692,79.85,4.5711,4.5711,0.40349,2.0918,,0.63066,0.19289,0.05224,0.025408,0.19643,137.69,137.69,,2.1887,0,0.33724,0.16122,2.1887,0.36934,0.21877,3.2915,3.2915,1026.1,0.19289,0.52718,0.8045,0,,2.6509,64.447,5.6635,10.917,0
0.098993,0.32834,0.16203,1.5173,28.92,0,0.098993,2.0457,1.4904,0.67166,0.10346,0.31602,0.086361,0.098993,931.06,0.39203,3.0457,0.098993,0.066419,11.304,1.1086,0.097718,0.066419,0.22315,0.098993,0.39203,21.871,0.3088,4.1452,0.14815,0.069416,81.171,4.4967,4.29,0.08188,1.4904,,0.67166,0.054936,0.35959,0.085879,0.065563,88.808,77.504,2.1446,1.3699,11.961,0.067996,0.045621,1.4475,0.31325,0.22239,1.28,1.28,2263.5,0.054936,0.14739,0.93469,0,32.29,4.7094,76.712,4.758,2.8405,0
0.02093,0.77,-0.12099,0.65117,-86.272,0.12961,0.028437,0.27273,1.0498,0.21,0.028437,0.081989,0.072425,0.028437,4285.1,0.085179,1.2987,0.028437,0.031401,30.512,1.1917,0.041993,0.023112,0.16354,0.21,0.075431,0.4868,-0.15628,4.7715,0.8466,0.031401,146.75,2.4872,0.054537,0.041993,0.91068,0.35482,0.63316,0.046371,0.01285,0.31986,0.046371,89.232,58.72,0.27648,0.4329,32.031,0.004842,0.005347,0.29331,0.34683,0.40206,0.27127,0.81788,-7149.2,0.047431,0.099667,0.95257,2.015,11.963,6.216,139.79,2.611,1.1698,0
0.057735,0.31625,0.091174,1.5428,0.24019,0,0.074261,2.1621,1.1412,0.68375,0.088848,0.44208,0.095202,0.074261,1062.4,0.34355,3.1621,0.074261,0.06507,27.966,1.0256,0.085824,0.05059,0.36248,0.67741,0.29129,5.8835,0.12307,3.8969,0.25678,0.077272,57.26,6.4881,3.4463,0.070455,1.1765,1.1582,0.83202,0.061736,0.15616,0.087693,0.075203,74.496,46.53,0.66028,1.0222,29.284,0.051437,0.045071,0.81947,0.16798,0.15413,0.92293,1.1231,719.08,0.061735,0.084439,0.9388,0.21684,13.052,7.8444,53.725,6.7938,1.5405,0
0.10956,0.26951,0.19438,1.7735,1.0949,0,0.13521,2.7104,2.3122,0.73049,0.13773,0.53798,0.081633,0.13521,521.16,0.70036,3.7104,0.13521,0.058474,29.102,1.1465,0.13755,0.047384,0.38206,0.638,0.60522,54.58,0.35069,3.3861,0.11063,0.059221,42.436,8.6013,8.0206,0.15059,2.3122,14.364,0.74868,0.065125,0.068894,0.047011,0.059487,67.623,38.521,0.5943,1.0399,31.129,0.083999,0.036328,1.6537,0.25132,0.11626,1.3179,1.3507,472.89,0.065125,0.14999,0.94179,0.024907,12.542,9.4753,39.672,9.2005,4.1715,0
0.031012,0.30319,0.054441,1.1796,-3.1395,0.028112,0.027658,2.1852,1.0339,0.66252,0.027658,0.091224,0.13907,0.027658,1750.1,0.20856,3.2983,0.027658,0.06083,46.437,1.124,0.021617,0.068208,0.017717,0.66252,0.21962,0.49156,0.084751,6.1875,0.10409,0.06083,251.65,1.4505,0.071298,0.021617,0.49147,,0.66252,0.047543,0.84429,0.17429,0.047543,81.602,35.165,0.53612,0.98877,48.012,-0.013958,-0.030699,1.1796,0.30319,0.68944,1.0314,1.0314,83836,0.032802,0.04681,0.9672,0,7.86,10.38,243.39,1.4996,0.70781,0
0.002365,0.27488,-0.052341,0.77588,-68.84,0.0153,0.003692,2.4055,0.93213,0.66122,0.003692,0.015808,0.066466,0.003692,2196,0.16621,3.638,0.003692,0.005371,17.005,0.82539,0.013823,0.00344,0.019029,0.66122,0.16139,0.18745,-0.063924,4.5837,0.38408,0.005371,115.59,3.1577,0.050289,0.013823,0.77922,3.6083,0.70256,0.02011,0.2547,0.1619,0.02011,64.629,47.623,0.073839,0.63874,15.851,-0.028173,-0.040986,0.65919,0.23354,0.31668,0.80755,0.85804,-2006.9,-0.072812,0.003576,1.0728,0.062521,21.464,7.6644,124.01,2.9434,0.83951,0
0.006925,0.75494,0.25449,1.6531,-10.614,0,0.009943,0.32461,1.5341,0.24506,0.041125,0.025517,0.03079,0.009943,5833.4,0.062571,1.3246,0.009943,0.006481,70.538,0.98187,0.040839,0.004514,0.035332,0.1042,0.058574,1.3097,0.71513,3.9295,0.49037,0.024716,94.059,3.8805,2.0028,0.022131,1.5341,1.3147,0.50949,0.014426,0.0106,0.32207,0.02662,152.27,81.729,0.023357,0.89223,71.571,0.003544,0.00231,0.85322,0.38964,0.2577,0.68863,1.4317,2163.7,0.014426,0.028258,0.9936,1.079,5.1745,4.466,92.702,3.9373,4.311,0
0.21645,0.091152,0.50986,6.5935,106.69,0.54818,0.26665,9.9707,1.2097,0.90885,0.26665,2.9253,0.23257,0.26665,103.19,3.5372,10.971,0.26665,0.19234,48.282,1.112,0.24966,0.15613,0.68308,0.90885,2.9864,2.1784,1.2779,4.3235,-0.017533,0.19234,29.03,12.573,2.7389,0.24966,1.4136,,0.90885,0.18008,1.3034,0.009812,0.18008,126.96,78.675,1.1803,4.5817,58.404,0.19388,0.13985,6.5935,0.091152,0.079536,2.2779,2.2779,10739,0.17332,0.23815,0.82668,0,7.5598,4.6393,23.999,15.209,3.4747,0
0.34125,0.11095,0.59612,6.7003,30.043,0,0.4204,8.0133,1.284,0.88905,0.43106,4.02,0.34411,0.4204,91.657,3.9822,9.0133,0.4204,0.32742,147.75,1.4396,0.42832,0.26578,1.099,0.30361,3.2688,40.181,1.9917,4.0478,0.027901,0.33573,44.495,8.2031,7.7321,0.4261,1.284,,0.88905,0.33186,0.78131,0.008223,0.3336,175.96,28.216,0.65658,1.7304,221.13,0.4069,0.31691,6.3155,0.10458,0.1219,2.9704,2.9704,6654.7,0.33186,0.38383,0.67452,0,2.4704,12.936,29.729,12.278,4.2898,0
0.014994,0.73291,0.34177,2.1422,-74.761,0.002097,0.003592,0.36443,1.1278,0.26709,0.15947,0.012004,0.035035,0.003592,6770.4,0.053911,1.3644,0.003592,0.003185,22.374,1.7706,0.15942,0.013295,-0.18534,0.18086,0.069469,1.0227,0.95201,4.5367,0.63199,0.025224,112.12,3.2554,1.3291,0.1537,1.1278,1.7119,0.60115,0.13629,1.6297,0.12506,0.14136,49.636,27.262,0.2169,1.9112,25.904,0.12351,0.10951,0.8746,0.29922,0.30718,0.74399,1.6745,11760,0.13629,0.056139,0.99686,1.2507,16.314,13.388,96.841,3.7691,3.1415,0
0,0.14467,0.29737,5.5835,38.772,0.47113,0.060885,5.9122,0.76981,0.85533,0.065006,0.93845,0.1583,0.060885,433.32,0.84232,6.9122,0.060885,0.079091,105.56,1.0215,0.061852,0,0.13399,0.47423,0.42148,15.009,0.46628,4.7391,0.14724,0.079091,31.367,11.637,5.2184,0.014843,0.76981,225.21,0.85595,0.019281,0.48286,0.039262,0.080347,156.9,51.347,0,2.1521,107.63,0.000875,0.001137,2.5039,0.064878,0.085936,1.3412,1.3421,16308,0.019281,0,0.92955,0.000725,3.4579,7.1084,30.762,11.865,1.2071,0
0.30123,0.18117,0.35715,2.9713,55.358,0.3894,0.30123,4.5196,2.1469,0.81883,0.30127,1.6627,0.18109,0.30123,170.09,2.1459,5.5196,0.30123,0.14031,14.652,1.0475,0.29436,0.14031,1.1893,0.70211,2.1459,7356.4,0.77359,3.3221,0.018774,0.14031,35.781,10.201,10.201,0.29873,2.1469,,0.81883,0.13915,0.7788,0.015813,0.13711,67.533,52.881,3.4952,2.4956,17.021,0.20681,0.096331,2.9713,0.18117,0.098029,1.7736,1.7736,749.74,0.13915,0.36788,0.86014,0,24.911,6.9023,30.802,11.85,4.6502,0
-0.15157,1.3798,-0.46893,0.64786,-59.486,-0.38428,-0.14635,-0.27526,2.8208,-0.37981,-0.076119,-0.1099,-0.037554,-0.14635,-4754.3,-0.076773,0.72474,-0.14635,-0.051883,1.0535,,-0.076119,-0.053733,-0.14635,-0.51168,-0.080554,-1.0838,-3.416,2.7187,0.48656,-0.026985,171.5,2.1995,2.1227,-0.014505,2.854,17.745,-0.33165,-0.005142,0.005683,-1.2884,-0.026985,110.65,109.6,-18.617,0.011797,1.0145,-0.11654,-0.041314,0.62525,1.3317,0.45465,-2.7668,-2.416,-245.37,-0.004743,0.39906,1.0263,-0.1268,346.48,3.3302,172.31,2.1183,20.549,1
0.10867,0.66898,-0.075335,0.78703,-46.667,0,0.13632,0.49481,2.2842,0.33102,0.19033,0.38537,0.070605,0.13632,1514.1,0.24108,1.4948,0.13632,0.059681,30.314,1.1224,0.17883,0.047576,,0.14053,0.19975,3.3113,-0.1044,3.2968,0.29185,0.079771,61.409,5.9438,3.1429,0.18161,2.2842,0.28288,0.64458,0.079509,0.018738,0.10942,0.078292,43.429,13.115,0.57285,0.25075,32.933,0.15388,0.067368,0.41617,0.35374,0.16824,0.45873,0.89328,-149.2,0.079509,0.3283,0.94068,0.94727,12.041,27.832,56.526,6.4572,3.1655,0
0.032035,0.9308,0.030864,1.0627,-245.43,0,0.032035,0.074343,0.79207,0.069199,0.038038,0.065029,0.048024,0.032035,8931.5,0.040867,1.0743,0.032035,0.040444,129.56,1.2031,0,0.040444,0.053206,0.058962,0.040867,0,0.064771,3.6888,1.0637,0.080889,333.92,1.0931,0.57851,0.003455,0.79207,0.64091,0.4473,0.004363,0.40803,5.1677,0,148.61,19.044,0.11394,0.49192,190.58,-0.006004,-0.00758,0.5624,0.49262,0.91484,0.14522,0.9387,150.76,0.32016,0.46294,0.68754,5.464,2.8172,19.166,227.01,1.6079,1.6622,0
0.10354,0.017663,0.070606,4.9973,219.86,0,0.12798,55.614,0.056389,0.98234,0.12785,7.2456,2.2853,0.12798,50.031,7.2954,56.614,0.12798,2.2696,0,0.88365,0.12749,1.8361,0.5206,0.9627,5.9114,-941.01,0.077442,3.4059,0.17331,2.2696,56.925,6.412,6.412,-0.056868,0.056389,,0.98234,-1.0085,0.55849,0.004587,2.2609,507.51,507.51,,4.9973,0,0.12661,2.2453,4.9973,0.017663,0.15596,1.0774,1.0774,179.8,-1.0085,0.1054,0.56941,0,,0.7192,114.33,3.1924,0.061848,0
0.11778,0.32558,0.33322,2.0235,52.017,0.38576,0.14834,2.0645,1.0752,0.67217,0.14834,0.45561,0.078065,0.14834,757.63,0.48177,3.0714,0.14834,0.073826,11.363,1.1553,0.14537,0.058618,0.48787,0.67217,0.38792,0.77785,0.97662,4.0536,0.092115,0.073826,63.59,5.7399,0.44648,0.14537,2.0266,,0.67217,0.072347,0.43725,0.06956,0.072347,93.814,82.451,1.8828,1.8313,12.218,0.13685,0.068108,2.0235,0.32558,0.17422,1.9701,1.9701,3770.2,0.069912,0.17523,0.93009,0,32.12,4.4269,59.144,6.1714,5.889,0
0.15452,0.12361,0.61164,5.9483,74.504,0.28945,0.19348,6.6935,1.086,0.82735,0.19348,1.5653,0.11717,0.19348,178.66,2.043,8.0903,0.19348,0.089779,33.926,1.3134,0.17616,0.071702,0.36405,0.82735,1.7278,0.8877,2.3102,4.4997,-0.08356,0.089779,22.734,16.055,1.4252,0.17616,2.199,,0.82735,0.081743,2.5608,0.017278,0.081743,70.917,36.991,0.77142,4.3277,36.842,0.11713,0.054349,5.9483,0.12361,0.062285,3.1249,3.1249,19328,0.079154,0.18677,0.92085,0,10.759,9.8673,20.935,17.435,8.1398,0
-0.005773,0.2592,0.22781,2.3396,-9.2746,-0.082683,0.005196,2.858,1.3535,0.7408,0.008825,0.030551,0.072344,0.005196,966.23,0.37776,3.858,0.005196,0.003839,55.523,1.3159,0.008172,-0.004265,-0.06311,0.25574,0.33544,2.2513,0.37835,4.5488,0.17986,0.005821,45.058,8.1007,5.3147,-0.024117,1.3535,,0.7408,-0.017818,0.41627,0.085637,0.006038,88.206,32.683,-0.028038,1.1289,54.551,-0.084547,-0.062467,1.535,0.17006,0.12345,1.2303,1.2303,8059.9,-0.017818,-0.007792,0.99631,0,6.5739,11.168,45.861,7.9589,2.2478,0
0.041852,0.45276,0.27343,2.3347,15.275,0.066363,0.043712,0.84156,1.0188,0.38103,0.043712,0.21337,0.066874,0.043712,1454.7,0.25091,2.2087,0.043712,0.025732,41.437,1.438,0.051393,0.024637,0.082845,0.38103,0.2468,0.30823,0.52411,5.0983,0.17935,0.025732,44.846,8.1389,0.11351,0.051393,1.725,1.1514,0.62893,0.030253,0.78532,0.12273,0.030253,68.201,26.764,0.21701,1.3933,42.217,-0.018498,-0.010889,1.0564,0.20486,0.12287,0.73036,1.2055,34285,0.018476,0.10984,0.98152,0.65061,8.8085,13.638,44.018,8.2921,3.2562,0
0.046638,0.78508,-0.030685,0.8747,-14.405,0,0.058009,0.27375,0.9343,0.21492,0.078053,0.23688,0.12576,0.058009,2438.9,0.14966,1.2737,0.058009,0.062089,0.65395,1.6368,0.078053,0.049918,0.20445,0.20527,0.13517,3.8942,-0.039049,3.7145,0.84019,0.083521,100.17,3.6437,1.1365,0.042014,0.9343,2.0478,0.3187,0.044969,0.004349,0.19027,0.083542,83.265,82.611,27.862,0.86786,0.68474,0.018569,0.019875,0.27284,0.24488,0.27445,0.2735,0.40557,-159,0.044969,0.21701,0.94022,0.48289,558.15,4.4183,95.669,3.8153,1.189,0
0.067638,0.65147,0.079733,1.1325,-193.03,0,0.067638,0.535,0.93715,0.34853,0.085755,0.11244,0.072174,0.067638,3515.5,0.10382,1.535,0.067638,0.072174,134.74,0.89548,0,0.072174,0.19029,0.31243,0.10382,0,0.25017,3.9479,0.69444,0.14435,432.74,0.84345,0.77884,0.049299,0.93715,11.369,0.37803,0.052605,0.010825,,0,262.81,128.07,0.19551,0.55745,248.87,0,0,1.0458,0.60156,1.1856,1.0936,1.1861,707.17,0.45859,0.19407,0.56152,0.084628,2.7089,2.85,234.29,1.5579,2.9405,0
-0.078838,0.79052,-0.3703,0.53157,-198.62,-0.46561,-0.095573,0.25435,0.95918,0.20107,-0.095573,-0.1209,-0.027093,-0.095573,-7981.6,-0.04573,1.265,-0.095573,-0.071626,99.017,1.2533,-0.056345,-0.059084,-0.56907,0.20107,-0.02456,-0.40504,-0.63869,4.6937,0.58197,-0.071626,207.42,1.7598,-0.071277,-0.056345,1.3578,,0.20107,-0.042227,0.020755,8.4464,-0.042227,110.46,11.443,-0.2178,0.073671,94.975,-0.11577,-0.086761,0.53157,0.79052,0.56826,0.3468,0.3468,-18293,-0.042557,-0.39209,1.0426,0,3.6863,31.898,216.24,1.6879,2.3014,0
0.005685,0.60454,-0.17867,0.69343,-50.838,0,0.009386,0.65415,1.9622,0.39546,0.020262,0.016105,0.029459,0.009386,3817.3,0.095617,1.6541,0.009386,0.004783,16.457,0.92052,0.014055,0.002897,0.21893,0.36062,0.089496,1.2922,-0.29985,4.2361,0.30559,0.008586,109.28,3.3401,3.22,0.015595,1.9622,,0.39546,0.007948,0.009981,0.32256,0.007163,74.093,57.636,0.06426,0.54162,16.589,-0.034364,-0.017513,0.6685,0.58281,0.2994,0.66367,0.66367,-3077.1,0.007948,0.014376,0.99529,0,22.179,6.3329,108.41,3.3668,3.2931,0
0.12799,0.14729,0.49436,4.3564,27.17,0.35363,0.15992,5.2825,1.0454,0.77804,0.15992,1.0858,0.080589,0.15992,206.49,1.7676,6.7894,0.15992,0.049502,14.518,1.0987,0.15196,0.03962,0.42557,0.77804,1.5509,0.49171,1.3795,5.4706,0.032211,0.049502,17.396,20.982,1.0317,0.15196,3.2648,,0.77804,0.047037,1.2454,0.019186,0.047037,51.77,37.252,0.99608,3.484,15.177,0.051528,0.01595,4.3564,0.14729,0.04766,2.1712,2.1712,146100,0.043393,0.16451,0.95661,0,25.141,9.798,16.641,21.934,9.0151,0
-0.12197,1.2739,-0.24439,0.78279,-74.502,-0.24447,-0.12197,-0.21495,1.7591,-0.27383,-0.12076,-0.10841,-0.069336,-0.12197,-3812.2,-0.095746,0.78499,-0.12197,-0.069336,29.641,1.0552,-0.12089,-0.069336,-0.35932,-0.30334,-0.095746,-99.413,-2.044,3.2289,0.72068,-0.068644,293.91,1.6799,1.4837,-0.068973,1.7695,,-0.27383,-0.039208,0.008919,-0.35125,-0.068721,180.66,151.02,-0.8538,0.13589,27.587,-0.12089,-0.068721,0.69138,1.1251,0.59528,-2.2902,-2.2902,-414,0.2057,0.44544,0.82476,0,12.314,2.4169,233.45,1.5635,14.713,1
0.25644,0.3263,0.6082,2.8781,293.76,0,0.31737,2.0646,0.90119,0.6737,0.31914,0.98001,0.36826,0.31737,358.87,1.0171,3.0646,0.31737,0.35216,55.222,1.7678,0.31679,0.28455,0.50566,0.67057,0.83035,178.48,8.9487,4.2045,0.35955,0.35394,201.7,1.8096,1.796,0.31516,0.90119,,0.6737,0.34972,0.024013,0.032831,0.35152,374.34,319.12,1.8808,2.4571,84.92,0.30228,0.33542,2.8563,0.32384,0.5526,9.9124,9.9124,9738.9,0.34972,0.38064,0.64955,0,6.6097,1.1438,131.16,2.7828,13.26,0
0.033036,0.54346,0.075891,1.1531,-27.03,0,0.033036,0.84007,2.3191,0.45654,0.034166,0.066654,0.021969,0.033036,3893.4,0.093748,1.8401,0.033036,0.014245,34.941,1.36,0,0.014245,0.12478,0.43413,0.093748,0,0.17712,5.2308,0.2295,0.033867,89.284,4.0881,3.7283,0.034132,2.3191,118.74,0.45949,0.014718,0.032091,1.0113,0,87.449,52.508,0.14881,0.70521,39.992,-0.017912,-0.007724,1.0516,0.49563,0.24461,1.0655,1.0724,12913,0.12629,0.072361,0.87694,0.006448,10.446,6.9513,78.008,4.679,5.4123,0
0.041978,0.79251,0.11452,1.1528,-66.117,0,0.053912,0.26181,3.099,0.20749,0.10028,0.071952,0.031055,0.053912,3005.7,0.12143,1.2618,0.053912,0.017397,77.265,1.126,0.10027,0.013546,0.27201,0.20191,0.10638,2.1627,0.8408,5.2539,0.25409,0.021196,91.083,4.0073,3.7888,0.096331,3.099,8.4412,0.2321,0.031085,0.009737,0.18526,0.032356,100.88,23.615,0.06399,0.27732,79.744,0.057943,0.018698,1.09,0.74929,0.24954,1.5234,1.7041,20547,0.031085,0.20232,0.98266,0.11864,4.724,15.456,88.252,4.1359,22.753,0
0.22288,0.47145,-0.070778,0.84226,-9.4979,1.0225,0.22288,1.1161,1.06,0.52619,0.22288,0.49673,0.066069,0.22288,679.35,0.53728,2.1211,0.22288,0.058135,2.1434,1.0975,0.23614,0.058135,1.0225,0.52619,0.53728,0.65288,-0.11377,3.8637,0.12099,0.058135,45.28,8.0609,0.50088,0.23614,3.855,15.619,0.54894,0.061592,0.019884,0.058148,0.061592,35.13,32.986,9.8997,0.79208,2.272,0.20572,0.053658,0.80161,0.44869,0.12406,0.84584,0.88242,-517.08,0.056604,0.42358,0.9434,0.043245,170.29,11.065,42.717,8.5445,6.1629,0
0.054049,0.47668,0.29389,2.2197,4.8891,0,0.068677,1.0978,1.4734,0.52332,0.10759,0.28502,0.10148,0.068677,1163.7,0.31366,2.0978,0.068677,0.046613,67.85,1.4206,0.10678,0.036684,0.082808,0.1367,0.28297,2.7443,0.63181,3.7138,0.28293,0.061585,64.158,5.689,2.8757,0.10257,1.4734,1.107,0.75905,0.069613,0.25865,0.084691,0.072471,117.06,49.21,0.19735,1.083,72.926,0.025936,0.017603,1.122,0.24095,0.17578,1.125,1.6318,1520.3,0.069613,0.10328,0.95363,0.45046,5.3795,7.4172,59.692,6.1147,3.1674,0
0.10438,0.50002,0.41428,2.2295,39.37,-0.02517,0.10438,0.99994,2.8541,0.49998,0.11978,0.30977,0.089389,0.10438,715.37,0.51022,1.9999,0.10438,0.036571,16.593,1.1891,0.11544,0.036571,0.57257,0.49175,0.51022,7.4958,1.6653,3.9765,0.064133,0.038146,45.019,8.1077,5.4635,0.12221,2.8541,,0.49998,0.042819,0.94745,0.062616,0.040447,55.246,38.653,0.80446,1.8445,17.335,-0.035306,-0.01237,1.5024,0.33695,0.12334,2.0098,2.0098,3924.5,0.042819,0.20876,0.96393,0,21.997,9.4429,43.091,8.4704,11.473,0
0,0.40367,0.098449,2.8236,2.1875,0.066191,0.082935,1.4773,0.76136,0.59633,0.098696,1.5362,0.13771,0.082935,1405.3,0.25973,2.4773,0.082935,0.10893,44.813,1.3303,0.096256,0,0.25794,0.59297,0.054274,6.1075,0.11616,4.1811,0.51585,0.12963,29.454,12.392,1.6573,0.092351,0.76136,0.17454,0.93414,0.1213,0.22152,0.11387,0.12643,67.345,22.532,0,1.0921,50.999,0.074347,0.09765,0.37763,0.053987,0.080696,0.70358,1.1021,1493.8,0.1213,0,0.89258,0.56648,8.145,16.199,25.881,14.103,0.89829,0
-0.015946,0.83295,-0.078134,0.66283,-69.949,0.025361,-0.015946,0.20055,0.61844,0.16705,-0.000072,-0.068812,0.18603,-0.015946,2642.5,0.13813,1.2005,-0.015946,-0.025785,17.958,1.1116,-0.000072,-0.025785,0.007989,0.11301,0.13813,-0.004507,-0.092314,3.983,1.3467,-0.000918,116.1,3.1439,0.87466,-0.11011,0.61844,0.89697,0.30437,-0.17805,0.032992,0.21207,-0.000116,86.143,68.184,-0.52407,0.53153,15.244,-0.13107,-0.21194,0.18441,0.23174,0.31808,0.19736,0.35961,-751.28,-0.17805,-0.09546,1.0219,0.82206,20.325,5.3531,136.77,2.6687,0.73068,0
0.028331,1.2471,-0.50055,0.55583,-495.05,-1.4417,0.028331,-0.19812,0.36966,-0.24706,0.028331,0.025139,0.083609,0.028331,14727,0.024784,0.80188,0.028331,0.07664,5.5633,0.55925,0.019715,0.07664,-1.491,-1.0903,0.024784,,-1.3398,3.9113,3.0254,0.07664,1104.4,0.33049,0.29866,-0.002788,0.36966,,-0.24706,-0.007542,0.11636,1.8648,0.053333,489.02,483.45,5.0283,0.55083,5.5216,0.017139,0.046364,0.50229,1.1269,3.0258,-0.66128,-0.66128,-4081.2,-0.007542,-0.11467,0.9299,0,65.609,0.75499,1112.7,0.32802,0.98942,0
0.15679,0.1986,0.33297,2.6988,44.109,0.62038,0.15894,4.03,1.1195,0.80037,0.15894,0.81091,0.14177,0.15894,346.52,1.0533,5.0351,0.15894,0.10772,36.3,1.0335,0.15281,0.10625,0.6255,0.80037,1.0425,1.1593,0.70692,5.0252,0.041447,0.10772,54.278,6.7246,0.76941,0.15281,1.4976,147.27,0.80297,0.10356,0.85874,0.032155,0.10356,89.212,52.911,1.0684,1.9501,40.638,0.10255,0.0695,2.6635,0.19601,0.14871,1.6992,1.7047,35290,0.10675,0.19589,0.89325,0.003243,10.055,6.8983,48.484,7.5282,3.1328,0
0.009264,0.77175,-0.1479,0.72938,-267.95,0,0.011436,0.29575,0.64128,0.22825,0.051908,0.020926,0.10176,0.011436,4316.6,0.084557,1.2958,0.011436,0.017834,166.69,0.58695,0.049899,0.014445,0.063194,0.21792,0.081742,1.233,-0.24593,4.036,1.2006,0.073067,308.79,1.182,0.83706,-0.004728,0.64128,0.4695,0.45349,-0.007373,0.003399,0.24802,0.077812,225.83,59.133,0.03163,0.1935,165.47,-0.003921,-0.006115,0.51651,0.54651,0.84599,0.37954,0.75407,-1606.9,-0.007373,0.040585,0.98397,0.98682,2.1896,6.1726,311.06,1.1734,1.0663,0
0.22121,0.42695,0.50181,2.1845,35.669,0,0.27699,1.3422,2.9746,0.57305,0.27744,0.6538,0.097868,0.27699,535.3,0.68186,2.3422,0.27699,0.093117,26.659,1.163,0.18322,0.074366,0.41275,0.47774,0.55122,404.69,6.7331,4.225,0.078663,0.093209,55.019,6.634,6.5829,0.16406,2.9746,,0.57305,0.055152,0.47311,0.072114,0.061593,88.965,62.306,1.0182,1.6717,28.215,0.16908,0.056842,2.1676,0.42366,0.15074,7.6889,7.6889,8424,0.055152,0.38602,0.93593,0,13.691,5.8582,51.985,7.0213,39.912,0
0.053151,0.41005,0.30758,3.3626,28.115,0,0.072063,1.4387,1.1978,0.58995,0.09352,0.55352,0.11861,0.072063,1053.5,0.34647,2.4387,0.072063,0.060161,68.993,1.2842,0.088307,0.044373,0.11959,0.50907,0.30035,4.1154,0.54708,3.7911,0.32259,0.073848,43.778,8.3375,2.6471,0.11236,1.1978,0.75521,0.86981,0.093806,0.19597,0.086337,0.073722,125.62,56.63,0.23475,1.6234,76.135,0.018298,0.015276,1.0676,0.13019,0.11994,1.0493,1.5471,1901.5,0.093806,0.090094,0.94027,0.47439,5.2904,6.4454,39.671,9.2006,2.1305,0
0.30776,0.32412,0.59429,2.8336,-10.602,0,0.36567,2.0853,2.5638,0.67588,0.37951,1.1282,0.15107,0.36567,305.44,1.195,3.0853,0.36567,0.14263,63.564,1.2937,0.37284,0.12004,0.35301,0.39712,1.0163,26.944,7.2838,3.5503,0.10188,0.14622,54.086,6.7485,6.7485,0.37652,2.5638,,0.67588,0.14686,0.8469,0.027387,0.14542,91.671,28.107,0.6893,1.456,74.506,0.35119,0.13698,2.8336,0.32412,0.14818,8.2838,8.2838,2109.9,0.14686,0.45535,0.85803,0,5.7423,12.986,46.143,7.9102,31.423,0
0.3371,0.37956,0.46287,3.7899,24.379,0,0.41969,1.6347,2.1965,0.62044,0.43436,2.5296,0.20845,0.41969,302.58,1.2063,2.6347,0.41969,0.19107,55.717,1.548,0.43249,0.15347,0.64591,0.54025,0.98871,29.48,1.2469,3.4181,0.10249,0.19775,34.422,10.604,4.635,0.43728,2.1965,1.3737,0.83409,0.19908,0.99732,0.026881,0.1969,76.99,21.272,1.0054,1.7689,69.567,0.39432,0.17952,1.6566,0.16591,0.094306,1.6714,2.2469,1212.1,0.19908,0.54332,0.80932,0.34435,6.5509,17.158,27.569,13.24,5.9171,0
0.11599,0.60154,-0.02165,0.95797,-46.64,0.16445,0.14666,0.61159,1.0977,0.36789,0.14666,0.2847,0.093199,0.14666,1124.1,0.3247,1.6624,0.14666,0.06998,36.992,1.4879,0.18189,0.055347,0.21096,0.36789,0.27372,0.95264,-0.042744,4.3035,0.2845,0.06998,98.481,3.7063,0.30237,0.18189,2.1244,3.2536,0.45429,0.086788,0.023905,0.085782,0.086788,83.803,46.812,0.54611,0.54567,40.604,0.13322,0.063569,0.82039,0.51515,0.26981,0.72634,0.89691,-435.51,0.088975,0.31529,0.91102,0.23484,9.8671,7.7972,89.719,4.0683,4.1377,0
0.064917,0.17903,0.12917,1.8569,10.79,0,0.083626,4.5856,0.85967,0.82097,0.083721,0.55476,0.12948,0.083626,587.09,0.62172,5.5856,0.083626,0.097278,43.947,1.3403,0.080018,0.075514,0.1627,0.37512,0.51721,847.21,0.17938,4.158,0.19299,0.097388,70.574,5.1719,4.3547,0.080038,0.85967,,0.82097,0.093104,0.10782,0.055411,0.093081,111.95,68,0.62718,1.1703,48.458,0.052338,0.060882,1.5635,0.15074,0.19335,1.1401,1.1401,1858.6,0.093104,0.079073,0.90314,0,8.3055,5.3677,64.003,5.7029,1.1938,0
0.083541,0.57191,0.23983,1.4305,22.456,0.26498,0.10538,0.74854,1.0359,0.42809,0.10538,0.18916,0.071529,0.10538,1584,0.23043,1.7485,0.10538,0.057197,25.656,1.1118,0.074504,0.045344,0.32461,0.42809,0.19224,0.41892,1.181,5.9402,0.15499,0.057197,114.33,3.1924,0.13027,0.074504,1.9059,45.052,0.44291,0.040439,0.5159,0.18633,0.040439,100.94,75.287,0.64511,1.1981,26.578,0.0481,0.026107,1.3935,0.55709,0.31324,2.108,2.181,208960,0.034689,0.19515,0.96531,0.034605,14.227,4.8481,110.37,3.3071,9.0723,0
0.22104,0.36919,0.12217,1.3309,-28.311,0.21766,0.13797,1.4831,1.1408,0.54753,0.13797,0.37372,0.17935,0.13797,771.99,0.4728,2.7087,0.13797,0.14177,69.483,1.3189,0.13547,0.22711,0.13625,0.54753,0.6978,1.5879,0.2402,5.1845,0.30001,0.14177,157.95,2.3109,0.36694,0.13547,1.0094,,0.54753,0.13919,0.21214,0.070548,0.13919,154.9,85.421,1.1931,0.82909,79.265,0.09889,0.10161,1.3309,0.36919,0.43274,1.0765,1.0765,18686,0.12341,0.4037,0.87659,0,5.2531,4.273,138.46,2.6362,1.9134,0
0.072929,0.53529,0.33839,1.8822,-63,0.1992,0.072929,0.86816,1.4488,0.46471,0.088004,0.19014,0.067744,0.072929,1990.6,0.18336,1.8682,0.072929,0.050336,143.28,1.0272,0.088004,0.050336,0.42839,0.27213,0.18336,5.8377,1.217,3.5904,0.3489,0.055822,102.65,3.5557,2.5478,0.085043,1.4488,1.0097,0.61644,0.058697,0.087837,0.15759,0.060741,173.39,30.109,0.12823,0.39944,152.21,0.062782,0.043333,1.3487,0.38356,0.28124,1.6713,2.217,1317.8,0.058697,0.15693,0.95031,0.3265,2.5475,12.123,96.627,3.7774,5.2106,0
0.06412,0.84888,0.017423,1.0206,-20.775,0.10101,0.06412,0.17802,4.177,0.15112,0.16685,0.075873,0.022915,0.06412,3237.2,0.11275,1.178,0.06412,0.015351,20.974,1.5323,0.16399,0.015351,0.29866,0.15087,0.11275,1.5963,0.12673,4.6098,0.18956,0.018296,77.488,4.7104,4.6894,0.19623,4.177,,0.15112,0.04698,0.073839,0.14468,0.039259,69.917,48.944,0.26715,0.7366,22.008,0.13239,0.031696,1.0161,0.84509,0.2123,1.0992,1.0992,709.4,0.04698,0.42431,0.98467,0,17.403,7.4576,73.848,4.9426,30.382,0
0.23187,0.12061,0.53352,5.4233,113.05,0.36625,0.28557,7.2469,1.2216,0.87408,0.28557,2.3677,0.20833,0.28557,129.25,2.824,8.2909,0.28557,0.17466,27.932,1.1847,0.29662,0.14181,0.4536,0.87408,2.3788,2.2163,1.5426,4.2676,0.058635,0.17466,32.894,11.096,2.4593,0.29662,1.669,,0.87408,0.18142,0.25006,0.011276,0.18142,139.3,111.37,1.8532,4.386,34.122,0.24158,0.14775,5.4233,0.12061,0.09012,2.5272,2.5272,9878.8,0.18142,0.26527,0.81858,0,13.068,3.2775,26.926,13.556,4.7272,0
-0.023531,0.014346,0.60616,43.742,-55.006,0.085703,-0.024742,33.852,0.039186,0.48565,-0.024669,-1.7446,-0.55729,-0.024742,-239.78,-1.5222,69.704,-0.024742,-0.6314,0,1.2202,-0.031688,-0.60049,0.065542,0.46597,-1.4378,-431.86,1.5966,6.3047,0.36611,-0.6314,148.39,2.51,2.4812,0.004302,0.039186,3768.8,0.48582,0.10978,43.087,-0.016614,-0.80865,86.582,86.582,,43.742,0,-0.034592,-0.88275,43.24,0.014182,0.3984,1.2792,1.2796,43.742,0.10978,0,2.8467,0.000339,,4.2156,132.1,2.7631,0.10322,0
0.001392,0.52594,0.16173,1.3721,-3.01,0,0.001392,0.90135,1.4393,0.47406,0.040227,0.003202,0.04656,0.001392,2864.6,0.12742,1.9014,0.001392,0.000967,33.174,0.74614,0.036866,0.000967,-0.024863,0.099341,0.12742,0.94928,0.40075,3.8344,0.3649,0.018656,110.07,3.3161,2.7408,-0.002192,1.4393,5.1031,0.5653,-0.001523,0.099285,0.17106,0.025613,140.31,107.13,0.01064,1.0711,33.123,-0.028757,-0.01998,1.134,0.4347,0.30156,1.1747,1.4008,1104.5,-0.001523,0.002936,0.99907,0.19247,11.003,3.407,110.24,3.311,3.5665,0
-0.038628,0.33679,0.3442,2.0447,-25.875,0,-0.046468,1.9692,1.619,0.66321,-0.012801,-0.14104,-0.007783,-0.046468,-9756.5,-0.037411,2.9692,-0.046468,-0.028702,103.17,0.78534,-0.017051,-0.02386,0.074308,0.6392,-0.014134,-0.50648,1.0547,4.1699,0.17621,-0.016692,73.647,4.9561,4.8481,-0.013851,1.619,43.446,0.66818,-0.008555,0.16092,0.66759,-0.010532,139.93,36.753,-0.084411,0.65573,102.3,-0.050919,-0.031452,2.0002,0.32946,0.20177,2.0322,2.0475,5090.1,-0.008555,-0.058245,1.0281,0.007498,3.5378,9.931,74.277,4.914,4.961,0
-0.008558,0.83695,0.060675,1.3405,-110.32,-0.15495,-0.041685,0.19482,1.1224,0.16305,-0.041685,-0.23393,-0.020701,-0.041685,-21683,-0.016834,1.1948,-0.041685,-0.061247,59.496,1.5828,0.076313,-0.012574,-0.17341,0.16305,0.022746,1.2585,0.079717,5.9172,1.2673,-0.061247,107.26,3.403,0.09118,0.076313,0.69619,0.1942,0.82181,0.11213,0.56971,0.26481,0.11213,73.659,14.163,-0.077142,0.71792,66.777,0.048717,0.071579,0.2854,0.17819,0.29386,0.21423,1.0797,50146,0.10904,-0.052486,0.89096,4.0401,6.1349,25.771,95.563,3.8195,0.89419,0
0.13606,0.29588,0.47674,2.6113,70.887,0.41415,0.16859,2.3403,1.1551,0.69244,0.16859,0.56979,0.15735,0.16859,530.29,0.6883,3.3798,0.16859,0.13026,74.07,1.3473,0.16752,0.10513,0.49181,0.69244,0.57836,1.4951,2.0967,4.79,0.12278,0.13026,96.385,3.7869,0.56616,0.16752,1.3013,,0.69244,0.12943,0.46419,0.048018,0.12943,179.16,105.09,0.51804,1.7236,85.558,0.13245,0.10234,2.6113,0.29588,0.26407,3.0453,3.0453,29394,0.13427,0.19649,0.86573,0,4.9278,3.4732,83.444,4.3742,5.692,0
0.041015,1.6894,-0.75852,0.55102,-232.66,-0.9071,0.041015,-0.40808,1.5837,-0.68943,0.17367,0.024277,0.039428,0.041015,9875.1,0.036962,0.59192,0.041015,0.025898,32.223,1.0596,0.17357,0.025898,0.16599,-0.85481,0.036962,1.3084,-10.978,2.9576,0.82784,0.026073,404.27,0.90285,0.90285,0.058429,1.5837,,-0.68943,0.036894,0.26752,0.28879,0.1096,110.38,78.161,0.29335,0.46826,33.458,0.15214,0.096064,0.55102,1.6894,1.1076,-9.978,-9.978,-687.97,0.036894,-0.059491,0.97623,0,11.327,4.6699,389.36,0.93744,22.921,0
0.067682,0.45975,0.53226,2.1655,92.114,0,0.083558,1.1751,2.1108,0.54025,0.083558,0.18297,0.043076,0.083558,1845.6,0.19777,2.1751,0.083558,0.039586,0.70652,1.5808,0.083546,0.032065,0.33266,0.4381,0.16324,,48.159,2.6897,-0.02646,0.039586,81.778,4.4633,4.4336,0.072473,2.1108,,0.54025,0.034334,1.1476,0.16857,0.03958,80.379,79.673,16.565,2.1565,0.73164,0.076179,0.03609,2.151,0.45669,0.22405,48.881,48.881,260.54,0.034334,0.12528,0.96062,0,516.61,4.5812,78.97,4.622,190.99,0
-0.001603,0.52484,0.066365,1.2943,-280.44,0,0.000069,0.90532,0.54653,0.47516,0.041292,0.000306,0.036915,0.000069,9495.2,0.03844,1.9053,0.000069,0.000126,158.63,1.1009,0.036466,-0.002932,0.034027,0.43575,0.035255,0.88462,0.093714,5.7943,0.96031,0.000126,312.83,1.2696,0.54544,0.28346,0.54653,0.18145,0.77452,0.51864,0.08037,0.30925,0.066722,182.8,24.176,-0.006747,0.24092,302.84,0.01636,0.029934,0.55605,0.22548,0.78763,0.67097,1.0937,1.2943,0.51864,-0.003373,0.56943,0.63005,2.301,15.098,150.58,2.4239,0.77177,0
0.039698,0.078725,0.84598,11.981,142.17,0,0.050154,11.702,1.2715,0.92127,0.073528,0.65099,0.061076,0.050154,370.01,0.98646,12.702,0.050154,0.039444,104.38,0.63513,0.064919,0.031221,0.20253,0.91576,0.85365,2.7774,10.99,3.9578,-0.048898,0.039779,22.959,15.898,15.558,0.046709,1.2715,,0.92127,0.036735,1.9521,0.028393,0.051056,221.79,117.4,0.10917,7.2608,108.36,0.037413,0.029424,11.725,0.077043,0.062902,11.968,11.968,7675.7,0.036735,0.043091,0.96217,0,3.4967,3.1089,22.116,16.504,16.519,0
0.2093,1.1233,0.12207,1.2092,-8.4994,0.65254,0.26079,-0.13204,1.051,-0.14832,0.26079,0.44684,0.068388,0.26079,1313,0.27798,0.89026,0.26079,0.057117,16.628,1.1726,0.23503,0.045841,0.71354,-0.14832,0.23215,0.54101,0.41476,4.2593,0.20029,0.057117,49.035,7.4436,0.20924,0.23503,4.6744,0.92227,0.39132,0.051476,0.38411,0.1289,0.051476,38.493,21.865,1.0063,0.85276,17.476,0.18357,0.040206,0.62825,0.58363,0.13434,-0.50395,1.3296,2217.8,0.048521,-1.4112,0.95148,-3.6384,21.951,16.693,46.656,7.8232,15.514,0
-0.060484,0.56069,0.41332,1.8463,130.24,-0.087818,-0.060484,0.78352,0.94841,0.43931,-0.038203,-0.12384,-0.063774,-0.060484,-3383.5,-0.10788,1.7835,-0.060484,-0.063774,2.7132,0.68578,-0.038174,-0.063774,-0.050515,0.41785,-0.10788,-1.7133,4.2048,4.2703,0.57197,-0.04829,215.79,2.2879,1.9929,-0.078358,1.0822,22.652,0.47881,-0.08262,0.041452,-0.48958,-0.040251,339.23,336.52,-8.5794,1.8318,2.3029,0,0,1.6082,0.48839,0.59121,4.4693,4.8711,7702.4,0.12898,-0.13768,1.0531,0.089902,134.53,1.0846,187.96,1.9419,9.6486,1
0.040961,0.19898,0.10367,2.2107,4.7116,0.15149,0.07299,3.6558,1.1035,0.72745,0.07299,0.85243,0.17152,0.07299,578.8,0.63062,5.0255,0.07299,0.099766,42.729,0.98939,0.070012,0.055987,0.24723,0.72745,0.46966,1.056,0.12788,5.1608,0.26689,0.099766,47.142,7.7426,0.35185,0.070012,0.75545,0.91437,0.84081,0.095696,0.16071,0.053401,0.095696,87.574,44.846,0.47825,1.2105,47.153,0.017519,0.023946,0.95132,0.085626,0.12916,0.8973,1.0371,15014,0.09383,0.056307,0.90617,0.15583,8.5423,8.139,42.719,8.5443,0.90244,0
0.25832,0.10917,0.37032,4.392,126.65,0.55857,0.34149,8.1597,1.3161,0.89083,0.34149,3.1279,0.35048,0.34149,86.385,4.2253,9.1597,0.34149,0.25946,12.744,1.0494,0.33425,0.19627,0.95782,0.8169,3.4635,,0.71146,3.562,-0.066668,0.25946,38.453,9.492,9.492,0.27986,1.3161,,0.89083,0.21264,1.8214,0.008015,0.25396,77.829,65.085,5.6213,3.9711,16.186,0.21446,0.16294,4.392,0.10917,0.10535,1.7115,1.7115,1350.7,0.21264,0.28998,0.75342,0,28.64,5.6081,30.277,12.055,2.5286,0
0.033036,0.54346,0.075891,1.1531,-27.03,0,0.033036,0.84007,2.3191,0.45654,0.034166,0.066654,0.021969,0.033036,3893.4,0.093748,1.8401,0.033036,0.014245,34.941,1.36,0,0.014245,0.12478,0.43413,0.093748,0,0.17712,5.2308,0.2295,0.033867,89.284,4.0881,3.7283,0.034132,2.3191,118.74,0.45949,0.014718,0.032091,1.0113,0,87.449,52.508,0.14881,0.70521,39.992,-0.017912,-0.007724,1.0516,0.49563,0.24461,1.0655,1.0724,12913,0.12629,0.072361,0.87694,0.006448,10.446,6.9513,78.008,4.679,5.4123,0
-0.13792,0.78439,-0.032542,0.94921,-84.059,0.000746,-0.13792,0.27488,1.5953,0.21561,-0.093668,-0.21526,-0.074019,-0.13792,-2424.7,-0.15054,1.2749,-0.13792,-0.086454,81.941,1.1283,-0.097562,-0.086454,-0.13394,0.20515,-0.15054,-2.2049,-0.083047,3.6793,0.48822,-0.067662,138.13,2.6424,2.1583,-0.09772,1.5953,1.7399,0.35931,-0.061257,0.008667,-0.33639,-0.061157,137.88,55.935,-0.3851,0.39023,77.212,-0.1174,-0.073592,0.77531,0.64069,0.37844,0.55023,0.91695,-155.52,-0.061257,-0.63965,1.0862,0.66648,4.4544,6.5255,146.59,2.4899,4.0711,0
0.000622,0.71949,-0.006552,0.99089,-29.598,0.059656,0.002317,0.35368,1.0229,0.25447,0.002317,0.003221,0.019641,0.002317,5018.6,0.072729,1.3899,0.002317,0.00087,27.475,1.1285,0.060082,0.000233,0.064267,0.25447,0.070372,0.23069,-0.022824,5.3605,0.25802,0.00087,100.83,3.6199,0.083507,0.060082,2.6688,,0.25447,0.022551,0.04861,0.21486,0.022551,92.88,65.406,0.003099,0.71216,28.105,0.010072,0.003781,0.99089,0.71949,0.27625,0.88646,0.88646,-1502.7,0.02242,0.002443,0.97758,0,13.285,5.5806,98.57,3.703,9.281,0
0.02939,0.63704,0.027841,1.0456,-32.173,0.16697,0.041608,0.55095,1.0335,0.35098,0.041608,0.068208,0.047679,0.041608,2516.6,0.14504,1.5698,0.041608,0.021472,33.911,1.0283,0.060338,0.015166,0.21099,0.35098,0.12586,0.32181,0.076877,4.206,0.32281,0.021472,118.75,3.0736,0.094716,0.060338,1.9502,16.942,0.378,0.031137,0.036591,0.18847,0.031137,115.94,82.03,0.16324,0.75051,35.048,0.009553,0.00493,1.0013,0.61002,0.32535,0.96917,1.0438,447.37,0.032439,0.083736,0.96756,0.076995,10.764,4.4496,114.9,3.1767,5.351,0
0.13273,0.27703,0.28292,2.0213,7.3269,0.41656,0.13273,2.5385,1.0427,0.70324,0.13273,0.47912,0.073468,0.13273,487.68,0.74845,3.6097,0.13273,0.047031,29.054,0.98672,0.12128,0.047031,0.41656,0.70324,0.74845,0.44811,0.64293,3.6152,0.080441,0.047031,37.36,9.7699,0.4378,0.12128,2.8457,,0.70324,0.042975,0.1975,0.046493,0.042975,65.343,36.289,0.59084,1.2103,30.295,0.046673,0.016538,2.0213,0.27703,0.10236,1.5981,1.5981,1166.4,0.040982,0.18874,0.95902,0,12.563,10.058,35.829,10.187,6.4135,0
-0.019398,0.2694,0.28762,2.2748,-41.456,0,-0.019398,2.712,1.1182,0.7306,-0.013727,-0.085974,0.026345,-0.019398,3337.7,0.10936,3.712,-0.019398,-0.017347,124.33,0.99548,-0.013803,-0.017347,-0.18243,0.60289,0.10936,-2.4341,0.5909,4.2621,0.23584,-0.014209,75.015,4.8657,4.0751,0.02042,1.1182,3.1933,0.77205,0.018261,0.14712,0.25616,-0.012343,156.69,32.367,-0.050928,0.58662,126.64,-0.062661,-0.056035,1.9052,0.22563,0.20552,1.501,1.5861,5258.8,0.018261,-0.026551,1.0173,0.056731,2.9359,11.277,73.645,4.9562,2.2974,0
0.32805,0.26587,0.52347,3.249,130.17,0,0.36394,2.7612,1.603,0.73413,0.36394,1.5636,0.23249,0.36394,260.39,1.4017,3.7612,0.36394,0.22703,0,1.0605,0.14784,0.20464,0.71078,0.65247,1.2668,,2.1474,3.7412,-0.14774,0.22703,58.389,6.2511,5.4724,0.14805,1.603,,0.73413,0.092358,2.1621,0.056599,0.092222,57.606,57.606,,3.249,0,0.13909,0.086765,2.8443,0.23275,0.15997,3.0115,3.0115,2884.9,0.092358,0.44686,0.80019,0,,6.3362,52.997,6.8872,6.5759,0
0.31602,0.12209,0.5067,6.5718,59.716,0.4196,0.31602,7.1905,1.6416,0.87791,0.31814,3.475,0.2127,0.31602,127.62,2.86,8.1905,0.31602,0.1925,63.194,1.2735,0.31765,0.1925,0.5247,0.73598,2.86,149.75,1.2593,3.9941,-0.002965,0.19378,24.941,14.634,10.9,0.31077,1.6416,10.061,0.90906,0.1893,1.4754,0.011601,0.1935,103.05,39.853,1.1119,3.4464,77.95,0.28449,0.1733,4.895,0.09094,0.068332,2.1819,2.2593,4998.1,0.1893,0.35997,0.80842,0.035484,5.7759,9.1588,20.22,18.052,4.08,0
0.077853,0.12575,0.63401,6.0751,62.712,0.32609,0.0975,6.6296,1.0601,0.8337,0.0975,0.78047,0.067401,0.0975,336.08,1.086,7.9521,0.0975,0.048118,54.267,0.89724,0.079566,0.038421,0.40495,0.8337,0.92981,0.41628,2.6301,4.3788,-0.011372,0.048118,23.857,15.3,0.63271,0.079566,2.0574,552.68,0.83453,0.039267,1.244,0.034848,0.039267,108.72,54.449,0.25843,3.6636,57.53,0.040492,0.019983,6.0351,0.12493,0.06536,3.4584,3.4619,15167,0.056734,0.093383,0.94327,0.000993,6.7261,6.7035,22.503,16.22,8.4057,0
0.26658,0.21321,0.49406,3.7622,105.7,0,0.32985,3.6902,1.544,0.78679,0.3308,1.8441,0.24304,0.32985,207.39,1.76,4.6902,0.32985,0.21364,10.838,0.91709,0.31735,0.17266,0.46426,0.61973,1.4632,331.61,1.5105,3.6636,-0.068683,0.21426,42.737,8.5406,7.1648,0.016367,1.544,,0.78679,0.010601,1.8577,0.019592,0.20555,80.528,69.69,5.8148,3.5059,10.954,0.27196,0.17614,3.1561,0.17886,0.11709,2.4055,2.4055,2277.2,0.010601,0.33881,0.82288,0,33.678,5.2375,42.284,8.6321,4.7204,0
0.075309,0.65998,0.056601,1.0927,-25.597,0.14664,0.09822,0.51017,1.1293,0.3367,0.09822,0.16083,0.13853,0.09822,1902.7,0.19184,1.5152,0.09822,0.10747,41.819,1.2744,0.11562,0.082399,0.20608,0.3367,0.15712,1.4286,0.17012,4.2067,0.48805,0.10747,275.42,1.3252,0.17519,0.11562,0.96032,11.413,0.386,0.12651,0.36244,0.15067,0.12651,178.1,136.28,0.71919,0.92122,47.226,0.087233,0.095445,1.0111,0.61069,0.75459,1.012,1.1602,910.92,0.1145,0.22367,0.8855,0.14639,8.7282,2.6783,243.89,1.4966,2.747,0
0.15355,0.46194,0.32153,2.3555,-17.068,0.40743,0.15783,1.1634,0.55128,0.53744,0.19323,0.66538,0.34188,0.15783,894.63,0.40799,2.1648,0.15783,0.28629,222.82,1.4321,0.16372,0.27853,0.70329,0.537,0.39873,4.6248,0.72863,5.756,0.60996,0.28629,255.16,1.4742,0.75698,0,0.55128,0.98858,0.76219,0,0.53035,0.079224,0.29698,286.64,63.817,0.45625,0.9367,351.28,0.13307,0.24139,1.2095,0.2372,0.67832,1.2179,1.7272,183340,0.38452,0.2857,0.69852,0.41818,1.6381,5.7195,157.05,2.3242,1.2493,0
0.095509,0.055791,0.42501,8.618,215.38,0.33495,0.1172,15.911,1.1511,0.88767,0.1172,2.1007,0.22927,0.1172,115.92,3.1488,17.924,0.1172,0.15296,24.833,0.94251,0.10388,0.12465,0.41396,0.88767,2.76,1.5607,0.8186,4.6008,-0.35987,0.15296,30.593,11.931,1.862,0.10388,0.78574,,0.88767,0.13558,6.1151,0.011297,0.13558,66.519,41.686,1.8321,7.6836,28.586,0.04541,0.059264,8.618,0.055791,0.083817,1.7097,1.7097,16950,0.13129,0.1076,0.86871,0,14.698,8.7559,26.577,13.734,1.4758,0
0.14664,0.12557,0.29232,3.4688,3.4245,0.47649,0.18254,6.6129,1.2012,0.83036,0.18254,1.5417,0.23712,0.18254,192.12,1.8998,7.9638,0.18254,0.18144,101.63,1.1705,0.17961,0.14575,0.59238,0.83036,1.6139,2.1444,0.49608,4.6294,0.11948,0.18144,51.6,7.0736,1.4304,0.17961,1.0269,18.24,0.83752,0.17853,0.085529,0.017521,0.17853,145.34,43.708,0.52347,1.103,122.08,0.1236,0.12285,3.271,0.11841,0.14137,1.4091,1.4213,12452,0.16748,0.1766,0.83252,0.008623,3.5915,8.3508,42.958,8.4967,1.7073,0
0.13675,0.50953,0.055809,1.1362,-50.227,-0.002903,0.1675,0.9626,1.2053,0.49047,0.17723,0.40884,0.16251,0.1675,949.47,0.38442,1.9626,0.1675,0.13897,59.022,1.5448,0.17525,0.11346,0.38963,0.45973,0.32407,18.002,0.10441,4.2564,0.36562,0.14582,145.08,2.5644,2.062,0.17454,1.2053,5.2296,0.54222,0.14481,0.1699,0.083411,0.1454,119.89,60.867,0.70163,0.6605,67.71,0.14687,0.12185,0.9136,0.4097,0.38995,0.91763,1.0144,1.1362,0.14481,0.27881,0.86359,0.1055,6.1842,5.9967,124.07,2.942,2.2551,0
0.04072,0.51457,-0.051778,0.8677,-25.907,-0.012791,0.052014,0.94337,2.0805,0.48543,0.054995,0.1329,0.048774,0.052014,1850.9,0.19721,1.9434,0.052014,0.025,15.74,1.5712,0.054331,0.019572,0.15357,0.027929,0.17526,18.225,-0.078403,3.7497,0.24448,0.025,70.4,5.1846,3.9433,0.051414,2.0805,73.956,0.48881,0.024712,0.017588,0.16525,0.026114,58.369,42.629,0.45386,0.63846,16.139,0.004869,0.00234,0.65995,0.39137,0.19288,0.73505,0.74016,-290.94,0.024712,0.083885,0.97504,0.00696,23.189,8.5622,68.66,5.316,3.1504,0
-0.045268,0.97437,0.35421,2.635,85.438,0.003439,-0.060856,-0.007206,1.0579,-0.007022,-0.060856,-0.2809,0.008266,-0.060856,40954,0.008913,1.0263,-0.060856,-0.057925,32.619,0.98868,0.065148,-0.043087,0.015112,-0.007022,0.024911,0.65602,0.82538,4.9411,0.90345,-0.057925,79.626,4.5839,0.066862,0.065148,1.0604,0.62946,0.75071,0.06201,0.30615,0.23784,0.06201,175.28,142.66,-0.48213,2.2016,34.509,-0.004392,-0.004181,0.58587,0.21665,0.21815,-0.016362,1.7493,30927,0.054755,6.447,0.94524,-107.92,11.19,2.5585,75.266,4.8495,2.4482,0
0.10659,0.35439,0.57415,2.7697,23.457,0.18853,0.13736,1.8151,1.0916,0.64324,0.13736,0.4234,0.11447,0.13736,761.01,0.47962,2.8218,0.13736,0.092513,104.95,1.2898,0.12231,0.071786,0.24166,0.64324,0.39278,0.89924,5.6613,4.7139,0.23453,0.092513,87.059,4.1925,0.34514,0.12231,1.5234,15.746,0.6732,0.082377,0.20607,0.075206,0.082377,204.46,99.505,0.24966,1.4537,114.57,0.089706,0.060416,2.5356,0.32443,0.23852,6.3426,6.6379,29712,0.083922,0.16571,0.91608,0.046567,3.4778,3.6682,79.753,4.5766,14.641,0
0.17911,0.069399,0.64949,10.406,84.46,0,0.22381,13.409,1.1224,0.9306,0.2255,3.2413,0.20259,0.22381,111.4,3.2766,14.409,0.22381,0.1994,6.6331,0.92869,0.21296,0.15957,1.195,0.89764,2.6325,126.15,2.3075,3.7491,-0.085328,0.20007,27.74,13.158,13.091,0.21389,1.1224,,0.9306,0.19056,8.4282,0.010683,0.18973,44.416,37.782,8.7808,10.111,8.1947,0.20937,0.18654,10.354,0.069048,0.076,3.3063,3.3063,3644.9,0.19056,0.19246,0.80353,0,55.027,9.6606,22.454,16.256,3.9878,0
-0.017116,0.33716,0.34019,2.1752,2.8397,0,-0.021114,1.966,0.95952,0.66284,-0.006572,-0.072941,0.02124,-0.021114,6038.3,0.060448,2.966,-0.021114,-0.022005,121.43,0.99992,-0.00693,-0.017839,-0.04409,0.28683,0.072305,-0.47656,0.91861,4.3056,0.21662,-0.01705,109.52,3.3327,2.8613,-0.005196,0.95952,316.33,0.66382,-0.005415,0.49397,0.32515,-0.007222,185.13,63.697,-0.053618,1.0724,120.78,-0.048424,-0.050467,1.8676,0.28947,0.30006,1.7898,1.7925,6876.1,-0.005415,-0.025823,1.0219,0.001481,3.0058,5.7303,110.11,3.3148,2.5909,0
0.042239,0.31002,0.36182,2.4554,-141.55,0,0.042239,2.2256,1.2589,0.68998,0.045412,0.1699,0.61472,0.042239,146.22,2.4963,3.2256,0.042239,0.033551,36.91,0.99397,0,0.033551,0.26292,0.68783,2.4963,0,0.92875,4.8986,0.045483,0.077352,623.91,0.58502,0.46914,0.009412,1.2589,10.547,0.73579,0.007476,1.0328,0.014124,0,102.53,65.624,0.33179,1.9433,319.49,-0.73165,-0.58117,1.969,0.24861,1.7093,1.7711,1.8887,28648,0.88447,0.061217,0.12309,0.066389,9.8889,5.562,72.078,5.064,3.2316,0
-0.037952,1.0066,-0.11058,0.86906,-202.22,-0.096542,-0.045942,-0.006601,1.0765,-0.006645,0.010974,-0.054402,0.021112,-0.045942,16168,0.022576,0.9934,-0.045942,-0.042679,151.45,1.062,0.008388,-0.035257,-0.12481,-0.042158,0.030513,0.14738,-0.41559,4.8475,0.86994,-0.028172,290.49,1.2565,1.0541,0.015357,1.0765,1.9547,0.14032,0.014266,0.083416,0.43546,0.007793,224.97,73.519,-0.08497,0.34016,153.64,-0.06028,-0.055999,0.72908,0.8445,0.79587,-0.024972,0.52737,-7784.3,0.014266,5.7118,1.0423,-22.118,2.41,4.9647,286.35,1.2747,4.0456,0
-0.14472,0.76452,0.001027,1.0028,-7.9681,0,-0.14472,0.30789,1.2438,0.23539,-0.13255,-0.39309,-0.11636,-0.14472,-1928.2,-0.1893,1.308,-0.14472,-0.11636,10.602,0.90525,-0.13262,-0.11636,-0.14673,0.16519,-0.1893,-10.192,0.001628,3.1951,0.60485,-0.11075,100.32,4.4748,2.1549,-0.3852,1.5162,,0.23539,-0.3097,0.036886,-0.19215,-0.10663,104.36,93.758,-4.006,0.13501,8.0038,-0.13262,-0.10663,0.48291,0.36817,0.22347,0.37298,0.37298,1.61,-0.076963,-0.61483,0.89594,0,34.429,3.893,108.04,3.3783,1.9708,1
0.20012,0.77694,0.043526,1.0658,-8.9896,0,0.20012,0.28711,2.3541,0.22306,0.22457,0.30274,0.098006,0.20012,1229.1,0.29695,1.2871,0.20012,0.085009,13.94,1.0938,0.22294,0.085009,,0,0.29695,9.1163,0.14732,3.7279,0.32844,0.094139,112.73,3.2377,2.7547,0.21385,2.3541,5.333,0.33832,0.090843,0.015223,0.10215,0.094702,107.68,93.741,2.2259,0.92984,15.333,0.19234,0.081706,0.90684,0.66103,0.30886,0.75501,1.1451,232.62,0.090843,0.89714,0.91538,0.51668,26.184,3.8937,102.49,3.5612,7.9679,0
0.025917,0.76619,0.14303,1.2158,-118.21,0.068698,0.0365,0.2567,1.029,0.19668,0.0365,0.055064,0.041517,0.0365,3658.4,0.099771,1.3052,0.0365,0.019823,142.11,1.5461,0.058052,0.014076,0.08975,0.19668,0.08596,0.32443,0.73687,4.447,0.41247,0.019823,135.21,2.6994,0.075767,0.058052,1.8474,0.86147,0.30001,0.031528,0.011028,0.25705,0.031528,158.3,16.197,0.036153,0.1343,146.23,0.018108,0.009834,1.0518,0.66286,0.37045,1.0132,1.5456,4003.7,0.028214,0.13177,0.97179,0.5254,2.5685,22.534,131.4,2.7778,9.4859,0
-0.10673,0.19707,-0.036455,0.77684,-38.089,0,-0.10673,4.0745,1.002,0.80293,-0.10598,-0.65333,-0.033293,-0.10673,-2156.1,-0.16928,5.0745,-0.10673,-0.10652,35.078,1.6024,-0.10598,-0.10652,-0.43855,0.73151,-0.16928,-142.23,-0.041754,2.2417,0.18923,-0.10577,45.023,8.1298,6.7394,-0.32237,1.2221,,0.80293,-0.32172,0.045614,-0.20141,-0.10577,43.514,8.4354,-1.1083,0.18737,26.465,-0.17935,-0.17899,0.64398,0.16336,0.123,0.91964,0.91964,-6.36,-0.32172,-0.13292,1.0873,0,10.405,43.27,59.507,6.1337,1.1476,1
0.061363,0.61997,0.072049,1.3836,11.938,-0.040418,0.061363,0.61298,1.0121,0.38003,0.065887,0.32674,0.06066,0.061363,3685.7,0.09903,1.613,0.061363,0.060628,14.459,1.1311,0,0.060628,0.020945,0.33725,0.09903,0,0.097343,4.0651,0.57696,0.12916,82.956,4.3999,1.3328,0.012201,1.0121,1.1404,0.57273,0.012055,0.21603,623.57,0,79.079,64.62,1.5305,1.1702,17.71,-0.000033,-0.000033,0.41914,0.1878,0.22728,0.51345,0.77381,836.99,0.18358,0.16147,0.82238,0.50707,25.244,5.6484,67.727,5.3893,1.3675,0
0.02916,0.22255,0.031415,1.231,-346.31,0.02916,0.027258,3.4933,0.075203,0.77745,0.048889,0.20042,0.50542,0.027258,2137.2,0.17079,4.4933,0.027258,0.36246,189.06,0.59235,-0.018724,0.38775,-0.10994,0.076742,0.17933,-0.86558,0.037732,6.2769,2.9593,0.36246,1232.2,0.34808,0.21272,0.034916,0.075203,1.4843,0.864,0.46429,0.15349,-0.93047,-0.24897,711.24,522.19,0.74861,0.94458,300.33,-0.029474,-0.39193,0.75227,0.136,2.8729,0.93378,1.0377,1.231,0.46429,0,0.46859,0.11132,1.9306,0.69898,660.09,0.55296,0.090326,0
-0.034882,0.8358,-0.20966,0.71146,-95.058,0,-0.035434,0.19645,2.0889,0.1642,-0.004056,-0.048764,0.000816,-0.035434,178940,0.00204,1.1965,-0.035434,-0.016963,56.68,0.97876,-0.004056,-0.016699,-0.024238,0.055828,0.002699,-0.12927,-0.43406,3.9046,0.398,-0.009494,125.59,2.9064,2.5268,-0.022935,2.0889,2.015,0.25977,-0.010979,0.025023,0.84214,-0.001942,87.153,30.472,-0.10753,0.26503,56.065,-0.041195,-0.01972,0.61853,0.72663,0.34407,0.33993,0.53779,-1683.2,-0.010979,-0.21244,1.0168,0.58206,6.4396,11.978,126.96,2.8748,4.3246,0
0.21476,0.16019,0.81132,6.0648,226.72,1.403,0.21476,5.2426,1.2702,0.83981,0.2187,1.3407,0.17317,0.21476,265.83,1.3731,6.2426,0.21476,0.16908,33.401,1.1313,0.20466,0.16908,0.62093,0.81663,1.3731,51.973,28.482,3.5892,-0.36025,0.16908,54.77,6.6643,6.6643,0.20263,1.2702,,0.83981,0.15953,4.019,0.025445,0.16113,94.173,60.771,1.8477,5.3392,39.741,0.19947,0.15704,6.0648,0.16019,0.15005,29.482,29.482,3150.4,0.15953,0.25573,0.83303,0,10.928,6.0061,46.032,7.9292,44.589,0
0.032838,1.2531,-0.42134,0.65818,-34.56,-0.31953,0.047778,-0.20197,12.327,-0.25309,0.052637,0.03876,0.009459,0.047778,3922.6,0.09305,0.79803,0.047778,0.003876,22.412,1.0925,-0.014561,0.002664,-0.32727,-0.28669,0.081128,-2.9967,-2.2329,3.1727,0.099345,0.00401,36.453,10.013,9.8495,-0.015267,12.327,,-0.25309,-0.001239,0.02311,0.76978,-0.001181,23.179,0.7674,0.043385,0.044135,22.384,-0.083383,-0.006764,0.64744,1.2326,0.099872,-1.3413,-1.3413,-627.03,-0.001239,-0.12975,0.99615,0,16.286,475.63,36.498,10,65.328,0
0.071867,0.60148,-0.047758,0.91635,-49.629,-0.002265,0.090296,0.66258,1.6287,0.39852,0.10329,0.15815,0.083876,0.090296,1607,0.22713,1.6626,0.090296,0.05544,33.92,1.0821,0.10286,0.044125,,0.1037,0.19649,7.914,-0.10016,5.191,0.3362,0.058297,137.68,2.6512,2.5167,0.11502,1.6287,,0.39852,0.070618,0.099968,0.1344,0.063155,104.46,70.54,0.47481,0.65126,36.497,0.056546,0.034718,0.86987,0.57096,0.37719,0.83584,0.83584,-7414,0.070618,0.18033,0.94507,0,10.761,5.1744,127.95,2.8526,3.416,0
0.057298,0.6869,-0.083078,0.69602,-45.91,-0.15299,0.059441,0.42476,1.0579,0.29176,0.059441,0.21749,0.075022,0.059441,2594.2,0.1407,1.4558,0.059441,0.046141,18.136,0.99983,0.084345,0.044477,-0.1593,0.29176,0.13758,0.69264,-0.10259,4.5254,0.52934,0.046141,81.918,4.4557,0.12279,0.084345,1.3101,0.30516,0.70536,0.065473,0.030875,0.18579,0.065473,51.505,33.369,0.89515,0.46181,19.186,0.04714,0.036592,0.27693,0.2733,0.22443,0.3603,0.87105,-2785.7,0.05474,0.19639,0.94526,1.4176,20.126,10.938,77.434,4.7137,1.5909,0
0.005193,0.40339,0.26612,1.8573,21.704,-0.018668,-0.036331,1.4377,1.0335,0.57994,-0.036331,-0.11704,0.000685,-0.036331,113760,0.003209,2.479,-0.036331,-0.019226,30.052,1.0579,0.06135,0.002748,-0.060192,0.57994,0.10615,0.33553,0.62846,5.0896,0.20591,-0.019226,61.967,5.8902,0.15209,0.06135,1.8976,4.5281,0.6729,0.032465,0.054223,0.13399,0.032465,108.11,78.056,0.033375,1.3561,31.059,0.023725,0.012554,1.4293,0.31042,0.16977,1.3695,1.5891,32711,0.032432,0.008954,0.96757,0.1603,12.146,4.6762,59.958,6.0876,4.4627,0
-0.18659,0.69691,-0.022118,0.96826,-41.132,-0.62786,-0.15706,-0.075352,0.93508,-0.052513,-0.15706,-0.22536,-0.048107,-0.15706,-2320.6,-0.15729,1.4349,-0.15706,-0.068927,38,1.0896,-0.13977,-0.081889,-0.6595,-0.052513,-0.19967,-0.57359,-0.06801,4.0187,0.23907,-0.068927,104.39,3.4966,-0.20056,-0.13977,2.3149,,-0.052513,-0.061341,0.23793,-0.24815,-0.061341,81.531,43.531,-0.78657,0.62787,35.533,-0.18721,-0.082162,0.96826,0.69691,0.286,-0.16147,-0.16147,-230.91,-0.069422,3.5532,1.0694,0,9.6053,8.3848,111.64,3.2696,7.0065,0
0.00969,0.60158,0.21247,2.6707,42.71,0.035651,0.012172,0.62063,1.0472,0.37336,0.012172,0.09571,0.07386,0.012172,2893.5,0.12614,1.6623,0.012172,0.011847,35.862,1.1921,0.044558,0.009431,0.04612,0.37336,0.12202,0.45414,0.32175,5.343,0.56234,0.011847,47.31,7.715,0.074069,0.044558,1.0296,0.50315,0.84777,0.043369,0.20828,0.18267,0.043369,111.25,75.388,0.095991,1.8769,37.554,-0.019156,-0.018645,0.56459,0.12718,0.12962,0.5654,1.2838,46802,0.045033,0.025954,0.95497,1.2706,10.178,4.8416,45.18,8.0788,1.5559,0
0.079149,0.080951,0.13165,2.7342,330.41,0.17334,0.079149,10.656,1.0221,0.8626,0.079149,1.0427,0.82902,0.079149,140.11,2.6051,12.353,0.079149,0.31115,0.29288,0.98171,0.061129,0.31115,0.19829,0.8626,2.6051,2.4561,0.16613,4.8421,0.23346,0.31115,111.33,3.2786,0.75514,0.061129,0.33438,41.151,0.86763,0.24031,0.5992,0.0138,0.24031,232.56,232.26,387.77,2.7315,0.29935,-0.070603,-0.27756,2.564,0.075912,0.30501,1.0885,1.0949,9152,0.021592,0.091757,0.97841,0.005842,1246.2,1.5715,108.93,3.3509,0.321,0
-0.003168,0.64021,0.21777,1.8768,-53.784,0,-0.001209,0.56198,0.76966,0.35979,0.027682,-0.004866,0.10815,-0.001209,2807.2,0.13002,1.562,-0.001209,-0.00157,152.21,1.1912,0.012268,-0.004117,-0.043694,0.19924,0.12696,0.42463,0.40791,4.2163,0.82976,0.033983,114.56,3.2089,1.2449,-0.021642,0.76966,0.63435,0.58863,-0.028118,0.016052,0.22064,0.015939,219.17,66.954,-0.009871,0.5845,147,-0.072183,-0.093785,0.72809,0.24837,0.31164,0.67393,1.1026,1.8768,-0.028118,-0.008803,1.0015,0.63606,2.3979,5.4515,117.78,3.0989,1.4417,0
0.18548,0.1743,0.78206,5.4869,418.78,0,0.22703,4.7373,0.79717,0.8257,0.23511,1.3025,0.3357,0.22703,237.73,1.5354,5.7373,0.22703,0.2848,60.903,1.4886,0.20386,0.23267,0.42128,0.82026,1.297,25.231,17.919,3.9635,-0.75677,0.28481,106.33,3.4329,3.4329,0.19883,0.79717,,0.8257,0.24941,4.4624,0.023768,0.25573,81.763,20.86,1.3944,4.7237,81.141,0.16328,0.20483,5.4869,0.1743,0.2913,18.919,18.919,7189.7,0.24941,0.22463,0.72882,0,5.9931,17.498,79.806,4.5736,18.265,0
0.015591,0.39714,-0.10295,0.69407,-125.18,-0.053413,0.021537,1.518,0.86463,0.60286,0.04107,0.063997,0.095246,0.021537,1760.2,0.20736,2.518,0.021537,0.024909,63.263,1.1491,0.039094,0.018032,0.05791,0.093239,0.19239,2.0014,-0.13433,5.6324,0.45912,0.042659,147.29,2.478,2.0998,0.030705,0.86463,2.0376,0.64394,0.035512,0.048117,0.1325,0.045215,91.766,28.504,0.10404,0.24876,65.592,-0.021722,-0.025123,0.58813,0.33652,0.40354,0.78658,0.84019,-44160,0.035512,0.025862,0.978,0.06815,5.7696,12.805,142.06,2.5693,1.1281,0
0.015951,0.49562,0.22686,1.7778,3.7998,0.078784,0.02152,0.98933,1.0033,0.49033,0.02152,0.07378,0.034684,0.02152,2805.9,0.13008,2.0177,0.02152,0.011577,40.216,1.3209,0.011747,0.008582,0.089627,0.49033,0.11884,0.063405,0.47121,5.5157,0.22728,0.011577,57.462,6.352,0.023703,0.011747,1.8821,1.5384,0.69426,0.00632,0.26095,0.2979,0.00632,86.878,46.661,0.077884,1.0756,40.347,-0.031203,-0.016787,1.0463,0.29168,0.15743,1.0184,1.442,74374,0.00324,0.032532,0.99676,0.41592,9.0759,7.8223,57.276,6.3727,3.8608,0
-0.066221,0.54642,0.10882,1.2296,-38.255,-0.093822,-0.076,0.71991,0.98244,0.39337,-0.076,-0.16036,-0.020298,-0.076,-6085.2,-0.059982,1.8301,-0.076,-0.047068,61.222,0.93803,-0.039433,-0.041012,-0.10057,0.39337,-0.042087,-0.23993,0.26079,4.4533,0.32144,-0.047068,105.25,3.468,-0.072166,-0.039433,1.7212,4.3018,0.46588,-0.024422,0.074784,4.7383,-0.024422,123.72,62.494,-0.24451,0.65814,60.148,-0.082657,-0.051191,1.0665,0.47392,0.28835,0.94275,1.1165,3090.1,-0.01787,-0.16834,1.0179,0.18432,5.9619,5.8405,107.13,3.4071,3.8697,0
0.045467,0.24225,0.21341,1.9489,11.716,-0.001168,0.056789,3.128,1.0249,0.75775,0.070626,0.2525,0.14335,0.056789,601.86,0.60645,4.128,0.056789,0.055409,64.449,1.232,0.059035,0.044363,0.15614,0.71749,0.55972,4.2662,0.37994,4.0465,0.22216,0.059442,84.733,4.3536,4.0419,0.05607,1.0498,,0.75775,0.054708,0.080304,0.054137,0.057601,149.67,85.218,0.25124,1.1442,67.46,-0.03109,-0.030335,1.8093,0.22491,0.2297,1.3491,1.3491,2375,0.054708,0.060002,0.9459,0,5.6634,4.2831,80.098,4.5569,1.8247,0
-0.02388,0.28159,0.10763,1.3822,-1.7713,0,-0.02388,2.5513,0.73772,0.71841,-0.02388,-0.084805,-0.03237,-0.02388,-4304,-0.084805,3.5513,-0.02388,-0.03237,49.98,0.95148,0,-0.03237,0.20593,0.69475,-0.084805,,0.17621,4.0965,0.35826,-0.06474,146.54,2.4909,2.4909,0.007592,0.73772,,0.71841,0.010291,0.097129,,0,179.04,129.06,-0.23639,1.0235,52.569,0,0,1.3822,0.28159,0.40147,1.1762,1.1762,1344.2,0.049242,-0.03324,0.95109,0,7.3029,2.8282,139.32,2.6199,1.2078,0
0.39236,0.42066,0.41701,1.9913,0.09691,1.2368,0.39236,1.3004,1.1624,0.54704,0.39236,0.93274,0.14521,0.39236,355.84,1.0257,2.3772,0.39236,0.13205,50.27,1.1082,0.40166,0.13205,1.2368,0.54704,1.0257,1.5712,2.5689,4.6099,0.12467,0.13205,60.062,6.077,0.95485,0.40166,2.9942,,0.54704,0.13518,0.13622,0.031375,0.13518,95.859,45.589,0.95876,1.0185,58.432,0.36254,0.12201,1.9913,0.42066,0.16455,3.3699,3.3699,16985,0.13968,0.71725,0.86032,0,7.2608,8.0064,51.672,7.0637,18.305,0
0.086914,0.10214,0.29955,4.3772,95.877,0.19734,0.1177,8.746,1.1008,0.89334,0.1177,1.3269,0.14611,0.1177,281.31,1.2975,9.7902,0.1177,0.12976,2.7016,1.219,0.096655,0.095824,0.29991,0.89334,0.99613,1.173,0.48967,4.7254,-0.10166,0.12976,39.292,9.2895,0.94627,0.096655,0.97907,28.38,0.90678,0.10656,3.0631,0.030121,0.10656,46.905,44.203,12.946,4.3015,2.9739,0.081822,0.09021,3.8011,0.088699,0.10765,1.4603,1.4823,15919,0.09156,0.097292,0.90844,0.015049,135.1,8.2573,35.694,10.226,1.4827,0
-0.066961,0.64214,-0.43279,0.19622,-349.55,-0.36593,-0.066961,0.55713,0.4644,0.35775,-0.026805,-0.12436,-0.14419,-0.066961,-3500.2,-0.10428,1.5573,-0.066961,-0.14419,45.186,0.74794,-0.008179,-0.14419,-0.18191,0.009427,-0.10428,-0.13886,-0.4839,3.9447,1.336,-0.027163,533.11,0.94068,0.78878,-0.034477,0.49841,,0.35775,-0.074241,0.043143,-2.6169,-0.017613,64.783,19.597,-1.1647,0.14992,41.43,-0.008179,-0.017613,0.16454,0.53844,1.0631,0.4,0.4,-3810.7,0.20616,-0.18717,0.7549,0,8.0777,18.625,423.2,0.86248,0.51924,1
0.27369,0.16122,0.047851,1.3512,4.6841,0,0.27369,5.2028,1.164,0.83878,0.27383,2.0086,0.24781,0.27369,203.99,1.7893,6.2028,0.27369,0.23512,9.6052,0.93525,0,0.23512,0.76238,0.27396,1.7893,0,0.058649,4.2063,0.079012,0.47024,70.841,5.1524,4.3547,0.020847,1.164,6.2656,0.86328,0.017909,0.56892,0.3637,0,33.422,23.817,8.9346,1.1264,15.926,-0.014776,-0.012693,1.142,0.13626,0.19409,1.0281,1.0581,769.43,0.39688,0.32629,0.60592,0.029203,38,15.325,42.726,8.5429,1.4267,0
0.0078,0.37033,0.28465,1.8891,1056.2,0,0.0078,1.7003,1.5229,0.62967,0.008592,0.024363,0.22372,0.0078,396.74,0.91999,2.7003,0.0078,0.005122,37.359,1.0269,0,0.005122,0.14221,0.083311,0.91999,0,0.72029,3.9157,0.20413,0.019153,312.09,1.1695,1.0111,0.035924,1.5229,9.2848,0.67802,0.023589,0.20732,0.037081,0,129.05,91.689,0.050039,1.4022,151.95,-0.3329,-0.21859,1.6332,0.32015,0.85503,1.5933,1.7157,2344.5,0.75413,0.012387,0.24641,0.076788,9.7701,3.9808,76.732,4.7568,3.8536,0
0.034528,0.30035,0.20441,1.7725,25.968,-0.19624,0.034528,2.3294,1.4943,0.69965,0.044026,0.13048,0.03902,0.034528,1880.2,0.19413,3.3294,0.034528,0.023106,25.016,0.83792,0.044026,0.023106,0.2293,-0.16258,0.19413,4.6353,0.38498,2.4922,0.17248,0.029462,67.178,5.4333,4.7868,0.056586,1.4943,,0.69965,0.037867,0.16106,0.14765,0.029462,104.15,79.137,0.33713,1.3855,26.001,0.020245,0.013548,1.5616,0.26461,0.18405,1.3177,1.3177,63.489,0.037867,0.04935,0.97694,0,14.591,4.6122,64.634,5.6472,2.8143,0
0,0.40203,0.13338,1.5777,-28.69,0.42531,0.091773,1.4874,0.69573,0.59797,0.097577,0.39753,0.13191,0.091773,1599,0.22827,2.4874,0.091773,0.13191,82.919,1.3394,0.091983,0,0.81586,0.55861,0,15.85,0.20979,5.1549,0.56381,0.13191,198.55,1.8392,1.0562,0.090688,0.69573,1.2046,0.76914,0.13035,0.082022,0.14569,0.13221,181.16,98.237,0,0.89311,135.86,0.091983,0.13221,0.90599,0.23086,0.54371,0.94055,1.2098,19053,0.38999,0,0.61865,0.28625,4.4019,3.7155,121.12,3.0136,1.0943,1
-0.183,0.87195,-0.27343,0.57597,-151.4,-0.57355,-0.20887,0.11031,0.87419,0.09618,-0.20887,-0.32392,-0.17704,-0.20887,-2423.7,-0.1506,1.1469,-0.20887,-0.28161,23.962,0.92336,-0.16268,-0.24673,-0.65009,0.09618,-0.12092,-1.9174,-0.43499,4.8246,1.082,-0.28161,277.41,1.3158,-0.18658,-0.16268,0.74545,1.421,0.32329,-0.21933,0.1108,-0.33678,-0.21933,147.61,123.65,-3.7583,0.50046,20.947,-0.24025,-0.32391,0.42595,0.64484,0.76001,0.15301,0.5143,-18259,-0.14392,-1.9027,1.1439,2.3612,15.233,2.9519,317.33,1.1502,1.18,0
0.24181,0.22257,0.69576,4.1391,291.09,0,0.30179,3.493,1.0903,0.77743,0.33135,1.3616,0.30126,0.30179,247.33,1.4758,4.493,0.30179,0.2768,32.17,1.1184,0.33135,0.22178,0.81408,0.76193,1.2063,11.208,8.423,3.5087,0.13646,0.27686,106.48,3.4278,3.4135,0.33056,1.0903,,0.77743,0.30319,0.36412,0.020722,0.30391,280.1,247.93,2.5163,3.7056,46.167,0.30468,0.27945,4.1219,0.22164,0.29174,9.4118,9.4118,2244.8,0.30319,0.31103,0.7234,0,11.346,1.4722,74.199,4.9192,13.199,0
0.040497,0.65836,0.12973,1.1971,7.6665,0,0.040497,0.51893,2.4356,0.34164,0.072732,0.061534,0.023507,0.040497,4197.1,0.086964,1.5189,0.040497,0.016627,11.175,1.2136,0.044058,0.016627,-0.19375,0.31497,0.086964,1.3667,0.61152,3.6153,0.26713,0.029863,106.25,3.4352,3.434,0.17477,2.4356,,0.34164,0.071758,0.02299,0.36085,0.018089,115.8,104.63,0.54309,1.0838,12.039,0.027301,0.011209,1.1967,0.65812,0.2911,1.6104,1.6104,534.95,0.071758,0.11854,0.98379,0,32.663,3.4885,98.628,3.7008,11.481,0
0.044357,0.041106,0.49586,13.063,367.06,0.27335,0.055313,22.511,1.0657,0.92534,0.055313,1.3456,0.14901,0.055313,189.47,1.9264,24.328,0.055313,0.10409,5.6082,0.89056,0.035332,0.083471,0.33801,0.92534,1.6599,0.70858,1.0709,4.2007,-0.87192,0.10409,30.089,12.131,0.85955,0.035332,0.55396,,0.92534,0.066488,12.36,0.022826,0.066488,19.845,14.237,5.4326,12.865,5.9768,0.011458,0.021562,13.063,0.041106,0.082436,1.9984,1.9984,7871.8,0.061672,0.047936,0.93833,0,65.083,25.638,28.233,12.928,1.1477,0
0.1292,0.17219,0.40241,3.337,19.135,0.31709,0.16061,4.7295,1.1282,0.81438,0.16061,0.93274,0.19229,0.16061,285.26,1.2795,5.8075,0.16061,0.14017,42.193,1.2131,0.13456,0.11276,0.39473,0.81438,1.0971,1.325,0.94597,4.5849,0.11827,0.14017,61.888,5.8978,0.78146,0.13456,1.1847,,0.81438,0.11744,1.4858,0.029139,0.11744,101.55,59.355,0.97544,2.5678,47.604,0.074846,0.065324,3.337,0.17219,0.16955,1.9144,1.9144,15473,0.11366,0.15864,0.88634,0,8.6507,6.1495,54.853,6.6541,2.6934,0
0.06513,0.30618,0.28199,2.2567,6.3968,0.002502,0.081894,2.266,1.1586,0.69382,0.084109,0.36496,0.15078,0.081894,639.72,0.57056,3.266,0.081894,0.070684,82.697,1.1852,0.077658,0.056215,0.046625,0.63242,0.51581,35.063,0.57125,4.7674,0.2132,0.072522,76.754,4.7554,3.4851,0.091527,1.1586,64.25,0.69761,0.078998,0.27337,0.059874,0.067028,140.2,57.506,0.24812,1.0868,89.79,-0.015143,-0.01307,1.6538,0.22439,0.21029,1.4056,1.4132,16505,0.078998,0.093873,0.9298,0.005471,4.4137,6.3472,70.691,5.1633,2.3471,0
0.05311,0.19391,0.17875,2.1586,112.56,0.21648,0.065498,4.1571,0.47263,0.80609,0.069772,0.42455,0.20298,0.065498,737.76,0.49474,5.1571,0.065498,0.13858,43.735,0.92452,0.063771,0.11237,0.29503,0.42376,0.43085,14.92,0.26801,5.5768,0.10766,0.14146,138.69,2.6669,2.1218,0.066606,0.48121,232.72,0.80728,0.14093,0.9465,0.068611,0.13493,144.42,100.68,0.93782,1.3136,50.24,0.033335,0.07053,1.7175,0.15428,0.37497,1.2086,1.2104,67458,0.14093,0.065886,0.855,0.001473,8.3457,3.6252,119.14,3.0635,0.70863,1
0.093262,0.35182,0.17921,1.5094,-52.922,0.38028,0.11703,1.723,1.0847,0.60617,0.11703,0.33264,0.14509,0.11703,750.17,0.48656,2.8424,0.11703,0.099193,33.251,1.202,0.10938,0.079049,0.47336,0.60617,0.41901,1.0057,0.38214,5.4079,0.208,0.099193,118.07,3.0915,0.31092,0.10938,1.2086,,0.60617,0.092714,0.93821,0.070728,0.092714,62.169,28.919,0.86774,1.2039,36.068,0.055233,0.046816,1.5094,0.35182,0.32347,1.2925,1.2925,45842,0.078116,0.15386,0.92188,0,10.977,12.622,108.84,3.3535,2.5157,0
0.19667,0.59032,0.21889,1.4111,-0.076597,-0.077944,0.24779,0.69401,4.6033,0.40968,0.28857,0.46532,0.059714,0.24779,783.84,0.46565,1.694,0.24779,0.053828,17.249,1.6011,0.28818,0.042724,0.26187,0.13558,0.37907,7.0668,0.88047,4.9212,0.11838,0.059358,45.641,7.9973,7.2141,0.34473,4.6033,,0.40968,0.074886,0.089421,0.062413,0.062602,55.803,38.554,0.90406,1.0025,18.645,0.26108,0.056716,1.2729,0.53251,0.12504,1.6479,1.6479,18258,0.074886,0.48006,0.94652,0,21.16,9.4673,42.223,8.6446,18.517,0
0.030787,0.29584,0.56015,2.8939,90.26,0,0.039398,2.3802,1.5466,0.70416,0.051962,0.13321,0.031393,0.039398,2224,0.16412,3.3802,0.039398,0.025474,42.514,0.77635,0.047152,0.019906,0.11723,0.69193,0.13501,3.7531,3.8878,3.6117,0.004451,0.025474,71.84,5.0807,5.0795,0.043848,1.5466,,0.70416,0.028351,0.99569,0.17514,0.030488,132.5,89.985,0.17091,2.2848,43.754,0.037998,0.024569,2.8932,0.29577,0.19682,4.8873,4.8873,2290.6,0.028351,0.043722,0.97507,0,8.5855,4.0562,69.803,5.229,10.734,0
0.04302,0.74471,0.090648,1.122,-55.447,0,0.053768,0.34281,2.4624,0.25529,0.11382,0.072389,0.028104,0.053768,3927.9,0.092925,1.3428,0.053768,0.021836,65.975,1.2263,0.098905,0.017471,0.19621,0.19518,0.078493,1.6469,0.54414,3.7538,0.30198,0.02838,113.87,3.2055,3.1971,0.08146,2.4624,,0.25529,0.033082,0.014839,0.21711,0.040167,121.9,55.93,0.096658,0.52282,68.232,0.083471,0.033899,1.1191,0.74276,0.31197,1.5324,1.5324,514.27,0.033082,0.16851,0.97852,0,5.5324,6.5261,110.1,3.3151,14.781,0
0.039999,0.29352,0.074622,1.4541,-29.638,0.1669,0.040841,2.3162,1.0317,0.67984,0.040841,0.24851,0.13676,0.040841,1614.8,0.22604,3.4069,0.040841,0.084184,83.42,0.80747,0.009768,0.082448,0.17614,0.67984,0.22317,0.20773,0.098053,6.2801,0.59323,0.084184,127.56,2.8614,0.03328,0.009768,0.53366,0.99158,0.80901,0.020135,0.036956,0.27357,0.020135,175.22,91.798,0.36074,0.77938,86.062,-0.015737,-0.032439,0.81414,0.16434,0.34948,0.89331,1.063,142220,0.030696,0.058836,0.9693,0.19001,4.3754,3.9761,123.65,2.952,0.63748,0
0.15423,0.14453,0.41551,3.8749,79.319,0.14494,0.086615,5.919,1.9004,0.85547,0.099313,0.59929,0.059006,0.086615,470.44,0.77587,6.919,0.086615,0.045577,0,1.0234,0.07256,0.081157,0.11922,0.77568,1.2437,5.7146,0.94442,2.8501,-0.089588,0.046935,28.311,12.893,12.893,0.037054,1.9004,,0.85547,0.019498,2.2512,0.04912,0.038181,45.073,45.073,,3.8749,0,0.04704,0.024752,3.8749,0.14453,0.077564,1.9444,1.9444,294.23,0.019498,0.18029,0.95749,0,,8.098,27.759,13.149,4.3195,0
-0.039325,0.92672,-0.32365,0.41352,-244.01,0.019641,-0.039325,0.0701,1.0605,0.064963,-0.039325,-0.07126,0.016671,-0.039325,29859,0.012224,1.0791,-0.039325,-0.057871,40.602,1.2779,0.037565,-0.057871,0.019641,0.064963,0.012224,0.58627,-0.41935,4.7356,1.3006,-0.057871,314.36,1.1611,0.040536,0.037565,0.68582,0.40712,0.43983,0.05528,0.079134,0.34536,0.05528,99.118,58.516,-0.52024,0.27655,43.06,-0.013089,-0.019261,0.24625,0.55186,0.86127,0.084171,0.56988,-17605,0.05709,-0.60535,0.94291,5.7705,8.9897,6.2376,296.42,1.2314,0.88047,0
0.077107,1.0757,-0.20964,0.79851,-31.412,-0.14023,0.077107,-0.070414,4.5014,-0.075747,0.086997,0.074111,0.04544,0.077107,1919.6,0.19014,0.92959,0.077107,0.01713,13.311,1.1995,0.086303,0.01713,1.1849,-0.084889,0.19014,8.7262,-1.2389,4.039,0.22187,0.019315,86.147,4.2554,4.1157,0.093173,4.5014,20.495,-0.043221,0.020699,0.075361,0.16777,0.019173,61.007,47.696,0.4697,0.64072,13.534,-0.041134,-0.009138,0.77229,1.0404,0.23499,-0.44764,-0.25542,-2293.2,0.020699,-1.018,0.98577,-0.4294,27.42,7.6526,84.364,4.3265,26.602,1
0.007094,0.51935,0.21959,6.4689,36.615,0,0.012223,0.92547,0.97201,0.48065,0.041649,0.30442,0.081548,0.012223,2391.5,0.15262,1.9255,0.012223,0.012575,47.675,1.3569,0.02314,0.007299,0.057161,0.063756,0.14275,0.78639,0.29664,4.6011,0.4675,0.01727,14.996,24.341,1.8818,-0.005309,0.97201,0.27709,0.95985,-0.005462,1.6185,0.19196,0.023806,73.133,25.458,0.055879,3.3069,47.416,-0.043903,-0.045167,0.50012,0.040152,0.041084,0.64929,1.2966,8763.7,-0.005462,0.01476,0.98802,0.99699,7.656,14.337,15.077,24.208,1.3131,0
0.155,0.2367,0.5788,3.4453,189.27,0.49933,0.19267,3.0991,1.1986,0.73355,0.19267,0.81399,0.21474,0.19267,402.34,0.90719,4.2248,0.19267,0.19268,52.437,0.82676,0.16888,0.15501,0.60744,0.73355,0.74805,2.0242,3.1371,4.9394,-0.27315,0.19268,103.56,3.5247,0.71346,0.16888,1.0298,,0.73355,0.16888,2.1882,0.040756,0.16888,108.61,56.177,1.079,2.8384,62.849,0.14681,0.14682,3.4453,0.2367,0.28371,3.9759,3.9759,50339,0.16568,0.2113,0.83432,0,6.9608,6.4973,86.399,4.2246,5.4198,0
0.16325,0.068422,0.3244,5.7413,313.22,0.17302,0.18081,7.0545,0.61118,0.48268,0.18081,2.6427,2.508,0.18081,113.52,3.2153,14.615,0.18081,2.0614,39.668,0.95352,0.25448,1.8611,0.19058,0.48268,2.9586,17.731,0.53429,4.7837,-0.28052,2.0614,174.01,2.0976,3.7192,0.25448,0.45221,,0.48268,2.9011,4.6348,0.00766,2.9011,315.03,275.36,17.125,5.6019,24.244,0.2153,2.4545,5.7413,0.068422,0.47674,0.79496,0.79496,19714,-0.63618,0.33822,1.6362,0,9.2014,1.3255,284.71,1.282,0.14447,0
0.67226,0.15953,0.79713,9.16,200.02,0,0.67226,5.2684,1.58,0.84047,0.69444,6.8818,0.4405,0.67226,83.665,4.3627,6.2684,0.67226,0.42549,59.863,1.5389,0.61847,0.42549,1.3148,0.82567,4.3627,27.892,7.5784,3.8297,-0.004926,0.42666,36.299,10.055,6.1573,0.59771,1.58,13.167,0.88875,0.3783,1.7682,0.008281,0.39144,166.81,106.95,2.5943,6.5073,96.29,0.59476,0.37643,5.6091,0.097687,0.099451,7.9905,8.4495,5385.2,0.3783,0.79987,0.60035,0.057444,6.0972,3.4128,22.567,16.174,15.021,0
0.027885,0.32458,0.25564,1.7969,-77.682,0.027885,0.039917,1.3704,1.0207,0.4448,0.039917,0.12442,0.12103,0.039917,1172.5,0.31131,3.0809,0.039917,0.04781,59.741,1.0079,0.05306,0.0334,0.039917,0.4448,0.27425,,0.60358,4.6428,0.37524,0.04781,143.15,2.5497,0.16347,0.05306,0.89824,116.7,0.44857,0.063552,0.91518,0.093452,0.063552,123.66,63.917,0.20406,1.3709,60.977,-0.008069,-0.009665,1.776,0.32081,0.3922,1.0502,1.0591,11232,0.020272,0.062692,0.97973,0.008473,6.1097,5.7105,140.25,2.6025,1.9712,1
0.4377,0.63194,0.31944,1.5055,30.715,0,0.63636,0.58236,4.3889,0.36802,0.63844,1.007,0.14839,0.63636,354.16,1.0306,1.5824,0.63636,0.14499,0,2.1292,0.63321,0.09973,0.80987,0.33645,0.71624,304.86,6.5689,3.1998,0.003813,0.14499,61.406,5.953,5.953,0.63258,4.4008,,0.36802,0.14413,0.97312,0.032501,0.14428,27.979,27.979,,0.97312,0,0.61828,0.14087,1.5055,0.63194,0.16798,7.5677,7.5677,506,0.14413,1.1894,0.85484,0,,13.045,52.555,6.9451,90.251,1
0.15367,0.22552,0.30046,2.7091,-7.3168,0.29662,0.19083,3.376,1.2197,0.76135,0.19083,1.0855,0.2345,0.19083,334.91,1.0898,4.4342,0.19083,0.18207,102.46,1.1741,0.19024,0.14661,0.37006,0.76135,0.92506,2.2138,0.57368,5.0773,0.21502,0.18207,74.671,4.8881,0.84354,0.19024,1.0594,3.6611,0.81108,0.1815,0.12944,0.030239,0.1815,157.93,55.472,0.5223,1.0355,124.97,0.13528,0.12907,2.1118,0.1758,0.20458,1.4537,1.5486,35898,0.18013,0.20183,0.81987,0.06531,3.5624,6.5799,61.22,5.9621,2.0012,0
0.15045,0.34195,0.27267,1.8003,23.177,0.49647,0.18591,1.3597,1.0974,0.46493,0.18591,0.54566,0.11591,0.18591,539.94,0.676,2.9244,0.18591,0.093224,27.559,0.87896,0.17438,0.075446,0.63246,0.46493,0.57232,0.95962,0.70527,5.2097,0.11115,0.093224,68.434,5.3336,0.50996,0.17438,2.0182,371.81,0.46617,0.087444,0.37662,0.051187,0.087444,88.781,61.222,0.99923,1.3584,30.244,0.12913,0.064753,1.7938,0.3407,0.18749,1.2025,1.2057,44193,0.088773,0.32361,0.91123,0.002677,13.244,5.9619,62.359,5.8532,5.158,0
0.23141,0.17158,0.53116,4.0957,138.08,0.63954,0.23141,4.3891,1.1723,0.75308,0.23141,1.3487,0.24119,0.23141,199.77,1.8271,5.8282,0.23141,0.17805,36.903,1.2523,0.20608,0.17805,0.63954,0.75308,1.8271,1.8588,1.7868,4.3263,-0.04253,0.17805,56.489,6.4615,1.2011,0.20608,1.3577,,0.75308,0.15856,1.3572,0.019576,0.15856,131.95,95.049,1.761,3.3298,43.264,0.12401,0.095409,4.0957,0.17158,0.15476,2.5334,2.5334,11261,0.14701,0.30729,0.85299,0,9.8907,3.8401,48.184,7.5751,4.3723,0
0.073642,0.89659,0.13386,1.2002,-9.0423,0,0.073642,0.11534,3.6155,0.10341,0.13484,0.11013,0.028215,0.073642,3208,0.11378,1.1153,0.073642,0.020369,20.249,1.137,0.12676,0.020369,0.3799,0.092093,0.11378,2.0712,0.67787,3.3777,0.24274,0.024422,69.78,5.2307,3.901,0.11782,3.6155,2.6411,0.33133,0.032588,0.058925,0.19266,0.03506,77.042,56.793,0.36715,0.90022,20.931,0.098389,0.027213,0.89509,0.66867,0.19118,0.52367,1.6779,319.38,0.032588,0.71214,0.97973,2.2041,18.025,6.4269,67.506,5.4069,18.309,0
-0.067053,0.47453,-0.10522,0.72605,-147.95,-0.082844,-0.071158,1.1073,0.60772,0.52547,-0.030784,-0.18527,-0.053141,-0.071158,-5363.2,-0.068056,2.1073,-0.071158,-0.11709,81.134,1.2556,-0.030795,-0.11034,-0.11411,-0.077508,-0.059407,-0.76276,-0.1459,4.3166,0.72721,-0.078821,221.61,1.647,1.3331,-0.02486,0.60772,1.6174,0.61435,-0.040906,0.094462,1.9606,-0.050673,145.69,64.557,-0.49637,0.37432,77.945,-0.069658,-0.11462,0.58764,0.38407,0.60715,0.72866,0.85191,-2181.2,-0.040906,-0.12761,1.1162,0.16915,4.4987,5.6539,230.67,1.5823,0.84272,0
0.10001,0.43275,0.21324,2.1895,68.915,0,0.10001,1.3108,1.1059,0.56725,0.10001,0.55787,0.36802,0.10001,388.09,0.94051,2.3108,0.10001,0.090431,51.678,0.92099,0,0.090431,0.043542,0.35081,0.94051,,0.35103,4.4832,0.33906,0.19323,132.11,2.7629,1.1446,0.002284,1.1059,1.1665,0.7695,0.002065,0.43722,0.046988,0,103.68,51.997,0.63871,1.3161,115.39,-0.307,-0.27759,0.90702,0.17927,0.36194,0.93377,1.2667,6487.2,0.55214,0.17631,0.44981,0.35655,7.063,7.0196,59.166,6.1691,1.8205,0
0.17075,0.26682,0.42034,2.5754,63.567,0.55683,0.17075,2.7479,1.58,0.73318,0.17083,0.63995,0.11169,0.17075,551.85,0.66141,3.7479,0.17075,0.10807,46.005,1.1774,0,0.10807,,0.73007,0.66141,0,1.3436,3.4099,0.14278,0.21614,79.308,4.6023,4.6023,0.000771,1.58,,0.73318,0.000488,0.17464,1.5535,0,147.98,101.97,0.8574,1.829,59.195,-0.005725,-0.003624,2.5754,0.26682,0.21728,2.3436,2.3436,1080.2,0.22282,0.23289,0.77812,0,7.9339,3.5794,61.637,5.9217,5.0505,0
0.29534,0.65228,0.60925,2.584,86.281,0.052376,0.35929,0.53308,2.7948,0.34772,0.4211,0.93412,0.12986,0.35929,656,0.5564,1.5331,0.35929,0.12856,1.9397,1.2101,0.32632,0.10568,0.43085,0.34772,0.45836,5.2796,99.605,3.7571,0.14948,0.12968,56.634,6.4449,3.8004,0.31584,2.7948,,0.34772,0.11301,0.61275,0.065896,0.11676,99.022,97.083,19.886,2.5454,2.1868,0.32268,0.11546,1.5237,0.38463,0.15516,56.847,56.847,3482.4,0.11301,0.84937,0.87731,0,188.18,3.7597,50.233,7.2661,456.9,0
-0.13101,0.60506,-0.26331,0.458,-243.91,-0.16409,-0.13329,0.65272,0.59723,0.39494,-0.073793,-0.27436,-0.15787,-0.13329,-2342.4,-0.15582,1.6527,-0.13329,-0.22318,96.582,1.0183,-0.081396,-0.21936,-0.2956,-0.2951,-0.15205,-1.368,-0.33867,4.4697,1.0065,-0.18513,266.81,1.368,1.0984,-0.067382,0.59723,0.55,0.51217,-0.11282,0.013308,-0.47581,-0.13629,132.04,35.455,-0.82902,0.13272,86.79,-0.1204,-0.2016,0.36774,0.48582,0.73099,0.50796,0.65875,-7765.4,-0.11282,-0.33172,1.2146,0.29684,3.7792,10.295,296.91,1.2293,0.76814,0
0.057227,0.56904,0.35029,2.4648,0.5142,0.34109,0.057227,0.75734,1.5743,0.43096,0.073117,0.2393,0.043225,0.057227,3052.2,0.11959,1.7573,0.057227,0.036351,80.284,0.74236,0.056028,0.036351,0.3678,0.27219,0.11959,3.5259,0.85319,3.8631,0.34017,0.038302,57.884,6.3057,2.65,0.06634,1.5743,0.73788,0.76049,0.042139,0.148,0.28374,0.035589,128.45,48.17,0.16526,1.0168,83.816,0.045205,0.028714,1.0358,0.23914,0.15859,1.0497,1.8523,2555.7,0.042139,0.13279,0.96408,0.76466,4.5464,7.5774,55.445,6.5831,3.8345,0
-1.291,0.12756,0.87244,7.8392,114.92,-2.694,-1.291,6.8392,1.1974,0.87244,-1.2909,-10.12,-1.0781,-1.291,-36.066,-10.12,7.8392,-1.291,-1.0781,0,0.17232,-1.2909,-1.0781,-0.4903,-3.7461,-10.12,-13975,,1.0345,-0.14372,-1.0781,19.705,19.514,19.514,-1.1653,1.1974,,0.87244,-0.97323,2.9587,-0.003294,-1.0781,189.78,189.78,,7.8392,0,-1.2909,-1.0781,7.8392,0.12756,0.051245,,,9.445,-0.97331,-1.4797,2.079,0,,1.9233,38.885,9.3867,,1
-0.046695,0.81688,-0.10148,0.86023,-89.324,0.1778,-0.038857,0.10487,1.1367,0.085665,-0.038857,-0.053517,0.001481,-0.038857,142190,0.002567,1.2242,-0.038857,-0.027444,40.076,1.1135,0.18605,-0.032981,0.2404,0.085665,-0.007028,1.4937,-0.27032,4.8532,0.50181,-0.027444,212.76,1.7155,0.22775,0.18605,1.5129,5.1655,0.17648,0.13141,0.20434,0.11831,0.13141,122.77,82.691,-0.30038,0.64612,45.553,0.14509,0.10248,0.76459,0.72606,0.58291,0.22818,0.47009,-7238.2,0.12024,-0.54509,0.87976,1.0602,9.1077,4.414,187.18,1.95,3.7713,0
0.057474,0.60637,0.20744,1.3914,-26.727,0,0.074417,0.64916,2.2744,0.39363,0.14451,0.14041,0.046754,0.074417,2081.3,0.17537,1.6492,0.074417,0.032719,58.098,1.0819,0.14093,0.02527,0.50552,0.10045,0.14743,2.0105,0.79004,4.1349,0.26238,0.044615,90.705,4.024,3.5172,0.14173,2.2744,6.8662,0.4483,0.062314,0.020682,0.11694,0.061961,116.58,58.485,0.15876,0.70831,61.959,0.10901,0.047926,1.2161,0.53,0.24851,1.4992,1.7074,2830.2,0.062314,0.14601,0.96807,0.1389,6.2825,6.2409,85.053,4.2914,8.6624,0
0.042839,0.73266,0.054607,1.0949,-53.847,0.15175,0.054928,0.3495,1.0562,0.25607,0.054928,0.095498,0.06716,0.054928,2191.8,0.16653,1.3649,0.054928,0.030235,60.153,0.98075,0.078157,0.023581,0.18491,0.25607,0.15003,0.4544,0.1475,4.5964,0.39702,0.030235,122.06,2.9904,0.10668,0.078157,1.8334,2.098,0.41355,0.043022,0.024083,0.16585,0.043022,123.75,63.598,0.14308,0.57442,63.534,0.011078,0.006098,0.85959,0.57518,0.3344,0.69168,1.1171,2156,0.053211,0.1673,0.94679,0.615,6.0679,5.7392,115.56,3.1585,4.9071,0
0.03129,0.53891,-0.022803,0.95769,-58.069,0.12873,0.040354,0.80667,1.0495,0.43472,0.040354,0.074882,0.035038,0.040354,3665.2,0.099585,1.8556,0.040354,0.026346,49.848,0.93781,0.051236,0.020428,0.16462,0.43472,0.082765,0.35106,-0.047123,6.0417,0.35116,0.026346,134.78,2.7082,0.095074,0.051236,1.5382,,0.43472,0.03345,0.004307,0.27448,0.03345,122.43,72.585,0.14958,0.56952,52.315,0.037923,0.024759,0.95769,0.53891,0.36925,0.89837,0.89837,-25103,0.047161,0.071978,0.95284,0,7.3223,5.0286,128.42,2.8422,3.1653,0
0.10572,0.59494,0.051237,1.1023,-8.0373,0,0.13324,0.68085,2.1255,0.40506,0.15508,0.26611,0.073792,0.13324,1384.5,0.26364,1.6809,0.13324,0.062686,15.989,1.1604,0.15323,0.049737,0.31574,0.14875,0.21738,7.0172,0.11435,3.5715,0.24262,0.067394,91.043,4.0091,3.3741,0.11819,2.1255,5.6134,0.4868,0.055606,0.16309,0.11215,0.072088,80.756,64.767,1.1354,0.91637,16.931,0.12962,0.060982,0.92772,0.5007,0.24943,0.90403,1.0865,191,0.055606,0.26099,0.93845,0.20179,22.828,5.6356,85.98,4.2452,4.7438,0
0.040758,0.2714,0.2571,1.9473,-9.6752,-0.069436,0.038056,2.6224,1.041,0.71174,0.038056,0.14022,0.08243,0.038056,739.76,0.4934,3.6846,0.038056,0.023425,66.507,2.0007,0.069108,0.025089,-0.070233,0.71174,0.50336,0.44282,0.54527,4.3002,0.13263,0.023425,63.477,5.7501,0.25463,0.069108,1.6402,,0.71174,0.04254,0.20776,0.05409,0.04254,106.07,39.566,0.13769,0.85661,69.232,-0.026748,-0.016465,1.9473,0.2714,0.17391,1.5095,1.5095,5132.2,0.039359,0.057265,0.96064,0,5.4881,9.2251,60.978,5.9857,3.4455,0
0.048854,0.14972,0.12628,1.9999,34.431,0.1048,0.061907,3.8027,1.0735,0.56935,0.061907,0.49019,0.13628,0.061907,381.31,0.95723,6.6791,0.061907,0.058867,9.8463,1.1578,0.059816,0.046455,0.13228,0.56935,0.87005,0.61058,0.16895,5.1459,0.061608,0.058867,47.053,7.7572,0.39951,0.059816,1.0718,9.5684,0.59278,0.056878,0.76754,0.034854,0.056878,54.018,44.172,1.7221,1.7753,10.57,-0.021595,-0.020534,1.6869,0.12629,0.12891,0.76175,0.7931,17670,0.068447,0.085806,0.93155,0.041155,37.07,8.2631,43.832,8.3272,1.407,0
0.007559,0.71344,0.008566,1.012,-23.122,0,0.017269,0.40165,1.8533,0.28656,0.030522,0.024205,0.034239,0.017269,4103.9,0.088941,1.4017,0.017269,0.009318,23.882,1.1183,0.030121,0.004078,0.15712,0.007559,0.07533,2.2727,0.030814,3.8733,0.38475,0.015386,142.8,2.556,2.556,0.029719,1.8533,,0.28656,0.016036,0.002617,0.31166,0.016253,141.83,117.95,0.062335,0.84204,24.271,-0.016064,-0.008668,1.012,0.71344,0.39124,1.0308,1.0308,63.988,0.016036,0.026377,0.99069,0,15.284,3.0946,140.51,2.5977,6.6667,0
0.26622,0.22751,0.30903,2.3627,27.698,0.5056,0.26622,3.3111,1.1191,0.75332,0.26622,1.174,0.13286,0.26622,259.48,1.4066,4.3953,0.26622,0.11052,21.855,1.2424,0.26064,0.11052,0.5056,0.75332,1.4066,1.2109,0.66574,4.3982,0.016474,0.11052,38.455,9.4915,1.1456,0.26064,2.4219,528.58,0.75406,0.10821,0.84302,0.023788,0.10821,52.223,30.368,1.8458,1.7267,24.457,0.20683,0.085867,2.355,0.22677,0.10536,1.6229,1.6245,7729.8,0.1064,0.3534,0.8936,0.000983,16.701,12.019,34.364,10.622,5.1891,0
0.28041,4.842,-3.9631,0.18153,-3623.4,3.2296,0.28244,-3.7351,0.66509,-18.085,0.28244,0.05833,1.0492,0.28244,6058.6,0.060245,0.20652,0.28244,1.0159,53.223,0.69881,0.29376,1.0086,3.2316,-18.085,0.059827,7.0275,-32.751,4.8996,15.137,1.0159,4227.9,0.086331,0.060669,0.29376,1.2583,,-18.085,1.0566,0.1537,0.52532,1.0566,176.95,123.73,6.9169,0.17316,35.398,0.28449,1.0233,0.18153,4.842,11.583,-149.46,-149.46,-314480,-0.50357,-0.015505,1.5036,0,6.8579,2.95,6357,0.057417,2.2976,0
0.40569,0.10496,0.44649,6.1377,213.53,0.61915,0.40569,7.8704,1.5018,0.82605,0.40569,4.6682,0.43612,0.40569,80.398,4.5399,9.5277,0.40569,0.37131,15.024,1.5657,0.38153,0.37131,0.61915,0.82605,4.5399,5.2443,0.9569,4.0899,-0.23229,0.37131,43.601,8.3713,3.6351,0.38153,1.137,27.056,0.8441,0.3492,4.2663,0.007629,0.3492,54.333,39.309,9.021,5.6202,22.563,0.31072,0.28439,5.082,0.086905,0.11946,1.7704,1.809,5491.3,0.33413,0.49112,0.66587,0.021854,24.295,9.2854,29.033,12.572,2.3416,0
0.034999,0.72977,-0.036695,0.94191,-60.26,0,0.034433,0.37029,1.5896,0.27023,0.08092,0.054514,0.034455,0.034433,4863.3,0.075052,1.3703,0.034433,0.021661,52.4,0.93527,0.075861,0.022017,0.085861,0.15119,0.075827,1.6319,-0.090595,4.5264,0.31856,0.038388,151.92,2.5866,2.2388,0.071992,1.7148,5.5811,0.33594,0.045289,0.36185,0.25287,0.047722,84.128,31.728,0.15336,0.72314,50.982,0.055523,0.034929,0.81526,0.63165,0.38661,0.66716,0.82939,-1233,0.045307,0.12952,0.9528,0.24317,6.9657,11.504,145.04,2.5166,3.9245,1
0.019808,0.097965,0.60414,10.329,413.63,0,0.025784,9.2077,0.60646,0.90203,0.027865,0.39813,0.12057,0.025784,489.01,0.7464,10.208,0.025784,0.042516,77.106,0.88867,0.011482,0.032662,0.001477,0.8364,0.6854,5.5161,1.8247,4.474,-0.58066,0.042516,51.262,7.1799,4.7464,0.14534,0.60646,,0.90203,0.23965,6.9596,0.055518,0.018933,131.32,54.213,0.15461,8.3504,100.57,-0.035856,-0.059123,6.828,0.064762,0.13928,2.7244,2.7244,10.329,0.23965,0.021959,0.74739,0,4.7338,6.7328,38.977,9.3644,1.8317,0
0.09298,0.43405,0.37237,2.09,61.336,-0.000216,0.09298,1.3039,1.7183,0.56595,0.09298,0.27217,0.14015,0.09298,657.9,0.5548,2.3039,0.09298,0.054112,43.836,1.1897,0.000036,0.054112,0.28347,0.092764,0.5548,,1.302,4.921,0.23055,0.121,111.64,3.2695,2.5733,0.005853,1.7183,147.47,0.56939,0.003406,0.11358,0.097848,0.000021,143.43,99.59,0.45057,1.486,67.437,-0.14779,-0.086013,1.645,0.34162,0.30586,1.9788,1.9909,31046,0.34997,0.16429,0.65487,0.006082,8.3265,3.665,72.568,5.0298,6.0079,0
0.015657,0.91811,-0.089623,0.8986,-34.202,-0.1853,0.015657,0.089197,4.582,0.081893,0.073565,0.017715,0.015503,0.015657,4717.5,0.077372,1.0892,0.015657,0.003417,26.516,1.2436,0.073566,0.003417,0.004182,0.057164,0.077372,1.2704,-0.43555,3.3228,0.18814,0.005769,71.463,5.1075,4.917,0.067657,4.582,,0.081893,0.014766,0.064719,0.23734,0.016055,58.712,32.196,0.047038,0.522,26.913,0.018187,0.003969,0.86508,0.88386,0.19579,0.39799,0.39799,-188.46,0.014766,0.19119,0.99659,0,13.765,11.337,70.408,5.1841,22.268,0
0.099243,0.39376,0.68481,5.4274,46.802,0,0.12281,1.5396,2.3352,0.60624,0.16657,0.794,0.084761,0.12281,726.1,0.50269,2.5396,0.12281,0.052591,36.787,1.3658,0.14028,0.042499,0.20314,0.37581,0.44283,3.2056,4.2662,3.2395,0.13885,0.052591,25.628,14.242,5.5946,0.13232,2.3352,2.5269,0.84533,0.056664,1.5667,0.060932,0.060073,93.335,56.549,0.42168,3.9058,38.996,0.06516,0.027903,2.132,0.15467,0.070214,3.7768,5.2662,1188.7,0.056664,0.1637,0.94768,0.39436,9.9221,6.4546,24.176,15.098,14.548,0
0.019119,0.69771,0.007033,1.0135,-33.583,0,0.019557,0.43327,1.6603,0.30229,0.052696,0.037599,0.032795,0.019557,4677,0.078041,1.4333,0.019557,0.011779,31.485,1.4049,0.048979,0.011515,0.076709,0.30041,0.077413,1.478,0.014873,4.4246,0.41486,0.028051,116.75,3.1263,2.3306,0.034199,1.6603,2.6602,0.44663,0.020598,0.040699,0.27729,0.0295,111.24,79.755,0.13349,0.73818,32.147,0.014086,0.008484,0.75558,0.52014,0.31987,0.63933,0.94459,186.94,0.020598,0.063245,0.98847,0.47746,11.593,4.5765,114.35,3.192,3.5114,0
0.008286,0.70474,0.64959,4.9781,51.699,0.042342,0.008286,0.39383,1.007,0.27755,0.008286,0.050741,0.024746,0.008286,5161.1,0.070721,1.419,0.008286,0.004114,65.122,1.4363,0.039851,0.004114,0.042342,0.27755,0.070721,0.19925,3.4715,4.8829,0.33888,0.004114,29.799,12.249,0.056547,0.039851,2.0559,0.83762,0.819,0.019786,0.19102,0.28462,0.019786,141.66,76.539,0.023057,2.7775,65.577,-0.001703,-0.000846,1.1534,0.16329,0.081641,1.4833,4.3769,49608,0.00694,0.029852,0.99306,1.9508,5.6048,4.7688,29.592,12.334,10.764,0
0.10457,0.68843,-0.13383,0.71753,-53.328,0.13117,0.10517,0.26689,1.1184,0.18374,0.10517,0.22197,0.070384,0.10517,1826.7,0.19982,1.4526,0.10517,0.053812,21.131,1.7495,0.13881,0.053504,0.13277,0.18374,0.19894,0.79432,-0.20277,4.7584,0.35102,0.053812,98.958,3.6884,0.20164,0.13881,1.9661,1.0568,0.39837,0.071026,0.020007,0.1322,0.071026,61.721,40.59,0.92419,0.47873,23.631,0.10642,0.054453,0.49383,0.4738,0.27112,0.27837,0.60355,-7673.3,0.10583,0.56912,0.89417,1.1681,17.274,8.9924,88.485,4.125,2.9611,0
0.11274,0.11342,0.50904,5.8135,84.729,0.010692,0.13419,7.7805,0.65061,0.88248,0.16585,1.2689,0.25937,0.13419,245.33,1.4878,8.8167,0.13419,0.20624,95.717,1.1594,0.15363,0.17328,0.33603,0.85835,1.2987,4.8524,1.3215,5.0275,0.17433,0.20624,105.96,3.5276,3.2891,0.28634,0.65061,57.918,0.89015,0.4401,2.4664,0.020089,0.23614,198.58,102.86,0.66076,4.2002,166.93,0.11907,0.18302,5.4204,0.10575,0.28348,2.2909,2.3108,5.8135,0.4401,0.12775,0.60506,0.00869,3.8133,3.5484,59.328,6.1522,1.689,0
0.17756,0.10107,0.29834,4.3076,68.549,0.49376,0.17756,8.8031,1.1612,0.88977,0.17756,1.9686,0.19813,0.17756,147.39,2.4765,9.8937,0.17756,0.14055,29.441,1.3114,0.17852,0.14055,0.49376,0.88977,2.4765,1.6409,0.48792,4.3941,-0.03349,0.14055,30.26,12.062,1.7663,0.17852,1.2766,26.355,0.90065,0.14131,1.6243,0.013225,0.14131,69.928,40.487,1.7425,3.1779,34.186,0.10578,0.083731,3.8441,0.090198,0.082904,1.4552,1.4729,7393,0.13879,0.19956,0.86121,0.012223,12.398,9.0153,26.06,14.006,2.0661,0
-0.066348,0.53251,0.14529,1.2728,-15.941,-0.029944,-0.066348,0.8779,2.0487,0.46749,-0.036146,-0.1246,-0.010152,-0.066348,-9345,-0.039058,1.8779,-0.066348,-0.032385,41.221,0.92469,-0.038713,-0.032385,-0.044947,-0.096293,-0.039058,-1.2818,0.45094,3.4844,0.23735,-0.020461,93.127,3.9194,3.9194,-0.03837,2.0487,,0.46749,-0.018729,0.094962,2.5964,-0.018896,111.75,70.527,-0.28676,0.83836,40.463,-0.084262,-0.041129,1.2728,0.53251,0.25514,1.4509,1.4509,443.26,-0.018729,-0.14192,1.0319,0,8.8548,5.1753,94.872,3.8473,6.3586,0
0.14113,0.44893,-0.10991,0.75518,-44.823,-0.92037,0.14113,1.2275,2.0151,0.55107,0.18655,0.31436,0.092057,0.14113,883.34,0.4132,2.2275,0.14113,0.070037,21.013,1.3336,0.18648,0.070037,-0.46477,-0.39406,0.4132,4.1054,-0.16628,2.7347,0.20674,0.078473,88.255,4.1405,4.1405,0.15726,2.0465,,0.55107,0.078044,0.072047,0.064824,0.092541,55.551,34.538,1.2166,0.33045,22.779,0.1421,0.070521,0.75518,0.44893,0.24152,0.83372,0.83372,-59.67,0.078611,0.2561,0.90828,0,17.371,10.568,81.318,4.4886,3.0486,1
-0.12624,0.87432,0.030342,1.035,-89.596,0,-0.12624,0.14378,2.4872,0.12571,-0.064587,-0.14583,-0.045675,-0.12624,-2809.1,-0.12993,1.1438,-0.12624,-0.050757,97.623,0.94965,-0.066708,-0.050757,-0.087778,0.11349,-0.12993,-1.0819,0.29163,3.8422,0.34323,-0.025968,122.49,2.9904,2.9609,-0.092472,2.5242,,0.12571,-0.037179,0.031063,-0.53904,-0.026821,127.55,29.924,-0.18978,0.7995,94.124,-0.07935,-0.031903,1.0248,0.86569,0.33558,1.2082,1.2082,211,-0.037176,-1.0043,1.0256,0,3.7389,12.197,127.04,2.8731,23.905,1
-0.10647,0.47539,0.10636,1.2237,-9.4112,-1.5657,-0.10647,0.87026,0.97398,0.41371,-0.10647,-0.22398,-0.020146,-0.10647,-4433,-0.082337,2.1036,-0.10647,-0.054802,29.336,1.2079,-0.084418,-0.054802,-1.5784,0.41371,-0.082337,-0.42319,0.25428,4.408,0.24286,-0.054802,86.984,4.1962,-0.17758,-0.084418,1.9824,,0.41371,-0.043449,0.008665,-0.91482,-0.043449,108.51,79.179,-0.68186,0.89525,28.572,-0.15175,-0.078106,1.2237,0.47539,0.23831,0.98912,0.98912,2721.1,-0.026718,-0.25737,1.0267,0,12.442,4.6098,89.308,4.087,4.6452,0
-0.003823,0.48832,-0.33421,0.31189,-192.46,0.006905,-0.003282,0.98204,1.017,0.47955,-0.003282,-0.006757,0.046908,-0.003282,4590.2,0.079518,2.0478,-0.003282,-0.003964,3.604,1.133,0.013289,-0.004619,0.018664,0.47955,0.078408,0.16327,-0.39387,5.9466,0.58961,-0.003964,217.79,1.6759,0.027214,0.013289,0.834,54.366,0.48219,0.016054,0.14518,0.28978,0.016054,35.701,32.097,-0.46776,0.29506,3.6652,-0.028822,-0.034819,0.3102,0.48568,0.59668,0.56516,0.56827,-295540,0.016685,-0.007973,0.98331,0.005497,101.28,11.372,214.16,1.7044,0.97556,0
-0.011375,0.065957,0.036261,1.6043,-22.975,-0.035298,-0.011375,14.12,0.97981,0.93131,-0.011375,-0.18957,-0.002486,-0.011375,-35576,-0.01026,15.161,-0.011375,-0.04178,70.751,0.9346,-0.008582,-0.04178,-0.032563,0.93131,-0.01026,-0.30885,0.040123,5.0071,0.23826,-0.04178,78.82,4.6308,-0.13011,-0.008582,0.27283,7.3058,0.93727,-0.031521,0.027084,1.0247,-0.031521,126.88,56.127,-0.21554,0.72479,69.323,-0.01928,-0.070816,1.4595,0.060004,0.21594,1.0305,1.0371,3685.6,-0.020607,-0.012214,1.0206,0.006392,5.1589,6.5032,80.444,4.5373,0.30126,0
0.017099,0.40161,0.034669,1.1022,-24.49,-0.021197,0.017211,1.2524,1.0115,0.50298,0.017211,0.05076,0.070906,0.017211,1624.1,0.22474,2.49,0.017211,0.013521,31.95,1.0902,0.03565,0.013433,0.020982,0.50298,0.22446,0.28329,0.055359,4.1798,0.30359,0.013521,98.344,3.7115,0.088769,0.03565,1.297,4.1943,0.56552,0.028007,0.056226,0.12147,0.028007,101.7,69.752,0.15347,0.77364,32.317,-0.037395,-0.029378,0.9306,0.33907,0.26944,0.80315,0.90301,524.46,0.011358,0.033996,0.98864,0.12434,11.424,5.2329,97.227,3.7541,2.0325,0
0.1191,0.12672,0.51125,5.0346,152.78,0.36525,0.15113,6.0303,1.0077,0.76413,0.15113,1.1926,0.20521,0.15113,215.91,1.6905,7.8916,0.15113,0.14477,33.814,0.95045,0.1454,0.1141,0.46192,0.76413,1.4378,1.4036,1.4122,4.2422,-0.09803,0.14477,44.646,8.1753,1.1475,0.1454,1.248,,0.76413,0.13929,1.8209,0.019981,0.13929,142.39,108.58,1.2316,4.2715,34.073,0.082308,0.078847,5.0346,0.12672,0.12232,2.1107,2.1107,8930.1,0.007606,0.15587,0.99239,0,10.794,3.3616,44.307,8.238,2.8834,0
0.051773,0.65858,-0.097116,0.82139,-114.1,0.07382,0.063922,0.51841,1.5533,0.34142,0.11846,0.11756,0.057685,0.063922,2682.8,0.13605,1.5184,0.063922,0.041153,82.52,1.0792,0.11216,0.033331,0.19956,0.24431,0.1176,2.0566,-0.17549,3.7477,0.40884,0.045145,137.5,2.6545,2.1916,0.10996,1.5533,0.83089,0.45628,0.070791,0.045181,0.15926,0.072211,99.173,16.653,0.14743,0.17552,88.807,0.086485,0.055678,0.67813,0.54372,0.37671,0.61695,0.82451,-543.25,0.070791,0.15164,0.96273,0.33642,4.4232,21.918,127.77,2.8568,2.8069,0
0.1361,0.66365,0.27182,1.4122,57.768,0,0.16774,0.50681,1.8684,0.33635,0.1831,0.25439,0.092404,0.16774,1403.1,0.26015,1.5068,0.16774,0.089779,0,1.9677,0.16956,0.072843,0.30024,0.28304,0.21247,11.038,3.9508,3.4493,0.33407,0.090048,141.67,2.5764,2.5598,0.16956,1.8684,357.77,0.33895,0.090753,0.059885,0.1268,0.090753,174.2,174.2,,1.4122,0,0.16466,0.088128,1.4031,0.65938,0.38814,4.8887,4.9265,764.86,0.090753,0.40463,0.91087,0.007738,,2.0953,128.81,2.8335,27.156,0
0.20512,0.82945,0.23513,1.3559,-30.256,0,0.20512,0.20561,2.2792,0.17055,0.26409,0.31049,0.095706,0.20512,1387.9,0.26298,1.2056,0.20512,0.089997,63.725,1.295,0.25494,0.089997,0.4495,0.16843,0.26298,4.3237,2.2558,3.5484,0.35664,0.10794,118.69,3.0753,2.4494,0.24754,2.2792,3.039,0.33436,0.10861,0.03551,0.10319,0.11185,139.69,75.969,0.51548,0.75358,71.489,0.24193,0.10615,1.0799,0.66063,0.32517,1.6362,3.2078,831.27,0.10861,1.2027,0.91073,0.96053,5.7277,4.8046,105.8,3.45,21.866,0
-0.32461,0.43051,0.34449,1.8002,21.896,-0.54318,-0.31802,1.2016,0.91942,0.51729,-0.31802,-0.73869,-0.068063,-0.31802,-656.7,-0.55581,2.3228,-0.31802,-0.09046,11.32,0.97447,-0.30322,-0.092336,-0.47842,0.51729,-0.57112,-0.79302,1.5311,4.2062,0.09149,-0.09046,41.096,8.8817,-0.70433,-0.30322,3.5755,,0.51729,-0.086252,0.27073,-0.06305,-0.086252,68.363,57.043,-2.9773,1.5469,10.408,-0.38196,-0.10865,1.8002,0.43051,0.11259,2.2991,2.2991,5538.1,-0.087642,-0.62753,1.0876,0,32.244,6.3987,44.698,8.166,15.625,0
0.073214,0.13101,0.45081,4.4669,47.355,0.18707,0.078542,5.8038,1.0454,0.76033,0.078542,0.60402,0.079077,0.078542,406.35,0.89825,7.6333,0.078542,0.05278,65.481,1.2147,0.071466,0.049199,0.20233,0.76033,0.85758,0.50204,1.0755,4.5299,0.001228,0.05278,33.342,10.947,0.54552,0.071466,1.5809,323,0.7613,0.048025,1.0068,0.038943,0.048025,110.36,44.876,0.27424,2.4138,68.452,0.032333,0.021728,4.4338,0.13003,0.091347,1.814,1.8163,15272,0.043405,0.096292,0.9566,0.001278,5.5741,8.1336,31.894,11.444,3.5503,0
0.011455,0.30582,0.19373,1.7209,8.5125,-0.14766,0.016796,2.2699,1.8813,0.69418,0.019525,0.062502,0.027456,0.016796,2161.1,0.1689,3.2699,0.016796,0.008928,18.187,1.4985,0.019295,0.006089,-0.078511,-0.005879,0.15143,7.0699,0.3604,3.8325,0.1412,0.010303,52.511,6.9509,6.1076,0.013458,1.8813,,0.69418,0.007154,0.36034,0.18825,0.010256,70.936,52.749,0.12219,1.3721,18.319,-0.015562,-0.008272,1.5122,0.26872,0.14387,1.2914,1.2914,1317.3,0.007154,0.016501,0.9911,0,20.069,6.9196,52.136,7.0009,3.4997,0
0.011841,0.89784,-0.13132,0.82328,-46.927,-0.003916,0.015955,0.11379,2.9758,0.10216,0.057268,0.021472,0.012836,0.015955,8579.5,0.042543,1.1138,0.015955,0.005362,28.524,1.3048,0.055627,0.003979,0.014087,0.077188,0.037961,1.3465,-0.33823,3.3015,0.2995,0.019245,92.111,3.9626,3.2795,0.031287,2.9758,6.9109,0.15703,0.010514,0.031799,0.38434,0.018693,72.137,43.613,0.050918,0.51031,28.827,0.033385,0.011219,0.68136,0.74307,0.25236,0.26314,0.40446,-262.89,0.010514,0.1159,0.99468,0.53707,12.796,8.3691,91.142,4.0047,7.6646,0
0.12598,0.28654,0.29022,2.2635,27.085,0.1289,0.12598,2.49,1.6121,0.71346,0.12858,0.54845,0.085536,0.12598,758.47,0.48123,3.49,0.12598,0.078148,44.273,1.0584,0,0.078148,0.4126,0.70715,0.48123,0,0.60453,4.9157,0.12237,0.17648,68.652,5.3167,4.2622,0.013279,1.6121,39.482,0.72168,0.008237,0.40469,0.80189,0,96.671,52.398,0.64427,1.4122,58.441,-0.011911,-0.007389,1.8145,0.2297,0.18809,1.4861,1.5033,23903,0.24243,0.17658,0.76339,0.011516,8.2443,6.9659,52.009,7.0181,3.358,0
0.002358,0.53313,0.17889,1.5445,-106.77,0.086788,0.002905,0.87571,0.68575,0.46687,0.018914,0.008842,0.012223,0.002905,23217,0.015722,1.8757,0.002905,0.004236,198.45,0.60028,0.016064,0.003438,0.34998,0.45919,0.014695,1.0034,0.3632,3.8139,0.71059,0.004236,181.41,2.012,1.24,0.024662,0.68575,,0.46687,0.035964,0.14103,0.825,0.023425,245.44,46.987,0.006323,0.40971,205.85,0.010587,0.015439,0.95184,0.32856,0.49701,0.94787,0.94787,1165.5,0.035964,0.00505,0.99578,0,1.8393,7.7681,174.88,2.0871,1.3923,0
0.23222,0.78886,0.12717,1.171,-30.095,0,0.29002,0.26766,2.2893,0.21114,0.30682,0.38988,0.14154,0.29002,888.6,0.41076,1.2677,0.29002,0.12668,26,1.167,0.30035,0.10144,0.55444,0.21054,0.3375,17.878,0.98609,4.9224,0.23225,0.12816,136.64,2.6712,2.5188,0.30229,2.2893,22.345,0.24283,0.13205,0.51695,0.078643,0.1312,77.566,51.566,1.4241,0.95174,29.955,0.26634,0.11634,1.1042,0.74386,0.37436,1.6372,1.8828,10637,0.13205,1.0998,0.87437,0.15006,14.039,7.0783,118.6,3.0776,17.751,0
-0.47658,0.9755,0.2342,1.3083,15.209,-0.27157,-0.47339,0.025129,4.4049,0.024514,-0.47339,-0.62323,-0.10747,-0.47339,-752.15,-0.48528,1.0251,-0.47339,-0.10747,2.1365,,-0.41456,-0.10819,-0.76019,-0.46051,-0.48855,-7.0279,37.628,4.2884,0.20604,-0.1021,61.083,6.4945,5.057,-0.30518,4.5186,4.6127,0.23437,-0.069281,0.089386,-0.078437,-0.094112,76.72,74.583,-18.484,0.12333,1.9078,-0.41456,-0.094112,1.0187,0.75957,0.15398,3.9386,37.655,4550,-0.030393,-19.441,1.0538,8.5606,170.84,4.8939,62.94,5.7992,707.73,1
0.36261,0.49895,0.51629,2.1042,113.35,0,0.44871,1.0042,1.8214,0.50105,0.48,0.95971,0.24991,0.44871,400.11,0.91225,2.0042,0.44871,0.24636,2.4307,1.6508,0.46812,0.19909,0.52574,0.49732,0.73968,14.961,31.951,4.1275,-0.014982,0.24671,125.55,2.9072,2.7242,0.4621,1.8214,,0.50105,0.25371,1.2928,0.035045,0.25702,76.03,73.6,29.896,2.0783,3.257,0.46167,0.25347,1.9718,0.46755,0.34398,31.008,31.008,6924.9,0.25371,0.7237,0.75694,0,150.16,4.9593,93.698,3.8955,112.72,0
0.014037,0.75384,0.23293,1.316,-1.9878,0,0.019845,0.32654,2.0499,0.24616,0.065087,0.026924,0.013084,0.019845,10259,0.03558,1.3265,0.019845,0.009681,41.442,0.9694,0.063281,0.006848,0.10803,0.18111,0.027875,1.3987,7.7679,4.0898,0.3593,0.02164,135.74,2.6889,2.6292,0.067934,2.0499,,0.24616,0.03314,0.038543,0.35766,0.03087,167.66,126.22,0.060309,1.0002,42.862,0.056304,0.027467,1.2868,0.73709,0.3719,8.2092,8.2092,2864.6,0.03314,0.057022,0.99038,0,8.8075,2.8918,131.24,2.7811,68.362,0
-0.054831,0.57536,0.1151,1.201,-14.314,-0.048682,-0.054831,0.73804,0.97908,0.42464,-0.054831,-0.095749,-0.045362,-0.054831,-3959.5,-0.092184,1.738,-0.054831,-0.046895,27.223,1.4792,-0.026861,-0.046895,-0.038186,0.42464,-0.092184,-0.22493,0.36863,5.2856,0.49045,-0.046895,175.03,2.0854,-0.046686,-0.026861,1.1967,222.08,0.42735,-0.022974,0.13485,-0.75456,-0.022974,190.59,163.37,-0.62876,1.0487,26.653,-0.028654,-0.024507,1.1954,0.57265,0.47953,1.36,1.3686,22218,-0.021365,-0.12912,1.0214,0.006368,13.408,2.2342,178.77,2.0418,3.7446,0
0.16644,0.045728,0.33731,8.7732,302.2,0.43707,0.19546,20.512,1.395,0.93798,0.19546,4.5044,0.38569,0.19546,78.369,4.6574,21.868,0.19546,0.35397,10.712,0.76873,0.18962,0.30142,0.53034,0.93798,4.0228,4.7905,0.54466,4.6508,-0.43635,0.35397,40.014,9.1217,4.1467,0.18962,0.60969,156.13,0.94031,0.34339,6.6878,0.007258,0.34339,59.816,49.104,10.271,8.3998,14.943,0.17211,0.31168,8.3253,0.043393,0.10963,1.5146,1.5183,15096,0.28318,0.17744,0.71682,0.002489,34.075,7.4332,28.683,12.725,0.89164,0
0.059863,0.31453,0.19424,1.7008,25.002,0.60918,0.078636,2.1794,1.7362,0.68547,0.091267,0.28371,0.080794,0.078636,818.42,0.44598,3.1794,0.078636,0.045292,16.363,0.70535,0.082383,0.034479,0.36018,0.68187,0.38629,6.522,0.36748,4.2214,0.093232,0.047941,61.769,5.9822,5.2717,0.098366,1.7484,10.65,0.72243,0.056656,0.57076,0.072797,0.047451,65.848,49.485,0.76912,1.42,17.134,0.020746,0.011949,1.4988,0.27717,0.16716,1.2968,1.3667,3234.3,0.056656,0.087331,0.95559,0.053915,22.307,7.376,58.27,6.264,3.2846,0
0.055935,0.40703,0.40973,2.0067,59.487,0,0.16046,1.4568,2.65,0.59297,0.16058,0.39423,0.089823,0.16046,624.15,0.58479,2.4568,0.16046,0.06055,0,1.1342,0.15598,0.021107,0.22665,0.57565,0.328,1234.1,2.2358,3.0626,0.005082,0.060598,58.826,6.2047,6.2044,0.12459,2.65,,0.59297,0.047015,0.97983,0.058094,0.05886,57.565,57.565,,2.0067,0,0.078407,0.029588,2.0066,0.40702,0.16117,3.2357,3.2357,473.3,0.047015,0.09433,0.94081,0,,6.3407,56.061,6.5108,14.461,0
-0.1786,0.27595,0.321,2.2955,72.911,0,-0.1786,2.6239,0.76267,0.72405,-0.1786,-0.72078,-0.173,-0.1786,-763.38,-0.47813,3.6239,-0.1786,-0.23418,5.3903,0.96314,-0.18262,-0.23418,-0.37433,0.68302,-0.47813,,0.7444,3.0945,0.012658,-0.23418,59.231,6.3442,5.6968,-0.76428,1.3934,,0.72405,-1.0021,1.0779,-0.067653,-0.23945,144.38,138.99,-15.857,1.1234,2.6151,-0.22928,-0.30063,2.0612,0.24779,0.15763,1.6791,1.6791,399,-1.0021,-0.24667,1.1282,0,67.714,2.626,118.59,3.0779,1.7687,1
0.091607,0.29047,0.30802,2.1283,-22.461,0.079113,0.099221,2.1605,1.0606,0.62756,0.099221,0.36345,0.096642,0.099221,676.25,0.53974,3.4427,0.099221,0.061163,88.41,1.0471,0.11337,0.056469,0.09284,0.62756,0.51353,0.74122,0.73518,4.2865,0.16594,0.061163,65.148,5.6027,0.39031,0.11337,1.6764,10.768,0.64503,0.069886,0.10324,0.055869,0.069886,124.39,35.976,0.23313,0.68895,93.769,0.055815,0.034406,2.0003,0.273,0.17849,1.4978,1.5395,5957.4,0.057153,0.14597,0.94285,0.027832,4.1285,10.146,61.424,5.9423,3.8719,0
0.088548,0.6283,0.31011,1.525,48.796,0,0.088548,0.5916,1.7245,0.3717,0.091186,0.14991,0.055199,0.088548,2409.2,0.1515,1.5916,0.088548,0.051348,0.32834,1.5017,0.089688,0.051348,0.26774,0.088548,0.1515,33.994,3.1257,3.9144,0.34887,0.051378,131.65,2.7725,2.6065,0.086802,1.7245,,0.3717,0.050336,0.19327,0.21741,0.052009,166.5,166.17,57.082,1.5224,0.34574,0.083047,0.048158,1.4337,0.59068,0.36069,3.7466,3.7466,2546.4,0.050336,0.23822,0.94879,0,1111.7,2.1966,125.02,2.9194,17.382,0
-0.023076,0.29301,0.27536,2.1639,59.115,0.049001,-0.012791,2.4128,0.97395,0.70699,-0.012791,-0.054064,-0.014047,-0.012791,-8361.6,-0.043652,3.4128,-0.012791,-0.014047,21.911,1.0468,-0.015249,-0.025344,0.085957,0.70699,-0.078756,-0.16311,0.5642,5.0888,0.19977,-0.014047,92.367,3.9516,-0.052041,-0.015249,0.92916,8.1032,0.76342,-0.016747,0.75368,-0.63174,-0.016747,133.74,111.83,-0.42219,1.9329,21.34,-0.015249,-0.016747,1.7472,0.23658,0.25306,1.4486,1.5642,33785,-0.026744,-0.032641,1.0267,0.079821,16.658,3.2638,94.837,3.8487,1.8656,0
-0.089367,0.4505,0.17677,1.4512,-60.002,-0.46642,-0.10465,1.1808,1.0102,0.53194,-0.10465,-0.2671,-0.036513,-0.10465,-3705.2,-0.098511,2.2198,-0.10465,-0.086097,109.13,0.87874,0.012732,-0.073526,-0.4752,0.53194,-0.064596,0.10582,0.40973,4.3901,0.33444,-0.086097,118.85,3.071,0.028263,0.012732,1.2658,3.4947,0.59065,0.010476,0.1222,0.20289,0.010476,156.36,47.236,-0.24593,0.52369,110.24,-0.047534,-0.039109,1.2621,0.39179,0.32563,1.233,1.369,4340.2,0.010088,-0.168,0.98991,0.11037,3.3448,7.7272,117.65,3.1023,2.8172,0
-0.29011,1.8334,-1.029,0.26147,-391.55,-0.29011,-0.30126,-0.45456,0.75356,-0.83338,-0.30126,-0.21621,-0.34409,-0.30126,-2458.2,-0.14848,0.54544,-0.30126,-0.38079,36.947,0.55514,-0.26723,-0.3667,-0.30126,-0.83338,-0.1424,,-1.6188,4.5326,2.0849,-0.38079,484.42,0.75347,-0.14576,-0.26723,0.79349,0.646,-0.39337,-0.33778,0.13284,-0.25305,-0.33778,82.69,45.743,-3.6227,0.204,27.842,-0.29627,-0.37449,0.19872,1.3934,1.3272,-1.311,-0.61883,-35080,-0.32703,0.34812,1.327,-0.52798,9.8791,7.9793,642.84,0.56779,1.2446,1
0.032426,0.03386,0.73185,22.614,450.24,0,0.040676,28.533,0.51038,0.96614,0.041723,1.2013,0.14825,0.040676,163.33,2.2347,29.533,0.040676,0.079697,8.4088,1.1851,0.003793,0.063533,0.089349,0.96012,1.9911,3.6247,3.1236,3.9196,-1.0301,0.081747,24.085,15.155,15.155,-0.002748,0.51038,,0.96614,-0.005384,20.133,0.029101,0.007433,60.065,51.657,2.7578,22.267,8.3638,-0.031198,-0.061125,22.614,0.03386,0.065987,4.1236,4.1236,6081,-0.005384,0.033563,0.92687,0,43.407,7.0659,24.215,15.073,2.1784,0
0.048342,0.72695,0.23073,1.3677,-9.5788,0,0.063762,0.37561,3.5884,0.27305,0.10155,0.10161,0.032783,0.063762,2255.5,0.16183,1.3756,0.063762,0.017769,30.79,1.1879,0.10154,0.013472,,0.2002,0.14061,2.6872,1.6277,2.8365,0.12134,0.02093,65.724,5.5535,4.7939,0.10344,3.5884,5.5879,0.37247,0.028827,0.49541,0.15591,0.028298,55.677,24.887,0.1597,0.88531,31.704,0.047666,0.013284,1.1806,0.62752,0.18007,1.9262,2.6276,158.36,0.028827,0.17705,0.98226,0.36411,11.855,14.666,63.829,5.7184,25.314,0
0.087267,0.52232,0.23986,1.5178,5.7762,0,0.11173,0.91454,2.3399,0.47768,0.16659,0.24118,0.090006,0.11173,905.25,0.40321,1.9145,0.11173,0.047751,31.705,0.99481,0.16313,0.037296,0.34909,0.40722,0.35637,2.9735,0.80797,3.4531,0.17081,0.054291,78.065,4.6756,4.1469,0.17383,2.3399,9.4593,0.53053,0.074291,0.27222,0.066452,0.069719,90.01,58.306,0.42937,1.079,34.249,0.064262,0.027464,1.3462,0.46326,0.21388,1.609,1.7871,680.84,0.074291,0.18269,0.953,0.11063,11.513,6.2601,72.266,5.0508,7.8817,0
-0.02707,0.70247,0.32108,1.7988,0.28118,0,-0.031966,0.42355,1.4274,0.29753,-0.010882,-0.079522,0.013481,-0.031966,13325,0.027393,1.4236,-0.031966,-0.022394,78.381,1.1088,-0.018481,-0.018964,-0.045951,0.22571,0.034363,-0.87658,1.1593,4.4033,0.49108,-0.009016,101.44,3.5982,2.059,-0.018939,1.4274,1.5175,0.57201,-0.013268,0.037152,0.71548,-0.012947,181.07,102.68,-0.088309,1.0362,77.355,-0.069689,-0.048821,1.0293,0.40197,0.27791,1.0743,2.0654,8126.2,-0.013268,-0.09098,1.0221,0.92251,4.6567,3.5546,102.78,3.5511,5.1541,0
0,1.4034,-0.61493,0.56327,-1018.6,-0.41049,-0.34443,-0.28744,0.45177,-0.40339,-0.21637,-0.24462,-0.76198,-0.34443,-1488,-0.24529,0.71256,-0.34443,-0.7624,539.84,0.56126,-0.21637,0,,-0.41049,0.000134,-1.6896,-2.9719,3.8475,3.1052,-0.7624,1132.7,0.32224,0.3233,-0.001943,0.45177,,-0.40339,-0.004301,0.000465,-0.21639,-0.47894,640.23,100.39,0,0.088715,537.53,-0.21656,-0.47936,0.56512,1.408,3.1033,-1.9496,-1.9496,-4328.1,-0.004301,0,1.7601,0,0.67612,3.6358,1137.6,0.32086,2.1834,0
0.002875,0.45294,0.49645,2.0961,4.7893,0,0.002875,1.2078,2.354,0.54706,0.061147,0.006348,0.015477,0.002875,4537.9,0.080433,2.2078,0.002875,0.001221,69.514,1.0226,0.061062,0.001221,-0.1578,0.3907,0.080433,1.0479,9.808,3.5048,0.13225,0.002332,69.958,5.2174,5.2174,-0.009202,2.354,,0.54706,-0.003909,0.35056,0.15957,0.02594,122.59,53.075,0.006413,1.1063,69.243,0.027506,0.011685,2.0961,0.45294,0.19167,10.808,10.808,1587.5,-0.003909,0.005256,0.99886,0,5.2508,6.877,70.232,5.1971,46.506,0
0.078231,0.18626,0.54974,4.3399,62.954,-0.060919,0.10008,4.3688,1.9937,0.81374,0.1213,0.60803,0.054055,0.10008,630.85,0.57859,5.3688,0.10008,0.050198,36.683,0.76456,0.12074,0.039239,0.08507,0.80316,0.46128,5.6908,1.9245,4.0218,0.00136,0.051523,30.908,11.809,10.436,0.049958,1.9937,,0.81374,0.025058,1.1808,0.048343,0.060561,95.196,58.513,0.39043,3.1226,37.626,0.11305,0.056705,3.8351,0.1646,0.08468,2.8486,2.8486,5781,0.025058,0.096138,0.9522,0,9.95,6.2379,30.134,12.113,6.9793,0
0.022718,0.43629,0.068409,1.1713,-5.9683,0.071408,0.022718,1.2506,1.0021,0.54561,0.022718,0.056883,0.023718,0.022718,1799.1,0.20288,2.292,0.022718,0.006087,12.036,1.071,0.036905,0.006087,0.071408,0.54561,0.20288,0.0991,0.12853,4.819,0.09243,0.006087,39.143,9.3248,0.084589,0.036905,3.7769,9.337,0.58253,0.009889,0.24375,0.13967,0.009889,36.23,24.194,0.1846,0.86315,12.062,-0.02889,-0.007742,1.0722,0.39937,0.10724,1.0252,1.0945,4508.9,0.0021,0.041637,0.9979,0.067666,30.325,15.086,39.061,9.3444,7.0119,0
0.056351,0.39589,0.37761,2.3274,13.909,0,0.070846,1.526,1.6068,0.60411,0.084131,0.24904,0.07531,0.070846,1194.1,0.30566,2.526,0.070846,0.044092,72.223,1.2408,0.081759,0.035071,0.16444,0.60008,0.26904,6.154,1.1175,5.0979,0.22607,0.052102,68.329,5.3418,3.8386,0.087133,1.6068,3.944,0.69138,0.054229,0.12496,0.10003,0.050884,142.33,70.106,0.17724,1.2098,76.364,0.0316,0.019667,1.6724,0.28448,0.1872,1.7878,2.046,47311,0.054229,0.093279,0.9558,0.14445,5.0538,5.2064,64.623,5.6481,4.755,0
0.11651,0.12266,0.30694,3.5024,9.8176,0.60318,0.11651,7.1526,3.7395,0.87734,0.19735,0.94987,0.045059,0.11651,265.71,1.3737,8.1526,0.11651,0.031157,19.712,1.2341,0.19171,0.031157,0.22758,0.71895,1.3737,2.3717,0.53812,3.9272,0.021053,0.031158,12.346,29.563,29.563,0.11323,3.7395,,0.87734,0.030279,0.41947,0.016777,0.051267,36.91,17.198,0.57693,1.856,20.327,0.13973,0.037365,3.5024,0.12266,0.033826,1.5381,1.5381,2595.9,0.030279,0.1328,0.96961,0,18.517,21.223,11.972,30.487,6.556,0
0.049595,0.8254,-0.041562,0.94965,-41.921,0,0.049595,0.21154,3.1379,0.1746,0.10631,0.060087,0.016324,0.049595,5881.7,0.062057,1.2115,0.049595,0.015805,33.914,1.0959,0,0.015805,0.21258,0.16574,0.062057,0,-0.19227,4.852,0.26282,0.031611,101.88,3.5828,3.5828,0.000115,3.1379,,0.1746,0.000037,0.014234,16.916,0,89.809,55.896,0.17011,0.59642,35.986,-0.001626,-0.000518,0.94965,0.8254,0.27911,0.80773,0.80773,-2955.6,0.057582,0.28405,0.9605,0,10.763,6.53,96.01,3.8017,14.516,0
-0.75517,1.1159,-0.28003,0.72161,-104,-1.1265,-0.75517,-0.10388,2.5199,-0.11592,-0.75226,-0.75075,-0.29968,-0.75517,-539.36,-0.67672,0.89612,-0.75517,-0.29968,82.755,0.69599,0,-0.29968,-1.7714,-0.16755,-0.67672,0,-1.0215,2.9861,0.4219,-0.59936,123.75,2.9496,2.6588,0.13715,2.5199,,-0.11592,0.054425,0.058202,,0,96.657,13.902,-1.3218,0.15362,70.287,0,0,0.65046,1.0059,0.33903,-0.42286,-0.42286,-271.19,-0.1774,6.5144,1.1742,0,4.4106,26.255,145.7,2.5052,9.1922,0
0.37002,0.11266,0.45577,5.0596,89.089,0.02767,0.37002,7.8761,1.2825,0.88734,0.3718,3.2958,0.33062,0.37002,96.983,3.7636,8.8761,0.37002,0.28853,68.086,1.2853,0.36582,0.28853,0.96578,0.82791,3.7636,206.16,1.0551,4.2329,0.013878,0.28872,44.89,8.1311,8.1029,0.36958,1.2825,,0.88734,0.28818,0.88055,0.008946,0.28525,133.53,65.449,1.5467,2.9288,95.65,0.31183,0.24315,5.0421,0.11227,0.12299,2.0542,2.0542,7791.6,0.28818,0.417,0.71324,0,5.3609,5.5769,31.953,11.423,2.969,0
0.093346,0.33685,0.26059,2.9376,168.16,0,0.10649,1.9687,0.7161,0.66315,0.12154,0.79184,0.24653,0.10649,696.43,0.5241,2.9687,0.10649,0.14871,0,1.228,0.11789,0.13035,0.21002,0.2471,0.48507,7.8364,0.43077,4.159,0.040372,0.1634,79.583,4.5864,1.8311,0.09928,0.7161,3.6833,0.77041,0.13864,2.3283,0.059744,0.16463,41.77,41.77,,2.9376,0,0.047843,0.066811,1.1729,0.13449,0.21804,1.0963,1.2736,3758,0.13864,0.14076,0.85643,0.16174,,8.7384,68.55,5.3246,1.1838,0
0.14351,0.44068,0.36372,2.2262,31.1,0.22974,0.17834,1.2602,1.1728,0.55533,0.17834,0.60124,0.16449,0.17834,758.34,0.48132,2.2692,0.17834,0.1383,76.066,1.3677,0.18227,0.11129,0.28583,0.55533,0.40228,1.6577,1.0708,5.5658,0.29946,0.1383,98.468,3.7068,0.4136,0.18227,1.2925,2.7184,0.69939,0.14135,0.19363,0.067065,0.14135,170.65,94.588,0.53403,1.3202,89.211,0.1485,0.11516,1.4985,0.29662,0.26978,1.635,2.0591,133820,0.14735,0.25843,0.85265,0.25941,4.7984,3.8589,83.96,4.3473,3.7965,0
0.010727,0.46245,0.60711,3.0198,161.96,0,0.019426,1.1624,1.2361,0.53755,0.019432,0.06463,0.028844,0.019426,4734.2,0.077098,2.1624,0.019426,0.015715,11.932,0.98323,0.00774,0.008678,0.15691,0.30522,0.058288,1302.7,6.5759,3.5271,-0.1675,0.015715,87.565,4.1683,2.7092,-0.01677,1.2361,,0.53755,-0.013567,2.2618,0.64314,0.006262,67.279,55.347,0.26546,2.8854,11.773,-0.008488,-0.006866,1.9628,0.30057,0.23991,5.8225,5.8225,2043.5,-0.013567,0.019956,0.98485,0,30.589,6.5947,88.753,4.1125,13.389,0
0.38669,0.43559,0.5149,3.3355,623.06,0,0.38669,1.2957,1.4448,0.56441,0.38686,1.754,0.38572,0.38669,285.3,1.2794,2.2957,0.38669,0.26765,27.975,1.418,0,0.26765,0.93286,0.55382,1.2794,0,1.9457,3.9793,0.19571,0.5353,200.71,1.8186,0.92042,0.004766,1.4448,2.9036,0.77954,0.003299,0.71822,0.085116,0,145.78,117.8,3.4921,2.8332,100.81,-0.17059,-0.11807,1.6882,0.22046,0.54989,2.1328,2.9457,4909.6,0.7225,0.68511,0.28296,0.38115,13.047,3.0984,55.698,6.5532,5.4594,0
0.12989,0.54221,0.46967,7.1573,39.897,0.11572,0.16732,0.82763,1.1439,0.44875,0.16732,2.1935,0.13785,0.16732,880,0.41477,1.8443,0.16732,0.10256,70.223,1.2081,0.20527,0.079617,0.15818,0.44875,0.34575,1.4393,1.0344,4.6662,0.28343,0.10256,19.522,18.697,0.37858,0.20527,1.6462,0.49807,0.91469,0.12582,1.1003,0.067819,0.12582,103.37,33.143,0.41383,3.0424,80.329,0.14769,0.090526,1.0069,0.076279,0.053484,0.98832,2.0145,21779,0.12581,0.28945,0.87419,1.0383,5.1977,11.013,17.066,21.388,3.593,0
0.030101,0.043144,0.58628,15.15,1194.7,0.6245,0.030101,22.178,0.21409,0.95686,0.030497,0.7265,0.22504,0.030101,326.85,1.1167,23.178,0.030101,0.1406,46.495,0.22869,0.027533,0.1406,0.3041,0.6546,1.1167,69.525,1.5748,3.6559,-1.8212,0.1406,81.233,4.4933,4.315,0.027922,0.21409,,0.95686,0.13042,10.48,0.03153,0.1286,329.84,283.35,1.1037,14.492,53.468,0.009455,0.044162,14.549,0.041433,0.22256,2.5702,2.5702,2654.4,0.13042,0.031458,0.86132,0,7.8503,1.2882,70.638,5.1672,0.57507,0
0.10466,0.47466,0.15337,1.4972,7.7635,0.21609,0.12863,1.1068,1.1356,0.52534,0.12863,0.41701,0.1168,0.12863,1114.7,0.32745,2.1068,0.12863,0.096664,14.787,0.92571,0.13831,0.078652,0.26671,0.52534,0.27695,1.1803,0.28498,5.0359,0.34601,0.096664,96.08,3.7989,0.29139,0.13831,1.3565,2.4543,0.69154,0.10394,0.28851,0.094515,0.10394,102.27,87.478,1.9414,1.3224,16.792,0.11152,0.083803,0.97296,0.30846,0.26323,0.97615,1.285,16658,0.1194,0.19923,0.8806,0.31637,24.683,4.1725,84.608,4.314,2.4726,0
-0.29802,0.69444,-0.087763,0.86574,-129.99,-0.069656,-0.29903,0.44,1.3068,0.30556,-0.26065,-0.45747,-0.19511,-0.29903,-994.12,-0.36716,1.44,-0.29903,-0.22883,112.03,0.89077,-0.26067,-0.22806,-0.33148,-0.07922,-0.3657,-6.7912,-0.20217,4.1138,0.5234,-0.20764,159.18,2.4368,2.2937,-0.19205,1.3068,,0.30556,-0.14696,0.12371,-0.10687,-0.19947,135.48,23.444,-0.74301,0.25211,91.913,-0.30473,-0.23319,0.8149,0.65367,0.41037,0.70389,0.70389,-1140.4,-0.14696,-0.97535,1.2483,0,3.2579,15.569,182.58,1.9992,3.0103,1
0.07154,0.63727,0.17361,1.2793,-27.158,0,0.07154,0.56919,1.8594,0.36273,0.10268,0.11507,0.051642,0.07154,2422.4,0.15068,1.5692,0.07154,0.038474,58.169,1.0024,0.10086,0.038474,0.5758,0.32099,0.15068,3.2393,0.84812,3.7183,0.32254,0.053489,128.43,2.8421,2.7726,0.092497,1.8594,87.544,0.36843,0.049746,0.074405,0.16947,0.054246,147.04,88.867,0.24142,0.8026,61.214,0.076382,0.041079,1.248,0.62169,0.35185,1.772,1.7998,907.58,0.049746,0.19723,0.9618,0.015713,6.2748,4.1073,122.04,2.9909,9.0836,0
-0.062822,0.15686,0.12211,1.7785,-1.3173,-0.038441,-0.076434,4.233,0.94789,0.66398,-0.076434,-0.48728,-0.024271,-0.076434,-1861.3,-0.1961,6.3752,-0.076434,-0.060309,36.224,1.0183,-0.06465,-0.049569,-0.065197,0.66398,-0.10933,-0.48353,0.16935,4.823,0.12092,-0.060309,42.82,8.524,-0.41216,-0.06465,1.2829,,0.66398,-0.051011,0.029702,-0.27176,-0.051011,78.999,42.776,-0.49947,0.9766,34.336,-0.11032,-0.087048,1.7785,0.15686,0.11732,0.92087,0.92087,8122.7,-0.054976,-0.094615,1.055,0,10.076,8.5329,45.174,8.0798,1.7577,0
0.004575,0.51147,0.093932,1.2521,-27.753,0,0.012568,0.95513,1.4297,0.48853,0.047128,0.033734,0.044532,0.012568,2932.2,0.12448,1.9551,0.012568,0.00879,49.293,1.2172,0.041773,0.0032,0.2086,0.48672,0.10885,1.2087,0.17606,5.4392,0.34981,0.017053,96.9,3.7668,2.7437,0.026402,1.4297,2.3362,0.60555,0.018467,0.044127,0.18357,0.029218,114.89,65.601,0.023693,0.73386,50.22,-0.009328,-0.006524,0.91203,0.37255,0.26548,0.91567,1.135,25822,0.018466,0.009365,0.99189,0.23955,7.4047,5.564,95.11,3.8377,2.6798,0
-0.053401,0.068396,0.86945,13.712,196.83,-0.04523,-0.060725,12.519,1.0162,0.85623,-0.060725,-0.88784,-0.018947,-0.060725,-902.87,-0.40427,14.621,-0.060725,-0.041612,25.026,0.93048,-0.086202,-0.036593,0.015906,0.85623,-0.29719,-0.60028,13.99,4.3102,-0.4192,-0.041612,17.385,20.996,-1.2603,-0.086202,1.4995,,0.85623,-0.059069,9.9783,-0.042326,-0.059069,63.872,38.846,-0.53371,12.249,25.432,-0.11928,-0.081734,13.712,0.068396,0.047629,13.777,13.777,17760,0.015972,-0.062368,0.98403,0,14.585,9.3961,17.107,21.336,23.481,0
-0.18902,3.1957,0.79583,6.5146,126.57,-2.1997,-0.18902,-0.68708,1.6126,-2.1957,-0.18902,-1.3098,0.004248,-0.18902,170260,0.002144,0.31293,-0.18902,-0.11721,43.099,0.98115,-0.18902,-0.11721,-0.64919,-2.3887,0.002144,,13.297,2.6686,1.7842,-0.11721,29.237,12.484,0.56377,-0.18902,1.6126,0.24571,0.85568,-0.11721,2.4901,15.549,-0.11721,131.46,88.357,-0.99266,5.1951,38.577,-0.38488,-0.23867,0.2942,0.14431,0.080103,-36.685,14.297,371.05,-0.11721,0.086087,1.1172,-1.3897,8.4689,4.131,32.664,11.174,26.943,0
-0.38238,1.2723,-0.44572,0.29258,-129.73,-0.22101,-0.38238,-0.21403,1.2364,-0.27231,-0.34621,-0.60689,-0.29493,-0.38238,-1273.6,-0.2866,0.78597,-0.38238,-0.30927,27.824,0.94903,-0.34621,-0.30927,-0.55197,-0.27974,-0.2866,-9.5725,-0.54646,2.3554,1.029,-0.28002,151.24,2.4134,1.1951,-0.28418,1.2364,,-0.27231,-0.22985,0.002514,-0.12911,-0.28001,53.953,26.129,-4.057,0.14299,22.624,-0.36394,-0.29436,0.14489,0.63007,0.41436,-0.33386,-0.33386,-101.03,-0.22985,1.4042,1.2915,0,13.118,13.969,186,1.9623,1.5158,0
0.000579,0.77437,-0.13793,0.8159,-91.225,0,0.00238,0.29137,1.0373,0.22563,0.021958,0.003177,0.023496,0.00238,11598,0.031472,1.2914,0.00238,0.002295,59.161,0.88199,0.021939,0.000558,0.039022,0.20458,0.029146,1.1206,-0.35484,4.2378,0.74435,0.019503,221.49,1.651,1.5974,-0.19741,1.2589,928.74,0.22611,-0.19032,0.005477,0.58758,0.021151,213.66,154.5,0.003444,0.59151,49.61,-0.000052,-0.00005,0.78941,0.74922,0.60571,0.58046,0.58169,-2384.7,-0.19032,0.002566,0.99811,0.002115,6.1696,2.3624,263.64,1.3844,2.6685,1
0.22415,0.14492,0.69319,5.7833,93.174,0,0.29338,5.9004,2.2594,0.85508,0.31269,2.0244,0.15491,0.29338,151.12,2.4153,6.9004,0.29338,0.12985,21.362,1.0069,0.31182,0.099208,0.75456,0.61746,1.9376,16.152,4.2818,2.3565,0.010235,0.13228,26.953,13.542,13.542,0.29692,2.2594,,0.85508,0.13141,1.3075,0.01311,0.13801,104.78,83.422,1.6951,4.8708,24.593,0.25518,0.11294,5.7833,0.14492,0.073844,5.2818,5.2818,157.53,0.13141,0.26214,0.87114,0,17.087,4.3754,23.411,15.591,13.956,0
0.14737,0.14178,0.75311,8.0718,338.8,0,0.1816,6.0531,0.86565,0.85822,0.1881,1.7053,0.22662,0.1816,263.8,1.3836,7.0531,0.1816,0.20979,44.219,0.96154,0.16319,0.17024,,0.79658,1.1421,25.11,5.3643,5.0113,-0.34927,0.2102,55.264,6.6046,4.9609,0.16228,0.86565,744.06,0.85923,0.18747,4.1704,0.026588,0.18851,175.19,130.97,1.4052,7.087,54.422,0.14862,0.17169,6.0629,0.1065,0.15141,6.113,6.1202,77293,0.18747,0.17171,0.8008,0.001182,8.2543,2.787,44.904,8.1285,6.1659,0
-0.046889,1.0478,-0.049299,0.95295,-56.616,-0.031423,-0.047628,-0.045625,0.99549,-0.047806,-0.047628,-0.045455,-0.011734,-0.047628,-8072.3,-0.045216,0.95437,-0.047628,-0.011796,53.036,3.9251,-0.009472,-0.011613,-0.02738,-0.047806,-0.044511,-0.023352,-33.035,4.3653,0.25449,-0.011796,94.293,3.8709,-0.00904,-0.009472,4.0571,,-0.047806,-0.002346,0.021074,-3.7358,-0.002346,88.267,35.231,-0.079922,0.39303,52.797,-0.009722,-0.002408,0.95295,1.0478,0.25834,-32.035,-32.035,-1143.3,-0.004529,0.98082,1.0045,0,6.8821,10.36,94.72,3.8535,2705.7,0
0.18379,0.43946,0.4867,2.1136,35.784,0,0.18379,1.2755,2.7524,0.56054,0.18585,0.42053,0.48647,0.18379,119.8,3.0469,2.2755,0.18379,0.066774,66.902,1.258,0,0.066774,0.33448,0.3415,3.0469,0,6.3827,3.5046,0.15815,0.15025,181.09,2.0155,2.0045,0.027541,2.7524,,0.56054,0.010006,0.031169,0.012681,0,120.69,53.789,0.3643,0.95925,209.04,-1.1552,-0.41969,2.102,0.43705,0.49615,7.3511,7.3511,1555.4,0.67996,0.32788,0.32128,0,5.4557,6.7857,57.957,6.2977,36.096,0
0.008973,0.27345,0.22412,1.9523,30.331,0.08321,0.012548,2.3597,0.98918,0.64526,0.012548,0.053321,0.04494,0.012548,1054,0.3463,3.6569,0.012548,0.005955,8.6256,1.2874,0.00816,0.004258,0.10558,0.64526,0.33323,0.038307,0.41461,5.5245,0.058455,0.005955,40.323,9.052,0.029842,0.00816,2.1614,10.747,0.68338,0.003873,0.64605,0.099549,0.003873,53.249,44.623,0.18018,1.7407,8.5323,-0.073989,-0.035112,1.6802,0.23534,0.11047,1.1937,1.2642,74990,-0.010941,0.013905,1.0109,0.059072,42.316,8.1796,40.764,8.954,3.8982,0
0.059568,0.87896,-0.17122,0.80521,-14.249,0.029597,0.082841,0.13763,4.6308,0.12097,0.13878,0.094249,0.022244,0.082841,3114.6,0.11719,1.1377,0.082841,0.017889,0.58564,,0.12443,0.012863,0.082841,0.090458,0.090712,2.2242,-0.58619,3.7708,0.1856,0.025554,70.794,5.1585,5.1585,0.09902,4.6729,,0.12097,0.021383,0.022212,0.20263,0.02687,54.246,53.66,8.0171,0.030665,0.59812,0.10427,0.022516,0.80521,0.87896,0.19385,0.41417,0.41417,-1010,0.021379,0.49241,0.9703,0,623.25,6.802,69.28,5.2685,15.854,1
0.012936,0.15074,0.45336,4.0075,80.054,0,0.012936,5.6337,1.7832,0.84926,0.013306,0.085812,0.051185,0.012936,602.81,0.6055,6.6337,0.012936,0.007254,5.413,1.0284,0.006251,0.007254,-0.011559,0.8354,0.6055,16.873,1.1451,3.5609,0.075765,0.007403,30.437,11.992,11.992,-0.024496,1.7832,,0.84926,-0.013737,0.38464,0.059402,0.003505,111.78,106.37,0.48914,3.832,5.3397,-0.072089,-0.040426,4.0075,0.15074,0.083389,2.1451,2.1451,1649.6,-0.013737,0.015232,0.9929,0,67.43,3.4314,30.855,11.829,4.5043,0
-0.039308,0.94503,0.23939,1.3147,-38.213,-0.024824,-0.039308,0.058182,3.7188,0.054984,-0.039308,-0.05168,-0.01057,-0.039308,-8775.2,-0.041595,1.0582,-0.039308,-0.01057,62.656,,-0.039308,-0.01057,-0.039308,-0.064132,-0.041595,,,2.924,0.25336,-0.01057,75.501,4.9416,3.9772,0.041857,3.7191,,0.054984,0.011256,0.003712,-0.80138,-0.01057,97.873,35.217,-0.061576,0.84299,61.992,-0.039308,-0.01057,1.0582,0.76061,0.20237,,,200.97,0.011211,-0.7149,1.0106,0,5.8255,10.364,74.654,4.8892,,1
0.044704,0.53491,0.43145,1.8532,-78.75,0,0.044704,0.86948,1.4765,0.46509,0.061998,0.088404,0.042115,0.044704,3139.7,0.11625,1.8695,0.044704,0.030276,177.21,1.0609,0.061721,0.030276,-0.030352,0.45412,0.11625,3.569,6.8621,3.7378,0.36028,0.04106,125.8,2.9015,2.7429,0.009325,1.4765,,0.46509,0.006316,0.068556,0.22512,0.041801,223.09,45.881,0.062361,0.4356,178.33,0.04424,0.029962,1.7519,0.50568,0.34465,7.3971,7.3971,2358.8,0.006316,0.096118,0.97082,0,2.0597,7.9553,125,2.9199,23.484,0
0.13081,0.37942,0.31829,2.113,47.365,0.22385,0.15421,1.4517,1.0664,0.55079,0.15421,0.53925,0.083611,0.15421,755.35,0.48322,2.6356,0.15421,0.070327,8.5825,1.4596,0.14853,0.059653,0.27078,0.55079,0.42153,0.72235,0.80432,5.9378,0.1677,0.070327,50.763,7.1902,0.39148,0.14853,2.2258,5.9153,0.64423,0.067737,0.040911,0.070211,0.067737,98.635,90.053,2.5369,1.9327,9.1525,0.11941,0.054453,1.5926,0.28598,0.13908,1.3918,1.628,275840,0.062273,0.23749,0.93773,0.16964,42.528,4.0532,47.602,7.6677,5.5412,0
0.065927,0.15877,0.52663,5.8251,14.01,0,0.086389,5.2983,1.0066,0.84123,0.091143,0.79152,0.12457,0.086389,462.14,0.78981,6.2983,0.086389,0.08582,176.04,1.0947,0.09046,0.065492,0.29423,0.81872,0.66093,19.031,1.4459,4.0279,0.10905,0.089594,44.237,8.2511,5.672,0.10608,1.0066,3.0371,0.89071,0.10538,0.51858,0.040878,0.089863,210,33.966,0.13579,1.3769,196.77,0.051449,0.051109,4.0043,0.10914,0.1212,2.3096,2.4455,5616.3,0.10538,0.07837,0.91431,0.05882,2.0734,10.746,39.575,9.223,2.7638,0
0.024846,0.72752,-0.001849,0.99401,-47.191,0.1154,0.024846,0.37453,1.4296,0.27248,0.050177,0.080523,0.019102,0.024846,9724.2,0.037535,1.3745,0.024846,0.01738,38.945,1.1114,0.000117,0.01738,0.18257,0.14025,0.037535,0.004626,-0.002667,4.7375,0.50401,0.034761,92.342,3.9527,1.6765,0.019729,1.4296,0.44698,0.61742,0.013801,0.039445,9.4053,0.000082,75.203,36.258,0.16289,0.49967,45.648,-0.002344,-0.00164,0.42159,0.30856,0.25299,0.39303,0.89058,-101.02,0.14684,0.091187,0.87079,1.2659,9.3721,10.067,78.783,4.633,2.062,0
0.017095,0.33457,0.020298,1.0624,-14.47,0.055239,0.021481,1.4075,1.0056,0.47092,0.021481,0.066,0.027051,0.021481,1836.6,0.19874,2.9889,0.021481,0.008739,16.646,1.019,0.026422,0.006955,0.063675,0.47092,0.18563,0.10809,0.031026,4.4247,0.12377,0.008739,48.6,7.5103,0.078972,0.026422,2.4802,25.667,0.48002,0.010749,0.10746,0.15399,0.010749,46.15,29.505,0.1525,0.71795,16.739,-0.018589,-0.007563,1.0335,0.32547,0.13315,0.7198,0.73371,539.66,0.005551,0.036301,0.99445,0.019332,21.927,12.371,48.33,7.5523,3.7571,0
0.073681,0.74831,-0.057747,0.91144,-42.539,0.17299,0.073681,0.33634,1.6144,0.25169,0.096915,0.113,0.098158,0.073681,1723.6,0.21176,1.3363,0.073681,0.04564,25.071,1.1428,0.096133,0.04564,0.27349,0.1536,0.21176,4.1377,-0.14235,4.1724,0.45911,0.054164,156.16,2.3374,2.0367,0.090262,1.6144,5.6556,0.33717,0.055911,0.013147,0.13787,0.059547,132.43,107.36,0.66447,0.74139,26.555,0.011349,0.00703,0.79422,0.65207,0.42783,0.62041,0.83112,-858.9,0.055911,0.29275,0.9548,0.33962,14.559,3.3997,147.43,2.4758,3.9795,0
-0.098891,1.5913,0.23547,1.4859,-44.534,-0.88369,-0.098239,-0.41286,0.9759,-0.657,-0.098239,-0.2027,-0.034634,-0.098239,-9344.6,-0.03906,0.6284,-0.098239,-0.054739,92.377,1.1008,-0.028952,-0.055102,-0.89357,-0.657,-0.03947,-0.15743,0.84132,4.9153,0.87921,-0.054739,96.19,3.7946,-0.018193,-0.028952,1.8359,0.24027,0.44969,-0.016132,0.036566,7.3381,-0.016132,142.85,50.475,-0.21772,0.54865,90.151,-0.065033,-0.036237,0.45252,0.48464,0.26354,-2.3474,1.6067,19376,-0.024697,0.15052,1.0247,-1.6845,3.9512,7.2314,98.566,3.7031,6.4123,0
-0.056086,0.072939,0.28042,4.8446,24.224,-0.19819,-0.056042,8.8817,0.86675,0.64783,-0.056042,-0.76835,-0.011948,-0.056042,-4284.1,-0.085199,13.71,-0.056042,-0.10775,167,0.96514,-0.059099,-0.10784,-0.1966,0.64783,-0.085795,-0.98488,0.43366,4.025,-0.003369,-0.10775,44.366,8.227,-0.81025,-0.059099,0.55301,,0.64783,-0.11363,1.0985,-0.25866,-0.11363,191.75,24.754,-0.23569,1.5821,144.75,-0.10893,-0.20943,4.8446,0.072939,0.12155,1.0018,1.0018,2970.6,-0.15374,-0.086576,1.1537,0,2.1856,14.745,51.187,7.1307,0.80432,0
-0.08475,0.20048,0.31996,4.1731,54.976,-0.092303,-0.08475,3.9881,0.88949,0.79952,-0.079713,-0.84048,-0.094426,-0.08475,-871.22,-0.41895,4.9881,-0.08475,-0.095279,89.773,1.1891,0,-0.095279,-0.27866,-0.16275,-0.41895,0,0.5524,3.6795,0.1423,-0.19056,56.043,6.5128,3.2758,0.089869,0.88949,,0.79952,0.10103,0.74285,8.8003,0,141.93,52.159,-0.38739,2.0034,121.59,-0.000759,-0.000854,2.0989,0.10084,0.15354,1.3804,1.3804,1529.5,0.26169,-0.106,0.75582,0,4.0658,6.9978,41.377,8.8213,1.5357,0
0.08808,0.4961,0.095269,1.2281,-38.593,0,0.08808,1.0157,2.3943,0.5039,0.12222,0.21085,0.042106,0.08808,1796.1,0.20321,2.0157,0.08808,0.036787,50.031,1.1671,0.12222,0.036787,0.27412,0.056154,0.20321,3.5798,0.19563,3.65,0.20664,0.04177,66.872,5.4582,4.5961,0.11422,2.3943,2.4959,0.57795,0.047704,0.027469,0.12253,0.051047,76.456,26.425,0.26838,0.44242,52.537,0.10949,0.045729,1.0341,0.41774,0.18321,1.0347,1.1868,425.55,0.047704,0.1748,0.96355,0.14695,7.2954,13.813,63.682,5.7316,4.9166,0
0.3424,0.32906,0.32859,2.156,15.986,0.46463,0.3424,1.9931,0.97718,0.65586,0.3424,1.2046,0.4247,0.3424,312.75,1.1671,3.039,0.3424,0.37866,89.608,0.81465,0.063298,0.37866,0.48976,0.65586,1.1671,0.68404,0.84874,5.1282,0.3398,0.37866,112.12,3.2554,0.19236,0.063298,1.3136,8.7234,0.70066,0.070001,0.31365,0.1031,0.070001,211.39,121.78,1.5424,1.375,87.563,0.021664,0.023958,1.8624,0.28425,0.30718,1.694,1.8098,44141,-0.023353,0.52206,1.0234,0.068315,4.0733,2.9972,114.74,3.1811,2.3356,0
-0.075767,0.55099,0.4409,1.8432,45.883,0,-0.060402,0.81492,2.0394,0.44901,-0.058504,-0.11551,-0.024468,-0.060402,-4030.4,-0.090561,1.8149,-0.060402,-0.029618,31.896,1.1005,-0.070442,-0.037152,-0.02008,0.44474,-0.11845,-37.119,12.184,4.0689,0.139,-0.028687,92.141,3.9613,3.7595,-0.032079,2.0394,33.296,0.47261,-0.01573,0.51161,-0.30642,-0.034541,124.62,92.723,-0.42515,1.5023,31.402,-0.080945,-0.039691,1.7492,0.52291,0.25244,12.408,13.06,5167,-0.01573,-0.16874,1.0294,0.052547,11.443,3.9365,93.59,3.9,56.356,0
-0.17272,0.27722,0.1707,1.686,-222.73,-0.27248,-0.17022,2.5901,0.89926,0.71803,-0.17022,-0.68406,-0.58014,-0.17022,-763.33,-0.47817,3.6072,-0.17022,-0.74494,23.913,1.4868,-0.035289,-0.7559,-0.26345,0.71803,-0.4872,-1.3888,0.29407,4.9551,1.1738,-0.74494,357.44,1.0211,-0.12729,-0.035289,0.45253,14.249,0.74642,-0.15444,1.2002,3.8501,-0.15444,193.09,169.17,-11.538,1.6258,21.504,-0.072945,-0.31924,1.5133,0.24883,0.9793,1.237,1.2859,15394,-0.11202,-0.24054,1.112,0.039541,15.264,2.1575,397.48,0.91827,0.39364,0
0.056257,0.76827,-0.12255,0.83542,-114.07,0,0.056257,0.30162,1.8565,0.23173,0.093295,0.075556,0.036822,0.056257,4102.1,0.08898,1.3016,0.056257,0.030303,92.619,0.98818,0.093243,0.030303,0.16823,0.22899,0.08898,2.5175,-0.32422,4.2618,0.41298,0.047691,146.87,2.5619,2.4829,0.006038,2.0008,33.704,0.23621,0.003253,0.01147,0.24309,0.050225,120.62,27.997,0.11942,0.20272,90.142,0.08114,0.043706,0.80965,0.74457,0.39034,0.61308,0.62493,-2239.5,0.003253,0.24277,0.97188,0.019326,3.9409,13.037,146.39,2.4934,4.9118,1
-0.043814,0.18811,0.7581,5.0301,94.689,-0.009291,-0.051707,4.1042,0.98866,0.77204,-0.051707,-0.27488,-0.020823,-0.051707,-1417.7,-0.25746,5.316,-0.051707,-0.022231,21.269,0.9722,-0.060145,-0.018838,-0.00246,0.77204,-0.2155,-0.25566,14.095,4.1192,-0.049577,-0.022231,29.186,12.506,-0.31973,-0.060145,2.3482,,0.77204,-0.025859,1.6377,-0.10875,-0.025859,100.14,78.875,-0.32327,4.3096,21.028,-0.06342,-0.027267,5.0301,0.18811,0.07996,14.354,14.354,9975.6,-0.011473,-0.056751,1.0115,0,17.161,4.6276,29.52,12.364,43.244,0
0.29809,0.39605,0.56771,2.4334,73.211,0,0.34565,1.5249,2.7843,0.60395,0.34615,0.87275,0.12517,0.34565,414.78,0.87999,2.5249,0.34565,0.12414,7.5488,1.4098,0.27568,0.10706,0.62163,0.57969,0.75989,558.99,15.666,3.6151,0.005041,0.12432,57.563,6.3409,6.3409,0.27297,2.7843,,0.60395,0.09804,0.96456,0.047396,0.099012,76.263,68.714,5.1767,2.288,8.3693,0.27281,0.097982,2.4334,0.39605,0.15771,16.666,16.666,2340.3,0.09804,0.49357,0.87903,0,48.352,5.3119,51.919,7.0301,76.833,0
0.0019,0.88403,-0.011869,0.98551,-8.0567,0,0.003523,0.13119,2.1458,0.11597,0.011254,0.0043,0.027833,0.003523,5402.6,0.06756,1.1312,0.003523,0.001642,4.864,1.367,0.004973,0.000885,0.025233,0.083974,0.065724,0.64329,-0.061635,3.1938,0.32902,0.004586,138.35,2.6382,2.445,-0.015597,2.1458,15.649,0.16574,-0.007268,0.22538,0.4817,0.002318,105.93,101.07,0.066446,0.95061,4.8289,-0.051228,-0.023873,0.91335,0.81929,0.37905,0.60222,0.86066,-18.547,-0.007268,0.016384,0.99838,0.42915,75.041,3.6114,139.36,2.6191,11.143,0
0.007945,0.11602,0.56654,5.8921,331.61,0.061419,0.011179,7.601,0.98922,0.8819,0.011179,0.096531,0.088932,0.011179,1040.8,0.35071,8.6189,0.011179,0.024432,133.76,0.94829,-0.00079,0.017364,0.069473,0.8819,0.32283,-0.017089,1.7836,5.8159,-0.15032,0.024432,91.387,3.994,-0.006812,-0.00079,0.48652,2364.8,0.88212,-0.001728,1.5958,0.13281,-0.001728,396.91,263.15,0.047384,4.4443,132.32,-0.030302,-0.066227,5.8811,0.11581,0.25038,2.7763,2.777,370780,-0.010897,0.009009,1.0109,0.000247,2.7288,1.387,92.383,3.9509,1.4404,0
0.10169,0.79942,0.20505,1.2689,-192.44,-0.1774,0.10169,0.25091,0.78502,0.20058,0.10169,0.13335,0.12953,0.10169,2869.4,0.1272,1.2509,0.10169,0.12953,271.48,1.4087,0.10169,0.12953,0.17968,-0.075714,0.1272,,6.3356,2.7347,0.87932,0.12953,391.16,0.93311,0.89011,0.073449,0.78502,,0.20058,0.093562,0.14512,0.26205,0.12953,398.45,126.97,0.17415,0.50321,299.51,0.10169,0.12953,1.2104,0.76258,1.0717,6.1974,6.1974,111.32,0.093565,0.50697,0.87503,0,1.3445,2.8747,354.56,1.0294,24.255,0
0.003293,0.35291,0.6359,2.8019,25.736,0,0.00499,1.8336,2.2503,0.64709,0.011316,0.014139,0.003195,0.00499,17915,0.020374,2.8336,0.00499,0.002217,75.245,1.1097,0.01108,0.001463,,0.60424,0.015565,0.002217,56.832,3.6691,0.068076,0.002219,57.485,6.3495,6.3495,0.00955,2.2503,,0.64709,0.004244,0.59981,0.88581,0.004924,126.05,50.805,0.007098,1.4874,75.566,0.008879,0.003946,2.8019,0.35291,0.15749,57.832,57.832,2967.9,0.004244,0.005089,0.99779,0,4.8508,7.1843,57.241,6.3765,201.12,0
0.09535,0.13865,0.36119,3.6051,73.166,0.21542,0.11871,5.8793,1.058,0.81515,0.11871,0.85616,0.10987,0.11871,266.1,1.3717,7.2125,0.11871,0.068579,6.8286,1.0707,0.098003,0.055086,0.26988,0.81515,1.2032,0.59903,0.72216,4.2733,0.011748,0.068579,30.932,11.8,0.70685,0.098003,1.7561,,0.81515,0.056619,0.93144,0.026896,0.056619,78.169,71.341,2.9445,3.3715,7.2246,0.026527,0.015325,3.6051,0.13865,0.084746,1.6298,1.6298,6776.4,0.054815,0.11697,0.94519,0,53.452,5.1163,29.237,12.484,3.4607,0
0.11598,0.13457,0.5703,7.5152,42.181,-0.002023,0.14382,6.4309,2.1249,0.86543,0.1914,1.643,0.079732,0.14382,289.92,1.259,7.4309,0.14382,0.067684,58.405,1.078,0.15917,0.05458,0.53798,0.77765,1.0521,3.3453,1.6668,3.6007,0.04738,0.070436,16.332,22.349,14.537,0.16853,2.1249,42.006,0.87299,0.079313,0.43372,0.024277,0.074908,106.48,48.073,0.3411,3.6309,63.436,0.13357,0.06286,4.8884,0.087535,0.044744,2.5293,2.5514,2274,0.079313,0.13401,0.93467,0.008743,6.2495,7.5925,15.036,24.275,6.2102,0
0.44502,0.84922,0.7303,5.6012,60.942,-0.51421,0.54406,0.17756,5.0065,0.15078,0.64174,3.4278,0.12031,0.54406,514.6,0.7093,1.1776,0.54406,0.10867,0.49419,1.237,0.63576,0.088889,0.50741,-0.069184,0.59268,6.5084,6.5805,3.3566,0.12313,0.11822,13.465,27.107,5.0662,0.70417,5.0065,1.5865,0.70688,0.14065,1.4984,0.040786,0.12699,47.476,46.981,65.652,5.5585,0.57508,0.57747,0.11534,1.0469,0.15872,0.036891,1.3587,6.3695,1660,0.14065,2.9514,0.89984,3.6881,738.58,7.769,11.571,31.543,45.112,0
0.000579,0.7455,0.69749,4.3012,-32.022,0.006156,0.002218,0.33762,1.1649,0.2517,0.002218,0.010496,0.018717,0.002218,34240,0.01066,1.3414,0.002218,0.005223,626.74,2.4161,0.028917,0.001364,0.009397,0.2517,0.008462,0.79334,7.6462,5.335,1.7545,0.005223,211.58,1.7251,0.038789,0.028917,0.44447,0.33639,0.78591,0.068104,0.004193,0.70742,0.068104,780.46,153.72,0.000794,0.85053,730.09,0.023187,0.054611,1.219,0.21128,0.57966,2.7592,8.6154,150840,0.14155,0.0023,0.85845,2.1225,0.58237,2.3745,181.63,2.0096,4.6545,0
0.10746,0.61295,0.20669,1.3715,-3.3833,0.22173,0.13511,0.63145,2.6417,0.38705,0.14088,0.24287,0.071186,0.13511,1189.7,0.3068,1.6314,0.13511,0.051147,27.406,1.0771,0.11913,0.040679,0.33564,0.33475,0.26168,20.669,0.87213,4.6972,0.14006,0.053329,81.234,4.4932,4.078,0.14202,2.6417,,0.38705,0.053762,0.49303,0.11874,0.045096,67.527,40.121,0.54176,1.015,28.964,0.066191,0.025057,1.2448,0.55632,0.22256,1.6332,1.6332,10292,0.053762,0.27764,0.94936,0,13.318,9.0976,76.867,4.7485,11.147,0
0.025974,0.14608,0.50398,4.9998,151.95,0,0.025974,5.8458,1.2385,0.85392,0.032725,0.20614,0.030437,0.025974,1414.4,0.25806,6.8458,0.025974,0.020972,15.938,0.82715,0,0.020972,0.16811,0.74782,0.25806,0,1.3621,3.6732,0.018469,0.048408,43.148,8.4593,7.2968,0.001675,1.2385,,0.85392,0.001352,1.017,0.41539,0,147.9,131.96,0.48029,4.5706,18.519,-0.011722,-0.009465,4.3127,0.126,0.11821,2.3078,2.3078,2375,0.13936,0.030417,0.86592,0,22.901,2.766,37.135,9.8291,3.3471,0
0.063986,0.49505,-0.042896,0.90547,-59.17,0.14338,0.064652,0.72916,1.0459,0.36097,0.064652,0.14247,0.082368,0.064652,1688.3,0.2162,2.02,0.064652,0.049756,37.808,1.4553,0.071119,0.049243,0.14547,0.36097,0.21485,0.57243,-0.072816,5.0874,0.35891,0.049756,133.32,2.7378,0.14366,0.071119,1.3164,6.698,0.40222,0.054733,0.10674,0.1434,0.054733,101.82,64.009,0.47539,0.60888,39.542,0.028743,0.02212,0.83002,0.4538,0.36526,0.61276,0.68278,-5245.3,0.043855,0.17726,0.95614,0.11428,9.654,5.7023,127.47,2.8634,2.2057,0
0.017893,0.10833,0.28047,3.589,83.062,0.060793,0.024861,5.7156,1.0047,0.6192,0.024861,0.22949,0.078926,0.024861,573.05,0.63694,9.2308,0.024861,0.028437,34.094,1.0081,0.018728,0.020467,0.089055,0.6192,0.57262,0.21522,0.45889,3.806,-0.056215,0.028437,45.44,8.0325,0.17287,0.018728,0.90298,,0.6192,0.021421,1.5295,0.056652,0.021421,93.146,59.052,0.21911,2.8351,34.254,-0.025413,-0.029068,3.589,0.10833,0.12449,1.0131,1.0131,1794.4,0.004664,0.028898,0.99534,0,10.706,6.181,45.228,8.0701,1.4304,0
0.042056,0.48317,-0.089307,0.78049,-112.43,0.23412,0.047507,1.0697,0.58138,0.51683,0.13068,0.11677,0.10342,0.047507,2933.2,0.12444,2.0697,0.047507,0.081713,32.509,2.0905,0.097267,0.072337,0.085718,0.25862,0.11316,1.1695,-0.13086,5.9587,0.83107,0.081713,299.71,1.2764,1.0748,0.085916,0.58138,3.4818,0.59315,0.14778,0.023861,0.14657,0.1673,193.26,160.75,0.81218,0.65321,36.395,0.084648,0.1456,0.6572,0.40685,0.78345,0.7573,0.86914,0.78049,0.14778,0.081373,0.8537,0.14768,11.228,2.2706,255.42,1.429,0.85189,0
0.70606,0.93762,-0.38287,0.57829,-43.323,0,0.70606,0.066535,5.1509,0.062384,0.81843,0.77767,0.14524,0.70606,457.47,0.79787,1.0665,0.70606,0.13708,13.7,1.5194,0.81843,0.13708,1.1006,0.060737,0.79787,7.283,-0.80612,3.3853,0.17925,0.13804,67.983,5.369,5.1989,0.2763,5.1509,,0.062384,0.053641,0.021653,0.036322,0.15889,35.812,22.112,3.652,0.36535,14.477,0.77639,0.15073,0.55998,0.90792,0.18626,0.13135,0.13135,-929.76,0.053641,11.318,0.87601,0,26.642,16.507,64.336,5.6733,10.845,0
-0.72362,0.83163,-0.071242,0.91433,-40.713,-1.2078,-0.72362,0.20246,3.083,0.16837,-0.66959,-0.87012,-0.10764,-0.72362,-914.68,-0.39905,1.2025,-0.72362,-0.23471,35.554,1.0525,-0.66974,-0.23471,-1.9008,-0.11111,-0.39905,-12.396,-0.29732,2.5537,0.22141,-0.21719,82.045,4.4488,4.4488,-0.61672,3.083,,0.16837,-0.20004,0.18226,-0.099723,-0.21723,72.078,36.523,-2.4095,0.55322,29.628,-1.0615,-0.3443,0.91433,0.83163,0.22478,0.70267,0.70267,-25.491,-0.20004,-4.2978,1.2347,0,10.266,9.9936,98.457,3.7072,12.867,0
0.28024,0.36134,0.1037,1.287,9.2646,1.0215,0.28024,1.7052,1.173,0.61615,0.28024,0.77555,0.16961,0.28024,398.46,0.91602,2.7674,0.28024,0.1436,8.9365,1.0361,0.25261,0.1436,1.0215,0.61615,0.91602,1.5183,0.19385,4.6503,0.036084,0.1436,79.274,4.6043,0.69909,0.25261,2.0779,,0.61615,0.12944,0.845,0.03916,0.12944,29.871,20.935,5.8652,1.1548,10.482,0.20185,0.10343,1.287,0.36134,0.21719,1.1518,1.1518,4635,0.14746,0.45482,0.85254,0,40.844,17.435,67.584,5.4007,3.648,0
-0.1231,0.29571,-0.11949,0.58315,-1302.2,-0.25498,-0.13836,2.3817,0.030767,0.70429,-0.12929,-0.48267,-3.6473,-0.13836,-961.82,-0.37949,3.3817,-0.13836,-4.4971,1679.8,0.23984,-0.1313,-4.001,-0.41099,-0.29936,-0.32787,-14.469,-0.14348,4.0084,9.6091,-4.4572,1064.1,0.64347,0.62377,-0.06756,0.030767,2.8327,0.71332,-2.1959,0.000253,-0.093739,-4.2675,1982.3,302.46,-0.86936,0.089193,280.19,-0.15744,-5.1172,0.5653,0.28666,1.5541,0.84566,0.85649,0.58315,-2.1959,-0.17478,3.508,0.012816,0.21729,1.2068,3400.7,0.10733,0.036943,0
0.013084,0.67712,0.064107,1.2735,8.3189,0,0.013084,0.47685,1.2635,0.32288,0.013084,0.055827,0.01433,0.013084,13650,0.02674,1.4769,0.013084,0.010355,0,1.0487,0,0.010355,0.26031,0.20783,0.02674,,0.091382,3.1796,0.53589,0.02071,100.66,3.626,1.2551,0.061253,1.2635,2.7532,0.43129,0.048478,0.19024,4.4942,0,73.341,73.341,,1.2735,0,-0.005022,-0.003975,0.4408,0.23437,0.27578,0.46026,0.61479,96.95,0.32742,0.040522,0.67258,0.33575,,4.9767,67.702,5.3913,1.8011,0
0.048263,0.42555,0.34509,2.1782,41.883,0.18431,0.058622,1.1895,1.0077,0.50617,0.058622,0.20015,0.064139,0.058622,1189.2,0.30693,2.3499,0.058622,0.028788,21.198,1.137,0.060349,0.023701,0.23129,0.50617,0.28258,0.29865,0.95326,4.5983,0.072975,0.028788,52.904,6.8993,0.14182,0.060349,2.1051,3.9178,0.63883,0.029636,0.94593,0.10572,0.029636,64.693,43.495,0.40809,1.7745,21.362,-0.01164,-0.005716,1.4992,0.29289,0.14494,1.3982,1.7646,13683,0.007687,0.09535,0.99231,0.26208,17.219,8.3917,52.497,6.9527,5.6251,0
0.006139,0.20706,0.076952,1.6949,54.197,0.053797,0.008096,3.7916,1.0058,0.78508,0.008096,0.073111,0.10851,0.008096,1359.3,0.26853,4.8296,0.008096,0.015799,3.5904,1.0462,0.015058,0.01198,0.063975,0.78508,0.25908,0.29558,0.094731,4.2066,0.23332,0.015799,79.336,4.6007,0.072723,0.015058,0.53169,1.8961,0.8814,0.029386,0.81159,0.10881,0.029386,69.676,66.085,1.2179,1.6494,3.6113,-0.032447,-0.063322,0.90644,0.11073,0.21736,0.96647,1.085,1238.2,0.005795,0.007819,0.9942,0.12269,101.66,5.5232,78.877,4.6275,0.6308,0
0.10629,0.65281,0.035263,1.0971,-13.603,0,0.13136,0.53185,1.8577,0.34719,0.17462,0.36159,0.1139,0.13136,1126.1,0.32413,1.5318,0.13136,0.070711,18.455,1.3429,0.16859,0.057214,0.33639,0.30566,0.28572,3.8975,0.05863,3.8587,0.35099,0.077728,78.701,4.6378,2.581,0.17285,1.8577,1.1306,0.61662,0.093043,0.00752,0.087452,0.090752,77.77,59.315,1.1316,0.83851,20.348,0.088358,0.047563,0.61052,0.36329,0.21562,0.57726,1.0252,254.7,0.093043,0.30613,0.93024,0.77602,19.778,6.1536,71.378,5.1136,3.0887,0
0.55486,0.95451,0.045295,1.0736,-38.927,-2.913,0.55486,0.047658,2.3189,0.04549,0.60853,0.90127,0.3392,0.55486,442.94,0.82404,1.0477,0.55486,0.23928,35.158,0.90367,0,0.23928,-0.71667,-2.3581,0.82404,0,0.13359,4.0479,0.40664,0.50566,113.05,3.2288,2.0825,0.061023,2.3189,1.3296,0.3746,0.026316,0.037987,0.13733,0,100.35,65.197,2.4842,0.71077,41.014,-0.23169,-0.099914,0.69244,0.61565,0.30972,0.13417,1.1048,505.75,0.14278,12.198,0.88068,7.2349,10.382,5.5985,96.906,3.7665,6.8392,0
-0.34753,0.69486,0.17358,1.2512,-80.131,-0.4525,-0.34753,0.43853,1.9989,0.30472,-0.3263,-0.50294,-0.15735,-0.34753,-806.36,-0.45265,1.4391,-0.34753,-0.17386,125.27,0.98261,-0.33338,-0.17386,-1.3053,-0.28567,-0.45265,-15.705,1.2816,3.2574,0.32664,-0.17386,108.04,3.3816,3.3627,-0.33521,2.01,,0.30472,-0.1677,0.061152,-0.07711,-0.16678,150.15,24.888,-0.50659,1.054,107.16,-0.36638,-0.18329,1.2442,0.69099,0.29572,2.2499,2.2499,314,-0.16787,-1.1405,1.1625,0,2.9138,14.666,126.18,2.8928,14.759,1
0.018559,0.1683,0.14549,2.0156,3.742,0.073679,0.030168,4.2792,1.0306,0.7202,0.030168,0.21058,0.077515,0.030168,649.41,0.56205,5.9417,0.030168,0.024721,39.063,1.024,0.033007,0.015209,0.11089,0.7202,0.49307,0.27876,0.20456,4.1356,0.1207,0.024721,44.163,8.2648,0.19611,0.033007,1.258,6.3164,0.74524,0.027047,0.16938,0.056791,0.027047,79.11,40.047,0.14211,1.104,40.26,-0.031419,-0.025747,1.7157,0.14326,0.121,1.0126,1.0478,1988.3,0.029729,0.02577,0.97027,0.034767,9.3438,9.1144,42.85,8.518,1.7158,0
0.14742,0.51025,0.46224,1.9059,19.873,0.48135,0.14742,0.9576,1.0299,0.48862,0.14742,0.28892,0.033307,0.14742,1159.9,0.31467,1.9598,0.14742,0.030582,9.519,1.1479,0.14865,0.030582,0.48135,0.48862,0.31467,0.3176,16.805,4.3452,0.10536,0.030582,39.79,9.1731,0.29134,0.14865,4.8319,,0.48862,0.030837,0.15922,0.10368,0.030837,67.483,57.964,1.1726,1.6595,9.8037,0.13552,0.028112,1.9059,0.51025,0.10901,17.764,17.764,10235,0.029043,0.30171,0.97096,0,38.344,6.297,38.635,9.4475,175.25,0
0.26707,0.12598,0.50268,11.036,92.191,0.24412,0.26707,6.9378,1.4225,0.87402,0.26758,5.3318,0.21745,0.26707,148.66,2.4553,7.9378,0.26707,0.18775,55.886,0.96091,0.30709,0.18775,0.85564,0.51119,2.4553,604.94,1.124,4.1152,-0.069612,0.1881,16.191,22.543,8.963,0.29332,1.4225,18.096,0.89253,0.2062,4.6225,0.012021,0.21588,82.426,26.54,1.2262,6.6874,70.403,0.26484,0.18618,4.3878,0.05009,0.04436,1.9543,1.9957,6554.3,0.2062,0.30556,0.78236,0.021179,6.5312,13.753,12.853,28.399,3.1806,0
0.099357,0.279,0.72162,4.3999,70.746,0,0.12703,2.5842,3.3611,0.721,0.12705,0.59849,0.062937,0.12703,481.4,0.7582,3.5842,0.12703,0.037793,9.9713,1.3481,0.11329,0.029561,0.42596,0.59073,0.65903,4224.1,10.912,3.1156,-0.045412,0.0378,23.73,15.382,11.701,0.096407,3.3611,,0.721,0.028683,2.0565,0.047017,0.033707,54.014,44.043,1.0821,3.9673,10.266,0.02878,0.008563,3.3472,0.21225,0.065013,10.902,10.902,941.69,0.028683,0.13781,0.96263,0,36.605,8.2874,23.049,15.836,50.824,0
0.033335,0.77342,0.26282,1.3622,-16.832,-0.002404,0.041743,0.29296,2.4433,0.22658,0.04452,0.057529,0.018991,0.041743,6083.9,0.059994,1.293,0.041743,0.017084,54.258,1.4187,0.044506,0.013643,0.10083,0.073209,0.049123,16.028,22.696,3.4163,0.17281,0.017765,110.58,3.3007,3.0966,0.048358,2.4433,,0.22658,0.019792,0.49967,0.52439,0.018215,93.495,39.237,0.09178,0.86165,55.354,0.039848,0.016309,1.278,0.7256,0.30297,19.567,19.567,685.45,0.019792,0.14712,0.98297,0,6.7271,9.3025,108.39,3.3673,211,0
0.001517,0.32977,0.41835,2.506,45.364,0,0.001517,2.0324,0.86228,0.67023,0.010952,0.005461,0.074206,0.001517,1881.1,0.19403,3.0324,0.001517,0.001759,127.54,1.0341,0,0.001759,-0.09821,0.5931,0.19403,0,1.3768,4.1153,0.37571,0.003738,164.25,2.2222,1.8719,0.11224,0.86228,,0.67023,0.13017,0.1906,0.17596,0,272.26,144.73,0.005035,1.4214,178.15,-0.06247,-0.072447,2.111,0.27779,0.45,2.2057,2.2057,5455.5,0.28409,0.002263,0.72714,0,2.8619,2.522,117.59,3.1041,2.8378,0
0.11495,0.38917,0.005466,1.0196,-31.108,0,0.14036,1.5695,0.6509,0.61083,0.14652,0.5021,0.3373,0.14036,647,0.56414,2.5695,0.14036,0.21564,24.176,1.1355,0.13276,0.1766,0.3179,0.55204,0.49885,21.567,0.007645,4.0446,0.58174,0.22199,185.6,1.9666,1.4126,0.10114,0.6509,4.4183,0.66558,0.15539,0.048405,0.061204,0.20397,152.24,128.06,2.6662,0.86533,28.624,0.053576,0.08231,0.73235,0.27955,0.50849,0.85432,0.93089,60.578,0.15539,0.18819,0.7992,0.089632,15.098,2.8502,156.76,2.3284,0.91037,0
0.16041,0.69907,0.090965,1.1301,10.146,0,0.19873,0.43047,3.4455,0.30093,0.19873,0.28428,0.065055,0.19873,1138.4,0.32064,1.4305,0.19873,0.057679,0,1.9395,0.19237,0.046557,0.40632,0.26699,0.26582,,0.43324,3.1682,0.19253,0.057679,78.436,4.6535,4.6535,0.19237,3.4455,,0.30093,0.055834,0.051078,0.10699,0.055834,79.91,79.91,,1.1301,0,0.16696,0.048458,1.1301,0.69907,0.21489,1.4332,1.4332,134,0.055834,0.53305,0.94243,0,,4.5676,74.057,4.9287,16.41,0
0.17636,0.34804,0.31728,2.6952,12.315,0.35402,0.19943,1.7586,1.1782,0.61208,0.19943,1.0655,0.18119,0.19943,520.2,0.70165,2.8732,0.19943,0.14797,74.108,1.3532,0.22784,0.13085,0.42625,0.61208,0.63537,1.9919,0.64026,4.3167,0.20955,0.14797,59.722,6.1116,0.65463,0.22784,1.4408,1.4346,0.77297,0.16905,0.38287,0.041973,0.16905,117.21,43.099,0.64448,1.2332,87.318,0.18306,0.13583,1.4494,0.18716,0.16362,1.2352,1.5598,6579.1,0.15128,0.28813,0.84872,0.26284,4.9252,8.4689,50.687,7.201,2.7197,0
0.10406,0.57898,0.34991,1.7809,24.3,0,0.13499,0.72718,1.6382,0.42102,0.14211,0.30125,0.10433,0.13499,1236.4,0.2952,1.7272,0.13499,0.082402,46.313,1.3391,0.13485,0.063522,0.22014,0.41573,0.24178,18.944,1.7323,4.4528,0.32485,0.086748,109.45,3.3349,2.5811,0.14383,1.6382,8.0647,0.4942,0.087797,0.20175,0.11301,0.082315,157.66,111.34,0.50063,1.317,50.77,0.098928,0.060388,1.3783,0.4481,0.29986,2.0844,2.4466,9925.1,0.087797,0.24717,0.91966,0.17381,7.8812,3.2781,99.839,3.6559,8.1104,0
0.21847,0.02362,0.8541,37.16,74.703,0,0.26973,41.337,4.4062,0.97638,0.33045,11.419,0.074817,0.26973,26.153,13.957,42.337,0.26973,0.061216,0,2.1192,0.28503,0.049583,-0.041369,0.78752,11.787,4.6939,6.9848,2.6733,-0.067212,0.061893,2.092,174.48,174.48,0.28494,4.4062,,0.97638,0.064669,14.018,0.002282,0.064689,45.28,45.28,,37.16,0,0.2251,0.051088,37.16,0.02362,0.005731,7.9848,7.9848,402.49,0.064669,0.22376,0.93941,0,,8.061,1.9567,186.54,36.034,0
0.087112,0.57589,0.030807,1.0632,-90.622,0,0.087112,0.73645,1.7423,0.42411,0.088287,0.17885,0.054323,0.087112,2220.8,0.16435,1.7365,0.087112,0.049997,39.805,1.1231,0,0.049997,0.2572,0.33214,0.16435,0,0.0639,4.2129,0.31711,0.11938,263.18,1.3869,1.173,0.034626,1.7423,5.3259,0.48568,0.019873,0.066357,2.547,0,101.72,61.915,0.45846,0.67314,102.67,-0.007537,-0.004326,0.89929,0.48708,0.72105,0.8797,1.0074,502.94,0.61229,0.2054,0.38854,0.14516,9.1696,5.8952,102.04,3.5771,3.614,0
0.001587,0.35108,0.32768,2.0885,-36.282,0,0.003468,1.8484,0.73225,0.64892,0.0162,0.01152,0.074788,0.003468,2339.9,0.15599,2.8484,0.003468,0.004736,196.12,0.96302,0.016125,0.002167,0.009425,0.094722,0.15063,1.2665,0.88256,3.9372,0.40521,0.020811,153.4,2.3795,2.0403,0.015948,0.73225,15.51,0.66409,0.021779,0.18472,0.17358,0.022021,285.67,89.549,0.004033,0.7815,200.49,-0.035171,-0.048032,1.7908,0.30103,0.42026,1.7478,1.7886,2835.4,0.021779,0.002445,0.99529,0.023374,1.8611,4.076,150.05,2.4324,1.9722,0
0.066364,0.41861,0.17043,1.9916,-3.7269,0,0.1049,1.3889,2.0871,0.58139,0.15946,0.61037,0.077544,0.1049,944.08,0.38662,2.3889,0.1049,0.050263,30.016,1.0622,0.13215,0.031797,0.60739,0.56087,0.29455,2.4222,0.25912,3.8924,0.19559,0.052109,32.196,11.337,4.6546,0.13865,2.0871,0.69167,0.82813,0.066433,0.1674,0.073793,0.063319,54.83,24.814,0.38666,0.99297,32.152,0.075216,0.036039,0.8177,0.17187,0.088209,0.88397,1.2591,1330.4,0.066433,0.11415,0.95044,0.42439,12.16,14.709,30.057,12.143,3.1733,0
0.078402,1.6693,-0.66925,0.59907,-51.673,-1.3916,0.080257,-0.40093,3.3823,-0.66925,0.65533,0.048079,0.023728,0.080257,7591.6,0.048079,0.59907,0.080257,0.023728,0.16955,0.54621,0.34085,0.02318,-0.71386,-1.3132,0.046968,0.5927,,1.8901,0.35734,0.023728,122.8,2.9722,2.9722,-1.5791,3.3823,,-0.66925,-0.46688,0.30069,0.16325,0.10077,53.75,53.58,49.902,0.59813,0.11558,0.34085,0.10077,0.59907,1.6693,0.33645,,,-51.968,-0.46688,-0.11715,0.9858,0,2152.8,6.8122,180.14,2.0262,,0
0.053577,0.68485,0.23259,1.3396,5.579,0.13566,0.096615,0.37942,1.0343,0.25985,0.096615,0.14108,0.06626,0.096615,1966.6,0.1856,1.4602,0.096615,0.050366,38.592,1.0047,0.10906,0.02793,0.26068,0.25985,0.12275,0.58801,2.817,4.5501,0.2845,0.050366,134.77,2.7082,0.15925,0.10906,1.9988,,0.25985,0.056853,0.20529,0.16135,0.056853,147.81,109.22,0.26416,1.0435,39.915,0.078569,0.040959,1.3396,0.68485,0.36924,3.1471,3.1471,8254.2,0.033124,0.20619,0.96688,0,9.4578,3.3418,130.31,2.801,23.233,0
0.16695,0.24028,0.36158,2.8423,5.6644,0,0.20436,3.1618,1.6041,0.75972,0.20943,1.0412,0.16202,0.20436,337.44,1.0817,4.1618,0.20436,0.1274,75.688,1.1524,0.20565,0.10407,0.63893,0.72559,0.92598,40.592,0.81778,4.0901,0.13834,0.12879,50.2,7.271,5.9391,0.17708,1.6041,5.6919,0.79928,0.11039,0.13106,0.030665,0.1282,121.08,45.391,0.50189,1.1475,85.08,0.1501,0.093572,2.3216,0.19627,0.13753,1.7182,1.8077,4449.5,0.11039,0.21975,0.87725,0.05208,4.8224,8.0413,44.658,8.1732,3.628,0
0.000257,0.30452,0.1735,1.7863,17.616,0.04062,0.000618,1.7838,0.9942,0.54319,0.000618,0.0028,0.025722,0.000618,1820.4,0.2005,3.2839,0.000618,0.00026,7.7026,1.009,0.001699,0.000108,0.052461,0.54319,0.19932,0.007116,0.28637,4.2883,0.079579,0.00026,33.733,10.82,0.005579,0.001699,2.4004,4.1025,0.62706,0.000716,0.5672,0.16112,0.000716,41.363,33.66,0.005139,1.5593,7.6579,-0.05874,-0.024746,1.2943,0.22065,0.092418,0.89658,1.035,3370,-0.005834,0.000474,1.0058,0.15439,47.386,10.844,33.93,10.758,3.918,0
-0.24544,4.1464,-3.9833,0.000443,-4159.3,-3.7078,-0.24544,-0.75883,0.087509,-3.1464,-0.24354,-0.06159,-2.8047,-0.24544,-6166.3,-0.059193,0.24117,-0.24544,-2.8047,0,0.59013,-0.24354,-2.8047,-0.38854,-3.1659,-0.059193,-128.05,-3.9903,2.7107,47.363,-2.783,4219,0.086514,0.083147,-0.25726,0.087509,0.010929,-2.9851,-2.9398,0.000443,-0.56753,-2.783,0,0,,0.000443,0,-0.24354,-2.783,0.000425,3.9851,11.559,-3.152,-2.9903,-2046.3,-2.9398,0.078005,3.3786,-0.051288,,,16622,0.021959,0.087664,0
0.086846,1.15,-0.25382,0.67167,-57.799,0,0.086846,-0.13045,2.9392,-0.15002,0.16981,0.11234,0.051741,0.086846,2760.2,0.13224,0.86955,0.086846,0.029548,22.995,1.2996,0.16152,0.029548,0.38666,-0.22412,0.13224,1.9468,-0.52794,3.6,0.38824,0.051837,99.866,3.6549,2.4568,0.11378,2.9392,0.98309,0.18979,0.038711,0.016906,0.16906,0.054955,62.858,39.862,0.46901,0.43214,23.921,0.096293,0.032762,0.4515,0.77305,0.27361,-0.31204,0.39477,-1010.4,0.038711,-0.57891,0.97103,-2.2651,15.873,9.1565,96,3.8021,6.1136,0
0.015901,0.91006,0.026748,1.0344,-52.78,0,0.021908,0.098829,2.1252,0.08994,0.084055,0.028215,0.025429,0.021908,6146.5,0.059384,1.0988,0.021908,0.010309,55.379,1.8577,0.084048,0.007482,0.040158,0.036435,0.052783,1.3524,0.13594,4.5958,0.36019,0.015561,138.07,2.6435,2.2555,0.07256,2.1252,3.672,0.22087,0.034143,0.18689,0.2611,0.039548,113.03,57.651,0.049314,0.61918,57.337,0.051914,0.024428,0.88262,0.77649,0.37828,0.45709,1.1225,1054.6,0.034143,0.1768,0.98976,1.4558,6.5909,6.3312,133.36,2.737,10.801,0
0.15177,0.52299,0.47701,1.9121,20.902,-0.36004,0.15177,0.91207,8.0401,0.47701,0.15198,0.2902,0.019875,0.15177,1194.6,0.30554,1.9121,0.15177,0.018877,0,1.5877,0.15133,0.018877,0.58564,-0.18856,0.30554,735.59,,1.9172,0.065048,0.018903,24.198,15.084,15.084,0.15133,8.0401,,0.47701,0.018821,0.037184,0.1094,0.018821,44.515,44.515,,1.9121,0,0.1433,0.017824,1.9121,0.52299,0.066296,,,39.418,0.018823,0.31818,0.98112,0,,8.1995,23.743,15.373,,0
0.011239,0.3949,0.25329,1.6422,-34.18,0,0.016624,1.5323,1.3234,0.6051,0.027989,0.042149,0.048862,0.016624,2229,0.16375,2.5323,0.016624,0.012561,101.94,0.80748,0.025144,0.008493,0.30252,0.57226,0.15012,2.2123,0.71898,3.8815,0.26859,0.020021,111.08,3.2859,3.2818,0.027435,1.3234,,0.6051,0.02073,0.10547,0.17986,0.018999,167.16,65.22,0.030407,0.70504,104.1,-0.022897,-0.017302,1.6402,0.39441,0.30433,1.7176,1.7176,1928.2,0.02073,0.018574,0.98755,0,3.5804,5.5964,108.78,3.3555,3.7565,0
0.092408,0.37219,0.42842,2.1511,16.085,0.29635,0.11329,1.6784,1.07,0.62471,0.11329,0.3044,0.070494,0.11329,1021.2,0.35741,2.6868,0.11329,0.060038,67.918,1.3575,0.11873,0.04897,0.31723,0.62471,0.30129,0.67322,2.1486,5.175,0.18449,0.060038,77.032,4.7383,0.31899,0.11873,1.9108,,0.62471,0.062916,0.062906,0.088378,0.062916,150.33,82.41,0.26317,1.2076,72.674,0.098995,0.05246,2.1511,0.37219,0.21105,3.1331,3.1331,64108,0.065443,0.14792,0.93456,0,5.3741,4.4291,71.991,5.0701,9.4641,0
0.063134,0.56145,0.37859,3.7218,30.249,0.19169,0.075893,0.7408,1.0187,0.41593,0.075893,0.54562,0.052797,0.075893,1497.7,0.24371,1.7811,0.075893,0.029284,23.833,1.0613,0.099445,0.024361,0.23972,0.41593,0.22098,0.39089,0.78494,5.0743,0.1503,0.029284,19.956,18.29,0.17712,0.099445,2.6961,0.82504,0.83828,0.038372,1.2413,0.11509,0.038372,48.593,24.76,0.37309,2.5052,24.278,0.038508,0.014858,0.92204,0.1391,0.054675,0.86235,1.738,44923,0.018345,0.15179,0.98166,1.0155,15.315,14.741,19.59,18.632,5.3733,0
0.007293,0.79703,0.003931,1.0088,-125.93,0,0.010196,0.25465,1.2268,0.20297,0.022275,0.022711,0.03302,0.010196,7181.7,0.050824,1.2547,0.010196,0.008311,124.57,1.373,0.022039,0.005945,0.017695,0.18373,0.047182,1.8245,0.007186,4.5609,0.64301,0.010505,133.61,2.7318,1.5388,0.000334,1.2268,0.23446,0.34885,0.000272,0.026417,0.5075,0.017964,131.22,6.648,0.01742,0.076187,124.6,-0.008273,-0.006744,0.56821,0.44895,0.36606,0.37098,0.63763,143.04,0.000272,0.035934,0.99187,0.71878,2.9301,54.904,133.57,2.7326,2.2423,0
0.030779,0.43012,0.044111,1.1569,806.42,0,0.043742,0.76923,1.0702,0.33086,0.070781,0.15562,0.10635,0.043742,1379.4,0.26461,2.325,0.043742,0.040873,37.245,1.2427,0.050709,0.02876,0.11232,0.31499,0.23447,1.8754,0.10256,9.6983,0.40191,0.040873,,0.2717,0.17756,0,1.0702,0.80099,0.60051,0,0.32683,0.11871,0.047384,79.579,42.334,0.28185,0.76842,521.92,-0.019359,-0.01809,0.75606,0.28108,3.6805,0.76923,1.3962,1.1569,1,0.093029,0.094416,0.81501,9.7999,8.622,95.866,3.8074,2.4881,0
-0.089951,0.887,0.26927,1.5222,-55.992,-0.073957,-0.089951,0.1274,1.2754,0.113,-0.080792,-0.17445,0.084038,-0.089951,3020.5,0.12084,1.1274,-0.089951,-0.070525,47.698,1.0942,0,-0.070525,,0.064737,0.12084,0,1.2519,4.0153,0.65779,-0.13865,253.91,1.4375,0.83567,0.014027,1.2754,1.9005,0.4383,0.010998,0.45622,0.14998,0,157.3,109.6,-0.53969,1.199,82.073,-0.19714,-0.15456,0.88491,0.51564,0.69565,0.52538,2.0378,2789.6,0.41884,-0.79602,0.59074,2.8787,7.6524,3.3302,147.56,2.4735,5.9299,0
0.041576,0.8454,-0.011121,0.945,-19.623,0,0.047644,0.1829,0.86856,0.15462,0.066331,0.23562,0.085265,0.047644,4166.7,0.0876,1.1829,0.047644,0.054855,13.155,1.0396,0.060929,0.047868,0.14859,0.020309,0.080422,3.2605,-0.013748,6.0414,0.97328,0.057492,91.712,3.9798,0.95192,0.063801,0.86856,0.25263,0.7871,0.073457,0.000297,0.32264,0.070149,80.277,67.122,1.3282,0.79019,14.198,0.034516,0.039739,0.22603,0.20221,0.25127,0.19115,0.97304,-12233,0.073457,0.26889,0.9456,4.0904,27.746,5.4379,84.975,4.2954,1.0737,0
0.060711,0.44388,0.26199,1.723,-1.9504,0,0.060711,1.2529,2.0005,0.55612,0.070987,0.16754,0.70807,0.060711,114.38,3.1911,2.2529,0.060711,0.030349,39.459,1.2142,0,0.030349,0.13041,0.5496,3.1911,0,0.69745,3.8843,0.18314,0.069232,416.18,0.87702,0.71598,0.005273,2.0005,5.1478,0.6354,0.002636,0.32457,0.010913,0,92.46,53.001,0.28073,1.1262,248.38,-1.3558,-0.67773,1.4066,0.36237,1.1402,1.4805,1.6915,2007,0.84113,0.10917,0.16501,0.14255,9.25,6.8867,66.118,5.5205,5.3255,0
0.15659,0.7018,0.27792,1.396,10.324,0,0.18848,0.4249,2.2335,0.2982,0.19354,0.26856,0.089073,0.18848,1287.6,0.28348,1.4249,0.18848,0.084386,34.216,4.6358,0.1914,0.070108,0.14327,0.29483,0.23804,37.788,13.71,4.1723,0.15001,0.084386,125.35,2.9118,2.9118,0.19001,2.2335,,0.2982,0.085073,0.53718,0.11588,0.085697,98.498,64.282,0.74788,1.0977,37.398,0.18094,0.08101,1.396,0.7018,0.34343,14.71,14.71,4132.5,0.085073,0.52512,0.91577,0,10.667,5.6781,114.69,3.1825,110.18,0
-0.080261,0.98115,0.20677,1.3523,-95.322,-0.005991,-0.080261,0.019209,0.94011,0.018847,0.018688,-0.13674,-0.042777,-0.080261,-8905.2,-0.040987,1.0192,-0.080261,-0.085374,170.25,1.4825,0.018409,-0.085374,-0.031999,-0.041827,-0.040987,0.18605,1.0024,4.1369,1.0201,-0.076333,231.83,1.5745,0.94188,0.01598,0.94011,0.9045,0.41158,0.016998,0.041837,0.55949,0.019582,298.63,128.39,-0.18304,0.60521,173.19,-0.021636,-0.023015,0.80897,0.58695,0.63514,0.091368,1.9953,2833.7,0.016998,-4.2584,1.0851,20.838,2.144,2.843,227.89,1.6017,4.5575,0
-0.26014,0.71195,0.026904,1.0466,-39.822,0,-0.26014,0.40459,2.0252,0.28805,-0.23994,-0.45046,-0.094184,-0.26014,-1362.4,-0.26791,1.4046,-0.26014,-0.12845,51.867,,-0.24033,-0.12845,-0.26014,-0.2143,-0.26791,-11.898,0.06802,4.1744,0.34192,-0.11987,94.736,4.2213,3.4241,-0.19977,2.1978,,0.28805,-0.098645,0.035694,-0.13884,-0.11867,105.22,53.351,-0.90395,0.53401,43.087,-0.30973,-0.15294,0.84894,0.5775,0.23689,0.72826,0.72826,402,-0.098678,-0.90311,1.1092,0,7.0372,6.8415,104.08,3.5068,5.1201,1
-0.055334,0.92846,0.21053,1.3636,-54.168,-0.41425,-0.063978,0.074833,0.99839,0.06948,-0.063978,-0.11049,0.009519,-0.063978,18608,0.019615,1.077,-0.063978,-0.033439,91.685,0.92727,-0.001337,-0.028921,-0.44557,0.06948,0.028925,-0.006975,1.0006,4.3908,0.46788,-0.033439,110.29,3.3094,-0.00144,-0.001337,1.9182,0.88432,0.41889,-0.000699,0.067712,0.37754,-0.000699,143.15,51.468,-0.11514,0.53362,91.538,-0.083526,-0.043657,0.85042,0.57905,0.30217,0.3302,1.9908,5177.3,-0.001612,-0.79641,1.0016,5.029,3.981,7.0918,110.47,3.3041,9.0927,0
0.062671,0.65208,-0.009873,0.97612,-74.492,0.17394,0.080565,0.43852,1.0981,0.28595,0.080565,0.19489,0.10719,0.080565,2132.8,0.17113,1.5336,0.080565,0.077386,62.204,1.3574,0.093989,0.060198,0.2203,0.28595,0.14369,0.99134,-0.016552,5.0397,0.61245,0.077386,159.14,2.2935,0.14414,0.093989,1.0519,0.94716,0.52465,0.090281,0.040978,0.17148,0.090281,135.53,73.326,0.35323,0.54692,68.304,0.062961,0.060476,0.6188,0.41338,0.43601,0.47939,0.87956,-1081.9,0.089306,0.21917,0.91069,0.83475,5.8678,4.9778,144.93,2.5184,1.7453,0
-0.23825,2.9979,-2.215,0.21344,-341.65,-3.1508,-0.2383,-0.66644,2.326,-1.9979,-0.22761,-0.084621,-0.066299,-0.2383,-7095.8,-0.051439,0.33356,-0.2383,-0.10245,22.324,2.0676,-0.22964,-0.10243,-2.0166,-3.3183,-0.051421,-21.484,-5.5523,3.7572,1.2887,-0.097876,400.24,0.91196,0.85664,-0.24217,2.326,7.9498,-1.9402,-0.10412,0.000196,-0.68658,-0.098728,94.234,71.91,-1.6747,0.16292,20.219,-0.31373,-0.13488,0.20049,2.8161,1.0965,-5.0082,-4.8635,-12666,-0.10412,0.11925,1.1012,-0.028886,16.35,5.0758,441.91,0.82596,5.8305,0
-0.36247,0.91691,-0.3714,0.55035,-109.53,-0.36247,-0.36247,0.023292,0.72517,0.021357,-0.36247,-0.43885,-0.23463,-0.36247,-1432.8,-0.25475,1.0906,-0.36247,-0.3641,2.4926,0.70664,-0.33387,-0.3641,-0.36247,0.021357,-0.25475,,-0.68097,4.4169,0.82368,-0.3641,219.6,1.6621,-0.36413,-0.33387,1.0845,4.9236,0.1123,-0.33537,0.11768,-0.14706,-0.33537,131.02,128.53,-53.318,0.54212,1.8075,-0.46276,-0.46484,0.49576,0.82596,0.60166,0.039158,0.20591,-9699,-0.37899,-16.972,1.379,4.2583,146.43,2.8398,302.83,1.2053,1.8253,1
0.032468,0.12055,0.22708,2.8882,83.315,0,0.041195,7.2954,1.0017,0.87945,0.041198,0.34253,0.082701,0.041195,531.13,0.68722,8.2954,0.041195,0.041124,1.5744,1.1235,0.039998,0.032412,0.14678,0.85922,0.61482,12457,0.34794,3.3965,-0.12034,0.041127,45.136,8.0867,8.0677,0.029165,1.0017,,0.87945,0.029115,2.0656,0.049216,0.039929,36.048,34.473,7.5141,2.8523,1.6216,-0.00165,-0.001648,2.8814,0.12027,0.12366,1.3475,1.3475,565.8,0.029115,0.036918,0.95944,0,231.83,10.588,43.822,8.3292,1.5348,0
0.039306,0.082114,0.78233,10.527,429.36,0.37088,0.048728,11.053,1.0802,0.90764,0.048728,0.59342,0.11216,0.048728,457.84,0.79722,12.178,0.048728,0.083483,98.544,0.89479,0.043389,0.067341,0.45833,0.90764,0.68248,0.80296,5.7715,4.6912,-0.18673,0.083483,55.466,6.5806,0.5284,0.043389,0.59062,,0.90764,0.074336,2.3301,0.044901,0.074336,420.93,322.38,0.24943,8.6084,106.44,0.026653,0.045664,10.527,0.082114,0.15196,6.6959,6.6959,38419,0.074219,0.043305,0.92578,0,3.7039,1.1322,51.349,7.1082,4.306,0
-0.35325,0.09409,0.45483,5.8341,91.395,0,-0.35325,9.6282,1.0795,0.90591,-0.35143,-3.7545,-0.21645,-0.35325,-146.98,-2.4833,10.628,-0.35325,-0.32724,31.766,0.658,-0.36441,-0.32724,,0.77743,-2.4833,-199.46,1.0083,2.5901,-0.16656,-0.32555,23.763,15.36,15.36,-0.36575,1.0795,,0.90591,-0.33881,3.1697,-0.012811,-0.33758,84.763,52.997,-3.7601,4.8356,23.727,-0.48402,-0.44838,5.8341,0.09409,0.065103,2.0083,2.0083,177,-0.33881,-0.38994,1.3217,0,11.49,6.8872,31.814,11.473,2.3931,0
0.008193,0.65414,-0.10319,0.8257,-66.482,-0.089453,0.009145,0.49995,1.0185,0.32704,0.009145,0.015446,0.031462,0.009145,3296.6,0.11072,1.5287,0.009145,0.003973,39.21,0.95411,0.02641,0.003559,-0.083609,0.32704,0.10926,0.11685,-0.20189,4.3522,0.27749,0.003973,95.61,3.8176,0.040374,0.02641,2.3218,3.8897,0.38914,0.011473,0.1192,0.23978,0.011473,66.32,27.111,0.03313,0.40801,39.935,-0.036872,-0.016017,0.74731,0.59204,0.26194,0.63981,0.7613,-2321.8,0.018167,0.025052,0.98183,0.18989,9.3089,13.463,93.873,3.8883,4.5036,0
0.098098,0.52255,0.17212,1.3503,-5.4598,0,0.098098,0.91371,3.813,0.47745,0.10104,0.19963,0.03422,0.098098,1461.7,0.2497,1.9137,0.098098,0.025727,21.3,0.99708,0.10104,0.025727,0.33648,0.35313,0.2497,34.298,0.51152,3.4495,0.083869,0.026272,48.15,7.5805,7.1285,0.088001,3.813,17.428,0.50276,0.023079,0.42405,0.13055,0.0265,43.568,22.269,0.44087,0.89746,21.803,0.068659,0.018007,1.2698,0.49139,0.13192,1.4189,1.4941,484.57,0.023079,0.20546,0.97436,0.052998,17.136,16.391,47.038,7.7596,11.332,0
0.020198,0.7098,0.15769,1.2222,-21.307,0,0.03306,0.40885,1.4455,0.2902,0.053939,0.046576,0.045608,0.03306,3929.9,0.092879,1.4088,0.03306,0.022872,59.725,2.2388,0.052864,0.013973,0.052267,0.033129,0.074757,2.532,1.1901,3.9017,0.47283,0.037316,186.6,1.9561,1.9561,0.057036,1.4455,,0.2902,0.039459,0.039098,0.27598,0.036572,212.05,152.32,0.085394,0.88894,62.179,0.019999,0.013836,1.2222,0.7098,0.51123,2.1901,2.1901,1257.5,0.039459,0.069599,0.97717,0,6.1113,2.3962,179.23,2.0364,10.909,0
0.017368,0.73665,-0.30504,0.57982,-83.196,0.0248,0.021947,0.3575,1.7964,0.26335,0.039313,0.030231,0.03073,0.021947,4870.7,0.074939,1.3575,0.021947,0.012217,19.221,0.96729,0.031869,0.009668,0.10098,0.052601,0.068722,1.8351,-0.52678,4.1814,0.38752,0.021885,148.93,2.4509,2.4154,0.017102,1.7964,,0.26335,0.009521,0.06113,0.37704,0.017741,76.511,57.29,0.1836,0.44952,19.406,-0.001387,-0.000772,0.57142,0.72597,0.40802,0.45479,0.45479,-4631.6,0.009521,0.065948,0.98794,0,18.99,6.3711,147.51,2.4744,3.1022,0
0.24428,0.45551,0.10148,1.269,-33.01,0,0.24428,1.1953,1.0858,0.54449,0.24469,0.64758,0.2745,0.24428,557.79,0.65436,2.1953,0.24428,0.22497,47.278,1.1755,0.23778,0.22497,0.6535,0.43761,0.65436,581.29,0.19466,4.601,0.29694,0.22497,163.75,2.229,1.8459,0.24504,1.0858,5.4208,0.60685,0.22566,0.44026,0.052075,0.21898,105.09,57.808,1.7368,0.89616,61.057,0.18399,0.16945,1.0509,0.37722,0.44864,1.0445,1.1641,4049.4,0.22566,0.44864,0.77758,0.11453,7.7202,6.314,126.8,2.8786,2.083,0
0.040907,0.30854,0.20668,2.2561,10.427,0.12005,0.048244,2.2389,1.0648,0.69081,0.048244,0.2932,0.072861,0.048244,1489.7,0.24501,3.241,0.048244,0.046499,57.129,1.4009,0.063092,0.039427,0.15047,0.69081,0.22123,0.6475,0.32871,4.5813,0.28417,0.046499,61.637,5.9218,0.20448,0.063092,1.0463,1.4503,0.83481,0.060809,0.18577,0.11216,0.060809,119.84,62.713,0.2519,1.2692,60.832,0.035741,0.034448,1.2032,0.16455,0.16887,1.0987,1.3277,7880.8,0.060859,0.059217,0.93914,0.20845,6.389,5.8202,57.886,6.3055,1.6501,0
0.10351,0.20981,0.68141,4.2478,98.696,0.26424,0.13356,2.7721,1.0512,0.5816,0.13356,0.63656,0.064308,0.13356,478.72,0.76244,4.7663,0.13356,0.053691,0,1.2153,0.13259,0.041613,0.33959,0.5816,0.61925,0.56034,6.2642,4.0986,-0.052811,0.053691,32.363,11.278,0.63198,0.13259,2.506,,0.5816,0.053304,1.8164,0.043381,0.053304,74.853,74.853,,4.2478,0,0.10618,0.042687,4.2478,0.20981,0.088665,5.3467,5.3467,8551.8,0.048722,0.17798,0.95128,0,,4.8763,30.786,11.856,22.868,0
0.17287,0.38288,0.37235,2.0672,-10.605,0,0.17287,1.6118,1.179,0.61712,0.17993,0.49548,0.24542,0.17287,482.99,0.75571,2.6118,0.17287,0.14663,119.59,1.305,0,0.14663,0.30366,0.5992,0.75571,0,1.3358,4.5388,0.21327,0.32961,170.37,2.1424,1.9523,0.011354,1.179,462.77,0.61785,0.00963,0.39004,0.10958,0,181.16,61.569,0.44752,0.96005,188.62,-0.11647,-0.09879,1.8838,0.3489,0.46676,2.2139,2.2165,12876,0.36598,0.28013,0.64551,0.001173,3.0521,5.9283,108.02,3.3792,4.2295,0
0.052508,0.12123,0.825,7.8263,161,0,0.064833,7.2486,1.6261,0.87877,0.06579,0.53645,0.046577,0.064833,584.25,0.62473,8.2486,0.064833,0.03987,27.045,1.2645,0.053333,0.032291,0.21825,0.84998,0.52307,55.727,15.237,3.5407,-0.2017,0.039873,28.024,13.024,12.984,0.052037,1.6261,,0.87877,0.032001,3.7619,0.062908,0.032798,110.26,83.214,0.43579,6.8294,27.94,0.042428,0.026092,7.802,0.12086,0.076779,16.23,16.23,2865.4,0.032001,0.059752,0.96047,0,13.496,4.3863,27.128,13.455,30.033,0
0.008899,0.27,0.66448,3.4611,53.437,0.48527,0.014431,2.7037,2.4406,0.73,0.035759,0.053449,0.010452,0.014431,3863.2,0.094481,3.7037,0.014431,0.005913,24.073,1.0225,0.035543,0.003646,0.30982,0.53589,0.073991,1.6665,10.141,2.557,-0.02953,0.005913,41.266,8.845,8.845,0.052484,2.4406,,0.73,0.021504,1.825,0.19304,0.014563,66.063,41.99,0.055284,2.8649,24.602,0.024464,0.010024,3.4611,0.27,0.11306,11.141,11.141,239.62,0.021504,0.01219,0.99409,0,15.162,8.6926,40.379,9.0393,37.248,0
0.050319,0.083165,0.3199,4.8466,108.8,0.26862,0.057848,10.771,1.0993,0.89576,0.057848,0.69559,0.10219,0.057848,370.48,0.9852,12.024,0.057848,0.07215,46.995,1.0025,0.067654,0.06276,0.30845,0.89576,0.89466,0.92763,0.53591,5.542,-0.11178,0.07215,41.621,8.7696,0.81349,0.067654,0.81642,,0.89576,0.08438,2.1201,0.029804,0.08438,103.23,56.232,0.48744,3.6053,51.663,0.043568,0.05434,4.8466,0.083165,0.11403,1.5006,1.5006,111430,0.090365,0.056174,0.90963,0,7.7668,6.491,37.86,9.6408,1.3432,0
0.005894,0.6602,0.21477,1.3711,29.14,0,0.005894,0.51469,1.3214,0.3398,0.006393,0.010183,0.007098,0.005894,25690,0.014208,1.5147,0.005894,0.00446,35.714,0.71071,0,0.00446,-0.018302,0.32558,0.014208,0,1.0404,3.5462,0.48042,0.012204,200.41,1.8212,1.5967,0.00939,1.3214,20.534,0.37215,0.007106,0.044551,6.3127,0,212.08,176.36,0.045584,1.1477,44.771,-0.003486,-0.002638,1.202,0.57881,0.54908,1.6461,1.8028,755.38,0.20228,0.017346,0.79822,0.095202,10.22,2.0696,159.88,2.283,6.4016,0
-0.24655,1.2419,-0.65072,0.47345,-187.41,-0.33627,-0.2287,-0.20418,0.96728,-0.25358,-0.2287,-0.18506,-0.080762,-0.2287,-3212.2,-0.11363,0.80519,-0.2287,-0.13088,50.646,1.295,-0.11397,-0.1411,-0.34995,-0.25358,-0.128,-0.63091,-1.5683,4.6528,0.6886,-0.13088,249.7,1.4618,-0.091768,-0.11397,1.7531,55.822,-0.24745,-0.065225,0.032653,-1.5471,-0.065225,113.79,63.142,-1.0169,0.27725,48.989,-0.20155,-0.11535,0.47111,1.2358,0.68411,-0.61117,-0.59638,-29254,-0.033824,0.97226,1.0338,-0.024205,7.2068,5.7806,258.14,1.4139,4.2114,0
-0.026384,0.45484,0.25347,1.8384,-13.011,-0.019645,-0.030841,1.1733,0.9955,0.53367,-0.030841,-0.10201,0.023676,-0.030841,4844.6,0.075341,2.1986,-0.030841,-0.021308,75.44,1.0916,-0.015672,-0.018228,0.004326,0.53367,0.08514,-0.10779,0.57062,4.3611,0.2944,-0.021308,75.896,4.8092,-0.034455,-0.015672,1.4887,1.6827,0.68618,-0.010827,0.10993,0.30248,-0.010827,131.78,56.338,-0.088195,0.84889,75.1,-0.080781,-0.055811,1.222,0.30233,0.20794,1.2014,1.5447,5821.2,-0.004522,-0.049439,1.0045,0.28579,4.8383,6.4788,76.24,4.7875,3.2584,0
-0.01502,0.87067,0.058079,1.0747,-64.597,-0.041969,-0.018737,0.14854,2.3539,0.12933,0.007914,-0.024109,0.008164,-0.018737,16538,0.022071,1.1485,-0.018737,-0.00796,69.956,1.0159,0.007914,-0.006381,-0.04197,-0.056989,0.026341,0.29695,0.35261,3.7942,0.35555,-0.006945,120.96,3.0176,2.6937,0.008531,2.3539,4.3375,0.2179,0.003625,0.070405,0.63274,0.003362,121.04,51.082,-0.033293,0.49426,70.211,-0.03004,-0.012762,0.95936,0.77721,0.33139,0.7852,1.3229,361.59,0.003625,-0.11613,1.0079,0.68478,5.2176,7.1453,120.52,3.0286,14.291,0
0.003838,0.13789,0.61648,5.4709,55.819,0.15497,0.003838,5.9737,1.0018,0.82369,0.003838,0.027834,0.12264,0.003838,589.77,0.61889,7.2523,0.003838,0.005516,271.75,0.94138,0.008295,0.005516,0.15497,0.82369,0.61889,0.11943,2.5098,4.5184,0.12494,0.005516,72.464,5.037,0.060158,0.008295,0.71262,,0.82369,0.011921,0.39399,0.050485,0.011921,367.22,95.465,0.007409,1.7138,272.25,-0.073204,-0.10521,5.4709,0.13789,0.19853,3.3534,3.3534,20337,0.001831,0.00466,0.99817,0,1.3431,3.8234,72.331,5.0462,2.8328,0
-0.15739,46.027,0.83877,6.2024,517.5,-54.464,-0.15739,-0.97827,0.37236,-45.027,-0.15739,-0.97619,-0.42268,-0.15739,-106740,-0.00342,0.021726,-0.15739,-0.42268,0,0.72388,-0.15739,-0.42268,-0.91363,-54.624,-0.00342,,,0.71684,123.02,-0.42268,101.19,3.619,0.012677,-0.20921,0.42418,,-45.027,-0.56186,1.369,-9.748,-0.42268,763.87,763.87,,1.369,0,-0.15739,-0.42268,0.021726,0.16123,0.27632,,,4.37,-0.56186,0.003496,1.3756,0,,0.47783,158.04,2.3095,,1
0.064312,0.33445,0.33493,2.0478,42.99,0.24912,0.080851,1.6514,1.109,0.55231,0.080851,0.25293,0.093078,0.080851,1234.1,0.29576,2.99,0.080851,0.076079,75.903,0.7441,0.087628,0.060516,0.31426,0.55231,0.24631,0.91442,0.96967,5.0589,0.050711,0.076079,121.75,2.9979,0.26201,0.087628,1.0853,29.316,0.5671,0.082456,0.88286,0.10403,0.082456,127.9,51.993,0.29101,1.3564,84.175,0.069562,0.065457,1.9572,0.31966,0.33357,1.599,1.6418,38357,0.098273,0.11644,0.90173,0.026779,4.8088,7.0202,109.79,3.3246,3.0767,0
-0.014917,0.77904,0.054445,1.0705,-54.373,-0.40544,-0.014917,0.28363,1.7795,0.22096,0.028225,-0.019328,0.010409,-0.014917,15351,0.023777,1.2836,-0.014917,-0.008382,54.015,1.7554,0.027061,-0.008382,-0.11461,-0.038176,0.023777,0.62725,0.31328,4.1885,0.41486,-0.004632,159.06,2.2947,2.2733,0.008532,1.7795,,0.22096,0.004794,0.12222,0.42922,0.015207,150.12,96.102,-0.056643,0.72932,54.275,-0.006379,-0.003585,1.0605,0.77176,0.43578,1.2714,1.2714,840.4,0.004795,-0.067508,1.0082,0,6.7574,3.798,158.3,2.3058,10.239,0
0.2984,0.27122,0.54607,3.0134,78.472,0.38846,0.3684,2.687,2.8801,0.72878,0.39987,1.3583,0.13738,0.3684,250.21,1.4588,3.687,0.3684,0.12791,1.1037,1.2659,0.39432,0.10361,0.62762,0.68685,1.2007,12.529,2.9888,3.0765,-0.037261,0.1287,39.815,9.1674,9.1674,0.39363,2.8801,,0.72878,0.13668,1.4005,0.021445,0.13691,55.438,54.334,34.265,2.9812,1.2784,0.36706,0.12745,3.0134,0.27122,0.10908,3.9888,3.9888,651.31,0.13668,0.40945,0.87237,0,330.71,6.7177,34.373,10.619,15.763,0
0.1106,0.5329,-0.1558,0.70764,-68.725,0.33707,0.13695,0.76973,1.0994,0.41019,0.13695,0.25698,0.12052,0.13695,932.43,0.39145,1.8765,0.13695,0.079119,25.627,1.0726,0.15475,0.063896,0.41957,0.41019,0.34201,0.98291,-0.25012,5.6059,0.30564,0.079119,123.55,2.9544,0.29039,0.15475,1.7637,,0.41019,0.089404,0.025194,0.077383,0.089404,76.69,51.063,0.91005,0.47959,28.175,0.08309,0.048004,0.70764,0.5329,0.33848,0.65852,0.65852,-62867,0.090421,0.26962,0.90958,0,14.243,7.148,112.37,3.2481,2.7788,0
-0.015449,0.86394,0.077422,1.0897,-84.622,0,-0.013244,0.15749,2.1083,0.13606,0.061231,-0.015347,0.008176,-0.013244,18294,0.019952,1.1575,-0.013244,-0.006282,92.992,0.88654,0.060917,-0.007328,0.14584,0.12283,0.0174,0.81796,1.2994,3.5774,0.40308,-0.002407,153.87,2.3721,2.3695,0.061202,2.1083,428.93,0.137,0.029029,0.03294,0.31508,0.028893,157.89,64.894,-0.028761,0.46729,95.772,0.030436,0.014436,1.0885,0.863,0.42156,2.2836,2.2994,292.58,0.029029,-0.11354,1.0062,0.00691,3.9251,5.6245,149.4,2.443,35.385,0
0.17092,0.45572,0.32365,2.0677,11.871,0,0.21175,1.1943,2.0491,0.54428,0.22334,0.69857,0.10334,0.21175,785.55,0.46464,2.1943,0.21175,0.10334,48.64,0.99991,0.22313,0.083413,1.1324,0.53519,0.37505,19.246,0.86714,4.2176,0.21709,0.10666,76.533,4.7955,3.1897,0.20898,2.0491,2.8404,0.6688,0.10199,0.044691,0.068082,0.10889,109.23,60.592,0.62595,1.1669,68.565,0.22313,0.10889,1.3753,0.30312,0.20853,1.4583,1.7919,5341.9,0.2945,0.31403,0.71505,0.22879,7.5042,6.0239,53.994,6.76,5.4901,0
0.007389,0.60631,-0.001043,0.99828,-76.061,0.02807,0.013235,0.62878,0.99918,0.38123,0.013235,0.021829,0.034277,0.013235,3658.8,0.09976,1.6493,0.013235,0.0075,74.834,1.0642,0.020908,0.004187,0.044179,0.38123,0.090117,0.11839,-0.002643,4.308,0.33638,0.0075,125.31,2.9128,0.034484,0.020908,1.7921,,0.38123,0.011849,0.021507,0.29246,0.011849,122.5,47.665,0.020422,0.40157,74.773,-0.026342,-0.014928,0.99828,0.60631,0.34331,0.96579,0.96579,-21.2,-0.000819,0.019381,1.0008,0,4.8775,7.6577,125.41,2.9104,4.4703,0
0.00488,0.33961,0.044867,1.4346,17.026,0.089653,0.005298,1.3214,0.98225,0.44877,0.005298,0.05132,0.043431,0.005298,3234.2,0.11286,2.9446,0.005298,0.006004,0.71862,0.94243,0.014291,0.00553,0.09308,0.44877,0.11163,0.15906,0.052667,4.2464,0.28858,0.006004,41.94,8.7028,0.04208,0.014291,0.91924,0.6192,0.68514,0.016194,0.84409,0.23595,0.016194,25.214,24.496,2.8087,1.4178,0.70586,-0.018739,-0.021234,0.43609,0.10323,0.1149,0.52679,0.80425,791.24,-0.018075,0.010874,1.0181,0.52671,507.92,14.9,42.698,8.5483,1.0359,0
-0.10673,0.79461,-0.21288,0.7321,-24.672,-0.25862,-0.10673,0.25847,3.6256,0.20539,-0.073586,-0.13431,0.030729,-0.10673,2603.3,0.1402,1.2585,-0.10673,-0.029437,2.1284,1.1975,-0.073634,-0.029437,,-0.27532,0.1402,-2.2219,-0.50895,2.0171,0.17392,-0.020302,78.43,4.6538,4.6538,-0.072433,3.6256,,0.20539,-0.019978,0.21208,0.1833,-0.02031,41.6,39.472,-5.0482,0.7055,2.0867,-0.29177,-0.080476,0.7321,0.79461,0.21488,0.49105,0.49105,-22.142,-0.019978,-0.51964,1.0294,0,171.49,9.2471,79.997,4.5627,8.6682,0
0.16512,0.37853,0.21733,2.0125,40.842,0,0.20519,1.6418,1.1693,0.62147,0.2443,0.95597,0.25841,0.20519,457.25,0.79825,2.6418,0.20519,0.17547,36.024,1.529,0.24251,0.14121,0.26093,0.39172,0.69241,6.2004,0.3826,4.0871,0.23665,0.18768,80.225,4.6252,2.6226,0.19279,1.1693,1.9537,0.7835,0.16487,0.48427,0.037167,0.20739,102.39,66.368,1.4308,1.4749,42.431,0.14554,0.12446,1.1412,0.21464,0.21621,1.0941,1.3793,2.0125,0.16487,0.2657,0.83413,0.26072,10.132,5.4996,66.998,5.4479,2.0586,0
0.094357,0.06688,0.6386,12.184,164.71,0,0.11698,13.952,0.92534,0.93312,0.12097,2.0486,0.16711,0.11698,157.87,2.3121,14.952,0.11698,0.12641,108.92,0.9726,0.10141,0.10197,0.3826,0.92208,1.9739,25.421,2.0986,4.2583,-0.24663,0.12669,25.218,14.474,12.358,0.098865,0.92534,,0.93312,0.10684,5.1951,0.016031,0.10959,157.41,48.484,0.3417,7.3476,121.95,0.063752,0.068895,10.402,0.057102,0.06909,3.0665,3.0665,11574,0.10684,0.10112,0.87788,0,3.351,7.5283,22.524,16.205,3.041,0
0.049726,0.21563,0.3975,3.3445,88.045,0.078253,0.064254,2.6793,1.0855,0.57773,0.064254,0.37898,0.098551,0.064254,782.54,0.46643,4.6376,0.064254,0.062961,48.217,0.9057,0.068248,0.048725,0.1046,0.57773,0.39905,0.7259,0.91811,4.5745,0.13791,0.062961,65.821,5.5454,0.31651,0.068248,1.0633,9.3794,0.62381,0.066875,0.6872,0.067794,0.066875,161.14,112.92,0.36885,2.5494,52.337,0.031927,0.031284,2.6297,0.16955,0.18033,1.3344,1.4408,14923,0.07873,0.086072,0.92127,0.079766,7.57,3.2324,60.639,6.0193,2.3571,0
0.087456,0.54798,0.16375,1.3404,-12.227,0.17304,0.1204,0.78535,1.1063,0.43036,0.1204,0.25031,0.13081,0.1204,1051,0.34729,1.8249,0.1204,0.082756,50.958,1.2616,0.13209,0.060114,0.23215,0.43036,0.28718,1.0044,0.46091,4.2915,0.33433,0.082756,133.5,2.7342,0.24104,0.13209,1.4718,6.5911,0.49736,0.090791,0.13414,0.089188,0.090791,145.57,94.609,0.43059,0.91816,56.373,0.062175,0.042737,1.1765,0.48098,0.36574,1.2113,1.3999,3203.8,0.096065,0.20322,0.90394,0.15569,7.1628,3.858,120.67,3.0247,4.095,0
0.10333,0.37665,-0.009467,0.96586,-52.131,0,0.12242,1.655,1.115,0.62335,0.1413,0.44146,0.16902,0.12242,729.48,0.50035,2.655,0.12242,0.10979,37.97,1.3562,0.13542,0.092676,-0.041929,0.59399,0.44969,7.172,-0.012929,3.7318,0.3378,0.12633,105.2,3.4695,2.5543,0.15291,1.115,1.5283,0.7227,0.13714,0.015496,0.06232,0.12145,86.269,48.299,0.89087,0.54757,44.005,0.069378,0.062222,0.71109,0.2773,0.28822,0.85137,0.98707,-51.053,0.13714,0.16577,0.89229,0.15939,9.6128,7.5571,90.775,4.0209,1.5229,0
0.006196,0.18333,0.38206,3.1025,76.926,0,0.008204,4.4545,1.4841,0.81667,0.008209,0.045146,0.016721,0.008204,2696.5,0.13536,5.4545,0.008204,0.005528,14.52,1.1253,-0.005895,0.004175,0.093612,0.71115,0.1244,-1256.9,0.87585,3.806,-0.029866,0.005531,43.68,8.3562,8.2827,-0.034374,1.4841,,0.81667,-0.023161,1.2643,0.57021,-0.003972,82.151,67.63,0.10494,2.7776,14.192,-0.022507,-0.015165,3.0752,0.18172,0.11967,1.8722,1.8722,2444,-0.023161,0.007587,0.99465,0,25.137,5.397,44.692,8.1671,3.4023,0
0.007395,0.54117,0.02067,1.0489,-77.659,-0.038352,0.001171,0.84784,0.98903,0.45883,0.001171,0.002771,0.055214,0.001171,5771.4,0.063242,1.8478,0.001171,0.00189,87.419,0.95538,0.026017,0.011929,-0.0577,0.45883,0.074742,0.41512,0.037134,5.0568,0.87281,0.00189,246.18,1.4826,0.048075,0.026017,0.6957,2.4897,0.57729,0.041973,0.001028,0.3012,0.041973,260.83,173.41,0.049808,0.69769,86.46,-0.007037,-0.011352,0.8193,0.42271,0.67447,0.82431,1.0371,2355.7,-0.011089,0.016116,1.0111,0.25818,4.1753,2.1049,248.91,1.4664,1.1136,0
0.39607,0.45538,0.020658,1.0472,-11.512,1.0665,0.50545,1.196,1.1203,0.54462,0.50545,1.156,0.11183,0.50545,316.97,1.1515,2.196,0.50545,0.1078,5.0867,1.4735,0.48213,0.08447,1.3299,0.54462,0.91133,1.152,0.038107,5.6905,0.1039,0.1078,38.131,9.5724,1.0587,0.48213,4.7738,21.631,0.56277,0.10282,0.12979,0.029879,0.10282,31.226,26.14,6.0612,0.8978,5.6987,0.4632,0.098787,1.0055,0.43723,0.10447,1.0046,1.0381,10130,0.10739,0.72724,0.89261,0.033322,71.756,13.963,34.036,10.724,8.6494,0
-0.11576,0.64355,0.12648,2.189,28.21,-0.18732,-0.14287,0.55387,1.0419,0.35645,-0.14287,-1.343,-0.12538,-0.14287,-1644.9,-0.2219,1.5539,-0.14287,-0.12543,13.051,0.62608,0.045951,-0.10164,-0.23135,0.35645,-0.17979,0.42033,0.16488,5.3633,0.55808,-0.12543,35.518,10.276,0.071401,0.045951,1.1507,0.35768,0.89362,0.040344,0.07534,0.45983,0.040344,72.055,59.004,-2.8425,1.8061,13.598,0.045889,0.040289,0.36184,0.10638,0.09731,0.46464,1.1649,29198,0.0402,-0.32477,0.9598,1.507,27.967,6.186,34.09,10.707,1.4847,0
-0.20137,0.30574,0.39306,2.2856,-27.17,0,-0.20137,2.2707,2.8626,0.69426,-0.15684,-0.65861,-0.061362,-0.20137,-635.32,-0.57451,3.2707,-0.20137,-0.070344,78.443,0.95468,-0.16295,-0.070344,-0.45094,0.27961,-0.57451,-3.6601,1.305,3.2274,0.094106,-0.06893,36.803,9.9178,9.9178,-0.16971,2.8626,,0.69426,-0.059286,0.13451,-0.07426,-0.056925,83.859,5.4153,-0.32731,0.27342,74.053,-0.18866,-0.065907,2.2856,0.30574,0.10083,2.305,2.305,663.56,-0.059286,-0.29004,1.0696,0,4.653,67.402,38.984,9.3627,9.5041,0
0.065428,0.51545,0.055209,1.1072,-50.069,-0.081398,0.067804,0.85063,1.079,0.43846,0.067804,0.13169,0.091765,0.067804,1740.7,0.20969,1.94,0.067804,0.057565,55.563,1.1315,0.089074,0.055549,-0.071983,0.43846,0.20508,0.81596,0.12842,5.4152,0.35147,0.057565,172.16,2.1202,0.17281,0.089074,1.1943,688.75,0.43903,0.075624,0.24006,0.13101,0.075624,138.36,82.798,0.3649,0.75899,59.951,0.048791,0.041424,1.106,0.51489,0.47166,1.0199,1.0212,14363,0.073196,0.14922,0.9268,0.001294,6.5691,4.4083,159.56,2.2876,2.7398,0
0.16747,0.13452,0.37124,3.7598,132.74,0.3041,0.16747,6.4107,1.1504,0.86237,0.16747,1.245,0.18171,0.16747,247.99,1.4718,7.4338,0.16747,0.15371,5.3743,0.84682,0.15499,0.15371,0.3041,0.86237,1.4718,1.6364,0.75114,4.1171,0.027733,0.15371,51.84,7.0409,1.1522,0.15499,1.1188,,0.86237,0.14225,0.90347,0.02384,0.14225,128.71,123.34,10.439,3.6405,6.1824,0.12448,0.11424,3.7598,0.13452,0.14203,1.7449,1.7449,4860.9,0.13072,0.1942,0.86928,0,67.916,2.9593,45.064,8.0997,2.2045,0
0.04451,0.091351,0.69539,8.6123,331.46,0.11301,0.057347,9.0637,1.0571,0.82798,0.057347,0.62776,0.13772,0.057347,380.1,0.96026,10.947,0.057347,0.090036,94.713,1.0783,0.035894,0.069882,0.14696,0.82798,0.81974,0.59574,3.2608,5.2242,-0.56088,0.090036,55.34,6.5956,0.39293,0.035894,0.66577,,0.82798,0.056355,4.9471,0.04532,0.056355,191.87,97.159,0.26931,6.8031,100.12,0.00552,0.008667,8.6123,0.091351,0.15162,3.8825,3.8825,116540,0.054032,0.053757,0.94597,0,3.8537,3.7567,52.35,6.9723,2.9867,0
0.033703,0.34771,-0.017419,0.9295,-79.35,0.060703,0.038867,1.5715,1.1014,0.54643,0.038867,0.15731,0.12993,0.038867,1645.2,0.22186,2.8759,0.038867,0.065463,53.104,1.624,0.057242,0.056765,0.069734,0.54643,0.20701,1.0619,-0.022612,4.8253,0.5778,0.065463,167.29,2.1818,0.16463,0.057242,0.61013,1.4235,0.64707,0.096412,0.045486,0.11968,0.096412,134.27,81.168,0.39017,0.57988,58.489,0.018966,0.031944,0.66046,0.24707,0.45833,0.70933,0.83997,-1164.9,0.092075,0.061678,0.90793,0.18418,6.8734,4.4969,151.89,2.4031,0.77072,0
0.11971,0.41355,0.2013,1.4947,-2.0189,0.10181,0.14957,1.4181,1.0534,0.58645,0.14957,0.36762,0.062478,0.14957,837.63,0.43575,2.4181,0.14957,0.051857,27.166,1.2292,0.15521,0.041504,0.12964,0.58645,0.36354,0.56684,0.51375,4.83,0.097132,0.051857,54.238,6.7296,0.3753,0.15521,2.9222,58.93,0.59313,0.05381,0.3323,0.073162,0.05381,59.853,32.687,0.55765,0.96714,28.617,0.12457,0.043189,1.4706,0.40687,0.1486,1.4967,1.5138,13608,0.050703,0.20413,0.9493,0.011386,13.436,11.167,51.488,7.089,7.3613,0
0.019526,0.53735,0.21991,1.7106,-9.6366,0.03278,0.022501,0.82256,0.99999,0.442,0.022501,0.072708,0.028251,0.022501,2770.9,0.13173,1.861,0.022501,0.00898,30.015,1.0616,0.0417,0.007793,0.035792,0.442,0.12619,0.16643,0.46727,4.5103,0.21224,0.00898,45.082,8.0964,0.077603,0.0417,2.5628,1.4189,0.66988,0.016643,0.27536,0.19633,0.016643,64.704,34.689,0.09477,1.0448,30.014,-0.006583,-0.002627,0.98516,0.30947,0.12351,0.93918,1.4234,7120.2,-0.00001,0.044176,1,0.51556,12.161,10.522,45.082,8.0963,5.3239,0
-0.011388,0.38575,0.32944,1.854,43.99,0.035266,-0.011323,1.4623,1.0089,0.56408,-0.011323,-0.029354,0.006914,-0.011323,10001,0.036497,2.5924,-0.011323,-0.005561,14.596,1.0399,0.004052,-0.005592,0.051285,0.56408,0.03633,0.020076,1.1567,4.5249,0.18848,-0.005561,69.763,5.232,0.010504,0.004052,2.0531,,0.56408,0.00199,0.016699,0.43058,0.00199,127.04,112.45,-0.13984,1.6429,14.727,-0.02135,-0.010485,1.854,0.38575,0.19113,1.9805,1.9805,11032,0.008869,-0.020188,0.99113,0,25.006,3.246,69.144,5.2788,7.1496,0
0.14585,0.033407,0.77418,24.174,618.98,0.42945,0.1803,28.9,1.3491,0.96549,0.1803,5.3969,0.32004,0.1803,62.647,5.8263,29.934,0.1803,0.29645,13.515,1.1103,0.15124,0.23982,0.53084,0.96549,4.7954,3.3549,4.0235,5.2776,-1.155,0.29645,27.049,13.494,4.5271,0.15124,0.64274,,0.96549,0.24867,22.065,0.006633,0.24867,42.291,28.776,6.4769,23.5,18.233,0.13689,0.22508,24.174,0.033407,0.074108,5.0177,5.0177,146710,0.25878,0.15107,0.74122,0,27.007,12.684,20.049,18.205,3.1608,0
0.11814,0.068266,0.63871,10.356,230.86,0.27958,0.14684,13.119,1.1416,0.89559,0.14684,2.151,0.18172,0.14684,148.55,2.4571,14.649,0.14684,0.15908,26.215,1.1307,0.10681,0.12798,0.34705,0.89559,2.0367,1.321,2.1797,4.9904,-0.41004,0.15908,30.816,11.844,1.5647,0.10681,0.96904,,0.89559,0.11572,7.5301,0.017573,0.11572,76.288,50.072,1.7819,9.385,29.927,0.085914,0.093076,10.356,0.068266,0.084429,3.0564,3.0564,62474,0.12403,0.13191,0.87597,0,13.923,7.2895,26.994,13.521,3.1501,0
0.23002,0.35947,0.6502,8.9212,151.93,0,0.28538,1.7819,1.5424,0.64053,0.33259,3.4767,0.20709,0.28538,410.76,0.8886,2.7819,0.28538,0.18502,37.113,1.2364,0.29798,0.14913,0.64495,0.62868,0.73458,6.3118,2.4288,3.6251,0.048247,0.21563,24.989,14.606,3.3353,0.34348,1.5424,2.0746,0.91791,0.22269,3.494,0.036089,0.19319,105.42,68.308,1.4666,7.0105,47.745,0.26394,0.17112,2.0371,0.082084,0.068464,2.3926,3.4287,2742.6,0.22269,0.3591,0.8193,0.43305,9.8349,5.3435,19.425,18.791,5.7615,0
0.32125,0.68548,-0.057488,0.91,-39.626,0,0.32125,0.45884,2.8389,0.31452,0.35159,0.5029,0.14783,0.32125,596.16,0.61225,1.4588,0.32125,0.11316,23.07,1.1185,0.33575,0.11316,0.64225,-0.004376,0.61225,11.065,-0.1373,3.7693,0.24115,0.12383,92.146,3.9611,3.6913,0.30861,2.8389,11.196,0.35042,0.10871,0.049487,0.052626,0.11826,70.673,47.603,1.7903,0.6291,25.884,0.23731,0.08359,0.84802,0.63879,0.25245,0.75119,0.83692,-337.95,0.10871,1.0214,0.8888,0.11412,15.821,7.6676,82.129,4.4442,6.7804,0
0.034618,0.62327,-0.0866,0.74484,-39.399,-0.081299,0.034618,0.60445,1.7807,0.37673,0.055779,0.102,0.019441,0.034618,6571.5,0.055543,1.6044,0.034618,0.019441,1.733,1.3286,0,0.019441,0.081994,0.35689,0.055543,0,-0.1159,3.4015,0.34193,0.039097,91.805,3.9758,2.165,0.021461,1.7807,1.037,0.61236,0.012052,0.19748,,0,38.079,36.346,4.0945,0.71993,2.2869,0,0,0.40561,0.3394,0.25152,0.50419,0.81955,-218.27,0.24221,0.091891,0.76979,0.62546,210.61,10.042,69.569,5.2466,2.3832,0
-0.003247,0.41966,0.3182,1.875,40.574,0,0.004449,1.3829,1.93,0.58034,0.017735,0.012234,0.050626,0.004449,1567.6,0.23283,2.3829,0.004449,0.002305,13.811,0.75893,0.015692,-0.001682,0.18427,0.57087,0.21449,1.1811,1.0002,4.0235,0.21322,0.009189,67.911,5.3747,4.6576,-0.024591,1.93,12.946,0.62737,-0.012741,0.11969,0.12839,0.00813,120.72,106.91,-0.044458,1.6742,13.637,-0.077569,-0.040191,1.6248,0.36367,0.18606,1.8242,1.9721,3359,-0.012741,-0.005595,0.99776,0.081038,26.428,3.4141,68.776,5.3071,6.0668,0
-0.056461,0.28003,0.42022,2.5258,11.529,0,-0.055186,2.571,1.4898,0.71997,-0.051597,-0.20038,0.00807,-0.055186,8501.5,0.042934,3.571,-0.055186,-0.037043,88.754,0.90349,-0.063208,-0.037899,-0.19587,0.69149,0.038382,-17.609,1.3806,3.8519,0.16932,-0.034634,64.37,5.6704,5.5767,-0.071869,1.4898,308.63,0.72105,-0.048242,0.13757,2.3326,-0.042428,161.15,72.393,-0.15586,1.2105,84.669,-0.13042,-0.087541,2.4841,0.2754,0.17636,2.3654,2.3689,2988.2,-0.048242,-0.078421,1.0359,0.0015,4.1125,5.0419,67.475,5.4094,4.8945,0
-0.48963,0.88447,-0.039895,0.92472,-79.143,0,-0.48963,0.13062,2.1153,0.11553,-0.42701,-0.92389,-0.17857,-0.48963,-854.7,-0.42705,1.1306,-0.48963,-0.23148,0,0.9706,-0.42702,-0.23148,-1.4438,-0.081641,-0.42705,-6.8191,-0.078237,3.6487,0.41814,-0.20969,76.682,4.7599,2.8521,-0.40735,2.1153,1.5199,0.43798,-0.19258,0.92472,-0.093565,-0.20188,0,0,,0.92472,0,-0.53894,-0.25479,0.55408,0.52997,0.21009,0.22656,0.8589,-177.65,-0.19258,-4.2381,1.2315,2.791,,,91.449,3.9913,4.1481,0
0.070016,0.073127,0.49647,7.7976,167.43,0.038322,0.07383,11.71,1.0392,0.8563,0.07383,1.0109,0.10826,0.07383,293.2,1.2449,13.675,0.07383,0.087802,51.421,1.1352,0.043555,0.083267,0.06171,0.8563,1.1928,0.53826,1.1533,5.5043,-0.32022,0.087802,32.945,11.079,0.5956,0.043555,0.8715,4967.1,0.85639,0.051797,4.8206,0.039568,0.051797,94.381,42.96,0.59105,6.1757,53.435,0.026349,0.031335,7.788,0.073036,0.090261,1.9891,1.9893,158550,0.037697,0.081766,0.9623,0.000106,7.0983,8.4963,31.703,11.513,1.9533,0
-0.12563,0.64602,-0.18216,0.71802,-27.645,-0.33926,-0.12046,0.48707,0.97593,0.31466,-0.12046,-0.18646,-0.01177,-0.12046,-3045.6,-0.11985,1.5479,-0.12046,-0.018311,17.453,0.93979,-0.11681,-0.019098,-0.32108,0.31466,-0.12786,-0.17329,-0.33977,3.5067,0.088381,-0.018311,34.982,10.434,-0.18081,-0.11681,6.6319,,0.31466,-0.017756,0.12727,-0.28791,-0.017756,21.176,3.7224,-0.3994,0.23112,17.033,-0.15984,-0.024298,0.71802,0.64602,0.095842,0.5869,0.5869,-585,-0.024659,-0.39927,1.0247,0,20.913,98.054,35.845,10.183,12.27,0
0.000149,0.71542,-0.2438,0.56713,-115.09,0.059223,0.001961,0.29257,1.0019,0.20931,0.001961,0.003482,0.029232,0.001961,8199.8,0.044513,1.3978,0.001961,0.0018,29.445,1.4206,0.014778,0.000137,0.077805,0.20931,0.04198,0.13591,-0.35822,4.4123,0.6567,0.0018,189.07,1.9305,0.020656,0.014778,1.1225,1.5213,0.36151,0.013565,0.011296,0.52664,0.013565,104.89,75.444,0.001695,0.4111,29.502,-0.015106,-0.013867,0.44648,0.56322,0.518,0.30754,0.53118,-6299.6,0.001933,0.000712,0.99807,0.72715,12.396,4.838,188.7,1.9342,1.6007,0
0.061997,0.36053,0.31004,2.7259,12.601,0,0.071758,1.7737,1.7052,0.63947,0.083926,0.39946,0.06663,0.071758,1158.2,0.31514,2.7737,0.071758,0.042082,53.142,1.3618,0.096063,0.036358,0.08565,0.60447,0.28807,7.8945,0.60754,3.3132,0.18852,0.048541,41.697,8.7537,4.3617,0.1327,1.7052,1.7827,0.77489,0.077823,0.26308,0.087132,0.056336,94.701,41.558,0.24972,1.3439,57.627,0.054203,0.031787,1.3582,0.17964,0.11424,1.2531,1.5184,637.64,0.077823,0.09695,0.95813,0.21176,6.8683,8.7829,38.452,9.4924,3.3414,0
0.20991,0.058859,0.51507,9.751,167.22,0.41471,0.25998,15.698,1.3521,0.92395,0.25998,4.4169,0.31325,0.25998,73.964,4.9349,16.99,0.25998,0.28037,41.298,1.2595,0.24142,0.22638,0.4971,0.92395,4.0843,3.5204,1.2089,4.1558,-0.2001,0.28037,31.327,11.651,4.1017,0.24142,0.9459,,0.92395,0.26037,5.9495,0.007117,0.26037,88.077,46.779,2.0008,7.9685,55.84,0.21094,0.22749,9.751,0.058859,0.085828,2.1685,2.1685,7372.8,0.26041,0.22719,0.73959,0,8.8381,7.8027,23.169,15.754,2.1763,0
0.18439,0.56805,-0.093682,0.83429,-80.355,0.020046,0.23002,0.76041,1.3312,0.43195,0.24628,0.40687,0.19209,0.23002,810.83,0.45015,1.7604,0.23002,0.17279,36.831,1.4483,0.2433,0.13851,0.37886,0.42527,0.36983,14.962,-0.17731,3.8741,0.39026,0.17778,189.86,1.9224,1.9132,0.24439,1.3312,,0.43195,0.18358,0.10149,0.070393,0.18276,113.59,76.758,1.3727,0.59668,45.113,0.21761,0.16347,0.8303,0.56533,0.52017,0.81755,0.81755,-700.99,0.18358,0.42688,0.82868,0,9.9101,4.7552,155.01,2.3547,2.5196,0
0.046895,0.6006,-0.13454,0.72991,-136.22,0.041974,0.060822,0.44401,1.0992,0.26667,0.060822,0.1221,0.12414,0.060822,1775,0.20563,1.665,0.060822,0.061136,65.115,1.2984,0.10244,0.047137,0.05781,0.26667,0.18244,1.1318,-0.21139,4.6209,0.60308,0.061136,200.87,1.8171,0.17056,0.10244,1.0182,1.8158,0.36916,0.10297,0.014764,0.11959,0.10297,130.69,65.578,0.26423,0.3736,71.573,0.039757,0.039962,0.60536,0.49811,0.55034,0.41902,0.58005,-5619.5,0.090227,0.17585,0.90977,0.38431,5.6055,5.5659,182.75,1.9973,1.5632,0
-0.65967,3.0398,-2.6677,0.11159,-263.41,-2.9271,-0.65967,-0.67093,3.3048,-2.0395,-0.63004,-0.21969,-0.19961,-0.65967,-1682,-0.21701,0.32896,-0.65967,-0.19961,24.855,0.75802,-0.64422,-0.19961,-0.86022,-3.3984,-0.21701,-21.745,-4.0121,3.5103,0.91484,-0.19405,310.35,1.3168,1.3008,-0.647,3.3239,,-2.0395,-0.19578,0.005647,-0.15729,-0.19494,35.135,10.28,-2.9312,0.080593,20.774,-0.64422,-0.19494,0.11023,3.0028,0.75941,-3.0673,-3.0673,-8638,-0.068592,0.32344,1.0632,0,14.685,35.505,331.64,1.1006,4.9703,1
0.032071,0.28591,0.18912,1.6615,12.926,0,0.032071,2.4976,1.5328,0.71409,0.032074,0.11217,0.020923,0.032071,3253.9,0.11217,3.4976,0.032071,0.020923,33.004,1.5846,0,0.020923,-0.015365,0.70133,0.11217,0,0.36025,3.9357,0.18163,0.041846,82.594,4.4192,4.4192,0.005138,1.5328,,0.71409,0.003352,0.044289,,0,110.1,77.096,0.23139,1.1767,40.039,0,0,1.6615,0.28591,0.22628,1.3602,1.3602,1630.8,0.1757,0.044912,0.82589,0,11.059,4.7343,68.082,5.3612,2.9198,0
-0.45572,2.7313,-1.7547,0.34974,-84.247,-2.7243,-0.45572,-0.63443,9.6336,-1.7328,-0.16217,-0.16888,-0.045451,-0.45572,-2276.9,-0.16031,0.36612,-0.45572,-0.047306,19.595,,-0.19183,-0.047306,-1.1521,-3.1819,-0.16031,-0.65346,-31.211,2.6299,0.25034,-0.019075,100.72,3.6586,3.6147,-0.14674,9.7121,,-1.7328,-0.015232,0.13118,-0.52336,-0.019912,22.346,2.751,-0.88118,0.32283,19.12,-0.20969,-0.021767,0.34554,2.6985,0.27333,-30.822,-30.822,-748.45,-0.015089,0.26299,1.0166,0,18.627,132.68,102.24,3.5699,171.35,1
0.20878,1.2728,-0.32834,0.73845,-118.39,0,0.20878,-0.21435,2.8173,-0.27284,0.21677,0.16631,0.074105,0.20878,2225.2,0.16403,0.78565,0.20878,0.074105,32.887,1.6394,0,0.074105,0.375,-0.28853,0.16403,0,-4.4987,3.5032,0.41809,0.16569,257.81,1.4157,1.3963,0.002609,2.8173,38.506,-0.25535,0.000926,0.077475,,0,107.5,74.612,0.82246,0.53624,52.133,0,0,0.72831,1.2554,0.70634,-3.7382,-3.4987,-1046,0.36917,-0.76522,0.63974,-0.064075,11.099,4.892,162.64,2.2443,38.601,0
0.10042,0.56795,0.24422,1.9277,8.0588,0.17212,0.1295,0.74625,1.0794,0.42383,0.1295,0.49191,0.080272,0.1295,1131.8,0.3225,1.7607,0.1295,0.056754,31.315,1.4928,0.16782,0.044011,0.20577,0.42383,0.2713,0.79383,0.49586,4.4491,0.24086,0.056754,45.455,8.0298,0.29548,0.16782,2.2908,1.0231,0.72852,0.073545,0.078587,0.084308,0.073545,77.868,46.553,0.51297,1.184,33.802,0.11415,0.050027,0.89354,0.26327,0.12454,0.86055,1.4792,6868.2,0.073554,0.23694,0.92645,0.71888,11.656,7.8406,42.112,8.6673,4.633,0
0.17064,0.12704,0.76426,7.0157,76.749,0,0.21226,6.8712,2.4612,0.87296,0.23948,1.6708,0.10445,0.21226,180.38,2.0235,7.8712,0.21226,0.086242,42.791,1.122,0.19321,0.069333,1.3273,0.83412,1.6959,7.0998,7.0312,3.1097,-0.092226,0.086243,20.45,17.849,17.849,0.19361,2.4612,,0.87296,0.078665,2.8011,0.017791,0.078503,79.405,36.614,0.5914,4.7445,46.444,0.1484,0.060296,7.0157,0.12704,0.056026,8.0312,8.0312,983.92,0.078665,0.19548,0.91535,0,8.5299,9.9688,18.841,19.373,22.643,0
-0.018188,0.57202,-0.34592,0.39199,-170.88,-0.032718,-0.006622,0.74819,1.0489,0.42798,-0.006622,-0.01164,0.055272,-0.006622,4261.8,0.085644,1.7482,-0.006622,-0.007471,11.865,1.2087,0.041897,-0.020521,-0.027961,0.42798,0.065424,0.49579,-0.4452,5.3781,0.59498,-0.007471,245.74,1.4853,0.073244,0.041897,0.89463,62.877,0.43107,0.04727,0.078477,0.19286,0.04727,73.452,61.587,-0.63129,0.34134,12.444,-0.013715,-0.015474,0.38987,0.56893,0.67325,0.55082,0.5548,-82621,0.046584,-0.042498,0.95342,0.007217,30.763,5.9266,234.29,1.5579,1.1407,0
-0.076831,1.1259,0.19656,1.3859,-133.39,-0.72073,-0.074933,-0.11186,1.1988,-0.12595,-0.053465,-0.1471,-0.022907,-0.074933,-14966,-0.024388,0.88814,-0.074933,-0.062508,185.8,1.0149,-0.053479,-0.064091,0.013109,-0.79756,-0.026074,-2.4911,0.66854,4.018,0.90616,-0.0446,159.76,2.2846,1.0336,0.034945,1.1988,37.709,-0.12341,0.029151,0.077868,-6.249,-0.044611,202.88,17.079,-0.12591,0.18798,191.38,-0.10095,-0.084213,0.62701,0.50941,0.4377,-0.42835,-0.41972,2048.7,0.029151,0.61004,1.0623,-0.020163,1.9645,21.371,155.1,2.3532,4.0772,0
0.080622,1.0208,0.13118,1.1542,-9.2273,-0.24848,0.080622,-0.02034,2.3527,-0.020763,0.082926,0.094766,0.037078,0.080622,4271.1,0.085457,0.97961,0.080622,0.034267,28.227,1.6757,0.082926,0.034267,-0.16781,-0.16791,0.085457,35.993,7.2508,3.6773,0.43301,0.034805,136.8,2.6708,2.2259,0.082705,2.3553,58.736,-0.007143,0.035153,0.010993,0.38002,0.035247,150.88,122.66,0.44311,0.22486,29.256,0.076313,0.032436,0.9619,0.85075,0.37479,-1.1477,-0.39484,624,0.035204,-3.883,0.96474,-0.65597,12.931,2.9758,131.98,2.7655,130.05,1
-0.52095,0.098483,0.81254,9.2506,104.53,0,-0.52095,9.1535,2.5603,0.90147,-0.51997,-5.2897,-0.08119,-0.52095,-172.93,-2.1107,10.154,-0.52095,-0.20347,0.58207,0.43694,-0.53719,-0.20347,0.094625,-0.018306,-2.1107,-544.23,9.1372,2.3481,-0.2414,-0.20347,11.618,31.452,31.452,-0.53365,2.5775,,0.90147,-0.20843,7.2756,-0.014648,-0.20982,27.728,27.146,-127.59,7.3171,0.48111,-0.85028,-0.3321,9.2506,0.098483,0.031794,10.137,10.137,181.1,-0.20843,-0.57789,1.2017,0,627.08,13.446,14.04,25.997,28.791,1
0.051171,0.36278,0.22402,2.4394,32.327,0,0.063192,1.7565,1.4885,0.63722,0.077353,0.40603,0.067476,0.063192,1318.3,0.27686,2.7565,0.063192,0.042453,23.55,1.0173,0.077345,0.034377,0.20073,0.56325,0.24373,5.462,0.36112,3.4532,0.17768,0.051966,39.732,9.1864,3.941,0.058801,1.4885,1.3692,0.84437,0.039503,0.65054,0.10553,0.051961,68.268,44.719,0.53282,1.8223,24.518,0.040098,0.026938,1.0465,0.15563,0.10886,1.0272,1.3611,636,0.039503,0.080304,0.95821,0.32507,15.499,8.1621,38.163,9.5643,2.3995,0
0.12705,0.32841,0.37694,2.2637,38.437,0,0.16046,2.045,1.9592,0.67159,0.16621,0.53795,0.10188,0.16046,600.54,0.60779,3.045,0.16046,0.0819,33.219,1.0767,0.16037,0.064846,0.29265,0.65103,0.50605,27.903,1.1606,4.687,0.14645,0.084834,60.479,6.0665,5.5099,0.15906,1.9757,42.142,0.68338,0.081186,0.17124,0.054869,0.081854,116.28,83.056,0.71251,1.6659,35.967,0.12123,0.061876,2.056,0.29828,0.16484,2.0678,2.1041,18334,0.081186,0.18918,0.91878,0.017557,10.988,4.3946,55.569,6.5684,6.0325,0
0.79687,0.15512,0.73538,5.7408,143.6,0,0.98467,5.4467,2.8208,0.84488,0.98607,6.3479,0.356,0.98467,56.38,6.4739,6.4468,0.98467,0.34908,0,1.4398,0.98582,0.2825,2.0379,0.81602,5.2632,703.14,6.7156,3.2387,-0.1167,0.34957,30.83,11.839,11.839,0.98434,2.8208,,0.84488,0.34896,3.1907,0.005143,0.34949,51.185,51.185,,5.7408,0,0.96628,0.34256,5.7408,0.15512,0.084466,7.7156,7.7156,1274,0.34896,0.94317,0.65199,0,,7.131,20.072,18.185,25.76,0
0.11375,0.58769,0.022599,1.044,-26.333,0.000809,0.11375,0.70158,2.8644,0.41231,0.13493,0.22151,0.060993,0.11375,1227.8,0.29727,1.7016,0.11375,0.039714,24.258,1.2334,0.13114,0.039714,0.26223,0.38984,0.29727,6.1929,0.048719,4.5694,0.20396,0.04629,68.686,5.314,4.6435,0.1354,2.8644,5.2556,0.4781,0.04727,0.060097,0.10198,0.045782,64.386,40.128,0.59755,0.67331,25.462,0.070185,0.024503,0.91228,0.51354,0.18818,0.88887,1.0307,838.57,0.04727,0.27589,0.96097,0.15956,15.046,9.0959,65.439,5.5777,6.175,0
0.34113,0.12241,0.69989,6.7177,86.931,0.52981,0.42393,6.4904,1.2935,0.79448,0.42393,3.4632,0.2184,0.42393,98.649,3.7,8.1694,0.42393,0.20442,29.522,1.5528,0.42718,0.1645,0.65916,0.79448,3.0236,2.6645,3.9386,4.5266,-0.022516,0.20442,27.869,13.097,3.4898,0.42718,2.0973,,0.79448,0.20599,2.6234,0.008822,0.20599,88.21,58.688,2.0338,5.3474,38.187,0.3982,0.19202,6.7177,0.12241,0.076352,4.4709,4.4709,23530,0.22692,0.42938,0.77308,0,12.364,6.2193,21.545,16.942,11.67,0
0.01252,0.041165,0.32235,11.459,210.79,0,0.01252,23.292,0.43669,0.95883,0.01252,0.40623,0.031602,0.01252,1088.8,0.33524,24.292,0.01252,0.02867,116.7,0.9088,0,0.02867,0.042618,0.46908,0.33524,,0.49836,4.2283,-0.24539,0.065842,36.18,10.089,7.5532,0.005254,0.43669,,0.95883,0.012031,4.8585,1.072,0,170.03,53.329,0.089668,6.9287,163.91,-0.00128,-0.002931,8.5793,0.03082,0.099122,1.4824,1.4824,5452.4,0.28798,0.013058,0.72623,0,3.1276,6.8443,25.76,14.169,0.67513,0
0.046714,0.54227,0.055366,1.1452,-48.07,0.08931,0.048621,0.56497,1.1156,0.30637,0.048621,0.12754,0.06687,0.048621,2025.3,0.18022,1.8441,0.048621,0.033269,53.803,0.97644,0.14008,0.031965,0.097511,0.30637,0.1767,1.0692,0.09827,4.9493,0.36685,0.033269,106.22,3.4364,0.25831,0.14008,1.4695,1.3734,0.46741,0.095848,0.037904,0.094238,0.095848,105.43,51.629,0.21685,0.58015,60.02,0.09097,0.062247,0.80513,0.38123,0.291,0.54378,0.82961,4926.4,0.10358,0.15248,0.89642,0.52564,6.784,7.0696,95.213,3.8335,2.5939,0
0.10341,0.84213,0.073977,1.099,-59.833,0,0.10341,0.18747,1.7468,0.15787,0.15596,0.13839,0.066676,0.10341,2639.1,0.1383,1.1875,0.10341,0.059198,70.72,0.87939,0.15596,0.059198,0.48557,0.15657,0.1383,2.9675,0.41367,3.5835,0.48178,0.071922,168.18,2.1703,1.9256,0.12516,1.7468,5.0847,0.25281,0.071653,0.004587,0.16607,0.089285,170.87,100.15,0.30553,0.64605,76.178,0.1429,0.081806,0.97511,0.74719,0.46076,0.8828,1.4137,283.5,0.071653,0.65501,0.94183,0.60135,5.1612,3.6445,156.13,2.3378,9.768,0
0.17546,0.24669,0.37251,2.5264,56.684,0.28778,0.2191,2.9578,1.1541,0.72965,0.2191,0.8978,0.14309,0.2191,303.95,1.2009,4.0537,0.2191,0.10583,17.625,1.145,0.26943,0.084753,0.3452,0.72965,1.0239,1.502,0.97148,4.89,-0.032359,0.10583,49.658,7.3503,1.0922,0.26943,2.0825,195.47,0.73229,0.13014,1.2945,0.023402,0.13014,53.004,35.378,1.7551,2.1168,20.342,0.1923,0.092885,2.4993,0.24404,0.13605,1.9029,1.9098,28914,0.13354,0.24047,0.86646,0.003622,20.709,10.317,43.027,8.4831,5.3991,0
0.023569,0.24393,-0.061505,0.70522,-11.591,0.058184,0.031815,2.1095,1.0024,0.51457,0.031815,0.15248,0.032213,0.031815,753.13,0.48464,4.0995,0.031815,0.008669,4.9465,1.1399,0.041706,0.006422,0.079542,0.51457,0.45084,0.11391,-0.072117,4.181,0.065037,0.008669,20.8,17.548,0.17097,0.041706,3.7048,2.7602,0.54986,0.011364,0.043658,0.062599,0.011364,13.728,8.7813,0.47388,0.46684,4.9583,-0.0447,-0.01218,0.6032,0.20864,0.056987,0.60335,0.64473,-933,0.00238,0.045803,0.99762,0.068577,73.789,41.566,20.751,17.59,4.3032,0
0.10005,0.68427,0.29253,1.5268,17.778,0.25591,0.13667,0.38881,1.0394,0.26605,0.13667,0.24613,0.048613,0.13667,1408.4,0.25917,1.4614,0.13667,0.037465,11.646,1.3905,0.13478,0.027427,0.34104,0.26605,0.20565,0.38403,1.9221,4.1682,0.1744,0.037465,57.749,6.3205,0.19697,0.13478,3.6613,5.6703,0.39504,0.036946,0.095264,0.12823,0.036946,79.535,67.889,0.85963,1.3172,12.105,0.094114,0.025799,1.239,0.55528,0.15822,1.7481,2.5956,4308.9,0.037927,0.37607,0.96207,0.48483,31.343,5.3764,55.558,6.5697,23.969,0
0.29253,0.31702,0.48138,2.5195,242.87,0,0.29253,2.1543,0.95476,0.68298,0.29979,0.92341,0.30884,0.29253,392.43,0.93011,3.1543,0.29253,0.30639,23.897,2.1814,0.000594,0.30639,,0.66794,0.93011,0.081755,2.3851,4.384,0.32481,0.61537,191.54,1.9056,1.9042,0.000111,0.95476,,0.68298,0.000117,0.063459,3.6044,0.000622,297.45,273.55,4.6799,2.3222,37.794,-0.001744,-0.001827,2.5177,0.31679,0.52477,3.3839,3.3839,11655,0.36772,0.42832,0.64084,0,15.274,1.3343,121.11,3.0138,4.7305,0
0.15778,0.071597,0.71884,11.04,337.62,0.39369,0.19564,12.967,1.2848,0.92838,0.19564,2.7325,0.28191,0.19564,114.14,3.1978,13.967,0.19564,0.24089,70.321,1.0685,0.17863,0.19427,0.48918,0.92838,2.669,2.8258,3.4302,4.275,-0.52354,0.24089,41.341,8.829,2.4949,0.17863,0.83048,,0.92838,0.21994,6.9496,0.011106,0.21994,131.62,61.301,1.0084,8.8547,90.347,0.14531,0.17893,11.04,0.071597,0.11326,4.4301,4.4301,13541,0.22166,0.16995,0.77834,0,5.1905,5.9542,32.178,11.343,3.8754,0
0.29343,0.58649,0.083392,1.1694,-55.152,-0.28211,0.29343,0.70507,1.6376,0.41351,0.30572,0.59621,0.22868,0.29343,571.63,0.63852,1.7051,0.29343,0.17919,37.194,1.4744,0,0.17919,,0.19634,0.63852,0,0.19648,4.3536,0.33125,0.38954,168.46,2.1666,1.8182,0.025565,1.6376,47.009,0.42221,0.015611,0.22658,0.2412,0,103.43,66.238,1.7585,0.83039,57.118,-0.081052,-0.049495,0.98137,0.49217,0.46154,0.97426,0.99474,1882.3,0.34882,0.70961,0.7215,0.021024,9.8135,5.5104,109.7,3.3273,3.8582,0
0.062166,0.83679,0.16514,1.2955,-15.61,0,0.07727,0.19504,2.246,0.16321,0.086539,0.13827,0.078605,0.07727,1730,0.21098,1.195,0.07727,0.034403,40.514,1.5254,0.08598,0.027679,0.18933,0.13682,0.19293,9.2752,0.59831,3.2775,0.37191,0.038355,94.246,3.8728,2.5865,0.08166,2.246,1.7094,0.4409,0.036358,0.012315,0.15056,0.038282,116.54,76.024,0.24936,0.84941,42.043,-0.013296,-0.00592,0.86519,0.55885,0.25821,0.59131,1.5974,312.86,0.036358,0.3809,0.96569,1.7015,9.0092,4.8011,90.82,4.0189,8.1373,0
0.083711,0.05226,0.61466,12.762,118.38,0.19578,0.10923,18.054,1.0598,0.94351,0.10923,2.0901,0.19317,0.10923,154.47,2.3629,19.135,0.10923,0.17087,44.495,0.95393,0.035659,0.13095,0.24856,0.94351,1.8746,0.59117,1.8454,5.7429,-0.1576,0.17087,31.623,11.542,0.68235,0.035659,0.71692,,0.94351,0.055782,9.4925,0.034422,0.055782,97.548,53.053,1.0742,11.27,47.155,0.021406,0.033485,12.762,0.05226,0.086637,2.8327,2.8327,340010,0.056405,0.088723,0.9436,0,8.2031,6.8799,29.839,12.232,1.9192,0
0.12694,0.56569,0.35899,1.6346,28.002,0.43745,0.16116,0.76776,1.0472,0.43431,0.16116,0.2849,0.04082,0.16116,1259.4,0.28982,1.7678,0.16116,0.040127,0.11407,1.0664,0.18133,0.031607,0.56001,0.43431,0.22933,0.47282,4.7661,4.6381,0.14067,0.040127,53.838,6.7797,0.32055,0.18133,4.0177,,0.43431,0.045149,0.10669,0.10101,0.045149,78.549,78.435,101.13,1.6324,0.11946,0.17855,0.044455,1.6346,0.56569,0.1475,5.7661,5.7661,15601,0.045113,0.29229,0.95489,0,3199.8,4.6536,51.409,7.1,53.323,0
-0.29929,0.61988,-0.27764,0.55211,-112.63,-0.29929,-0.30611,0.55645,0.82744,0.34493,-0.30611,-0.49381,-0.18888,-0.30611,-935.68,-0.39009,1.6132,-0.30611,-0.23911,53.037,0.67209,-0.30388,-0.23378,-0.30611,0.34493,-0.3791,,-0.4221,4.6113,0.4827,-0.23911,146.24,2.4959,-0.49022,-0.30388,1.3288,,0.34493,-0.23737,0.003522,-0.085063,-0.23737,96.955,43.918,-1.6089,0.25202,43.885,-0.36818,-0.28759,0.55211,0.61988,0.40065,0.52441,0.52441,-11345,-0.20854,-0.86768,1.2085,0,6.882,8.311,176.73,2.0653,1.9463,1
0.30111,0.43448,0.50101,2.1531,33.014,0,0.37221,1.3016,2.7857,0.56552,0.37241,0.85669,0.13961,0.37221,407.77,0.89511,2.3016,0.37221,0.13361,36.843,1.0347,0.37236,0.10809,1.4867,0.54621,0.73146,1890.3,7.7657,3.4131,0.12198,0.13361,65.701,5.5554,5.5554,0.372,2.7857,,0.56552,0.13354,0.21788,0.037225,0.13367,110.17,73.326,1.0708,1.5059,42.521,0.35566,0.12767,2.1531,0.43448,0.18,8.7657,8.7657,1297.2,0.13354,0.53244,0.86641,0,9.907,4.9778,56.928,6.4116,43.179,0
-0.19436,0.22773,0.19861,1.8721,8.4717,-0.12459,-0.23786,2.9116,1.08,0.66306,-0.23786,-1.0445,-0.1788,-0.23786,-437.78,-0.83375,4.3911,-0.23786,-0.22399,57.267,0.95965,-0.24776,-0.18302,-0.14625,0.66306,-0.64274,-2.5198,0.34622,4.3431,0.11531,-0.22399,84.536,4.3177,-1.088,-0.24776,1.1063,,0.66306,-0.23331,0.50618,-0.037478,-0.23331,106.92,49.651,-1.1665,1.1405,61.849,-0.29575,-0.2785,1.8721,0.22773,0.23161,1.1558,1.1558,4376.3,0.074084,-0.29313,0.92592,0,6.3737,7.3513,78.273,4.6631,1.8512,0
0.18764,0.54902,0.19945,1.6866,22.802,-0.003658,0.18764,0.82144,2.3294,0.45098,0.23964,0.64589,0.11205,0.18764,767.77,0.4754,1.8214,0.18764,0.080553,10.547,1.6735,0.23963,0.080553,0.18384,0.18398,0.4754,4.6083,0.39105,3.9221,0.23568,0.094417,50.933,7.1663,3.792,0.2475,2.3294,1.8035,0.68534,0.10625,0.017013,0.05847,0.10287,75.999,65.453,2.7878,1.4549,11.8,0.16626,0.071376,0.89243,0.29051,0.13954,0.88421,1.3437,1667.1,0.10625,0.41606,0.91996,0.51965,34.609,5.5765,45.521,8.0183,4.567,0
0.002999,0.65867,-0.011121,0.94959,-73.665,0.002089,0.004323,0.51821,0.50333,0.34133,0.015983,0.019597,0.021856,0.004323,21854,0.016702,1.5182,0.004323,0.00859,43.994,,0.013192,0.005959,0.00349,-0.001145,0.014691,1.1314,-0.014068,5.6452,1.3086,0.00859,169.8,2.1509,0.72041,0.029098,0.50333,0.33973,0.77939,0.057811,0.10827,1.105,0.026209,134.6,90.602,0.049437,0.67459,46.666,0.006515,0.012943,0.31805,0.22061,0.46492,0.43178,0.98593,0.94959,0.057811,0,0.95914,1.2834,8.2965,4.0286,159.98,2.2815,0.63672,0
0.039498,0.28468,0.52601,2.8477,0.39328,0,0.048433,2.5127,3.3388,0.71532,0.051903,0.17013,0.032762,0.048433,949.95,0.38423,3.5127,0.048433,0.014506,55.781,1.1546,0.048618,0.01183,0.16672,0.36469,0.35285,14.013,2.7786,3.2681,0.061643,0.015532,31.538,11.573,11.573,0.044052,3.3388,,0.71532,0.013194,0.32001,0.086607,0.014562,78.667,22.886,0.07741,1.0554,56.527,-0.012333,-0.003694,2.8477,0.28468,0.086407,3.7786,3.7786,975.12,0.013194,0.055218,0.98553,0,6.5434,15.949,31.122,11.728,17.637,0
0.001125,0.13265,0.48588,5.2265,148.98,0.01632,0.001125,5.9434,0.8401,0.78838,0.001125,0.009783,0.055724,0.001125,1261.8,0.28927,7.5388,0.001125,0.001633,85.133,0.46491,-0.029924,0.001633,0.01632,0.78838,0.28927,-0.36508,1.2173,4.0787,-0.27191,0.001633,51.193,7.1299,-0.2256,-0.029924,0.87304,24.892,0.80606,-0.043457,2.7954,0.59559,-0.043457,148.15,63.012,0.007003,3.8294,71.52,-0.067171,-0.097548,4.5297,0.11496,0.14025,1.9751,2.0194,5823.6,-0.19034,0.001427,1.1903,0.022433,4.2874,5.7925,60.937,5.9898,1.7251,0
0.078518,0.20546,0.10393,2.7939,77.784,0.36515,0.093388,3.8672,1.2322,0.79454,0.093388,1.6119,0.25844,0.093388,735.12,0.49652,4.8672,0.093388,0.23659,32.076,0.99207,0.075428,0.19892,0.43626,0.79454,0.42414,2.3545,0.12401,5.0933,0.51863,0.23659,66.013,5.5292,0.36712,0.075428,0.41595,0.86215,0.94206,0.19109,0.045408,0.080363,0.19109,147.25,115.17,2.2635,2.1951,39.524,0.066803,0.16924,0.78786,0.057938,0.18086,0.948,1.124,12885,0.18842,0.098822,0.81158,0.18566,11.379,3.1692,53.575,6.8129,0.47096,0
0.41456,0.41514,0.26412,1.6362,-16.265,0,0.41829,1.4088,2.5595,0.58486,0.42068,1.0076,0.17469,0.41829,338.9,1.077,2.4088,0.41829,0.16343,50.683,1.194,0.40952,0.16197,1.5987,0.45496,1.068,171.44,0.82347,3.6857,0.12616,0.16359,70.453,5.1808,5.1808,0.40871,2.5595,,0.58486,0.15969,0.23321,0.031569,0.16,83.061,32.378,1.1665,0.78012,60.315,0.3807,0.14874,1.6362,0.41514,0.19302,1.8235,1.8235,1280.9,0.15969,0.70883,0.83734,0,7.2016,11.273,59.202,6.1653,7.9799,0
0.050918,0.26056,0.29223,2.1216,29.509,0.16711,0.062322,2.3799,1.0115,0.62011,0.062322,0.23919,0.049665,0.062322,703.73,0.51867,3.8379,0.062322,0.022903,10.14,1.2568,0.055239,0.018712,0.20626,0.62011,0.4749,0.20533,0.65345,4.14,0.018153,0.022903,35.352,10.325,0.212,0.055239,2.7677,,0.62011,0.0203,0.81845,0.066893,0.0203,45.544,35.404,0.67358,1.8314,10.256,-0.017583,-0.006462,2.1216,0.26056,0.096855,1.3866,1.3866,4034.2,0.011355,0.082112,0.98864,0,35.996,10.31,34.951,10.443,6.0846,0
-0.020815,0.13035,0.44396,4.4058,150.58,0.084212,-0.026914,5.6583,0.79986,0.73759,-0.026914,-0.20647,-0.003753,-0.026914,-14853,-0.024574,7.6714,-0.026914,-0.031532,1.4318,0.95255,-0.01988,-0.024387,0.10444,0.73759,0.022212,-0.18629,1.0429,4.2026,-0.32121,-0.031532,44.586,8.1864,-0.15251,-0.01988,1.0755,,0.73759,-0.023291,3.1353,1.1188,-0.023291,70.82,69.388,-6.2167,4.3801,1.1452,-0.043591,-0.05107,4.4058,0.13035,0.12215,1.7327,1.7327,7077.8,-0.25022,-0.028221,1.2502,0,254.93,5.2603,55.742,6.548,2.0051,0
0.18613,0.27124,0.67295,3.5027,87.406,0.45845,0.23336,2.6868,1.1186,0.72876,0.23336,0.86788,0.12547,0.23336,394.01,0.92637,3.6868,0.23336,0.11653,43.659,1.1315,0.21944,0.092939,0.56606,0.72876,0.75222,1.2257,11.569,4.243,0.034526,0.11653,54.818,6.6584,0.80902,0.21944,2.0385,298.94,0.73111,0.10957,0.76296,0.037572,0.10957,134.27,90.607,0.77699,2.6118,48.837,0.20153,0.10063,3.4724,0.26889,0.15019,12.529,12.569,11776,0.10601,0.2554,0.89399,0.003224,8.3602,4.0284,49.007,7.4479,34.43,0
0.027414,0.49213,0.34014,1.7165,-17.457,0.055631,0.036057,0.98492,1.0539,0.48471,0.036057,0.075953,0.05292,0.036057,2599.6,0.14041,2.032,0.036057,0.027614,109.12,1.2628,0.037386,0.020995,0.076523,0.48471,0.12285,0.30176,1.8374,5.0256,0.37194,0.027614,139.86,2.6097,0.075967,0.037386,1.3512,24.399,0.50211,0.028632,0.031067,0.22973,0.028632,223.66,114.55,0.070231,0.89425,115,0.004344,0.003327,1.6558,0.47473,0.38318,2.6182,2.7122,36077,0.051168,0.056558,0.94883,0.035896,3.3451,3.1864,132.7,2.7505,7.0532,0
0.15257,0.60407,0.12462,1.2218,-19.673,0,0.18813,0.65543,4.0268,0.39593,0.21056,0.33485,0.050533,0.18813,1083.5,0.33686,1.6554,0.18813,0.046719,30.102,1.3588,0.19882,0.037888,0.34584,0.38284,0.27799,8.8603,0.39743,3.5821,0.14367,0.052203,53.084,6.8759,6.3949,0.16377,4.0268,8.3859,0.43818,0.040669,0.050422,0.094014,0.049374,59.653,29.551,0.45941,0.63071,31.378,0.18346,0.045559,1.1363,0.56182,0.14544,1.2627,1.3974,476.04,0.040669,0.38534,0.95388,0.10672,12.125,12.352,50.925,7.1674,12.842,0
0.047992,0.43427,0.16522,1.4088,8.5511,0.25311,0.059254,1.2376,1.0664,0.53744,0.059254,0.14661,0.044816,0.059254,1646,0.22175,2.3027,0.059254,0.027576,20.031,0.9874,0.13276,0.022335,0.3138,0.53744,0.19581,0.65887,0.38368,4.5272,0.15739,0.027576,73.211,4.9856,0.3057,0.13276,2.1731,14.988,0.56756,0.061784,0.23851,0.084083,0.061784,80.344,60.313,0.40697,1.117,0.061784,0.095714,0.044544,1.3111,0.40415,0.20058,1.248,1.318,5561.9,0.062276,0.089297,0.93772,0.056044,18.222,6.0518,68.652,5.3167,4.9898,0
0.041379,0.81631,-0.08261,0.87465,-73.671,-0.14992,0.053565,0.22503,1.5469,0.18369,0.11246,0.081275,0.072611,0.053565,2652.6,0.1376,1.225,0.053565,0.034627,33.502,1.5869,0.10666,0.02675,-0.10716,0.12571,0.12267,1.8111,-0.19504,4.7697,0.42958,0.068995,162.1,2.281,1.8416,0.062935,1.6157,3.493,0.30807,0.040684,0.33808,0.16449,0.06895,83.441,49.939,0.29143,0.65921,34.474,0.047901,0.030966,0.70616,0.65905,0.43841,0.43369,0.72734,0.87465,0.040684,0.22527,0.96685,0.67711,10.895,7.309,155.51,2.3472,3.6522,1
0.11752,0.11873,0.25609,3.1569,54.805,0.27734,0.12083,7.1707,1.1032,0.85135,0.12083,1.0177,0.13279,0.12083,278.1,1.3125,8.4227,0.12083,0.10297,29.809,1.1917,0.1181,0.10015,0.26754,0.85135,1.2846,1.1102,0.40962,4.9197,-0.056832,0.10297,40.739,8.9595,0.99469,0.1181,1.2042,,0.85135,0.10063,1.5924,0.025497,0.10063,57.777,27.968,1.2263,2.3497,32.885,0.083101,0.070814,3.1569,0.11873,0.11161,1.3618,1.3618,21285,0.093546,0.13804,0.90645,0,12.245,13.051,36.928,9.8842,1.8771,0
0.18532,0.41236,0.49654,2.2041,16.554,0,0.2224,1.425,2.5597,0.58764,0.2309,0.53934,0.099444,0.2224,591.3,0.61728,2.425,0.2224,0.086888,53.944,1.2556,0.22643,0.0724,0.35765,0.33094,0.52735,26.639,5.4507,3.8251,0.11978,0.090209,64.222,5.6834,5.6834,0.21606,2.5597,,0.58764,0.084409,0.28544,0.05316,0.088459,112.82,58.878,0.48988,1.2867,58.917,0.19429,0.075903,2.2041,0.41236,0.17595,6.4507,6.4507,3319.3,0.084409,0.31537,0.91418,0,6.7662,6.1993,58.802,6.2073,28.098,0
-0.013075,0.26448,0.31431,2.2566,23.145,0,-0.010131,2.781,1.1011,0.73552,0.019513,-0.040502,0.02523,-0.010131,3474.8,0.10504,3.781,-0.010131,-0.0092,79.982,1.2885,0.001289,-0.011874,0.15769,0.73095,0.093909,0.04349,0.72161,5.06,0.23026,-0.008224,82.466,4.426,4.1858,-0.005934,1.1011,,0.73552,-0.005389,0.06087,0.22489,0.001171,182.05,102.07,-0.054189,1.2919,79.553,-0.036623,-0.03326,2.1341,0.25012,0.22594,1.6886,1.6886,36086,-0.005389,-0.017777,1.0088,0,4.5635,3.576,82.911,4.4023,2.528,0
-0.024801,0.39968,0.34772,1.8812,-23.197,0,-0.024801,1.502,1.2028,0.60032,-0.024122,-0.062849,-0.014998,-0.024801,-8086.5,-0.045137,2.502,-0.024801,-0.020619,121.39,0.70727,0,-0.020619,0.28699,0.23162,-0.045137,0,1.3495,3.2115,0.31374,-0.041238,139.74,2.6119,2.5788,0.070133,1.2028,,0.60032,0.058306,0.091185,1.9706,0,214.34,92.956,-0.061999,0.86746,141.66,-0.006761,-0.005621,1.8573,0.39462,0.38286,2.3299,2.3299,565.86,0.1431,-0.041314,0.85816,0,3.0069,3.9266,119.75,3.0481,4.6683,0
0.32359,0.14131,0.79184,6.6036,78.041,0.32359,0.35387,4.1563,1.1025,0.58733,0.35387,2.5042,0.092393,0.35387,138.35,2.6382,7.0767,0.35387,0.0877,0,1.0977,0.35754,0.080196,0.35387,0.58733,2.424,,11.843,3.7569,0.034877,0.0877,14.093,25.899,2.5302,0.35754,4.0366,,0.58733,0.08861,0.022293,0.01234,0.08861,84.126,84.126,,6.6036,0,0.33861,0.083917,6.6036,0.14131,0.038611,8.7844,8.7844,4524.6,0.092991,0.55095,0.90701,0,,4.3387,12.783,28.554,60.35,1
-0.075047,0.43036,0.15779,1.3666,16.809,0,-0.075047,1.3236,3.3152,0.56964,-0.069767,-0.17438,-0.011655,-0.075047,-4065.3,-0.089784,2.3236,-0.075047,-0.022637,0,0.94681,-0.069774,-0.022637,-0.29819,0.38236,-0.089784,-13.214,0.38314,2.614,0.085805,-0.022299,46.408,7.865,7.865,-0.069643,3.3152,,0.56964,-0.021007,0.34238,-0.42993,-0.021047,48.533,48.533,,1.3666,0,-0.10618,-0.032029,1.3666,0.43036,0.12715,1.3831,1.3831,64.877,-0.021007,-0.13175,-0.032029,0,,7.5207,47.383,7.7032,8.0496,0
0.016725,0.43246,0.079691,1.1843,-21.22,0.016725,0.020505,0.97673,1.0084,0.4224,0.020505,0.047414,0.04265,0.020505,2796.5,0.13052,2.3124,0.020505,0.015493,42.021,1.4642,0.033613,0.012637,0.020505,0.4224,0.12178,,0.16335,5.599,0.23862,0.015493,120.28,3.0347,0.077725,0.033613,1.349,,0.4224,0.025398,0.27569,0.20442,0.025398,108.37,66.345,0.10977,0.83195,42.376,-0.002328,-0.001759,1.1843,0.43246,0.32952,0.86583,0.86583,31652,0.008371,0.039595,0.99163,0,8.6861,5.5016,119.27,3.0603,2.7129,1
0.27259,0.69838,-0.17008,0.75647,-97.554,0.80692,0.27259,0.43072,1.193,0.30081,0.27259,0.39031,0.20336,0.27259,776.26,0.4702,1.4319,0.27259,0.16881,40.554,1.0604,0.26126,0.16881,0.80692,0.30081,0.4702,1.9303,-0.36057,3.9949,0.41037,0.16881,188.33,1.9381,0.37409,0.26126,1.6306,,0.30081,0.16179,0.054255,0.072418,0.16179,110.85,70.298,1.5193,0.49957,48.383,0.20547,0.12724,0.75647,0.69838,0.51598,0.63772,0.63772,-1681,0.1618,0.90619,0.8382,0,9.0002,5.1922,157.86,2.3122,3.4234,0
0.21814,0.052122,0.46019,9.9766,207.15,-0.002809,0.26796,18.186,0.75832,0.94788,0.28765,5.2269,0.38295,0.26796,65.511,5.5716,19.186,0.26796,0.35336,86.676,1.0057,0.25899,0.28766,0.57994,0.70309,4.6157,13.15,0.94195,3.6112,-0.34036,0.35345,36.984,9.8692,9.7071,0.25238,0.75832,,0.94788,0.33281,6.0882,0.006173,0.34153,95.948,9.2724,1.2113,6.4639,129.91,0.23655,0.31194,9.8127,0.051265,0.10133,1.9402,1.9402,1880,0.33281,0.23013,0.66241,0,4.2111,39.364,24.675,14.792,1.5522,0
0.084701,0.62686,0.23388,1.6313,15.678,0,0.10374,0.59526,1.7013,0.37314,0.1428,0.28001,0.093481,0.10374,1438.6,0.25372,1.5953,0.10374,0.060976,30.555,1.578,0.13644,0.049785,0.2273,0.36827,0.22334,3.4933,0.59117,4.011,0.30728,0.070828,86.753,4.2073,2.4867,0.14254,1.7013,1.9732,0.60725,0.083784,0.35099,0.10898,0.080195,101.76,71.208,0.59471,1.2469,33.349,0.081136,0.04769,0.96414,0.37049,0.23768,0.94318,1.5349,2398.9,0.083784,0.22699,0.94061,0.62739,11.946,5.1259,79.485,4.5921,4.3004,0
-0.36865,0.8294,-0.19303,0.75449,-71.759,-0.51775,-0.36672,-0.17263,0.8836,-0.14318,-0.36672,-0.46642,-0.11729,-0.36672,-1121.3,-0.32551,1.2057,-0.36672,-0.15932,48.505,1.0827,-0.33661,-0.16016,-0.48948,-0.14318,-0.32783,-1.2922,-0.47454,4.7465,0.35878,-0.15932,110.16,3.3132,-0.40585,-0.33661,2.3417,6.6588,-0.10003,-0.14624,0.005874,-0.11368,-0.14624,93.336,44.83,-1.2052,0.36544,42.859,-0.43336,-0.18827,0.71524,0.78625,0.30182,-0.35198,-0.2459,-10767,-0.13174,2.5747,1.1317,-0.30138,7.5249,8.1418,124.68,2.9276,5.6586,0
0.16933,0.49582,0.072524,1.1463,-4.3947,0.43608,0.21012,0.87612,1.1369,0.4344,0.21012,0.42378,0.16636,0.21012,625.63,0.58341,2.0168,0.21012,0.12084,18.263,1.1584,0.20861,0.097382,0.54062,0.4344,0.50114,1.3639,0.16801,6.0963,0.20788,0.12084,118.33,3.0847,0.42073,0.20861,1.7498,,0.4344,0.11997,0.2775,0.056649,0.11997,90.422,72.159,1.9462,0.9708,20.763,0.12946,0.074455,1.1463,0.49582,0.32418,1.0064,1.0064,90524,0.12038,0.3898,0.87962,0,19.985,5.0583,104.08,3.5069,4.0282,0
-0.029495,0.82617,0.097451,1.4921,491.81,0,-0.029495,0.2104,0.1399,0.17383,0.002068,-0.14893,0.26587,-0.029495,8107.4,0.045021,1.2104,-0.029495,-0.21083,0,1.0065,0.002067,-0.21083,-0.02893,0.040171,0.045021,0.065494,0.13833,3.0501,5.7292,0.014783,524.46,0.69596,0.16684,0.002066,0.1399,0.47045,0.80195,0.01477,0.12575,0.40053,0.014776,705.98,705.98,,1.4921,0,-0.064623,-0.46192,0.35767,0.19805,1.4369,0.24674,1.1383,109.37,0.01477,-0.16968,1.2108,3.6135,,0.51701,516.71,0.70639,0.19858,0
-0.015044,0.44071,0.28733,1.6717,-4.7014,-0.071646,-0.016116,0.95749,0.99008,0.42198,-0.016116,-0.037673,0.016337,-0.016116,5402.7,0.067559,2.2691,-0.016116,-0.008843,61.508,1.014,-0.024907,-0.008255,-0.069576,0.42198,0.069992,-0.13531,1.0086,3.971,0.16023,-0.008843,84.824,4.303,-0.056516,-0.024907,1.8731,31.579,0.4349,-0.013666,0.35609,0.69051,-0.013666,112.71,51.203,-0.048984,0.95374,60.898,-0.070798,-0.038846,1.6227,0.42779,0.2324,1.4813,1.5266,2688,-0.010018,-0.035652,1.01,0.030618,5.9342,7.1285,85.674,4.2603,6.3976,0
0.3314,0.34856,0.51661,2.498,1.2705,0,0.3314,1.869,2.1791,0.65144,0.33145,0.96096,0.17938,0.3314,325.48,1.1214,2.869,0.3314,0.15208,85.175,1.2861,0,0.15208,0.48456,0.64887,1.1214,0,3.7291,4.0659,0.14243,0.30415,84.764,4.3061,4.2604,0.002956,2.1791,95.469,0.65514,0.001356,0.11956,0.19531,0,137.39,52.212,0.6517,1.0235,124.99,-0.059488,-0.027299,2.4715,0.34486,0.23223,4.7024,4.7291,6013,0.31854,0.50871,0.68984,0.005675,4.2853,6.9907,57.763,6.3189,15.73,0
0.26878,0.34531,0.45977,3.5149,46.68,0,0.33393,1.896,3.2732,0.65469,0.34181,1.8265,0.10806,0.33393,356.34,1.0243,2.896,0.33393,0.10202,7.4147,1.2739,0.34176,0.082114,0.70424,0.49437,0.83562,43.374,1.2864,2.9653,0.070922,0.10442,21.925,16.648,8.814,0.22971,3.2732,3.5455,0.81718,0.070178,0.62549,0.031837,0.10441,58.904,51.489,4.0422,3.1512,7.9743,0.322,0.098373,1.8609,0.18282,0.060068,1.8318,2.2864,424.44,0.070178,0.41054,0.90136,0.24819,49.226,7.0889,20.386,17.904,9.1582,0
0.06271,0.20015,0.3715,3.3909,77.072,0.098061,0.080048,3.9894,0.90983,0.79848,0.082075,0.51519,0.1322,0.080048,607.35,0.60097,4.9963,0.080048,0.087981,71.653,1.0453,0.077275,0.068926,0,0.72263,0.51435,38.122,0.78519,5.2706,0.21999,0.087981,100.13,3.8291,2.9725,0.34342,0.90983,7.7785,0.84326,0.37746,0.51643,0.056775,0.084934,179.18,107.52,0.35111,2.2414,109.58,0.03704,0.040711,2.6324,0.15538,0.26116,1.6877,1.7823,3.3909,0.37746,0,0.6258,0.056072,5.094,3.3946,62.333,5.8556,1.923,0
0.10347,0.32778,0.38117,3.3004,69.097,0,0.13116,2.0509,1.1108,0.67222,0.13577,0.7916,0.15981,0.13116,673.92,0.54161,3.0509,0.13116,0.11808,56.596,0.83823,0.11686,0.093146,0.4345,0.66958,0.45711,25.382,0.84119,4.608,0.069431,0.12107,57.124,6.4837,3.2776,0.052088,1.2101,10.756,0.70705,0.046891,1.5828,0.066938,0.1052,93.514,36.917,0.60071,2.2609,58.519,0.070502,0.063468,1.6684,0.1657,0.15423,1.4835,1.5604,15455,0.046891,0.15392,0.89161,0.051811,6.4492,9.887,54.445,6.704,2.4514,0
-0.21391,0.39974,0.274,1.739,-23.079,0,-0.21391,1.5016,3.1022,0.60026,-0.21391,-0.5769,-0.068361,-0.21391,-688,-0.53052,2.5016,-0.21391,-0.068954,39.461,0.88475,0,-0.068954,0.20595,0.58579,-0.53052,,0.7714,3.5384,0.11628,-0.13791,109.25,3.3409,3.0989,0.090224,3.1022,10.689,0.62921,0.029084,0.15357,7.2391,0,69.166,29.705,-0.6378,0.83445,98.821,-0.001841,-0.000593,1.613,0.37079,0.29932,1.6899,1.7714,946.62,0.60068,-0.35636,0.39932,0.048222,9.2496,12.287,43.627,8.3664,8.7336,0
0.057735,0.31625,0.091174,1.5428,0.24461,0,0.074261,2.1621,1.1412,0.68375,0.088848,0.44208,0.095202,0.074261,1062.4,0.34355,3.1621,0.074261,0.06507,27.966,1.0256,0.085824,0.05059,0.36248,0.67741,0.29129,5.8835,0.12307,3.8969,0.25678,0.077272,57.26,6.3744,3.3859,0.070455,1.1412,1.1582,0.83202,0.061736,0.15616,0.087693,0.075203,74.496,46.53,0.66028,1.0222,29.806,0.051437,0.045071,0.81947,0.16798,0.15688,0.92293,1.1231,719.08,0.061735,0.084439,0.9388,0.21684,13.052,7.8444,53.725,6.7938,1.5405,0
0.10092,0.48276,0.2245,1.476,-13.53,0,0.12645,1.0714,1.6818,0.51724,0.14189,0.26808,0.094929,0.12645,1103.7,0.33071,2.0714,0.12645,0.075185,59.907,1.071,0.14149,0.060004,0.54093,0.50246,0.27783,9.164,0.73891,3.5293,0.27131,0.075714,111.81,3.2645,3.1895,0.14205,1.6818,37.904,0.52832,0.08446,0.066878,0.092111,0.084131,144.24,84.334,0.36559,0.89073,65.434,0.10829,0.064387,1.4421,0.47168,0.30633,1.7024,1.7389,759.53,0.08446,0.19511,0.92546,0.021429,6.0927,4.328,102.37,3.5656,5.5356,0
0.041764,0.17688,-0.021163,0.64775,-1152.4,0,0.041764,4.6537,0.023606,0.82312,0.042284,0.69513,1.8209,0.041764,1501.9,0.24302,5.6537,0.041764,1.7692,59.202,1.3156,0.000714,1.7692,0.13451,0.81946,0.24302,1.374,-0.02202,5.4575,7.2843,3.8369,1869.1,0.19528,0.066333,0.001481,0.023606,,0.82312,0.062737,0.2261,3.0496,0.030228,391.71,332.51,10.908,0.58403,119.11,-0.000506,-0.021445,0.22003,0.060082,5.1208,0.85645,0.85645,-6068.4,0.50298,0.050739,1.1891,0,6.1653,1.0977,928.99,0.3929,0.024562,0
0.042329,0.93246,-0.055928,0.94002,-36.922,-0.32768,0.042329,0.072437,3.8505,0.067544,0.049231,0.045395,0.035428,0.042329,2494.9,0.1463,1.0724,0.042329,0.010993,32.529,1.0235,0.049231,0.010993,-0.25793,-0.28535,0.1463,7.1329,-0.45296,2.4301,0.24044,0.01269,85.292,4.2794,4.2794,-0.13981,3.8505,,0.067544,-0.036308,0.007677,0.21687,0.012785,82.409,49.88,0.12335,0.572,31.39,-0.044859,-0.01165,0.94002,0.93246,0.23368,0.54704,0.54704,-15.056,-0.036308,0.62668,0.98952,0,11.221,7.3176,88.389,4.1295,31.186,0
0.11155,0.074138,0.73728,10.945,36.345,0,0.14008,12.488,2.4529,0.92586,0.14699,1.8894,0.05953,0.14008,185.32,1.9696,13.488,0.14008,0.057106,74.925,1.2479,0.13148,0.045477,0.4058,0.89981,1.5848,19.033,3.9096,3.8852,-0.006948,0.057711,11.657,31.31,31.31,0.13163,2.4529,,0.92586,0.053661,1.2299,0.017982,0.053603,107.17,32.247,0.22154,4.153,79.174,0.12554,0.051179,10.945,0.074138,0.031938,4.9096,4.9096,5660.5,0.053661,0.12048,0.94325,0,4.8715,11.319,11.032,33.086,13.007,0
0.030245,0.10871,0.20175,3.2144,936.76,-0.00453,0.030245,8.1988,0.75557,0.89129,0.030283,0.33197,0.29331,0.030245,179.04,2.0386,9.1988,0.030245,0.040029,35.382,1.1141,0,0.040029,0.10412,0.51349,2.0386,0,0.2853,4.7216,0.012862,0.093739,139.04,2.6251,2.2,0.013487,0.75557,14.436,0.9065,0.017851,1.132,0.018935,0,91.65,56.268,0.41294,2.4105,111.78,-0.19137,-0.25328,2.6939,0.091106,0.38094,1.2604,1.2819,10627,0.68347,0.033934,0.32002,0.017068,10.316,6.4868,44.011,8.2933,1.0685,0
0.1413,0.49972,0.47989,1.9603,-4.9984,0.26251,0.1413,1.0011,1.7714,0.50028,0.1413,0.28276,0.079766,0.1413,1290.8,0.28276,2.0011,0.1413,0.079766,98.437,1.04,0,0.079766,0.49446,0.42955,0.28276,,23.531,3.4178,0.28133,0.15953,124.26,2.9374,2.9374,0.001696,1.7714,,0.50028,0.000958,0.04779,,0,196.92,98.487,0.29577,1.0043,118.79,0,0,1.9603,0.49972,0.34043,24.531,24.531,1255.8,0.17136,0.28244,0.82864,0,3.7079,3.7061,102.97,3.5449,86.861,0
-0.38586,0.6743,-0.10368,0.84526,-16.984,-0.099568,-0.38637,0.48303,3.2973,0.3257,-0.2114,-0.57666,-0.1148,-0.38637,-650.18,-0.56138,1.483,-0.38637,-0.11718,2.9853,1.7597,-0.21313,-0.11702,-0.38229,-0.48543,-0.56063,-1.2181,-0.23907,4.5263,0.19927,-0.11587,70.801,5.1553,5.1225,-0.15684,3.2973,377.5,0.32713,-0.047566,0.073437,-0.10948,-0.064637,57.245,54.26,-14.308,0.80501,2.8498,-0.22096,-0.067012,0.83989,0.67001,0.19397,0.75105,0.75434,-3483,-0.047566,-1.1847,1.1169,0.004387,122.26,6.7269,74.168,4.9212,7.6033,0
0.001251,0.4579,0.10256,1.2263,-77.927,0.048826,0.006254,1.1839,1.0263,0.5421,0.006254,0.013799,0.019661,0.006254,5560.8,0.065638,2.1839,0.006254,0.004091,98.85,1.2636,0.056359,0.000818,0.06759,0.5421,0.054712,0.37835,0.23089,4.4343,0.29436,0.004091,111.05,3.2867,0.12308,0.056359,1.5858,30.346,0.54678,0.036867,0.030357,0.1878,0.036867,129.42,30.567,0.003021,0.31282,101.44,0.032557,0.021297,1.2138,0.45322,0.30426,1.2204,1.2309,2788,0.025581,0.002307,0.97442,0.008618,3.6925,11.941,108.21,3.373,3.4414,0
0,0.080668,0.55268,,1721.7,0,0.077854,11.275,14.712,0.9095,0.077854,,0.070586,0.077854,378.19,0.96512,12.396,0.077854,0.070586,45.238,1.1822,0.099713,0,0.15787,0.9095,0,13.3,1.2355,5.3297,-0.012148,0.070586,0,,1.2361,0.099713,1.1855,5.1567,0.99017,0.090405,,0.026597,0.090405,132.77,87.529,0,,665.52,0.099713,0.090405,6.8513,0,0,2.0332,2.2135,118090,0.93203,0,0.067974,0.088695,8.0685,4.17,0,,2.4657,0
-0.35702,0.75099,0.056451,1.0789,-3.5626,-0.030562,-0.33489,0.33157,2.094,0.24901,-0.32205,-0.46778,-0.152,-0.33489,-861.19,-0.42383,1.3316,-0.33489,-0.15993,1.1047,0.78696,-0.34107,-0.17049,-0.35509,0.17139,-0.4533,-26.569,0.24799,4.2699,0.35863,-0.15993,114.07,3.2487,3.097,-0.19669,2.094,21.841,0.28408,-0.093929,0.10143,-0.077151,-0.16287,121.97,120.86,-56.331,1.07,0.99464,-0.35766,-0.1708,1.0285,0.71592,0.30781,1.0939,1.248,1.0789,-0.093929,-1.4338,1.0916,0.14085,330.4,3.0199,124.79,2.925,9.1994,0
-0.069636,0.46554,0.04278,1.1534,10.786,0,-0.069636,1.148,0.90161,0.53446,-0.069497,-0.24968,0.80873,-0.069636,233.04,1.5662,2.148,-0.069636,-0.077235,21.557,1.0365,0,-0.077235,0.012525,0.51606,1.5662,0,0.063068,3.9316,0.51524,-0.15447,10907,0.033465,0.020048,0.01536,0.90161,,0.53446,0.017037,0.050872,0.019427,0,124.48,102.92,-1.3077,0.96246,2082.5,-0.79879,-0.88597,0.69097,0.2789,29.882,0.78791,0.78791,365.43,0.98965,-0.13029,0.021925,0,16.932,3.5463,112.91,3.2327,1.3292,0
0.009893,0.48322,0.12841,1.2712,-101.87,0.2056,0.009893,1.011,1.0475,0.48852,0.009893,0.020896,0.044246,0.009893,3121.7,0.11692,2.0695,0.009893,0.007748,130.56,1.058,0.062551,0.007748,0.2056,0.48852,0.11692,0.51312,0.32254,4.249,0.36312,0.007748,141.76,2.5747,0.12945,0.062551,1.2851,14.867,0.49828,0.048985,0.048549,0.14554,0.048985,165.47,34.913,0.021661,0.30653,136.76,0.015944,0.012486,1.2455,0.47346,0.38839,1.227,1.2515,2278.5,0.045353,0.020252,0.95465,0.019983,2.7958,10.454,135.33,2.6971,3.2074,0
0.018204,0.86107,0.14263,1.1669,-90.722,0,0.022516,0.16134,2.0462,0.13893,0.054894,0.02635,0.011922,0.022516,12883,0.028331,1.1613,0.022516,0.011004,115.59,1.1672,0.035189,0.008897,0.090466,0.1096,0.023324,1.0868,49.597,3.9147,0.4194,0.015562,155.09,2.3534,2.3354,0.035189,2.0462,,0.13893,0.017198,0.004531,0.7743,0.017198,177.18,61.591,0.028094,0.4086,117.61,0.03331,0.016279,1.158,0.85449,0.42491,48.308,48.308,1172,0.017198,0.13103,0.9891,0,3.1578,5.9262,152.43,2.3946,711.5,0
0.028898,0.54426,0.45465,1.8353,24.39,0.1187,0.034371,0.32352,1.0276,0.17608,0.034371,0.063152,0.012147,0.034371,5754.5,0.063429,1.8373,0.034371,0.012094,34.068,0.96216,0.076473,0.010168,0.14752,0.17608,0.053372,0.2765,418.87,5.6803,-0.038823,0.012094,71.827,5.0817,0.14051,0.076473,2.8652,,0.17608,0.026908,1.2064,0.23353,0.026908,43.961,9.8934,0.10894,1.348,35.007,0.076322,0.026855,1.8353,0.54426,0.19679,162.22,162.22,217780,0.026831,0.16412,0.97317,0,10.714,36.893,69.9,5.2218,2618.4,0
-0.34975,1.2048,-0.45945,0.54696,-80.849,-0.04494,-0.34975,-0.17002,2.7854,-0.20484,-0.34975,-0.34487,-0.11677,-0.34975,-1352.1,-0.26995,0.82998,-0.34975,-0.12557,11.792,1.0763,0,-0.12557,,-0.25038,-0.26995,,-1.0318,3.3416,0.40802,-0.25114,148.27,2.4618,2.0721,0.026826,2.7854,2.4369,-0.014143,0.009631,0.073073,1.6394,0,62.978,51.186,-3.8868,0.45823,13.156,-0.024498,-0.008795,0.46039,1.0141,0.40621,-0.46001,-0.03176,-1008.9,0.10368,1.7074,0.89632,-0.93096,30.954,7.1308,132.9,2.7465,6.255,0
-0.049544,0.15725,0.53122,4.6739,62.069,0,-0.049544,5.3593,2.9905,0.84275,-0.038327,-0.34265,0.026465,-0.049544,725.21,0.50331,6.3593,-0.049544,-0.016567,9.3826,1.0577,0,-0.016567,0.018848,0.77363,0.50331,0,1.6387,3.6375,-0.07376,-0.033134,19.195,19.015,17.484,0.022985,2.9905,,0.84275,0.007686,2.6304,0.040731,0,36.064,26.682,-0.64449,4.1423,10.205,-0.12869,-0.043032,4.2977,0.14459,0.05259,2.5996,2.5996,2305.7,0.080622,-0.058789,0.93338,0,38.902,13.68,17.648,20.682,9.2248,0
-0.060264,0.72679,0.11147,1.1534,-69.622,0,-0.060264,0.37592,1.1978,0.27321,0.014026,-0.08292,-0.023781,-0.060264,-9313.2,-0.039191,1.3759,-0.060264,-0.050314,98.886,0.79305,0.01394,-0.050314,0.045062,0.27298,-0.039191,0.18764,0.6892,3.8381,0.57072,-0.035386,228.74,1.5957,1.5957,0.038028,1.1978,,0.27321,0.031749,0.066473,0.52988,0.011638,240.72,141.84,-0.18571,0.70689,102.13,-0.01784,-0.014895,1.1534,0.72678,0.62667,1.6891,1.6891,767.79,0.031749,-0.22058,1.0493,0,3.6911,2.5734,221.47,1.6481,7.4053,0
0.090302,0.30263,0.37353,2.3894,30.785,0.008146,0.090302,2.3044,1.8377,0.69737,0.096612,0.3359,0.07002,0.090302,858.44,0.42519,3.3044,0.090302,0.04914,50.161,1.0875,0,0.04914,0.33635,0.5281,0.42519,0,1.0444,4.0369,0.073581,0.11345,75.839,4.8128,4.2754,0.005702,1.8377,52.492,0.7048,0.003103,0.67339,0.26289,0,91.63,41.469,0.35757,1.45,71.244,-0.038372,-0.020881,2.1226,0.26883,0.20778,1.9499,1.9707,4066.8,0.29593,0.12949,0.71429,0.010649,7.2766,8.8017,53.396,6.8357,5.1383,0
-0.021007,0.61744,0.062425,1.2524,-4.1497,0,-0.023578,0.61959,1.0431,0.38256,0.037769,-0.095328,0.010799,-0.023578,20007,0.018244,1.6196,-0.023578,-0.022605,25.305,1.013,0.03616,-0.02014,0.04369,0.23043,0.022408,0.58943,0.090441,3.669,0.50108,-0.01912,89.725,4.068,1.6296,0.036898,1.0431,0.66216,0.74116,0.035375,0.38847,0.28987,0.034667,74.773,49.468,-0.29049,0.96002,26.233,0.001317,0.001263,0.50169,0.24734,0.24582,0.55425,1.0738,291.33,0.035375,-0.054911,1.0225,0.93735,14.424,7.3785,86.551,4.2172,1.5112,0
-0.069401,0.59126,-0.1051,0.74912,-246.47,-0.065553,-0.069401,0.68724,0.92182,0.40633,-0.069401,-0.16566,-0.084004,-0.069401,-6168.7,-0.05917,1.6913,-0.069401,-0.16665,157.75,2.2839,-0.027512,-0.16665,-0.065553,0.40633,-0.05917,-0.60897,-0.15318,5.8541,1.3876,-0.16665,338.47,1.0784,-0.046532,-0.027512,0.42843,0.77678,0.57864,-0.066061,0.03349,2.8153,-0.066061,262.76,105.01,-0.38557,0.31948,145.42,-0.061929,-0.1487,0.53081,0.41895,0.92732,0.59218,0.84331,-75119,-0.084806,-0.1708,1.0848,0.42406,2.3137,3.4758,367.18,0.99407,0.60695,0
0.14363,0.56548,0.43245,2.7239,56.484,0,0.19818,0.7684,1.9315,0.43452,0.22303,0.79,0.11637,0.19818,918.25,0.39749,1.7684,0.19818,0.1026,28.67,3.2252,0.21252,0.074363,0.30447,0.4314,0.30104,8.5516,1.3655,4.2047,0.24163,0.1026,52.663,6.9308,3.0746,0.1929,1.9315,2.2796,0.6677,0.099869,0.44198,0.078827,0.11003,108.17,79.501,0.94671,2.1191,31.851,0.18592,0.096257,1.2083,0.25086,0.14428,1.372,2.1083,6928.7,0.099869,0.33056,0.90034,0.53666,12.731,4.5911,47.404,7.6998,6.0989,0
-0.000368,0.49282,-0.20393,0.58234,-63.05,0.006469,0.011929,0.98928,0.98242,0.48754,0.011929,0.024432,0.02776,0.011929,4068.6,0.089711,2.0291,0.011929,0.00749,2.4323,0.89625,0.006475,-0.000231,0.033085,0.48754,0.064757,0.039943,-0.28495,5.0186,0.30169,0.00749,109.93,3.3202,0.013139,0.006475,1.7363,60.091,0.49209,0.004066,0.15577,0.41804,0.004066,47.733,45.301,-0.034703,0.5606,2.3895,-0.025807,-0.016204,0.57696,0.48827,0.30119,0.68124,0.6876,-21284,-0.017891,-0.000755,1.0179,0.009343,150.06,8.0573,111.9,3.2618,2.2254,0
0.10883,0.33968,0.40251,2.3221,-45.385,-0.038121,0.14065,1.944,1.4485,0.66032,0.16326,0.462,0.13583,0.14065,630.14,0.57924,2.944,0.14065,0.097098,139.82,1.2563,0.16281,0.075132,0.30497,0.62784,0.48556,7.2016,1.3735,4.5676,0.19664,0.1041,86.462,4.2215,3.7836,0.16334,1.4485,4.3146,0.69556,0.11276,0.18853,0.051721,0.1124,163.67,23.85,0.19613,0.49944,157.59,0.10671,0.073667,2.0812,0.30444,0.23688,2.2532,2.3735,14871,0.11276,0.16481,0.90312,0.053368,2.6104,15.304,76.712,4.7581,4.9428,0
0.15665,0.49442,0.48293,1.9768,175.48,0.16144,0.19341,1.0226,1.2212,0.50558,0.19341,0.39117,0.15985,0.19341,933.09,0.39117,2.0226,0.19341,0.15985,0,0.57502,0.18473,0.12948,0.19946,0.50558,0.31684,1.8646,21.327,2.4633,0.21939,0.15985,182.15,2.0038,0.37363,0.18473,1.2186,,0.50558,0.15269,0.46314,0.087992,0.15269,225.77,225.77,,1.9768,0,0.18473,0.15269,1.9768,0.49442,0.49904,22.327,22.327,140.33,0.18113,0.30985,0.81887,0,,1.6167,149.16,2.4471,53.43,0
-0.12221,0.98011,0.082083,1.1265,-7.8127,-0.30601,-0.10252,0.015187,0.96415,0.014885,-0.10252,-0.15802,-0.031169,-0.10252,-5644.4,-0.064666,1.0203,-0.10252,-0.050415,21.568,1.6156,-0.078369,-0.0601,-0.31566,0.014885,-0.08476,-0.37158,0.30497,5.5937,0.47926,-0.050415,112.28,3.2509,-0.079959,-0.078369,2.0409,1.8431,0.34622,-0.03854,0.01912,-0.82132,-0.03854,128.96,107.39,-1.0171,0.94131,20.795,-0.11751,-0.057786,0.74569,0.64877,0.30761,0.055304,1.2864,32205,-0.037185,-8.2104,1.0372,22.26,16.923,3.3988,116.45,3.1343,7.5552,0
0.15937,0.28275,-0.11548,0.51282,-83.88,0.35989,0.19428,2.394,1.2986,0.6769,0.19428,0.81957,0.28274,0.19428,467.46,0.78082,3.5367,0.19428,0.2488,8.4474,1.2929,0.20143,0.2041,0.44379,0.6769,0.65738,3.3498,-0.13147,4.31,0.30607,0.2488,143.89,2.5366,0.71238,0.20143,0.84414,2.2643,0.72261,0.25795,0.18615,0.040785,0.25795,36.197,27.749,8.8188,0.43658,10.97,0.17492,0.22401,0.42993,0.23705,0.39422,0.77058,0.82261,-2357.8,0.22995,0.23544,0.77005,0.067522,43.209,13.153,110.8,3.2941,0.88892,0
0.20507,0.046231,0.081292,2.7584,46.525,0,0.25319,20.631,0.89153,0.95377,0.25322,5.4766,0.31724,0.25319,59.663,6.1177,21.631,0.25319,0.28399,0.066908,1.042,0.24768,0.23002,0.91896,0.94748,5.0769,7970.4,0.093174,3.9003,0.005706,0.28402,26.1,13.985,13.985,0.245,0.89153,,0.95377,0.27481,0.92033,0.005557,0.27781,34.79,34.723,1254.8,2.7549,0.092262,0.21804,0.24457,2.7584,0.046231,0.071506,1.0932,1.0932,646.16,0.27481,0.21501,0.71881,0,5455.2,10.512,18.927,19.284,1.0218,0
0.070112,0.20785,0.48794,3.3476,-13.593,0.35817,0.087309,3.691,1.0454,0.76716,0.087309,0.42007,0.075257,0.087309,677.08,0.53908,4.8112,0.087309,0.058643,132.57,0.99801,0.062673,0.047092,0.44156,0.76716,0.45634,0.44007,1.604,4.9761,0.1395,0.058643,53.269,6.852,0.30154,0.062673,1.5161,,0.76716,0.042096,0.000935,0.078176,0.042096,170.53,37.962,0.12966,0.74593,138.59,0.037937,0.025481,3.3476,0.20785,0.14594,2.5218,2.5218,46180,0.043432,0.091392,0.95657,0,2.7533,9.615,50.955,7.1632,4.8941,0
0.040952,0.4724,0.020389,1.2719,29.671,0.10851,0.045554,1.0668,1.2174,0.50396,0.045554,0.60755,0.26345,0.045554,3293.7,0.11082,2.1168,0.045554,0.22925,7.9556,1.0579,0.036942,0.20609,0.11458,0.50396,0.10107,2.2633,0.022538,6.509,2.0746,0.22925,167.68,2.1768,0.0782,0.036942,0.22663,0.22907,0.90138,0.18591,0.84452,0.3551,0.18591,58.865,50.91,9.4554,1.2142,9.6855,0.030147,0.15171,0.20188,0.07498,0.45939,0.55709,0.99641,65824,0.1786,0.081261,0.8214,0.7886,45.88,7.1696,137.73,2.6501,0.21966,0
0.049484,0.10254,0.59742,6.8262,207.75,-0.016366,0.065849,8.7523,1.1609,0.89746,0.065849,0.64218,0.14288,0.065849,225.64,1.6176,9.7523,0.065849,0.05672,1.8798,1.9344,0.051756,0.042624,0.14104,0.85651,1.458,158120,1.9911,3.485,-0.2267,0.05672,33.841,10.786,10.786,0.054966,1.1609,,0.89746,0.047346,3.6731,0.022519,0.044581,101.65,99.771,8.2763,6.7679,1.9732,-0.048268,-0.041577,6.8262,0.10254,0.092715,2.9911,2.9911,1825.2,0.047346,0.055138,0.94466,0,194.17,3.6584,32.239,11.322,3.8693,0
0.1528,0.39112,0.39584,2.0121,11.247,0,0.1528,1.5568,4.0021,0.60888,0.16595,0.39068,0.038835,0.1528,918.53,0.39737,2.5568,0.1528,0.038181,26.277,1.1451,0,0.038181,-0.14304,0.55674,0.39737,0,1.8581,2.9818,0.06991,0.076957,42.101,8.6696,8.6696,0,4.0021,,0.60888,0,0.28943,4.983,0,61.449,35.172,0.53034,1.2754,31.014,-0.002616,-0.000654,2.0121,0.39112,0.11535,2.8581,2.8581,379.6,0.15273,0.25096,0.85056,0,13.89,10.378,35.671,10.232,18.786,0
-0.006651,0.68925,0.071795,1.1687,-28.945,0,-0.006651,0.45085,1.2214,0.31075,0.023834,-0.015631,0.015673,-0.006651,13141,0.027775,1.4509,-0.006651,-0.005445,47.075,1.0191,0.000001,-0.005445,0.10031,0.013466,0.027775,0.000033,0.14281,3.5995,0.54592,0.001871,126.91,2.876,1.7754,-0.002288,1.2214,1.2881,0.57452,-0.001873,0.07765,0.89066,0.000001,138.73,91.656,-0.042219,0.7985,46.987,-0.025794,-0.021118,0.72148,0.42548,0.3477,0.61814,1.1428,285.51,-0.001873,-0.021402,1.0053,0.8488,7.7536,3.9823,127.15,2.8707,2.4296,0
-0.023067,0.40299,0.1643,1.4415,-30.228,0,-0.026599,1.4815,1.482,0.59701,-0.000576,-0.071479,0.004345,-0.026599,22845,0.015977,2.4815,-0.026599,-0.017948,68.079,1.1593,-0.003049,-0.015565,0.0162,0.59495,0.024741,-0.11718,0.35443,4.3854,0.27118,-0.014711,92.116,3.9624,3.6589,0.007487,1.482,13.384,0.61644,0.005052,0.026942,0.44794,-0.002058,129.65,61.569,-0.083451,0.69873,68.424,-0.036087,-0.02435,1.3311,0.37212,0.25237,1.2878,1.3298,3990.9,0.005052,-0.038638,1.0178,0.032541,5.3615,5.9283,91.651,3.9825,3.1969,0
-0.002081,0.36502,-0.037627,0.89271,-57.919,-0.4671,-0.000106,1.7396,0.96176,0.63498,0.016353,-0.000302,0.091041,-0.000106,1521.6,0.23988,2.7396,-0.000106,-0.00011,38.627,1.5289,0.006675,-0.002164,-0.14056,0.59424,0.23447,0.40555,-0.054776,4.691,0.37825,0.017003,133.25,2.7392,2.6318,0.001097,0.96176,,0.63498,0.00114,0.006496,0.12897,0.00694,117.95,79.327,-0.020448,0.6025,38.671,-0.080991,-0.084211,0.85772,0.35071,0.36507,0.92439,0.92439,-1847.3,0.00114,-0.003278,1.0001,0,9.4494,4.6012,133.1,2.7423,1.4001,0
0.073873,0.25831,0.60879,3.4322,92.713,0.11146,0.093184,2.8241,1.0245,0.7295,0.093184,0.37228,0.098463,0.093184,573.43,0.63652,3.8713,0.093184,0.055804,37.238,0.99906,0.049195,0.044239,0.15345,0.7295,0.56175,0.30182,4.3207,3.808,0.044683,0.055804,56.052,6.5119,0.19045,0.049195,1.7338,86.063,0.73751,0.029461,0.88171,0.070517,0.029461,139.54,102.31,0.43362,2.7516,38.15,-0.022038,-0.013198,3.3259,0.25031,0.15357,5.1774,5.2342,3912.5,0.023883,0.10126,0.97612,0.01097,9.8017,3.5677,54.713,6.6712,11.851,0
0.077252,0.35755,0.085888,1.2402,-16.914,0,0.095372,1.7968,2.3593,0.64245,0.10443,0.26673,0.050809,0.095372,1088.7,0.33526,2.7968,0.095372,0.040423,28.444,1.0549,0.10236,0.032743,0.41703,0.077252,0.28458,11.301,0.15432,3.9043,0.13946,0.043484,57.585,6.3385,6.3385,0.092992,2.3593,,0.64245,0.039414,0.10036,0.093951,0.043383,63.051,34.607,0.42016,0.72599,29.611,0.077854,0.032998,1.2402,0.35755,0.15777,1.1543,1.1543,688.96,0.039414,0.12025,0.95978,0,12.832,10.547,55.315,6.5985,4.2392,0
-0.42886,0.76267,-0.24309,0.67964,-331.53,-0.29392,-0.42886,0.31118,0.30501,0.23733,-0.39345,-0.56519,-1.406,-0.42886,-649.11,-0.56231,1.3112,-0.42886,-1.406,473.4,0.39121,-0.3881,-1.406,-0.70743,-0.65683,-0.56231,-9.4004,-0.50193,3.8416,2.4652,-1.2715,1298.6,0.9156,0.91093,-0.23488,0.30737,,0.23733,-0.77007,0.015646,-0.065504,-1.2724,602.92,129.52,-1.0841,0.537,207.83,-0.3881,-1.2724,0.67617,0.75878,1.0922,0.49004,0.49004,-1688,0.30076,-1.807,1.198,0,0.77102,2.8181,908.02,0.40197,0.62979,1
-0.51747,0.66844,0.016038,1.0243,-17.356,0,-0.51747,0.49602,1.4383,0.33156,-0.51027,-0.78355,-0.32962,-0.51747,-514.64,-0.70923,1.496,-0.51747,-0.35979,15.72,0.33625,0,-0.35979,-0.50306,0.28492,-0.70923,0,0.049571,3.7204,0.46466,-0.71954,195.59,1.8661,1.8437,0.64051,1.4383,76.675,0.33957,0.44533,0.017503,0.51348,0,168.74,153.02,-8.354,0.93049,18.345,-0.043393,-0.03017,1.012,0.66043,0.53587,1.0248,1.0496,84.254,0.14311,-1.5607,0.86333,0.024173,23.219,2.3853,167.6,2.1778,4.4455,0
0.081104,0.53767,0.38901,2.339,9.5375,-0.63043,0.10559,0.85987,2.5707,0.46233,0.1122,0.36345,0.054433,0.10559,1402.5,0.26025,1.8599,0.10559,0.041076,45.027,0.99013,0.10846,0.031549,0.43514,-0.55728,0.21471,16.405,1.2139,3.2703,0.12019,0.043647,43.013,8.4858,4.5853,0.10533,2.5707,51.127,0.46942,0.040972,0.81291,0.12551,0.042191,62.951,17.924,0.25575,1.2474,46.951,0.074124,0.028834,1.2639,0.29053,0.11784,1.4427,1.4648,724.9,0.040972,0.17543,0.95919,0.015332,8.1062,20.364,41.251,8.8483,8.0219,0
-0.51037,0.27112,0.53237,3.3548,13.293,0,-0.44122,2.6657,11.935,0.72272,-0.39498,-1.9516,-0.026193,-0.44122,-316.54,-1.1531,3.6884,-0.44122,-0.036967,0.74275,,-0.41975,-0.04276,1.9737,0.12218,-1.4081,-9.079,2.204,2.702,0.003654,-0.033126,6.627,55.341,46.147,-0.51664,12.117,,0.72272,-0.043286,1.2312,-0.031039,-0.035168,14.682,13.939,-21.013,1.3386,0.70856,-0.54834,-0.045942,2.7975,0.22608,0.01807,2.992,2.992,268.07,-0.043261,-0.70617,1.0326,0,491.41,26.185,6.9137,52.793,49.412,1
0.047014,0.68246,-0.17976,0.48784,-113.07,0,0.047014,0.4653,1.0227,0.31754,0.10877,0.13395,0.093488,0.047014,2605.4,0.14009,1.4653,0.047014,0.045971,36.385,1.1768,0.10803,0.045971,0.31206,0.28258,0.14009,1.7494,-0.2169,4.7922,0.66402,0.089278,134.23,2.7192,1.3984,0.068308,1.0227,0.21992,0.63254,0.066794,0.017529,0.14525,0.10563,58.914,22.529,0.46116,0.19737,38.99,0.059432,0.058114,0.25089,0.35098,0.36776,0.38315,0.76322,-11140,0.066794,0.14805,0.95717,0.99197,10.032,16.202,125.27,2.9138,1.2339,0
0.049678,0.19009,0.39398,3.3997,23.823,0.1155,0.065111,3.3198,1.0918,0.63107,0.065111,0.39659,0.1592,0.065111,468.22,0.77955,5.2605,0.065111,0.069947,91.78,1.1804,0.071919,0.053368,0.15183,0.63107,0.69837,0.84354,0.89166,4.5935,0.019353,0.069947,70.286,5.193,0.37833,0.071919,1.0316,12.506,0.65698,0.077261,1.712,0.040321,0.077261,108.65,16.869,0.21224,1.974,100.21,-0.011159,-0.011988,2.9362,0.16418,0.19257,1.4283,1.4869,15451,0.084087,0.07872,0.91591,0.041066,3.9769,21.638,64.376,5.6698,2.1068,0
0.20816,0.68233,0.15025,1.2202,-69.699,0,0.26596,0.46558,2.5484,0.31767,0.27544,0.38979,0.11205,0.26596,872.2,0.41848,1.4656,0.26596,0.10437,83.94,0.96205,0.27517,0.081683,0.8171,0.20816,0.33376,29.055,0.89741,3.4634,0.26175,0.10794,109.12,3.345,3.345,0.26602,2.5484,,0.31767,0.10439,0.025773,0.077166,0.10798,116.73,32.79,0.35519,0.36129,93.724,0.25559,0.1003,1.2202,0.68233,0.29896,1.8974,1.8974,436.69,0.10439,0.65526,0.89687,0,4.3484,11.131,97.729,3.7348,15.221,0
0.024608,0.64547,0.083962,1.1453,-27.738,0.048961,0.029607,0.45678,1.0012,0.29484,0.029607,0.051228,0.04491,0.029607,3145.9,0.11603,1.5492,0.029607,0.017755,43.681,1.2745,0.04636,0.014757,0.060099,0.29484,0.10828,0.27833,0.24835,4.6704,0.36495,0.017755,126.65,2.882,0.071823,0.04636,1.7193,6.8474,0.36236,0.027801,0.079839,0.23156,0.027801,134.78,91.099,0.12331,0.79997,43.732,0.001076,0.000645,1.0255,0.57795,0.34698,0.87209,1.0718,3930.8,0.001149,0.083463,0.99885,0.22901,8.356,4.0066,126.5,2.8853,4.9324,0
0.55291,0.069316,0.88658,14.026,147.24,0,0.68266,13.427,2.179,0.93068,0.68271,10.03,0.32071,0.68266,36.204,10.082,14.427,0.68266,0.31329,33.12,1.9917,0.68221,0.25374,,0.90338,8.2097,15816,19.544,3.2628,-0.064818,0.31331,16.6,21.988,21.59,0.68248,2.179,,0.93068,0.31321,4.3191,0.003309,0.31309,110.67,77.55,2.7964,11.121,48.224,0.66606,0.30567,13.772,0.06806,0.045479,20.517,20.517,1623.8,0.31321,0.59409,0.68688,0,11.021,4.7066,11.401,32.016,48.035,0
0.08889,0.099547,0.26186,3.6305,92.331,0.14631,0.10685,8.7257,1.1118,0.86863,0.10685,1.0733,0.21342,0.10685,214.57,1.7011,10.045,0.10685,0.13466,42.873,1.1558,0.078498,0.11203,0.17986,0.86863,1.5207,1.1,0.41005,6.0867,0.000822,0.13466,50.916,7.1687,0.78855,0.078498,0.82625,,0.86863,0.098934,1.0101,0.023213,0.098934,120,77.123,0.95378,2.6942,47.669,0.016007,0.020175,3.6305,0.099547,0.1395,1.3602,1.3602,319740,0.1006,0.10233,0.8994,0,8.5134,4.7327,45.794,7.9705,1.2425,0
0.17559,0.33916,0.38,2.1204,58.718,0.37571,0.2206,1.7058,1.2145,0.57855,0.2206,0.65043,0.21722,0.2206,501.93,0.72719,2.9484,0.2206,0.1943,70.324,1.8914,0.20917,0.15465,0.46854,0.57855,0.59447,2.2374,1.3531,5.2463,0.056286,0.1943,132.42,2.7565,0.61673,0.20917,1.171,,0.57855,0.18423,0.84993,0.047408,0.18423,138.52,68.199,0.80267,1.4754,85.406,0.18314,0.1613,2.1204,0.33916,0.36278,2.0601,2.0601,66999,0.17659,0.3035,0.82341,0,5.1902,5.352,109.03,3.3476,4.0429,0
-0.25236,1.6217,-1.4134,0.12829,-332.47,-0.54594,-0.25236,-0.38335,1.5419,-0.62168,-0.11427,-0.15564,-0.076874,-0.25236,-4993.6,-0.073093,0.61665,-0.25236,-0.16367,0,1.2512,-0.11447,-0.16367,-0.2741,-0.79831,-0.073093,-0.82893,-1.7847,3.054,0.94169,-0.12396,355.23,1.0275,1.0273,-0.12411,1.5419,,-0.62168,-0.080488,0.10561,2.7923,-0.07424,8.7038,8.7038,,0.12829,0,-0.2483,-0.16104,0.12827,1.6214,0.97324,-0.78496,-0.78496,-1600.4,-0.080489,0.40594,1.1626,0,,41.936,383.83,0.95095,1.9469,0
0.12029,0.080395,0.93277,15.032,141.21,-0.26244,0.15194,11.439,1.2239,0.91961,0.2171,2.2857,0.17712,0.15194,135.37,2.6963,12.439,0.15194,0.12415,96.229,0.47993,0.2171,0.098281,0.18703,0.6934,2.3026,3.3317,1234.6,2.3445,-0.32669,0.12415,15.056,24.243,20.045,-0.38766,1.2239,,0.91961,-0.31674,7.2752,0.009505,0.17739,153.78,57.549,0.37278,10.178,73.081,0.15227,0.12442,12.429,0.066474,0.041249,1217.1,1217.1,206.17,-0.31674,0.1308,0.92107,0,3.793,6.3425,19.825,18.411,1619.9,0
0.036678,0.16152,0.32221,5.1346,44.424,0,0.044482,5.191,0.7078,0.83848,0.047463,0.5708,0.138,0.044482,603.57,0.60473,6.191,0.044482,0.062846,57.376,1.111,0.029306,0.051819,0.10048,0.61497,0.55642,9.8321,0.53713,4.643,0.2282,0.062846,56.767,6.6601,3.2133,0.20673,0.7078,3.4556,0.92207,0.29208,1.9977,0.06526,0.041404,126.06,68.687,0.32965,3.7069,78.245,-0.023891,-0.033753,2.4773,0.077929,0.15015,1.3978,1.5371,5.1346,0.29208,0.043744,0.70571,0.099699,6.3616,5.314,40.187,9.0826,1.1799,0
0.13564,0.19026,0.24314,2.525,100.95,0.32973,0.16879,4.221,1.2294,0.80308,0.16879,1.0587,0.23946,0.16879,307.23,1.188,5.256,0.16879,0.17882,16.361,1.2392,0.17169,0.1437,0.41041,0.80308,1.0138,2.2361,0.40699,4.1239,0.14109,0.17882,75.795,4.8156,0.90239,0.17169,0.96643,11.689,0.8339,0.18189,0.36793,0.027324,0.18189,132.99,116.63,3.2058,2.2596,0.18189,0.11445,0.12125,2.116,0.15944,0.20766,1.3442,1.3958,3234.1,0.18659,0.1689,0.81341,0.038378,22.309,3.1296,61.652,5.9203,1.58,0
0.10194,0.6748,0.3272,1.4965,13.458,-0.51252,0.12585,0.48192,3.4323,0.3252,0.17749,0.19095,0.039507,0.12585,1816.4,0.20095,1.4819,0.12585,0.036666,5.5116,1.3103,0.14716,0.029699,-0.39356,-0.038962,0.16551,2.8496,23.828,3.7397,0.10911,0.045527,73.248,4.9831,4.8669,0.14811,3.4323,,0.3252,0.043151,0.68776,0.14335,0.042875,56.68,51.168,1.9668,1.4178,5.7601,0.13741,0.040034,1.4616,0.65907,0.20068,23.682,23.682,1797,0.043151,0.31346,0.96366,0,66.224,7.1333,70.087,5.2078,249.95,0
0.14281,0.75939,-0.12445,0.81704,-47.873,0,0.14281,0.31685,2.8133,0.24061,0.34025,0.20994,0.073378,0.14281,1342.7,0.27184,1.3168,0.14281,0.050762,24.557,1.2423,0.32058,0.050762,0.36856,0.1857,0.27184,1.6237,-0.28015,3.7655,0.2539,0.068177,99.659,3.6625,3.2807,0.32199,2.8133,4.6295,0.31977,0.11445,0.079681,0.065885,0.11395,65.074,40.517,0.7545,0.53879,27.731,0.25695,0.091335,0.73187,0.68023,0.27304,0.54164,0.71985,-725.33,0.11445,0.59353,0.95007,0.32902,14.863,9.0085,88.253,4.1358,6.3331,0
0.042429,0.24166,0.38281,2.584,68.555,0.22159,0.055587,2.8074,1.1018,0.67845,0.055587,0.23002,0.11844,0.055587,843.35,0.4328,4.138,0.055587,0.062946,98.386,0.97836,0.062451,0.048046,0.28298,0.67845,0.37835,0.77919,1.0194,4.9325,0.27215,0.062946,110.06,3.3165,0.25842,0.062451,0.89247,,0.67845,0.070718,0.011624,0.071285,0.070718,256.95,158.56,0.17825,1.5991,108.4,0.013446,0.015226,2.584,0.24166,0.30152,1.8066,1.8066,32767,0.092414,0.062539,0.015226,0,3.7099,2.302,99.885,3.6542,2.3516,0
0.088233,0.56252,0.14283,1.2553,-86.801,0.22552,0.11074,0.61335,1.0746,0.34502,0.11074,0.19789,0.11124,0.11074,1534.4,0.23788,1.7777,0.11074,0.092054,99.097,1.3547,0.070784,0.073347,0.28165,0.34502,0.19788,0.63229,0.47995,4.9807,0.4244,0.092054,182.45,2.0006,0.12583,0.070784,1.2681,127.59,0.34797,0.058842,0.23691,0.19703,0.058842,172.9,73.802,0.27016,0.67159,106.49,0.047706,0.039657,1.2487,0.55957,0.49985,1.1594,1.1693,13663,0.069389,0.25573,0.93061,0.008537,3.6832,4.9457,169.79,2.1498,4.0422,0
0.005041,0.4906,0.2096,1.4683,-32.904,0.10838,0.008211,1.01,1.0191,0.49548,0.008211,0.018347,0.02189,0.008211,4576.7,0.079752,2.0383,0.008211,0.004594,72.401,1.025,0.030909,0.002821,0.13401,0.49548,0.07329,0.17624,0.61137,4.7184,0.25926,0.004594,93.145,3.9186,0.063003,0.030909,1.8035,7.0336,0.5385,0.017293,0.088796,0.26089,0.017293,126.09,53.685,0.014219,0.67617,73.784,-0.000006,-0.000003,1.3395,0.44757,0.25519,1.4452,1.5707,10961,0.018745,0.010174,0.98126,0.086838,5.0414,6.7989,91.399,3.9935,5.2135,0
0.026788,0.84622,0.12118,1.1488,-7.9956,-0.036376,0.032647,0.1426,1.0257,0.12067,0.032647,0.040083,0.025642,0.032647,7291.4,0.050059,1.1817,0.032647,0.019762,27.092,1.2031,0.046841,0.016215,-0.051353,0.12067,0.043135,0.29083,1.884,4.8963,0.42545,0.019762,184.58,1.9774,0.055354,0.046841,1.6858,25.636,0.15238,0.028354,0.2179,0.49193,0.028354,167.52,140.43,0.21847,0.99823,27.788,0.037128,0.022474,1.1057,0.8145,0.50571,1.8761,2.3692,9544.6,0.025044,0.222,0.97496,0.26283,13.473,2.5992,179.96,2.0282,25.685,0
0.087464,0.51088,0.34048,1.7126,-41.191,0,0.10846,0.95742,1.9021,0.48912,0.12057,0.22699,0.065989,0.10846,1485.6,0.24569,1.9574,0.10846,0.057022,103.73,1.58,0.11708,0.045983,0.21918,0.48515,0.20459,9.6682,1.8739,4.0996,0.25791,0.059597,97.411,3.747,3.5045,0.11169,1.9021,,0.48912,0.05872,0.048427,0.12695,0.061554,152.59,48.858,0.16181,0.58129,110.2,0.10003,0.052588,1.6018,0.47782,0.26688,2.6919,2.6919,4282.5,0.05872,0.17882,0.94325,0,3.5188,7.4706,91.691,3.9808,10.468,0
0.003114,0.29402,-0.08635,0.70632,-147.68,-0.17128,0.001408,2.0471,0.88669,0.60189,0.001408,0.004788,0.082193,0.001408,3123.3,0.11686,3.4011,0.001408,0.003367,81.668,1.1007,0.006071,0.007448,-0.22516,0.60189,0.12267,0.12876,-0.10898,4.7708,0.66643,0.003367,227.62,1.6035,0.020647,0.006071,0.49797,,0.60189,0.014521,0.052449,0.24771,0.014521,167.86,86.188,0.033288,0.38819,72.414,-0.026882,-0.064304,0.70632,0.29402,0.62363,0.75965,0.75965,-5094.5,-0.12779,0.005173,1.1278,0,4.4693,4.2349,256.71,1.4218,0.52762,0
0.20279,0.45329,0.39913,2.6909,25.849,0,0.20279,1.2061,2.9939,0.54671,0.20279,0.85908,0.069301,0.20279,797.42,0.45773,2.2061,0.20279,0.067732,27.695,1.1002,0,0.067732,0.29645,0.46395,0.45773,,1.0941,3.4696,0.076773,0.15203,36.014,10.135,5.2778,0.002069,2.9939,240.58,0.54841,0.000691,0.94879,3.2165,0,50.133,22.438,0.89265,1.7285,34.659,-0.004698,-0.001569,1.4013,0.23605,0.098668,1.4986,1.5032,1176.7,0.20093,0.37092,0.80157,0.003102,13.179,16.267,28.777,12.684,8.2066,0
0.20196,0.026545,0.95906,37.13,457.36,0,0.24943,36.672,0.98289,0.97345,0.25,9.3964,0.26057,0.24943,37.832,9.648,37.672,0.24943,0.25377,0,0.93992,0.22337,0.20548,1.0559,0.91744,7.8599,388.49,66.648,3.5527,-0.79905,0.25378,12.756,28.614,28.614,0.22333,0.98289,,0.97345,0.22721,30.683,0.003846,0.22726,63.549,63.549,,37.13,0,0.21669,0.22046,37.13,0.026545,0.034948,67.648,67.648,3424.4,0.22722,0.20747,0.75293,0,,5.7436,9.8576,37.027,68.304,0
0.053437,0.17901,0.073652,1.4114,9.0236,0.16423,0.069902,4.4114,1.0484,0.78969,0.069902,0.39049,0.1016,0.069902,449.42,0.81215,5.5862,0.069902,0.048851,8.2114,1.0413,0.069952,0.037345,0.21627,0.78969,0.72018,0.51251,0.098552,4.411,0.07283,0.048851,47.871,7.6246,0.39077,0.069952,1.4434,,0.78969,0.048886,0.4689,0.040467,0.048886,43.039,34.827,1.66,1.2316,8.6086,-0.005531,-0.003865,1.4114,0.17901,0.13115,1.0567,1.0567,1897.3,0.046146,0.067669,0.95385,0,44.451,10.48,45.662,7.9934,1.9147,0
-0.1829,0.70765,-0.34746,0.40352,-127.77,-0.1829,-0.1829,0.25046,0.90291,0.17724,-0.1829,-0.31399,-0.086646,-0.1829,-2249.3,-0.16227,1.4131,-0.1829,-0.13801,37.28,1.0307,-0.17277,-0.13801,-0.1829,0.17724,-0.16227,,-0.45423,4.1984,0.53069,-0.13801,144.86,2.5197,-0.24415,-0.17277,1.3621,0.79676,0.30237,-0.13037,0.031406,-0.22221,-0.13037,59.699,22.42,-1.3513,0.17115,33.66,-0.24085,-0.18173,0.33217,0.58252,0.39687,0.2317,0.39528,-5487.2,-0.10753,-1.032,1.1075,0.706,9.7909,16.28,160.43,2.2751,1.7325,1
0.052237,0.52363,0.20464,1.9796,59.523,0.14971,0.065037,0.59425,1.0891,0.31117,0.065037,0.31133,0.17779,0.065037,1193.7,0.30577,1.9097,0.065037,0.072217,33.853,1.2946,0.087268,0.058004,0.18529,0.31117,0.28133,1.0554,0.34894,5.201,0.5699,0.072217,92.213,3.9582,0.16666,0.087268,0.93721,1.0486,0.6259,0.096903,0.050335,0.094411,0.096903,163.35,129.49,0.6254,1.5798,36.869,-0.007809,-0.008671,0.78975,0.2089,0.25264,0.53059,1.0672,32510,0.081822,0.16787,0.91818,1.0114,10.782,2.8187,84.668,4.311,1.5356,0
0.20839,0.26185,0.41039,2.5692,59.643,0,0.20839,2.819,1.641,0.73815,0.20853,0.79683,0.12699,0.20839,458.63,0.79584,3.819,0.20839,0.12699,7.0139,1.4666,0.25078,0.12699,0.52792,0.70274,0.79584,1752.9,1.2509,3.7519,0.061259,0.12699,72.117,5.8387,5.8315,0.1205,1.7839,,0.73815,0.073431,1.0982,0.034804,0.15283,85.571,78.557,6.6086,2.4486,7.5376,0,0,2.566,0.26152,0.19758,2.2499,2.2499,2317.7,0.19339,0.28231,0.85606,0,52.04,4.6463,58.171,6.2747,5.0017,0
0.012857,0.50514,-0.031366,0.93628,-35.479,0,0.01612,0.97967,1.4249,0.49486,0.02275,0.032748,0.02312,0.01612,5596.5,0.065219,1.9797,0.01612,0.011313,27.314,1.0138,0.013118,0.009023,0.032812,0.45405,0.058759,1.9786,-0.058179,3.1296,0.34636,0.011313,126.79,2.8787,2.8053,0.007883,1.4249,,0.49486,0.005532,0.02355,0.56234,0.009206,115.09,87.773,0.12057,0.71966,27.466,-0.003707,-0.002602,0.91239,0.49225,0.34737,0.91791,0.91791,-42.272,0.005532,0.02598,0.98883,0,13.363,4.1585,126.09,2.8948,2.6431,0
0.12564,0.19336,0.39515,3.0436,64.287,0.36861,0.15377,4.1124,1.054,0.79518,0.15377,0.79524,0.085443,0.15377,386.82,0.94359,5.1717,0.15377,0.07201,5.2751,1.2334,0.13845,0.058838,0.43195,0.79518,0.79813,0.68339,0.96029,4.2889,-0.020163,0.07201,34.837,10.477,0.71601,0.13845,2.1801,,0.79518,0.064835,1.2622,0.038036,0.064835,58.878,53.603,4.0712,2.884,5.5602,0.10976,0.051402,3.0436,0.19336,0.095445,1.9324,1.9324,7685.5,0.051273,0.158,0.94873,0,69.193,6.8093,33.051,11.043,5.1893,0
0.22121,0.42695,0.50181,2.1845,35.605,0,0.27699,1.3422,2.9746,0.57305,0.27744,0.6538,0.097868,0.27699,535.3,0.68186,2.3422,0.27699,0.093117,26.659,1.163,0.18322,0.074366,0.41275,0.47774,0.55122,404.69,6.7331,4.225,0.078663,0.093209,55.019,6.646,6.5947,0.16406,3.0088,,0.57305,0.055152,0.47311,0.072114,0.061593,88.965,62.306,1.0182,1.6717,28.164,0.16908,0.056842,2.1676,0.42366,0.15047,7.6889,7.6889,8424,0.055152,0.38602,0.93593,0,13.691,5.8582,51.985,7.0213,39.912,0
0.0071,0.44582,0.35524,1.7968,43.812,-0.34664,0.0071,1.2091,1.011,0.53904,0.0071,0.015925,0.013998,0.0071,7591.4,0.048081,2.2431,0.0071,0.004636,40.382,1.1001,-0.001551,0.004636,-0.30927,0.53904,0.048081,-0.01024,1.7857,4.647,0.16895,0.004636,107.43,3.3975,-0.003479,-0.001551,1.5805,,0.53904,-0.001013,0.42696,1.1465,-0.001013,145.57,105.19,0.041907,1.4168,40.826,-0.015887,-0.010375,1.7968,0.44582,0.29434,2.7096,2.7096,15758,0.010872,0.013171,0.98913,0,9.0388,3.47,106.27,3.4348,7.6974,0
-0.066487,0.43396,0.56919,5.9994,11.497,-0.77367,-0.066487,1.3043,1.1876,0.56603,-0.037172,-0.58397,-0.029326,-0.066487,-4547.9,-0.080257,2.3043,-0.066487,-0.055982,161.62,1.1509,-0.037212,-0.055982,-0.78822,-0.84016,-0.080257,-1.2694,1.7958,2.3471,0.33225,-0.031405,33.927,10.758,2.8225,-0.037212,1.1876,0.491,0.88615,-0.031333,0.39162,-2.6046,-0.031333,196.22,34.602,-0.12643,1.3805,156.71,-0.06887,-0.057989,1.574,0.11385,0.092952,1.7859,2.7958,126.57,-0.031333,-0.11746,1.056,0.56554,2.2584,10.548,34.991,10.431,3.7471,0
0.10485,0.2725,0.22415,1.8226,-22.305,0.18261,0.13445,2.3245,1.049,0.63343,0.13445,0.4934,0.093375,0.13445,333.67,1.0939,3.6698,0.13445,0.042117,42.575,1.1318,0.13793,0.032844,0.24429,0.63343,0.98525,0.45325,0.44533,4.4507,0.060174,0.042117,32.683,11.168,0.50618,0.13793,3.1967,,0.63343,0.043208,0.40589,0.029708,0.043208,44.14,1.5646,0.28157,0.45611,44.661,-0.025696,-0.008049,1.8226,0.2725,0.089544,1.2584,1.2584,6327.8,0.046712,0.16552,0.95329,0,8.5731,233.28,31.157,11.715,6.3421,0
0.096783,0.61575,0.29205,1.8393,2.7187,0.19121,0.12032,0.58313,1.0931,0.35906,0.12032,0.3458,0.090973,0.12032,1411.7,0.25854,1.624,0.12032,0.068755,57.465,1.3493,0.14626,0.055306,0.24121,0.35906,0.22032,0.91361,0.81124,4.5457,0.27726,0.068755,79.329,4.6011,0.23754,0.14626,1.7595,1.361,0.62686,0.083581,0.38885,0.10934,0.083581,105.27,47.803,0.35129,1.0475,62.814,0.10738,0.061364,1.0394,0.34795,0.21734,0.99739,1.7413,10261,0.085159,0.26954,0.91484,0.74583,6.3517,7.6355,72.574,5.0294,4.861,0
0.15259,0.12176,0.8108,7.6589,263.07,0.28017,0.18922,7.1179,1.1409,0.86669,0.18922,1.554,0.19658,0.18922,231.35,1.5777,8.2127,0.18922,0.19363,20.098,1.2136,0.088209,0.15614,0.34688,0.86669,1.2769,1.0298,12.023,4.7898,0.003582,0.19363,51.886,7.0346,0.72444,0.088209,1.1109,,0.86669,0.090263,2.0649,0.043946,0.090263,254.4,234.3,2.8357,7.2169,22.93,0.085326,0.087313,7.6589,0.12176,0.14215,12.852,12.852,49976,0.12351,0.17606,0.87649,0,18.161,1.5578,45.478,8.0258,14.492,0
0.19922,0.72077,0.20402,1.6379,28.129,0,0.19922,0.3874,1.7166,0.27923,0.24623,0.62286,0.21054,0.19922,727.91,0.50144,1.3874,0.19922,0.11605,20.158,1.0694,0.23841,0.11605,0.41084,0.19922,0.50144,5.0706,0.42849,3.8244,0.37388,0.1381,74.837,4.8773,2.1643,0.15666,1.7166,2.029,0.49069,0.091258,0.24686,0.059973,0.13888,94.599,74.441,2.1013,1.3415,22.182,0.076202,0.04439,0.72681,0.31984,0.20503,0.58644,1.0306,1361.6,0.091258,0.71346,0.88985,0.75731,18.107,4.9032,68.007,5.3671,3.6053,0
-0.044914,0.30327,0.20028,1.6656,15.355,0.070109,-0.052157,2.2723,0.98225,0.68914,-0.052157,-0.17333,-0.004447,-0.052157,-11700,-0.031196,3.2973,-0.052157,-0.024517,18.623,0.92431,-0.035107,-0.021113,0.12722,0.68914,-0.007313,-0.1621,0.40151,4.4602,0.12462,-0.024517,50.714,7.1973,-0.11576,-0.035107,2.1487,166.62,0.69149,-0.016502,0.13072,1.3137,-0.016502,79.243,60.62,-0.41379,1.3048,18.293,-0.077803,-0.036572,1.6526,0.30092,0.13894,1.3816,1.3863,5779,-0.018066,-0.065175,1.0181,0.00342,19.599,6.0211,51.63,7.0696,4.2649,0
0.001079,0.63236,0.034306,1.0735,-80.595,-0.077699,0.001079,0.58138,1.3575,0.36764,0.020819,0.002313,0.016345,0.001079,10402,0.035089,1.5814,0.001079,0.000795,90.25,1.2406,0.020786,0.000795,0.054634,0.038742,0.035089,1.053,0.068758,3.0936,0.4641,0.015336,124.61,2.9291,2.162,-0.009656,1.3575,0.99874,0.53325,-0.007113,0.005016,0.50313,0.015312,134.09,43.844,0.003216,0.35437,89.612,-0.000323,-0.000238,0.79236,0.46675,0.3414,0.73684,1.0688,42.557,-0.007112,0.002936,0.99922,0.45047,4.0443,8.3251,125.5,2.9084,2.7207,0
0.10921,0.26884,0.16645,2.1822,-14.591,-0.005917,0.13495,2.7197,0.56484,0.73116,0.14538,0.95846,0.31373,0.13495,553.73,0.65916,3.7197,0.13495,0.23892,85.056,1.0984,0.14293,0.19335,0.27132,0.72461,0.56341,13.71,0.24028,5.0711,0.47595,0.23892,150.27,2.4824,1.3001,0.22284,0.56484,1.3717,0.8592,0.39452,0.33361,0.04839,0.25305,168.19,83.136,0.82972,1.2473,137.45,0.10068,0.17825,1.1429,0.1408,0.40284,1.0555,1.2403,2.1822,0.39452,0.14937,0.6111,0.17511,4.2913,4.3904,90.987,4.0116,0.81536,0
0.1795,0.11163,0.49693,9.8052,183.88,0,0.22159,7.9578,0.63,0.88837,0.22831,3.9263,0.39913,0.22159,162.04,2.2525,8.9578,0.22159,0.35172,166.23,0.99515,0.21383,0.28492,0.62183,0.88536,1.8755,31.798,1.1126,4.7389,0.097121,0.35967,47.016,7.7633,3.9247,0.19187,0.63,,0.88837,0.30456,0.92024,0.015269,0.33941,290.51,124.28,0.62563,4.7214,239.02,0.18397,0.29201,4.957,0.056436,0.12881,1.989,1.989,27241,0.30456,0.20206,0.66835,0,2.1958,2.9368,32.697,11.163,1.4106,0
0.080963,0.42956,0.1249,1.684,-6.0879,0.43118,0.10144,1.328,0.73535,0.57044,0.12346,0.55551,0.19838,0.10144,1074.8,0.3396,2.328,0.10144,0.13794,57.368,1.2806,0.12091,0.1101,0.61669,0.56916,0.29194,5.4906,0.18036,5.5916,0.58416,0.13794,120.72,3.0652,1.303,0.18324,0.73535,0.77714,0.8174,0.24919,0.098055,0.086596,0.16442,143.74,86.376,0.70051,1.051,75.37,0.076463,0.10398,0.71585,0.1826,0.32624,0.82374,1.1804,1.684,0.24919,0,0.76366,0.43293,6.3624,4.2257,90.637,4.0271,1.0619,0
0.03367,0.29166,0.39597,2.3671,21.926,0.01003,0.040324,2.3712,1.0746,0.69161,0.040324,0.13922,0.064428,0.040324,1940,0.18815,3.4286,0.040324,0.047343,117.85,1.9378,0.06123,0.039531,0.014741,0.69161,0.16533,0.7725,1.2594,5.6851,0.2346,0.047343,133.38,2.7366,0.20993,0.06123,0.86043,202.04,0.69364,0.071888,0.57111,0.12653,0.071888,222.92,105.07,0.12243,1.4176,126.64,0.046678,0.054804,2.3506,0.28963,0.36541,2.1998,2.2062,191770,0.069404,0.048684,0.9306,0.002938,3.097,3.474,124.12,2.9407,2.7091,0
-0.40622,0.49377,0.29225,1.7345,23.184,0,-0.40622,1.0252,2.8903,0.50623,-0.39741,-1.0209,-0.122,-0.40622,-511.13,-0.7141,2.0252,-0.40622,-0.14054,8.4461,0.50062,-0.40375,-0.14054,0.13066,-0.40613,-0.7141,-45.867,0.94251,3.3197,0.15639,-0.13803,45.051,8.3098,6.6961,-0.33338,2.909,7.655,0.58764,-0.11534,0.14486,-0.047007,-0.13969,79.874,71.428,-6.0736,0.31296,7.3834,-0.45737,-0.15824,1.3977,0.39789,0.12034,1.6326,1.8952,610.21,-0.11533,-0.80244,1.1366,0.16083,43.215,5.1101,50.247,7.2642,9.3215,1
0.14289,0.083883,0.82401,10.823,485.86,-0.060681,0.14425,10.921,0.61089,0.91612,0.14425,1.7196,0.24163,0.14425,207.42,1.7597,11.921,0.14425,0.23613,79.434,4.8601,0.11513,0.23391,0.13938,0.28665,1.7435,15547,8.9458,3.1304,-0.91432,0.23614,60.795,6.0038,6.0038,0.10727,0.61089,,0.91612,0.1756,7.8483,0.023596,0.18847,149.1,69.668,1.0748,9.2384,96.353,0.11177,0.18297,10.823,0.083883,0.16656,9.9459,9.9459,10.823,0.1756,0.15598,0.77735,0,4.595,5.2391,50.119,7.2826,6.6321,0
-0.008349,0.65765,-0.073715,0.83291,-172.64,-0.03346,-0.01594,0.30968,1.0337,0.20366,-0.01594,-0.036131,0.061074,-0.01594,5647.2,0.064634,1.5206,-0.01594,-0.022903,111.37,1.3204,0.040575,-0.011995,-0.044529,0.20366,0.076177,0.60261,-0.11654,5.2659,0.88471,-0.022903,239.16,1.5262,0.061696,0.040575,0.71731,0.71643,0.42014,0.058298,0.1149,0.21835,0.058298,166.12,54.751,-0.039312,0.35154,115.12,-0.017872,-0.025679,0.55875,0.44118,0.65523,0.32197,0.66421,-13598,0.032582,-0.040994,0.96742,1.0629,3.2773,6.6665,231.37,1.5776,1.1003,0
0.084074,0.17152,0.63087,4.6781,87.04,0.1903,0.10485,4.2974,1.0803,0.73709,0.10485,0.61127,0.075595,0.10485,523.85,0.69677,5.8302,0.10485,0.066319,64.615,1.0727,0.096989,0.05318,0.2496,0.73709,0.57566,0.66274,3.1925,4.9185,0.024086,0.066319,42.779,8.5322,0.56546,0.096989,1.6072,,0.73709,0.061349,0.78217,0.050505,0.061349,154.28,89.664,0.3004,3.0464,69.802,0.082324,0.052073,4.6781,0.17152,0.1172,3.7301,3.7301,52295,0.074311,0.11406,0.92569,0,5.6488,4.0708,39.6,9.2172,8.0004,0
0.087192,0.54622,0.57677,2.9504,62.792,0,0.10807,0.83077,2.8188,0.45378,0.10808,0.36546,0.048783,0.10807,1449.8,0.25175,1.8308,0.10807,0.038339,13.139,0.97885,0.069058,0.030932,0.22568,0.40556,0.21353,8950,4.5229,3.0157,0.12832,0.038341,39.329,9.2806,5.0243,0.074451,2.8188,3.0778,0.70429,0.026412,0.62981,0.18485,0.024499,88.858,75.719,0.85929,2.6073,13.495,0.039617,0.014054,1.5973,0.29571,0.10775,3.5585,5.5229,598,0.026412,0.19215,0.96221,0.55204,27.78,4.8205,38.291,9.5323,22.105,0
0.082501,0.084657,0.7904,10.918,98.63,0,0.10527,10.812,1.937,0.91534,0.10528,1.321,0.061736,0.10527,258.4,1.4125,11.812,0.10527,0.054349,51.925,0.95263,0.096301,0.042593,0.32808,0.90353,1.1436,18521,6.084,3.6265,-0.20744,0.054352,15.562,23.455,22.079,0.067814,1.937,,0.91534,0.035011,6.1882,0.025512,0.049718,71.032,19.106,0.2994,7.4606,53.809,0.081992,0.04233,10.278,0.07969,0.042635,7.0458,7.0458,3344.2,0.035011,0.090131,0.94673,0,7.0293,19.104,15.017,24.306,14.91,0
0.054852,0.60722,0.24528,1.4184,-15.18,0,0.070598,0.64684,3.5022,0.39278,0.13457,0.12041,0.027653,0.070598,2288.5,0.15949,1.6468,0.070598,0.020158,39.482,1.1241,0.13424,0.015662,0.26315,0.38488,0.13356,2.0985,1.4563,4.1026,0.17224,0.023544,63.601,5.7389,5.5411,0.13754,3.5022,61.449,0.40015,0.039272,0.019121,0.12612,0.03833,85.498,46.016,0.14479,0.77221,41.095,0.10799,0.030835,1.3695,0.5863,0.17425,2.3321,2.3758,3106.3,0.039272,0.13965,0.97997,0.018758,9.2448,7.932,61.103,5.9735,20.794,0
0.11443,0.25502,0.14815,1.5838,3.786,0.33179,0.14338,2.4273,1.1324,0.61901,0.14338,0.565,0.19308,0.14338,400.13,0.91221,3.9213,0.14338,0.11901,40.094,1.1168,0.14329,0.094979,0.41924,0.61901,0.7987,1.3468,0.24772,5.152,0.16416,0.11901,87.061,4.1924,0.56188,0.14329,1.2645,217.24,0.62025,0.11893,0.24741,0.036055,0.11893,102.74,62.647,0.86465,1.0623,45.404,0.054042,0.044854,1.5761,0.25377,0.23852,1.035,1.0371,21023,0.11694,0.18487,0.88306,0.002005,9.1035,5.8263,76.88,4.7476,2.0145,0
0.008031,0.52584,0.3468,1.6595,-7.9894,0.16597,0.008031,0.897,0.94091,0.47168,0.008031,0.015273,0.036933,0.008031,3174.9,0.11496,1.9017,0.008031,0.004907,80.297,0.93914,-0.016527,0.004907,0.19684,0.47168,0.11496,-0.095004,2.7229,3.9844,0.30898,0.004907,110.33,3.3082,-0.03143,-0.016527,1.7635,,0.47168,-0.010097,0.084169,0.48163,-0.010097,184.73,104.43,0.022304,0.97474,75.552,-0.068948,-0.042124,1.6595,0.52584,0.30227,3.7034,3.7034,3345.3,-0.062805,0.017027,1.0628,0,4.5456,3.4952,117.26,3.1128,12.851,0
-0.13231,0.063156,0.25232,4.9952,177.96,0.93551,-0.13231,14.834,0.39358,0.93684,-0.13169,-2.095,-0.16699,-0.13231,-350.73,-1.0407,15.834,-0.13231,-0.33617,0,0.56805,-0.13982,-0.33617,-0.038763,0.88911,-1.0407,-224.13,0.36861,3.3212,0.1032,-0.33459,42.406,8.6074,8.6074,-0.15003,0.39358,,0.93684,-0.38118,0.61836,-0.028745,-0.35525,256.35,256.35,,4.9952,0,-0.20641,-0.52443,4.9952,0.063156,0.11618,1.3686,1.3686,528.64,-0.38118,-0.14123,1.3173,0,,1.4238,58.57,6.2319,0.57498,0
-0.003126,0.48216,0.008432,1.0242,-20.302,0,-0.002323,1.074,2.5311,0.51784,0.012331,-0.00667,0.034148,-0.002323,2036.1,0.17926,2.074,-0.002323,-0.000918,19.787,1.2094,0.011436,-0.001235,0.07025,0.51159,0.1776,0.78037,0.01311,4.4084,0.18141,0.001266,50.553,7.2201,5.2164,0.015981,2.5311,1.6898,0.64777,0.006314,0.089087,0.16041,0.004518,46.975,27.187,-0.022782,0.6303,19.913,-0.077321,-0.030548,0.73997,0.34835,0.1385,0.80508,1.0071,215.94,0.006314,-0.006037,1.0009,0.25091,18.446,13.425,50.234,7.266,3.9351,0
0.20839,0.26185,0.41039,2.5692,69.704,0,0.20839,2.819,1.641,0.73815,0.20853,0.79683,0.13739,0.20839,423.91,0.86102,3.819,0.20839,0.12699,7.0139,1.4666,0,0.12699,0.52792,0.70274,0.86102,0,1.2509,3.7519,0.061259,0.28347,72.117,5.0612,5.0549,0.006491,1.641,,0.73815,0.003955,1.0982,0.51139,0,85.571,78.557,6.6086,2.4486,8.6955,-0.017068,-0.010401,2.566,0.26152,0.19758,2.2499,2.2499,2317.7,0.19339,0.28231,0.81043,0,52.04,4.6463,58.171,6.2747,5.0017,0
0.15005,0.36618,0.22361,1.6107,20.375,0.31793,0.19212,1.587,1.0822,0.58112,0.19212,0.52466,0.094855,0.19212,560.07,0.6517,2.7309,0.19212,0.076364,13.499,1.2565,0.18548,0.059643,0.40942,0.58112,0.53682,0.79785,0.54513,5.2452,0.10572,0.076364,57.494,6.3485,0.50651,0.18548,2.5302,,0.58112,0.073723,0.27811,0.051892,0.073723,70.793,57.294,1.6127,1.3566,14.609,0.13895,0.055232,1.6107,0.36618,0.15752,1.4166,1.4166,39327,0.075981,0.25821,0.92402,0,27.039,6.3707,53.125,6.8705,6.1331,0
0.001627,0.36549,0.40764,2.1153,11.424,0,0.008114,1.736,3.8131,0.63451,0.024661,0.022199,0.013481,0.008114,2595.2,0.14064,2.736,0.008114,0.002128,27.047,1.2437,-0.009993,0.000427,0.19015,0.59742,0.12289,-0.6039,1.7968,3.1297,0.085347,0.004078,35.025,10.421,10.421,0.004261,3.8131,,0.63451,0.001118,0.12489,0.36589,-0.002621,69.637,42.589,0.005758,1.3422,27.078,-0.053283,-0.013974,2.1153,0.36549,0.095959,2.7968,2.7968,549.48,0.001118,0.002564,0.99789,0,13.495,8.5702,34.986,10.433,16.807,0
0.013651,0.22024,0.60203,3.8223,226.53,-0.021074,0.016645,3.5404,0.6781,0.77976,0.017258,0.07803,0.040603,0.016645,2919.7,0.12501,4.5404,0.016645,0.024547,96.37,0.7543,0.014317,0.020131,0.058517,0.63629,0.11142,23.333,3.2602,3.9006,-0.04447,0.025172,114.46,3.1889,3.0885,-0.002135,0.6781,,0.77976,-0.003148,1.1823,0.29127,0.021113,303.12,206.75,0.076245,2.983,96.067,0.003429,0.005056,3.702,0.21331,0.31359,4.2226,4.2226,4788.1,-0.003148,0.017506,0.97615,0,3.7875,1.7654,114.82,3.1789,3.6721,0
0.014568,0.65723,0.10138,1.1875,-46.447,0.30868,0.019264,0.52155,1.2675,0.34277,0.038364,0.035632,0.026744,0.019264,7076.8,0.051577,1.5215,0.019264,0.015198,70.866,1.2,0.034377,0.011494,0.11985,0.32324,0.044432,1.7998,0.2832,3.6335,0.47422,0.026105,160.05,2.2805,1.8759,0.034571,1.2675,3.7632,0.44799,0.027276,0.12696,0.447,0.027122,165.12,94.251,0.059198,0.73234,72.853,0.019743,0.015576,0.97686,0.54063,0.4385,0.95751,1.2514,436,0.027276,0.0425,0.98485,0.30694,5.1505,3.8726,155.69,2.3444,3.5406,0
-0.097847,0.14139,0.47504,5.8694,45.042,0.2546,-0.11941,5.72,1.0152,0.80876,-0.11941,-1.224,-0.10321,-0.11941,-517.09,-0.70587,7.0726,-0.11941,-0.12348,58.465,0.9207,0.031863,-0.10118,0.3184,0.80876,-0.55335,0.3345,1.1114,4.5375,0.12025,-0.12348,37.381,9.7644,0.22536,0.031863,1.0339,9.5287,0.8526,0.03295,2.3424,0.090313,0.03295,129.87,71.406,-0.63169,4.2816,59.352,0.012256,0.012674,4.0497,0.097555,0.10241,1.8922,1.9948,16375,0.014944,-0.12098,0.98506,0.054201,6.243,5.1116,36.822,9.9126,2.2625,0
0.17112,0.10177,0.88707,17.746,321.09,0,0.21041,8.8262,0.97301,0.89823,0.21041,3.972,0.24847,0.21041,153.65,2.3756,9.8262,0.21041,0.21624,76.21,1.122,0.19743,0.17587,0.53538,0.89487,1.9896,,14.796,4.1724,-0.53765,0.21624,24.36,14.983,7.799,0.17931,0.97301,,0.89823,0.18429,11.872,0.014828,0.2029,116.73,40.517,0.84229,13.911,93.428,0.16607,0.17068,9.2371,0.052972,0.066741,14.982,14.982,13194,0.18429,0.19051,0.79055,0,4.7894,9.0087,19.871,18.368,16.23,0
0.017168,0.4493,0.25457,1.9285,16.946,0.10371,0.022358,0.98235,1.0179,0.44137,0.022358,0.081543,0.029771,0.022358,2438.2,0.1497,2.2257,0.022358,0.009896,24.355,1.0121,0.036052,0.007599,0.13091,0.44137,0.13815,0.16244,0.5402,4.3763,0.14796,0.009896,45.091,8.0947,0.080241,0.036052,2.2843,2.1586,0.61649,0.015958,0.4248,0.18247,0.015958,66.607,42.252,0.11389,1.3786,24.791,-0.008849,-0.003917,1.1768,0.27419,0.12354,0.93661,1.3082,6054.5,0.017621,0.038898,0.98238,0.39676,14.987,8.6386,44.297,8.2399,4.7942,0
0.13624,0.38261,0.32665,1.8652,41.596,0.38428,0.13624,1.5253,1.0912,0.5836,0.13624,0.36087,0.10574,0.13624,883.98,0.4129,2.6136,0.13624,0.091194,37.441,1.6987,0.1179,0.091194,0.38891,0.5836,0.4129,0.86111,1.1042,5.0909,0.21819,0.091194,100.65,3.6265,0.30814,0.1179,1.5157,108.57,0.58868,0.078915,0.19693,0.090083,0.078915,153.88,116.44,0.88901,1.4593,40.855,0.096159,0.064364,1.8405,0.37754,0.27575,1.9729,1.99,40269,0.083562,0.23345,0.91644,0.008695,9.7486,3.1348,92.237,3.9572,5.0504,0
0.056304,0.6179,0.12712,1.3529,-2.187,0,0.075093,0.61839,1.9771,0.3821,0.12456,0.20844,0.065105,0.075093,1752.1,0.20832,1.6184,0.075093,0.037981,24.415,1.5588,0.12452,0.028478,0.18728,0.37053,0.17791,2.5174,0.24799,4.6542,0.30359,0.046469,71.44,5.1092,2.9789,0.1365,1.9771,1.4413,0.6285,0.06904,0.064895,0.11562,0.062978,85.66,61.245,0.42574,0.98577,26.226,0.07089,0.035855,0.78878,0.36026,0.19573,0.7454,1.2261,5734.1,0.06904,0.14735,0.9621,0.64484,14.95,5.9597,66.508,5.4881,3.857,0
0.024633,0.073858,0.55798,9.0962,220.44,0.07112,0.032558,12.263,1.0473,0.90571,0.032558,0.4724,0.1055,0.032558,387.31,0.94241,13.539,0.032558,0.04935,100.19,1.0242,0.024233,0.037337,0.093462,0.90571,0.83511,0.3847,1.4955,5.1142,-0.20737,0.04935,39.934,9.14,0.3281,0.024233,0.6711,90.261,0.91065,0.036732,3.2578,0.039625,0.036732,222.62,122.43,0.13602,6.4686,104.93,-0.012814,-0.019423,8.4879,0.068919,0.10941,2.4276,2.4408,72586,0.045183,0.027197,0.95482,0.005453,3.6431,2.9813,38.13,9.5725,1.7683,0
0.12204,0.41099,0.1752,1.498,6.6445,75.258,0.15282,1.4331,1.1916,0.58901,0.15282,0.43442,0.13588,0.15282,828.09,0.44078,2.4331,0.15282,0.11462,40.005,1.2078,0.15631,0.091539,99.942,0.58901,0.3659,1.397,0.37037,2.5672,0.30247,0.11462,114.75,3.1807,0.38033,0.15631,1.3464,6.4309,0.64823,0.11724,0.047362,0.073177,0.11724,139.71,99.701,0.83519,1.0826,47.669,0.12798,0.095989,1.2822,0.35177,0.31439,1.2452,1.3704,64.67,0.16077,0.2072,0.83923,0.10054,9.1238,3.6609,96.304,3.7901,2.8185,0
-0.20061,0.79166,-0.14543,0.8163,-64.468,-0.20061,-0.20061,0.24482,0.78413,0.19382,-0.20061,-0.2534,-0.046138,-0.20061,-2354.5,-0.15502,1.2632,-0.20061,-0.075419,60.889,0.82622,-0.068907,-0.075419,-0.20061,0.19382,-0.15502,,-0.41109,3.7646,0.29187,-0.075419,85.182,4.2849,-0.087041,-0.068907,3.5679,,0.19382,-0.025905,0.024852,2.899,-0.025905,85.977,25.088,-0.4521,0.2558,47.745,-0.14679,-0.055186,0.8163,0.79166,0.23338,0.54786,0.54786,-845.7,-0.27529,-1.0351,1.2753,0,5.9945,14.549,108.63,3.36,7.519,1
0.053124,0.35813,0.070874,1.4001,-3.8808,0.23426,0.066892,1.6049,1.0389,0.57477,0.066892,0.37767,0.086277,0.066892,1045.9,0.34897,2.7923,0.066892,0.046178,19.823,1.0271,0.08247,0.036674,0.29217,0.57477,0.31052,0.59149,0.094246,4.3474,0.24595,0.046178,46.367,7.8719,0.23028,0.08247,1.4803,0.93543,0.75578,0.056933,0.047796,0.083769,0.056933,60.355,40.533,0.67529,0.95599,20.594,0.024386,0.016834,0.69247,0.17712,0.12703,0.76431,1.005,1577.3,0.037472,0.092427,0.96253,0.31493,18.413,9.0051,44.63,8.1784,1.9262,0
0.006381,0.54044,0.29179,1.5399,8.0568,-0.098937,0.008153,0.85033,3.4509,0.45956,0.009198,0.015085,0.015389,0.008153,3714.5,0.098265,1.8503,0.008153,0.002363,22.081,0.96523,0.008682,0.001849,-0.041668,0.15087,0.094987,8.3055,1.7392,2.9729,0.091103,0.002513,57.341,6.3654,6.3654,0.010713,3.4509,,0.45956,0.003105,0.43131,0.33587,0.002516,63.37,41.29,0.030567,1.1536,22.15,-0.036273,-0.010511,1.5399,0.54044,0.1571,2.7392,2.7392,274.12,0.003105,0.013886,0.99764,0,16.53,8.84,57.163,6.3852,20.569,0
0.089735,0.69668,-0.10627,0.84747,-32.338,0.24516,0.11315,0.28888,1.0247,0.20126,0.11315,0.16241,0.035531,0.11315,1869.9,0.1952,1.4354,0.11315,0.029563,12.317,0.93285,0.082336,0.023446,0.30813,0.20126,0.16159,0.22043,-0.25945,5.2082,0.18167,0.029563,68.078,5.3615,0.11818,0.082336,3.8619,,0.20126,0.021513,0.1427,0.21777,0.021513,46.825,34.508,0.69479,0.66208,12.621,0.059493,0.015544,0.84747,0.69668,0.18652,0.49138,0.49138,-17162,0.024059,0.44587,0.97594,0,29.634,10.577,66.441,5.4936,9.3443,0
0.20578,0.63138,0.32758,2.2587,45.623,0,0.25988,0.58384,2.063,0.36862,0.27793,0.99856,0.15188,0.25988,735.51,0.49626,1.5838,0.25988,0.12597,18.164,1.3385,0.265,0.099747,0.55861,0.32987,0.41057,14.684,0.79478,3.8097,0.21955,0.1343,52.652,6.9323,2.8575,0.25887,2.063,1.939,0.61884,0.12548,0.69731,0.066089,0.12845,71.895,53.73,2.0043,1.8642,20.771,0.21156,0.10255,0.93104,0.26025,0.14425,0.89436,1.5014,2113.4,0.12548,0.55824,0.87557,0.67879,20.094,6.7932,46.045,7.927,5.0053,0
0.099307,0.32078,0.10387,1.3238,-17.564,0.16099,0.10624,2.1174,1.0399,0.67922,0.10624,0.33119,0.062052,0.10624,856.38,0.42621,3.1174,0.10624,0.048219,34.086,1.3213,0.084325,0.045072,0.17629,0.67922,0.4046,0.39799,0.18054,4.1183,0.12693,0.048219,55.26,6.6051,0.26288,0.084325,2.2384,,0.67922,0.038272,0.1282,0.091862,0.038272,63.536,29.45,0.48264,0.68238,35.446,0.053846,0.024439,1.3238,0.32078,0.1514,1.1805,1.1805,1364,0.038364,0.14621,0.96164,0,10.708,12.394,53.14,6.8686,3.8294,0
-0.22061,0.71991,0.059235,1.0862,-10.322,-0.20068,-0.2184,0.26499,0.93183,0.19077,-0.2184,-0.31764,-0.060742,-0.2184,-1432.1,-0.25488,1.3891,-0.2184,-0.072299,17.758,1.0855,-0.20278,-0.073032,-0.17914,0.19077,-0.25795,-0.62553,0.23395,4.3702,0.23513,-0.072299,77.415,4.7148,-0.28168,-0.20278,3.0714,18.548,0.22311,-0.067129,0.020132,-0.14099,-0.067129,88.563,70.806,-1.5011,0.8724,16.547,-0.2377,-0.078686,1.0374,0.68757,0.2121,0.75347,0.8812,1389.4,-0.073154,-1.1564,1.0732,0.16952,20.554,5.155,83.079,4.3934,11.931,0
0.027846,0.20698,0.26954,2.3023,51.626,0.11035,0.027846,3.5679,1.0013,0.73848,0.027846,0.13454,0.047663,0.027846,1853.6,0.19691,4.8314,0.027846,0.032564,58.584,0.92635,0.001499,0.032564,0.11035,0.73848,0.19691,0.017547,0.5149,5.1336,0.21397,0.032564,88.466,4.1259,0.00724,0.001499,0.90637,,0.73848,0.001752,0.17244,0.47224,0.001752,188.17,129.58,0.20289,1.6392,58.662,-0.011413,-0.013346,2.3023,0.20698,0.24237,1.4107,1.4107,36664,0.001334,0.037707,0.99867,0,6.2304,2.8167,88.348,4.1314,1.6335,0
0.017675,0.45357,0.1329,1.3395,0.49219,0.092958,0.020251,1.1366,1.0052,0.51551,0.020251,0.05173,0.022754,0.020251,1746.1,0.20903,2.2048,0.020251,0.00486,11.037,1.1321,0.008843,0.004242,0.095548,0.51551,0.20335,0.021333,0.27941,4.004,0.082118,0.00486,34.469,10.589,0.019497,0.008843,4.2112,6.4157,0.57761,0.002122,0.28796,0.17879,0.002122,36.059,25.021,0.14027,1.0176,11.095,-0.065716,-0.015771,1.1561,0.39147,0.094437,1.0839,1.2144,1341.3,0.005145,0.034286,0.99486,0.12045,33.069,14.588,34.292,10.644,8.7606,0
0.074878,0.48908,0.22124,1.4524,12.25,0.39386,0.094773,1.0447,2.0098,0.51092,0.11637,0.19378,0.069408,0.094773,1279.7,0.28522,2.0447,0.094773,0.047157,21.228,1.353,0.10476,0.037257,0.21911,0.45442,0.24454,4.8501,0.76372,3.9012,0.24061,0.047157,94.162,3.8763,3.8763,0.11394,2.0098,,0.51092,0.056693,0.095836,0.10907,0.052124,120.49,99.263,0.64062,1.2134,22.504,0.060036,0.029872,1.4524,0.48908,0.25798,1.7637,1.7637,1762.2,0.056693,0.14656,0.95318,0,17.194,3.6771,88.824,4.1092,6.9378,0
0.12324,0.63096,0.059464,1.1331,5.3378,0,0.12324,0.58489,1.8335,0.36904,0.14533,0.27574,0.084158,0.12324,1492.5,0.24455,1.5849,0.12324,0.067215,0.24342,1.2137,0.13979,0.067215,0.26838,0.12324,0.24455,6.3262,0.12047,4.1247,0.31089,0.073393,95.974,3.8031,2.6938,0.13377,1.8335,2.7449,0.55308,0.072958,0.21135,0.1231,0.076242,82.006,81.762,100.79,1.1303,0.26257,0.10872,0.059299,0.80257,0.44692,0.26294,0.74763,1.1205,792.37,0.072958,0.33394,0.9334,0.49869,1499.5,4.4642,88.972,4.1024,3.7144,0
0.026925,0.41132,0.17864,1.839,-9.1253,-0.012766,0.025314,1.3935,1.0192,0.57317,0.025314,0.11888,0.080548,0.025314,1680.6,0.21718,2.4312,0.025314,0.022825,61.389,1.1557,0.027261,0.024277,0.006049,0.57317,0.2211,0.25053,0.29361,4.2162,0.36832,0.022825,71.424,5.1103,0.066277,0.027261,1.159,1.0335,0.77156,0.024581,0.098181,0.14815,0.024581,121.99,60.601,0.14434,0.96295,62.568,-0.036757,-0.033143,0.95198,0.21293,0.19568,0.94205,1.2681,2939.1,0.018838,0.046975,0.98116,0.34613,5.9457,6.023,70.078,5.2085,1.8228,0
0.22771,0.84065,-0.1623,0.80532,-144.56,0.071335,0.22732,0.069105,1.2028,0.058094,0.22732,0.27268,0.17008,0.22732,1197.2,0.30487,1.1896,0.22732,0.15085,78.622,2.037,0.23391,0.15111,0.072602,0.058094,0.30534,1.867,-0.49384,4.6165,0.47851,0.15085,242.87,1.5028,0.27824,0.23391,1.5575,49.532,0.065094,0.15522,0.14893,0.10514,0.15522,132.54,53.922,0.70155,0.41596,94.564,0.20494,0.136,0.79861,0.83365,0.66541,0.17677,0.19807,-6711.1,0.16859,3.9197,0.83141,0.12051,4.6425,6.769,201.93,1.8076,4.5851,0
0.081104,0.43425,0.26878,1.6567,-15.029,0.24447,0.081104,1.1672,1.0724,0.50686,0.081104,0.19817,0.071,0.081104,1234.1,0.29576,2.3028,0.081104,0.044836,67.305,1.2121,0.089448,0.044836,0.24447,0.50686,0.29576,0.53027,0.8348,4.2725,0.23264,0.044836,88.556,4.1217,0.20598,0.089448,1.827,13.786,0.53184,0.049448,0.041761,0.10438,0.049448,133.36,66.059,0.24315,0.84171,72.176,0.042119,0.023284,1.5614,0.40926,0.24262,1.5743,1.6519,5034.2,0.067487,0.16001,0.93251,0.049299,5.4231,5.5253,82.58,4.42,5.6184,0
0.026193,0.31296,0.3857,2.2341,47.803,0,0.034135,2.1953,1.7256,0.68704,0.063242,0.10922,0.042634,0.034135,1552.7,0.23507,3.1953,0.034135,0.019782,32.592,0.80979,0.056725,0.015179,0.39829,0.66107,0.2097,1.9489,1.2781,3.2846,0.059539,0.029894,68.412,5.3353,5.3281,0.058097,1.7256,,0.68704,0.033668,0.722,0.10849,0.032873,99.961,67.37,0.17,1.7411,33.727,0.017291,0.01002,2.2311,0.31254,0.18743,2.2767,2.2767,742.77,0.033668,0.038125,0.98032,0,11.199,5.4179,66.109,5.5212,5.7183,0
-0.14901,0.60289,0.033202,1.0669,0.059013,0,-0.14901,0.65812,1.7314,0.39678,-0.1489,-0.30019,-0.086062,-0.14901,-1476.8,-0.24716,1.6587,-0.14901,-0.086062,6.9341,1.015,-0.10284,-0.086062,-0.31404,0.37377,-0.24716,-2.2145,0.07058,3.4832,0.30986,-0.059241,102.24,3.838,3.1599,-0.16874,1.8024,4.6624,0.50331,-0.097458,0.13374,-0.19541,-0.059396,97.647,90.713,-4.5302,0.2,6.3019,-0.10284,-0.059396,0.87841,0.49638,0.26055,0.84347,1.0699,101,-0.023543,-0.37555,0.98605,0.26849,52.638,4.0237,104.64,3.4881,3.6806,1
0.021781,0.41284,0.5394,2.3158,-7.0296,0,0.021781,1.4222,1.9676,0.58716,0.021781,0.053131,0.046683,0.021781,1640.6,0.22248,2.4222,0.021781,0.01107,99.828,1.0022,0,0.01107,0.086846,0.33295,0.22248,,10.648,3.7409,0.20289,0.030255,112.34,3.2491,3.2263,0.006997,1.9676,,0.58716,0.003556,0.096448,0.19639,0,168.78,68.947,0.040474,1.0031,147.47,-0.070071,-0.035613,2.2995,0.40994,0.30777,11.591,11.591,2970.7,0.32305,0.037095,0.67744,0,3.6563,5.2939,76.048,4.7996,38.841,0
-0.24247,0.86552,-0.13052,0.82523,-156.64,0,-0.24247,0.15537,2.3126,0.13448,-0.13207,-0.32467,0.58536,-0.24247,233.37,1.564,1.1554,-0.24247,-0.10485,15.146,1.483,-0.14844,-0.10485,-0.051702,0.027717,1.564,-1.3445,-0.34016,3.9937,0.36285,-0.10485,120.46,3.03,2.6144,0.049736,2.3126,4.3833,0.25318,0.021507,0.12051,0.019928,-0.064187,83.066,67.92,-2.5266,0.69673,15.479,-1.7446,-0.75439,0.71205,0.74682,0.33003,0.35047,0.65984,-1286.4,0.021507,-1.8031,1.1028,0.88273,24.098,5.374,117.87,3.0966,6.027,0
0.064033,0.34962,0.0938,1.2741,-15.151,0.11753,0.064033,1.8603,1.6726,0.65038,0.072214,0.18713,0.065682,0.064033,1161.6,0.31423,2.8603,0.064033,0.038284,33.48,1.319,0.071437,0.038284,0.14365,0.54264,0.31423,8.7326,0.16631,4.1146,0.15611,0.038958,74.903,4.873,4.7693,0.005148,1.6726,,0.65038,0.003078,0.28389,0.099382,0.04271,73.943,40.463,0.41737,0.82576,33.583,0.02561,0.015312,1.247,0.34219,0.20521,1.1531,1.1531,1221.2,0.003078,0.098455,0.96333,0,10.902,9.0205,74.673,4.888,2.9655,0
-0.040527,0.27711,0.70975,3.7744,174.58,0,-0.040527,2.6085,1.0814,0.72284,-0.034028,-0.15842,-0.037478,-0.040527,-2495.7,-0.14625,3.6086,-0.040527,-0.037478,49.294,0.79156,-0.076804,-0.037478,-0.16122,0.15333,-0.14625,-34.225,20.79,3.3497,-0.16788,-0.037437,101.45,4.5277,4.1799,-0.063286,1.1199,,0.72284,-0.058524,1.8006,-0.12027,-0.071025,170.43,121.14,-0.27751,2.3715,46.019,-0.076804,-0.071025,3.4844,0.25582,0.22086,21.173,21.173,1587.7,0.14882,-0.056067,0.83397,0,7.4046,3.013,86.351,4.227,31.675,1
0.018091,0.085318,0.67515,13.46,324.27,0,0.022751,10.721,0.73728,0.91468,0.027254,0.41987,0.10676,0.022751,395.65,0.92253,11.721,0.022751,0.030858,10.667,0.74876,-0.01041,0.024538,0.10877,0.88413,0.86791,-2.3117,2.4944,3.8161,-0.70312,0.030871,25.762,14.168,8.9981,-0.030426,0.73728,,0.91468,-0.041269,11.372,0.062439,-0.01412,56.005,45.338,0.83964,13.062,10.244,-0.066368,-0.090017,8.5484,0.054186,0.070582,3.3793,3.3793,4420.3,-0.041269,0.019779,0.97143,0,34.218,8.0506,26.825,13.606,2.7239,0
0.013413,0.64054,0.073524,1.1918,-20.957,0.059524,0.017187,0.38942,0.9953,0.24944,0.017187,0.044835,0.067246,0.017187,2582.2,0.14135,1.5612,0.017187,0.012765,40.122,1.1615,0.017958,0.009962,0.073876,0.24944,0.13546,0.13274,0.13537,4.5418,0.4169,0.012765,103.43,3.5289,0.028035,0.017958,1.3817,1.2009,0.50664,0.013337,0.20665,0.23063,0.013337,102.38,62.253,0.090621,0.8057,39.934,-0.055397,-0.041144,0.71325,0.38334,0.28337,0.45926,0.93281,2560.1,-0.004724,0.053771,1.0047,1.0311,9.0972,5.8632,103.92,3.5123,2.479,0
0.057923,0.27789,0.22554,1.8388,52.935,0.18914,0.057923,2.5952,1.0474,0.72119,0.057923,0.21541,0.12848,0.057923,782.05,0.46672,3.5985,0.057923,0.057379,32.871,1.0777,0.047271,0.057379,0.18914,0.72119,0.46672,0.49048,0.44612,5.0361,0.16146,0.057379,101.84,3.5842,0.17011,0.047271,1.0269,44.866,0.73018,0.046828,0.44021,0.076745,0.046828,135.98,103.11,0.63715,1.5007,34.429,-0.024503,-0.024273,1.7793,0.2689,0.279,1.4265,1.4443,24508,0.045258,0.080316,0.95474,0.012471,11.104,3.54,97.226,3.7541,1.9967,0
0.071839,0.49035,0.11271,1.2626,2.1475,0.001332,0.091741,1.0394,2.0645,0.50965,0.1131,0.21376,0.074663,0.091741,1161.1,0.31435,2.0394,0.091741,0.044438,13.409,1.4448,0.10648,0.034798,0.29383,0.48351,0.27376,4.9842,0.24603,4.2816,0.17952,0.050513,79.86,4.5705,4.0004,0.10288,2.0645,27.882,0.52637,0.049833,0.33848,0.096786,0.051577,70.123,56.714,0.94722,1.0859,14.112,0.04408,0.021352,1.1051,0.42919,0.2188,1.1125,1.149,2155.6,0.049833,0.14096,0.95593,0.032797,27.221,6.4357,75.881,4.8102,4.5065,0
0.18947,0.19494,0.34412,2.9115,57.08,0.47248,0.23511,4.0279,1.1598,0.78521,0.23511,1.306,0.20363,0.23511,239.17,1.5261,5.1298,0.23511,0.16092,36.718,1.1523,0.23748,0.12968,0.58629,0.78521,1.292,1.8852,0.72316,4.1442,-0.000242,0.16092,52.162,6.9974,1.2182,0.23748,1.505,25.287,0.80013,0.16254,1.1254,0.021373,0.16254,80.33,43.612,1.2891,2.0951,42.586,0.17509,0.11984,2.6887,0.18003,0.14291,1.6501,1.6815,4796.6,0.13779,0.2413,0.86221,0.018996,9.9406,8.3692,44.975,8.1157,3.0703,0
0.16132,0.014248,0.98575,70.188,6359.4,-0.41234,0.17557,69.188,0.23128,0.98575,0.17557,12.323,0.75914,0.17557,29.62,12.323,70.188,0.17557,0.75914,0,0.2508,0.17547,0.69754,0.74359,-0.25101,11.323,,,1.3057,-4.2622,0.75914,93.191,3.9167,3.9167,0.17547,0.23128,,0.98575,0.75872,70.188,0.002707,0.75872,0,0,,70.188,0,0.17547,0.75872,70.188,0.014248,0.25532,,,19.926,0.75872,0.16366,0.24118,0,,,22.486,16.233,,0
0.082604,0.65322,0.044479,1.0726,-121.81,0.15446,0.10332,0.53087,1.1374,0.34678,0.10332,0.16871,0.10894,0.10332,1736.9,0.21015,1.5309,0.10332,0.081992,109.23,1.115,0.13961,0.065552,0.20734,0.34678,0.17844,1.2601,0.12963,4.238,0.5082,0.081992,201.77,1.809,0.21372,0.13961,1.2648,6.8553,0.38759,0.11079,0.071143,0.12374,0.11079,177.65,68.422,0.21905,0.45687,124.24,0.10565,0.083843,1.0056,0.61241,0.55279,1.0107,1.1296,769.45,0.12083,0.2382,0.87917,0.11769,3.3416,5.3345,177.39,2.0576,3.6726,0
-0.12818,0.085458,0.69784,9.1658,127,0,-0.12818,10.702,1.8121,0.91454,-0.12527,-1.5,-0.04901,-0.12818,-351.23,-1.0392,11.702,-0.12818,-0.07074,4.2944,0.7551,-0.12955,-0.07074,0.093324,0.86507,-1.0392,-44.496,3.2202,3.3227,-0.1411,-0.0707,16.111,22.655,22.655,-0.124,1.8121,,0.91454,-0.068431,4.0789,-0.031589,-0.071495,87.565,83.271,-6.0124,8.9164,4.0194,-0.16893,-0.093224,9.1658,0.085458,0.04414,4.2202,4.2202,1467.1,-0.068431,-0.14016,1.0703,0,84.994,4.3833,17.214,21.204,8.3619,0
0.018593,0.17202,0.82798,5.8132,234.49,0,0.022971,4.8132,1.2699,0.82798,0.022971,0.13353,0.020928,0.022971,2362.6,0.15449,5.8132,0.022971,0.018089,0,0.7125,0.022971,0.014641,0.23424,0.31294,0.12904,,,2.2882,-0.47927,0.018089,49.255,7.4105,7.4105,-0.004893,1.2977,,0.82798,-0.003853,4.538,0.21576,0.018089,63.049,63.049,,4.538,0,0.019365,0.01525,5.8132,0.17202,0.13494,,,160.76,-0.003853,0.022456,0.9823,0,,5.7892,49.444,7.382,,1
0.012614,0.48595,0.27795,2.1007,-20.888,0.049629,0.022232,0.79559,1.018,0.38662,0.022232,0.088041,0.072629,0.022232,2324.2,0.15704,2.0578,0.022232,0.021159,112.77,1.0774,0.041265,0.012005,0.066181,0.38662,0.13725,0.39977,0.59197,4.835,0.45621,0.021159,89.294,4.0876,0.084915,0.041265,1.0887,0.88174,0.62005,0.039272,0.065935,0.16756,0.039272,178.49,65.715,0.038857,0.81509,114.8,-0.012817,-0.012198,1.0916,0.25252,0.24464,0.82341,1.3206,19010,0.017636,0.032628,0.98236,0.60378,3.2366,5.5543,87.719,4.161,2.2378,0
0.071298,0.7754,-0.14374,0.67144,-68.524,0,0.089287,0.28966,1.8376,0.2246,0.18934,0.20409,0.092507,0.089287,1664.9,0.21923,1.2897,0.089287,0.04859,30.526,1.3438,0.18934,0.0388,0.2388,0.20406,0.19603,1.8924,-0.20353,4.3949,0.4085,0.064156,96.656,3.7763,2.1307,0.18548,1.8376,0.43316,0.54797,0.10094,0.06043,0.095713,0.10304,53.096,22.571,0.46393,0.32016,33.953,0.10864,0.059122,0.37884,0.43749,0.26481,0.31802,0.77589,-3568.8,0.10094,0.31744,0.95161,1.4397,11.957,16.171,86.9,4.2003,2.6019,0
0.10418,0.3891,0.16319,1.6887,39.776,0,0.13485,1.57,1.1704,0.6109,0.14643,0.56911,0.19581,0.13485,619.73,0.58897,2.57,0.13485,0.11522,13.408,1.2053,0.14301,0.089016,0.35813,0.54749,0.51016,12.348,0.27204,4.101,0.2852,0.12467,82.822,4.407,2.6837,0.12615,1.1704,2.3618,0.76211,0.10778,0.29781,0.05465,0.12219,102.78,89.374,2.4233,1.5073,15.028,0.048685,0.041598,1.0283,0.23694,0.22691,1.0184,1.2705,2059,0.10778,0.17054,0.88867,0.24753,27.223,4.084,73.895,4.9394,1.951,0
-1.249,0.005387,0.97488,181.97,218.26,0,-1.249,184.64,0.13564,0.99461,-1.2097,-231.85,-8.7902,-1.249,-1.6491,-221.33,185.64,-1.249,-9.2081,101.39,,-1.2109,-9.2081,-1.249,-1.249,-221.33,-30.844,49.405,2.5335,-5.7628,-8.9186,1.7562,297.49,297.49,-0.98396,0.39175,,0.99461,-7.2543,146.1,-0.000156,-8.9277,519.97,418.57,-33.148,153.1,8.5819,-1.2676,-9.3456,181.97,0.005387,0.003362,50.405,50.405,332.99,-7.2543,-1.2557,4.0907,0,3.5998,0.87201,14.496,25.179,6.8739,1
0.1246,0.30571,0.49897,2.6322,43.944,0.20134,0.15627,2.2711,1.0705,0.69429,0.15627,0.51118,0.085852,0.15627,570.78,0.63948,3.2711,0.15627,0.068627,37.923,1.4613,0.14844,0.05472,0.25027,0.69429,0.53589,0.69782,2.5547,4.2496,0.077931,0.068627,52.456,6.9582,0.48556,0.14844,2.2852,,0.69429,0.065187,0.44409,0.053558,0.065187,107.22,69.298,0.52667,1.8583,40.596,0.10922,0.047963,2.6322,0.30571,0.14372,3.5547,3.5547,8865.3,0.065849,0.17947,0.93415,0,9.6248,5.2671,49.002,7.4487,11.659,0
0.13071,0.50342,0.18899,1.3754,21.687,0.50163,0.16283,0.87661,1.1151,0.4413,0.16283,0.32345,0.12586,0.16283,867.23,0.42088,1.9864,0.16283,0.096724,21.344,1.047,0.17469,0.077644,0.62026,0.4413,0.35708,1.1571,0.61446,4.8785,0.26498,0.096724,121.71,2.9989,0.347,0.17469,1.6866,,0.4413,0.10377,0.11895,0.073975,0.10377,137.14,115.8,1.3278,1.1799,23.801,0.12564,0.074632,1.3754,0.50342,0.33346,1.4348,1.4348,14289,0.10322,0.2962,0.89678,0,17.101,3.1521,109.15,3.3441,5.4733,0
0.055385,0.67778,0.25939,1.4161,11.888,0.000464,0.0658,0.47541,2.9287,0.32222,0.077765,0.10556,0.030231,0.0658,2794.2,0.13063,1.4754,0.0658,0.022468,19.491,0.90897,0.07411,0.018911,0.33318,0.31805,0.11526,6.1939,2.2119,4.3339,0.19754,0.026553,79.646,4.5828,4.2147,0.07203,2.9287,,0.32222,0.024595,0.17435,0.23329,0.025305,96.471,76.98,0.35414,1.1652,19.983,0.051374,0.017542,1.3024,0.62334,0.21821,2.7478,2.7478,5595.9,0.024595,0.17188,0.97801,0,18.727,4.7415,77.688,4.6983,24.974,0
0.18949,0.066286,0.80957,13.213,94.983,0,0.23267,14.086,3.2082,0.93371,0.23267,3.5101,0.091328,0.23267,82.575,4.4202,15.086,0.23267,0.072523,2.1773,1.2898,0.18132,0.059063,0.31633,0.58681,3.7688,,6.521,2.9581,0.004565,0.072523,7.9496,45.914,45.914,0.16475,3.2082,,0.93371,0.051354,0.82953,0.009144,0.056516,93.39,91.212,9.9013,12.924,2.2952,0.12099,0.037711,13.213,0.066286,0.02178,7.521,7.521,735.13,0.051353,0.20294,0.92898,0,167.64,4.0017,7.5413,48.4,25.842,0
-0.11347,0.7216,0.24577,1.3406,36.542,-0.44972,-0.11248,0.28789,0.99041,0.20774,-0.11248,-0.15588,-0.075858,-0.11248,-2344.1,-0.15571,1.3858,-0.11248,-0.07594,23.164,1.0188,-0.063197,-0.076605,-0.4543,0.20774,-0.15708,-0.42258,7.5312,5.1738,0.021376,-0.07594,176.12,2.0725,-0.087579,-0.063197,1.4917,,0.20774,-0.042667,0.95609,-0.37611,-0.042667,68.372,45.207,-1.2071,1.2103,22.942,-0.063318,-0.042748,1.3406,0.7216,0.48251,6.3658,6.3658,36670,-0.009681,-0.54619,1.0097,0,15.757,8.0739,177.82,2.0526,45.388,0
0.028856,0.33479,0.24603,1.7349,12.515,-0.49675,0.035655,1.9869,4.9186,0.66521,0.17714,0.1065,0.027814,0.035655,893.25,0.40862,2.9869,0.035655,0.007249,6.228,0.70305,0.1544,0.005867,0.86191,-0.4679,0.38831,1.0913,0.58695,2.1218,0.066086,0.016648,25.649,14.23,14.23,0.1544,4.9414,,0.66521,0.031392,0.029106,0.043669,0.031392,42.379,36.151,0.34383,0.27978,6.4297,0.053256,0.010827,1.7349,0.33479,0.070272,1.587,1.587,32.57,0.031377,0.04338,0.96415,0,58.607,10.096,24.845,14.691,11.734,1
0.033737,0.38682,0.10388,1.5585,-30.309,0.36118,0.038645,1.5852,0.6598,0.61318,0.05394,0.20778,0.11575,0.038645,1848.8,0.19743,2.5852,0.038645,0.058571,74.387,1.0179,0.052411,0.051132,0.12395,0.49364,0.18474,3.4268,0.14628,4.8877,0.58628,0.058571,128.76,2.8816,1.3854,0.1326,0.6598,0.77373,0.81402,0.20097,0.057099,0.14305,0.079435,154.48,80.09,0.25089,0.83553,91.581,0.014686,0.022258,0.74934,0.18598,0.34703,0.86346,1.1463,1.5585,0.20097,0.055019,0.78631,0.32754,4.9068,4.5574,102.89,3.5476,0.92911,0
0.092832,0.57527,0.31849,2.372,48.952,0.000007,0.092832,0.73832,1.7661,0.42473,0.097328,0.3999,0.094299,0.092832,1260.8,0.28951,1.7383,0.092832,0.052562,26.808,0.7376,0,0.052562,0.37339,0.30022,0.28951,0,0.70874,3.9048,0.2591,0.11934,63.421,5.7552,2.3224,0.001967,1.7661,2.6184,0.58548,0.001114,0.58063,0.26013,0,85.939,59.131,0.71564,1.8132,35.439,-0.073714,-0.041737,0.95717,0.23214,0.17375,0.94517,1.3029,2558,0.24354,0.21856,0.76214,0.37847,13.615,6.1727,47.975,7.6081,3.9303,0
0.040324,0.10564,0.53586,6.0725,92.548,-0.008769,0.02601,8.2575,1.0284,0.87232,0.02601,0.24621,0.056392,0.02601,572.81,0.63721,9.4662,0.02601,0.021789,74.437,1.4676,0.027276,0.03378,-0.007489,0.87232,0.77271,0.235,1.4947,3.4442,-0.15482,0.021789,33.22,10.987,0.25819,0.027276,1.2246,,0.87232,0.02285,2.7934,0.050642,0.02285,105.92,31.483,0.16564,3.768,76.555,-0.01403,-0.011753,6.0725,0.10564,0.091015,2.4332,2.4332,1490.4,0.02766,0.046226,0.97234,0,4.9035,11.594,32.302,11.3,3.3297,0
-0.011523,0.28726,0.054553,1.2349,-15.74,0,-0.013954,2.4812,2.3547,0.71274,-0.009639,-0.060094,0.022764,-0.013954,1956,0.1866,3.4812,-0.013954,-0.005926,22.879,0.73168,-0.0194,-0.004894,0.0006,0.085549,0.19507,-4.4959,0.076486,3.6005,0.11998,-0.004093,35.621,10.285,8.3138,-0.024531,2.3785,2.5884,0.76651,-0.010418,0.05668,0.19884,-0.008239,42.409,19.53,-0.078068,0.69233,22.558,-0.086957,-0.036928,0.99825,0.2322,0.097229,0.9993,1.0747,217.45,-0.010441,-0.016167,1.0041,0.075428,15.954,18.689,35.993,10.141,3.3014,1
0.15535,0.21287,0.56754,3.6661,60.225,0.42679,0.19514,3.6977,1.0909,0.78713,0.19514,0.91669,0.10816,0.19514,343.83,1.0616,4.6977,0.19514,0.093399,30.521,1.1719,0.18028,0.074355,0.54054,0.78713,0.87467,0.94128,2.5846,4.8523,0.02749,0.093399,40.568,8.9971,0.84688,0.18028,2.1234,,0.78713,0.086286,1.0947,0.033149,0.086286,95.628,65.107,0.88921,2.8454,33.295,0.14943,0.071523,3.6661,0.21287,0.11115,3.5846,3.5846,40391,0.083306,0.19736,0.91669,0,11.959,5.6062,37.189,9.8148,9.5147,0
0.057315,0.54291,0.11364,1.2154,-17.92,0.10193,0.072872,0.81934,1.0358,0.44483,0.072872,0.13814,0.040145,0.072872,1637.1,0.22295,1.8419,0.072872,0.024169,30.778,1.1136,0.10664,0.019009,0.13348,0.44483,0.1943,0.36634,0.3167,5.1397,0.16742,0.024169,66.148,5.518,0.19642,0.10664,3.0212,25.136,0.46022,0.035367,0.075874,0.1153,0.035367,72.771,41.993,0.22543,0.73346,31.881,0.058465,0.019391,1.181,0.52752,0.18123,1.2396,1.2825,15675,0.034593,0.12885,0.96541,0.034603,11.859,8.6919,63.859,5.7157,8.4024,0
0.17857,0.23743,0.33796,2.4383,2.0729,0.29224,0.22566,2.3537,1.0954,0.55885,0.22566,0.96037,0.18975,0.22566,335.1,1.0892,4.2117,0.22566,0.16557,86.721,1.3546,0.12242,0.13102,0.3625,0.55885,0.8909,0.98382,0.79136,4.7696,0.1686,0.16557,68.927,5.2954,0.51559,0.12242,1.4679,101.41,0.5613,0.089817,0.062999,0.05024,0.089817,149.47,62.747,0.55144,1.0601,94.991,0.08946,0.065637,2.4131,0.23498,0.18884,1.3086,1.3143,19884,0.087058,0.31954,0.91294,0.004396,4.2089,5.817,62.927,5.8004,3.1915,0
0.067697,0.6903,0.087589,1.1332,-40.373,0.19551,0.085027,0.4337,1.0796,0.29938,0.085027,0.12932,0.06166,0.085027,2535.2,0.14397,1.4486,0.085027,0.052753,29.527,1.3066,0.12867,0.042001,0.24285,0.29938,0.11887,0.86187,0.34356,4.7467,0.42313,0.052753,160.74,2.2707,0.1864,0.12867,1.6433,18.721,0.33222,0.079831,0.19973,0.15867,0.079831,138.98,109.46,0.51919,0.9349,31.878,0.11432,0.070924,1.0793,0.65747,0.44038,1.1743,1.3031,4888.4,0.073745,0.22612,0.92626,0.10967,12.361,3.3347,148.89,2.4515,6.3222,0
0.029734,0.56317,0.30095,1.8282,32.409,0,0.035244,0.77566,2.3679,0.43683,0.05152,0.09699,0.040076,0.035244,2166.1,0.1685,1.7757,0.035244,0.014884,13.098,1.4109,0.051079,0.012557,0.11261,0.3008,0.15872,3.1384,0.89658,3.2466,0.18213,0.021757,57.261,6.3743,4.113,0.0516,2.3679,2.8998,0.63662,0.021791,0.3983,0.16953,0.021571,80.093,66.995,0.34992,1.5944,13.39,-0.008573,-0.003621,1.1796,0.36338,0.15688,1.3014,1.8966,530.98,0.021791,0.068068,0.98512,0.45737,27.866,5.4482,56.013,6.5163,7.0544,0
0.062211,0.40976,0.10202,1.25,-39.031,0.27531,0.083148,1.3983,1.0569,0.57298,0.083148,0.20374,0.091936,0.083148,898.68,0.40615,2.4405,0.083148,0.045932,16.291,1.3821,0.090097,0.034367,0.34992,0.57298,0.35506,0.52606,0.20825,5.4799,0.22213,0.045932,86.972,4.1968,0.21988,0.090097,1.8167,258.43,0.57464,0.049771,0.50368,0.077702,0.049771,61.411,45.12,0.76999,1.052,17.219,0.006821,0.003768,1.2449,0.4081,0.23828,1.1696,1.173,30800,0.053877,0.10858,0.94612,0.002899,22.405,8.0895,82.286,4.4358,3.6952,0
0.092411,0.66217,0.11571,1.1769,-14.663,0.23571,0.092411,0.51019,3.0403,0.33783,0.093663,0.14132,0.059848,0.092411,1328.3,0.27479,1.5102,0.092411,0.030395,27.13,0.82162,0.089911,0.030395,0.32812,0.32812,0.27479,71.804,0.5022,3.4898,0.19167,0.030807,80.486,4.535,4.4783,0.07492,3.0403,,0.33783,0.024642,0.13195,0.12299,0.029573,82.035,54.905,0.40893,0.83135,27.816,0.000365,0.00012,1.1622,0.65389,0.22051,1.4663,1.4663,357.42,0.024642,0.27354,0.9698,0,13.454,6.6479,78.502,4.6495,13.196,0
0.085645,0.79344,0.19621,1.4165,-9.8048,0,0.085645,0.26034,3.0779,0.20656,0.11444,0.18181,0.050595,0.085645,1859.7,0.19627,1.2603,0.085645,0.027826,32.122,1.1128,0.080586,0.027826,0.21524,0.076327,0.19627,2.7987,0.5897,4.1863,0.23644,0.034677,56.94,6.4103,3.8057,0.058246,3.0779,1.2764,0.51713,0.018924,0.15153,0.17554,0.026183,70.666,38.544,0.31619,0.84151,32.742,0.010507,0.003414,0.84098,0.47106,0.156,0.6208,1.5542,3013.2,0.018924,0.41463,0.98329,1.5035,11.363,9.4698,55.862,6.534,9.2503,0
-0.10139,0.06548,0.93452,15.272,362.77,-1.9507,-0.10139,14.272,0.64848,0.93453,-0.10139,-1.5485,0.085038,-0.10139,433.4,0.84217,15.272,-0.10139,-0.15636,189.47,0.63932,-0.10139,-0.15636,1.3616,0.63515,0.84217,,,2.2227,-0.10857,-0.15636,31.873,11.452,11.452,-0.10138,0.64848,,0.93453,-0.15634,2.0753,0.03958,-0.15636,486.37,296.9,-0.30121,10.131,163.85,-0.25793,-0.39775,15.272,0.06548,0.087322,,,156.08,-0.15635,-0.1085,1.1564,0,1.9265,1.2294,36.856,9.9034,,0
-0.099643,0.36128,0.3578,2.9274,14.74,0.014878,-0.12399,1.5351,0.96122,0.55459,-0.12399,-0.66791,-0.043367,-0.12399,-1967.3,-0.18553,2.768,-0.12399,-0.080225,69.472,1.06,-0.11057,-0.06447,0.01612,0.55459,-0.11813,-0.68768,0.7837,4.495,0.22336,-0.080225,42.141,8.6614,-0.30606,-0.11057,1.5545,1.4193,0.73022,-0.071542,0.087154,-0.22157,-0.071542,124.52,55.047,-0.33872,1.3428,66.778,-0.16754,-0.1084,1.5042,0.18564,0.11545,1.2147,1.5994,11184,-0.040343,-0.17967,1.0403,0.31669,5.2539,6.6307,43.841,8.3255,3.3853,0
0.06158,0.50412,0.12807,1.4578,-8.1398,0,0.077346,0.98365,1.5681,0.49588,0.082228,0.27646,0.069586,0.077346,1686.2,0.21646,1.9837,0.077346,0.049323,37.158,0.93335,0.076317,0.039269,0.25697,0.48359,0.18518,15.632,0.21627,4.1319,0.30285,0.051855,66.278,5.5071,3.0563,0.027421,1.5681,1.1081,0.71985,0.017486,0.11349,0.15546,0.048667,87.538,50.38,0.38574,0.88715,37.819,0.044543,0.028405,0.80901,0.27977,0.18158,0.8374,1.2156,1735.1,0.017486,0.12418,0.95243,0.45167,9.823,7.2449,65.119,5.6051,2.6482,0
0.066282,0.40725,0.22116,1.543,-23.823,0.23582,0.081874,1.297,1.0251,0.52822,0.081874,0.20104,0.10162,0.081874,816.75,0.44689,2.4555,0.081874,0.045714,65.418,1.1789,0.089086,0.037009,0.29472,0.52822,0.40861,0.5099,0.59515,4.2661,0.22326,0.045714,85.081,4.29,0.21875,0.089086,1.8417,,0.52822,0.049742,0.040604,0.070763,0.049742,124.7,59.28,0.20649,0.75485,67.061,-0.011037,-0.006163,1.543,0.40725,0.2331,1.4215,1.4215,4081.5,0.024491,0.12548,0.97551,0,5.5795,6.1572,82.997,4.3978,4.8197,0
0.020177,0.68507,-0.28374,0.50508,-1632,-0.44874,0.020177,0.45971,1.8039,0.31493,0.031568,0.035193,0.39293,0.020177,352.77,1.0347,1.4597,0.020177,0.011185,17.86,0.93394,0,0.011185,-0.26219,-0.021712,1.0347,0,-0.39939,3.3974,0.37934,0.023288,271.31,1.3453,1.1259,0.067431,1.8039,6.0455,0.34823,0.03738,0.00605,0.033161,0,57.889,40.028,0.22858,0.35112,41.772,-0.68863,-0.38174,0.42269,0.57331,0.74331,0.4433,0.49017,-708.42,0.57244,0.064066,0.43026,0.10573,20.436,9.1185,116,3.1465,2.5392,0
0.15489,0.91145,-0.22388,0.71539,-70.536,-0.25049,0.15489,0.097155,2.838,0.088551,0.15722,0.19691,0.18917,0.15489,619.68,0.58901,1.0972,0.15489,0.054579,10.37,1.4826,0,0.054579,-0.043086,-0.0956,0.58901,0,-0.51199,4.2925,0.30973,0.10044,147.76,2.4702,2.1319,0.014849,2.838,4.297,0.20075,0.005232,0.042996,0.079541,0,68.025,57.655,1.9211,0.61288,15.146,-0.38196,-0.13459,0.6174,0.78661,0.40483,0.20251,0.45909,-4390,0.31533,1.7492,0.68552,1.267,35.198,6.3308,101.17,3.6079,6.4902,0
0.06301,0.17772,0.34205,2.9427,23.798,0.20394,0.075053,4.0648,1.021,0.72241,0.075053,0.42626,0.09721,0.075053,516.24,0.70704,5.6268,0.075053,0.058062,71.82,0.91535,0.072071,0.048745,0.25171,0.72241,0.63928,0.56926,0.70983,4.2219,0.011838,0.058062,50.761,7.1905,0.40553,0.072071,1.3677,159.77,0.72406,0.055756,0.96423,0.047629,0.055756,98.363,26.542,0.24773,1.4981,73.329,0.021467,0.016608,2.9153,0.17607,0.13907,1.4991,1.5026,5701.8,0.020568,0.087222,0.97943,0.002285,5.0821,13.752,49.717,7.3415,2.6825,0
0.011482,0.28588,0.4487,3.2127,-87.173,0.068015,0.001072,2.498,1.1516,0.71412,0.060611,0.005284,0.037538,0.001072,2413.9,0.15121,3.498,0.001072,0.00093,72.81,1.224,0.051879,0.009971,0.080186,0.36,0.18763,0.87134,1.2874,4.7961,0.24825,0.00093,92.328,4.1646,2.9541,0.3499,1.1516,5.0756,0.79722,0.30385,1.9868,0.10134,0.045051,78.792,5.9814,0.049986,2.0799,99.283,0.009723,0.008444,2.2789,0.20278,0.24012,2.049,2.2874,3.2127,0.30385,0.016079,0.77298,0.11636,5.013,61.023,64.274,5.6788,3.3041,0
1.0849,0.19808,0.5426,3.7393,25.696,0,1.0849,4.0484,6.2572,0.80192,1.0849,5.4769,0.18721,1.0849,61.721,5.9137,5.0484,1.0849,0.17338,9.4569,1.0639,1.0844,0.17338,3.2506,0.64996,5.9137,46395,2.0924,2.7774,-0.023478,0.17338,13.958,26.151,26.151,1.0772,6.2572,,0.80192,0.17216,1.8271,0.005639,0.1733,22.095,12.638,6.6919,2.9208,11.424,0.99784,0.15947,3.7393,0.19808,0.03824,3.0924,3.0924,325.02,0.17216,1.3528,0.82687,0,38.596,28.882,11.555,31.589,24.13,0
0.043205,0.71638,-0.13355,0.81119,-67.366,0,0.042934,0.39591,1.5769,0.28362,0.067638,0.060699,0.063546,0.042934,2609.5,0.13988,1.3959,0.042934,0.027227,13.869,1.1079,0.039805,0.027399,,0.14548,0.14025,1.6112,-0.31334,6.2954,0.42378,0.027227,167.77,2.1756,2.1481,0.038025,1.5769,,0.28362,0.024114,0.18648,0.24599,0.025243,102.28,88.412,0.72109,0.72648,14.212,-0.017465,-0.011076,0.80094,0.70733,0.45965,0.66543,0.66543,-263680,0.024114,0.15233,0.9733,0,26.318,4.1284,163.73,2.2293,3.6996,0
0.068619,0.77843,0.15992,1.2077,112.24,0.010347,0.068619,0.28464,2.3944,0.22157,0.13286,0.089111,0.88962,0.068619,133.39,2.7364,1.2846,0.068619,0.028659,122.16,0.90611,0,0.028659,0.070832,0.059054,2.7364,0,2.2835,4.6891,0.32303,0.057317,,0,0,0.031727,2.3944,16.047,0.22958,0.013251,0.008133,0.012587,0,140.81,18.651,0.085629,0.16702,,-2.0615,-0.86096,1.1947,0.77004,,3.1637,3.2781,7817,1,0.3097,0.049545,0.036174,2.9879,19.57,117.39,3.1094,34.188,0
-0.001872,0.87127,0.058085,1.2711,-26.326,-0.1583,-0.001872,0.14775,0.64396,0.12873,-0.000157,-0.008734,-0.001819,-0.001872,-271440,-0.001345,1.1477,-0.001872,-0.002906,52.597,1.3669,0,-0.002906,-0.069118,0.097506,-0.001345,0,0.079829,4.5267,1.3459,-0.017333,144.9,2.5189,0.61954,0.000665,0.64396,0.27764,0.77555,0.001033,0.043317,41.487,0,149.12,96.527,-0.020169,0.83802,62.748,-0.0007,-0.001087,0.31262,0.21429,0.39699,0.17692,1.0659,1953.3,0.16177,-0.014539,0.84089,5.0246,6.9396,3.7813,121.46,3.0051,0.88503,0
0.35526,0.45153,0.53102,2.2172,45.673,0,0.35526,1.2147,4.5924,0.54847,0.35526,0.81429,0.077358,0.35526,463.91,0.7868,2.2147,0.35526,0.077358,0,1.237,0,0.077358,0.74893,0.47593,0.7868,,16.24,3.561,0.004928,0.17295,38.232,9.5471,9.2247,0.000002,4.5924,,0.54847,0,0.98902,,0,42.586,42.586,,2.2172,0,0,0,2.1423,0.43628,0.10474,16.774,16.774,1932.4,0.093028,0.64772,0.90823,0,,8.5709,34.675,10.526,140.45,0
0.012178,0.49219,0.60767,2.642,50.743,0,0.012178,1.0317,1.5869,0.50781,0.012682,0.032906,0.023073,0.012178,4906.5,0.074391,2.0317,0.012178,0.007674,114.41,0.83169,0,0.007674,0.29867,0.49557,0.074391,0,27.312,3.6114,0.26983,0.020137,178.83,2.041,1.5347,0.030146,1.5869,7.8516,0.56898,0.018996,0.19237,0.67138,0,208.51,94.098,0.024481,1.2978,240.38,-0.024437,-0.015399,1.9865,0.37008,0.48995,22.824,25.573,2483.4,0.52402,0.023981,0.47735,0.12046,3.1902,3.879,85.121,4.288,71.325,0
0.083287,0.30609,0.083844,1.4348,-13.98,0,0.083287,2.267,1.3389,0.69391,0.090494,0.43196,0.14579,0.083287,572.35,0.63772,3.267,0.083287,0.062204,32.542,1.2058,0.098105,0.062204,0.17174,0.48473,0.63772,13.613,0.11591,3.7587,0.20122,0.066936,55.296,6.6008,4.158,0.066207,1.3389,,0.69391,0.049448,0.23974,0.048582,0.073272,62.817,30.276,0.69771,0.81574,34.234,-0.013809,-0.010313,0.90383,0.19281,0.1515,0.95931,0.95931,480.99,0.049448,0.12003,0.92699,0,11.216,12.056,52.562,6.9442,1.851,0
-0.20917,0.71375,-0.41713,0.40841,-172.69,-0.67219,-0.20917,0.40105,0.88077,0.28625,-0.20917,-0.29665,-0.21304,-0.20917,-1388.4,-0.26289,1.4011,-0.20917,-0.23749,22.516,1.3577,-0.20939,-0.23749,-0.88135,0.20233,-0.26289,,-0.58584,2.7751,0.64872,-0.23749,235.63,1.549,1.5303,-0.21145,0.88077,,0.28625,-0.24007,0.26169,-0.12664,-0.23774,42.872,20.356,-3.8498,0.33136,18.157,-0.23092,-0.26218,0.40347,0.70511,0.64557,0.40202,0.40202,-248.52,-0.24007,-0.73072,1.2367,0,16.211,17.931,292.2,1.2491,1.237,0
0.12294,0.38146,0.5953,2.5606,178.2,0,0.13649,1.6215,1.1838,0.61854,0.72357,0.35781,0.12053,0.13649,975.8,0.37405,2.6215,0.13649,0.11529,0,1.9983,0.045945,0.10385,0.071433,0.38612,0.33853,0.078261,25.613,2.3327,-0.031032,0.11529,122.36,2.983,2.983,0.045945,1.1838,,0.61854,0.038811,1.1884,0.24386,0.038811,161.39,161.39,,2.5606,0,0.039749,0.033577,2.5606,0.38146,0.33523,26.613,26.613,128.06,0.038811,0.19875,0.92668,0,,2.2616,117.61,3.1034,50.934,0
0.26209,0.097908,0.51734,6.284,129.9,0,0.29787,9.2137,1.7002,0.90209,0.29787,3.0423,0.20122,0.29787,104.46,3.4942,10.214,0.29787,0.1752,0,0.92583,0.28947,0.15415,1.3994,0.82712,3.1287,,1.3446,2.8241,-0.20253,0.1752,24.499,14.898,14.898,0.2415,1.7002,,0.90209,0.14204,4.5882,0.00978,0.17026,35.645,35.645,,6.284,0,0.24523,0.14424,6.284,0.097908,0.067121,2.3446,2.3446,345.04,0.14204,0.29053,0.83094,0,,10.24,21.019,17.365,4.4189,0
0.029663,0.57725,0.20867,1.392,28.926,0.19299,0.038674,0.69717,0.9853,0.40244,0.038674,0.072643,0.056173,0.038674,3051.7,0.11961,1.7323,0.038674,0.031465,32.847,0.86473,0.050441,0.024134,0.23844,0.40244,0.104,0.40436,0.80585,4.4555,0.45557,0.031465,155.77,2.3432,0.087382,0.050441,1.3019,14.049,0.44732,0.041039,0.033009,0.23485,0.041039,214.85,182,0.26817,1.1842,32.365,0.020072,0.016331,1.2838,0.53238,0.42677,1.5542,1.7274,5956.8,-0.01492,0.073707,1.0149,0.1115,11.112,2.0055,158.1,2.3087,4.7466,0
0.075494,0.088948,0.56492,7.6065,74.299,0,0.10304,10.243,2.1253,0.91105,0.10396,1.205,0.064679,0.10304,236.18,1.5454,11.243,0.10304,0.048481,23.644,1.0279,0.073034,0.035522,0.39445,0.50205,1.2358,79.053,1.616,3.5491,-0.074442,0.048915,15.263,23.914,22.99,0.080404,2.1253,,0.91105,0.037832,3.0345,0.027591,0.034364,67.143,43.499,0.54836,5.9965,24.574,0.038608,0.018166,7.3125,0.085509,0.041816,2.6062,2.6062,2000.1,0.037832,0.082864,0.95227,0,15.437,8.391,14.685,24.855,6.0797,0
0.069014,1.0208,-0.25542,0.7086,-140.89,-0.53785,0.069014,-0.020328,1.8989,-0.02075,0.093532,0.078736,0.067906,0.069014,2889.4,0.12632,0.97967,0.069014,0.036345,102.75,1.3463,0.09353,0.036345,-0.46496,-0.041995,0.12632,3.8147,-0.67413,3.3803,0.53745,0.048911,153.29,2.3811,2.0447,-0.18825,1.8989,0.6004,0.12347,-0.099138,0.004118,0.22172,0.049255,118.7,15.95,0.12911,0.098786,93.478,0.033599,0.017694,0.60848,0.87653,0.41997,-0.054765,0.32587,-613.14,-0.099138,-3.326,0.9688,-6.9503,3.5525,22.884,168.49,2.1663,5.0117,0
0.062715,0.59054,0.11645,1.459,35.524,0,0.07808,0.69336,1.0566,0.40946,0.087291,0.30779,0.085637,0.07808,2382.1,0.15323,1.6934,0.07808,0.073896,6.6631,1.2617,0.085168,0.059355,0.17372,0.35454,0.12721,9.2458,0.18487,3.7374,0.50998,0.080752,94.216,3.8741,1.6642,0.073853,1.0566,1.2091,0.69962,0.069896,0.20928,0.20174,0.080604,109.52,102.85,3.2514,1.383,7.1638,0.072762,0.068863,0.62675,0.25368,0.25813,0.65006,1.1107,636.14,0.069896,0.15317,0.92747,0.70864,54.78,3.5487,87.631,4.1652,1.6775,0
0.13994,0.38688,0.34497,2.1629,24.117,0,0.13994,1.5848,2.5388,0.61312,0.13994,0.47177,0.056698,0.13994,981,0.37207,2.5848,0.13994,0.055121,26.876,1.168,0,0.055121,0.32304,0.59858,0.37207,,0.96253,3.6157,0.1156,0.12569,47.664,7.6578,5.8716,0.00019,2.5388,29.877,0.62833,0.000075,0.33544,3.2216,0,77.936,51.06,0.7486,1.5327,30.038,-0.004003,-0.001577,1.6584,0.29664,0.13059,1.7107,1.7532,1423.9,0.10526,0.22825,0.89545,0.02482,13.581,7.1485,42.647,8.5587,7.0839,0
0.014317,0.43928,0.30638,1.6975,-11.52,0.17125,0.021468,1.1492,0.98866,0.50485,0.021468,0.04887,0.024068,0.021468,2528.5,0.14435,2.2764,0.021468,0.008148,50.462,1.3016,0.03814,0.005434,0.217,0.50485,0.12807,0.14312,1.2046,4.1001,0.15919,0.008148,60.167,6.0665,0.086824,0.03814,2.721,,0.50485,0.014476,0.10455,0.18034,0.014476,96.94,46.478,0.039304,0.86826,49.89,-0.003804,-0.001444,1.6975,0.43928,0.16484,1.985,1.985,3858.1,-0.011475,0.028358,1.0115,0,7.2331,7.8533,60.857,5.9977,10.359,0
-0.040636,0.99113,-0.39835,0.59808,-95.745,-0.047305,-0.048042,-0.018093,1.0357,-0.017932,-0.048042,-0.048472,-0.009812,-0.048042,-20010,-0.018241,1.009,-0.048042,-0.026073,13.12,1.2666,0.062735,-0.022053,-0.045239,-0.017932,-0.010768,0.35262,-0.97822,5.9819,0.52565,-0.026073,203.34,1.795,0.063296,0.062735,1.8543,,-0.017932,0.034047,0.023395,0.35152,0.034047,112.83,99.711,-0.61354,0.53126,13.588,0.032772,0.017786,0.59808,0.99113,0.5571,-0.044036,-0.044036,-382110,0.034473,2.266,0.96553,0,27.821,3.6606,196.33,1.8591,4.5248,0
-0.023598,0.27815,0.17526,1.6301,17.584,-0.047503,-0.025623,2.5283,0.98863,0.70325,-0.025623,-0.092118,0.00688,-0.025623,7265.5,0.050237,3.5952,-0.025623,-0.012615,9.9677,1.2539,-0.033365,-0.011619,-0.047211,0.70325,0.057516,-0.16241,0.32065,5.1469,0.12659,-0.012615,49.418,7.386,-0.11995,-0.033365,2.0496,,0.70325,-0.016427,0.15248,1.4676,-0.016427,73.86,63.892,-0.42545,1.4307,9.8544,-0.072962,-0.035923,1.6301,0.27815,0.13539,1.2866,1.2866,24583,-0.011499,-0.033556,1.0115,0,36.618,5.7127,49.986,7.302,3.7159,0
0.11537,0.67274,0.25633,1.8653,-9.9707,0,0.14528,0.48645,2.0436,0.32726,0.20329,0.49045,0.075169,0.14528,1598.5,0.22834,1.4865,0.14528,0.07109,54.163,1.9963,0.18055,0.056455,0.1846,0.24838,0.18388,3.1126,0.57287,3.3631,0.31157,0.071388,60.312,6.0518,2.6647,0.25093,2.0436,0.6621,0.70378,0.12279,0.12999,0.11872,0.088348,91.812,37.649,0.38045,0.8416,61.744,0.17221,0.084269,0.82134,0.29622,0.16524,0.73138,1.5729,591.42,0.12279,0.35254,0.9297,1.1505,6.739,9.6949,52.906,6.899,4.5672,0
0.07375,0.18138,0.21969,3.502,66.436,0.16942,0.092655,4.5132,1.0919,0.81862,0.092655,1.0553,0.24743,0.092655,272.72,1.3384,5.5132,0.092655,0.094437,14.523,1.0655,0.10156,0.075168,0.21371,0.81862,1.2342,1.1303,0.31723,4.4366,0.10163,0.094437,35.667,10.233,0.55991,0.10156,1.0229,2.8687,0.9122,0.10351,1.4146,0.023695,0.10351,68.186,53.663,1.8892,3.0574,15.858,-0.048547,-0.04948,1.6953,0.087803,0.097719,1.1821,1.3172,6003.9,0.084195,0.090091,0.91581,0.11431,25.132,6.8017,32.664,11.174,1.4168,0
0.18846,0.070263,0.37293,6.8049,34.675,0,0.23324,13.232,1.8525,0.92974,0.23324,3.6305,0.1655,0.23324,83.648,4.3635,14.232,0.23324,0.1259,43.594,1.0899,0.21435,0.10173,0.62564,0.91926,3.7262,34872,0.66259,5.3572,0.035542,0.12591,14.429,25.296,23.129,0.22745,1.8525,,0.92974,0.12278,0.10314,0.008141,0.11571,84.829,41.235,0.85175,3.3609,49.695,0.14099,0.076108,6.2219,0.064243,0.039532,1.6519,1.6519,84876,0.12278,0.2027,0.87557,0,8.3727,8.8517,12.658,28.836,3.2914,0
0.098726,0.31371,0.22376,1.8418,25.765,0.010132,0.12367,2.1877,1.7895,0.68629,0.12536,0.46526,0.11365,0.12367,563.01,0.6483,3.1877,0.12367,0.069107,20.964,1.3852,0.12196,0.05517,0.22298,0.18796,0.5688,72.01,0.43838,4.3618,0.10221,0.069122,59.666,6.3463,5.3772,0.16348,1.8122,,0.68629,0.091354,0.51454,0.051852,0.068153,71.96,50.996,0.96055,1.4552,22.24,0.042251,0.023611,1.5606,0.2658,0.15757,1.3445,1.3445,5147,0.091354,0.14385,0.93176,0,17.411,7.1574,54.215,6.7324,3.5058,0
0.056056,0.48535,0.12952,1.3439,2.3306,0.044385,0.071757,1.0603,1.1097,0.51465,0.09183,0.19051,0.095481,0.071757,1671.9,0.21831,2.0603,0.071757,0.064662,36.07,1.2354,0.075037,0.050513,0.17135,0.48669,0.18596,3.7382,0.26228,5.5073,0.4061,0.07195,152.3,2.4329,1.888,0.20707,1.1097,6.1384,0.57924,0.1866,0.12992,0.1481,0.067618,150.39,114.32,0.51116,1.0527,43.68,0.040837,0.036799,1.0429,0.37665,0.41103,1.0422,1.173,1.3439,0.1866,0.10892,0.81861,0.12551,10.119,3.1928,123.88,2.9463,2.2472,0
0.27337,0.1192,0.85963,8.2119,205.45,0,0.33628,7.3895,1.4595,0.8808,0.34197,2.8212,0.23678,0.33628,125.89,2.8993,8.3895,0.33628,0.23041,52.838,1.3056,0.3291,0.18731,,0.86018,2.3715,57.84,40.608,3.9866,-0.19767,0.23042,38.243,9.5442,9.5442,0.32186,1.4595,,0.8808,0.22053,3.4574,0.011741,0.22549,141.73,88.89,1.2939,6.4394,67.787,0.3198,0.21912,8.2119,0.1192,0.10478,41.608,41.608,8334.9,0.22053,0.31037,0.77296,0,6.9079,4.1062,29.81,12.244,68.945,0
0.10434,0.17312,0.42288,3.4427,21.424,0,0.10434,4.7763,2.1613,0.82688,0.12413,0.60273,0.063899,0.10434,457.53,0.79775,5.7763,0.10434,0.048278,51.031,1.1648,0.12411,0.048278,0.2656,0.8245,0.79775,6.2735,1.0468,3.323,0.080056,0.054991,31.043,11.758,11.758,0.12581,2.1613,,0.82688,0.058209,0.009645,0.036552,0.057425,100.37,49.338,0.34531,1.6972,54.185,0.090352,0.041804,3.4427,0.17312,0.085049,2.0468,2.0468,889.7,0.058209,0.12619,0.95172,0,7.1526,7.3979,29.236,12.485,5.3499,0
0.040497,0.65836,0.12973,1.1971,7.6665,0,0.040497,0.51893,2.4356,0.34164,0.072732,0.061534,0.023507,0.040497,4197.1,0.086964,1.5189,0.040497,0.016627,11.175,1.2136,0.044058,0.016627,-0.19375,0.31497,0.086964,1.3667,0.61152,3.6153,0.26713,0.029863,106.25,3.4352,3.434,0.17477,2.4356,,0.34164,0.071758,0.02299,0.36085,0.018089,115.8,104.63,0.54309,1.0838,12.039,0.027301,0.011209,1.1967,0.65812,0.2911,1.6104,1.6104,534.95,0.071758,0.11854,0.98379,0,32.663,3.4885,98.628,3.7008,11.481,0
-0.13035,1.1514,0.000045,1.0034,-14.603,-0.10454,-0.13035,-0.13151,0.14841,-0.15143,-0.12126,-9.8286,-0.55948,-0.13035,-5061.5,-0.072114,0.86849,-0.13035,-0.87833,10.556,0.74392,-0.12126,-0.87833,-0.16178,-0.2162,-0.072114,-13.327,0.000046,2.8875,7.755,-0.81702,23.552,15.498,0.17851,-0.057132,0.14841,0.007922,0.98674,-0.38496,0.20016,-0.51911,-0.81703,26.201,15.645,-30.37,0.67979,7.6221,-0.16858,-1.1359,0.011558,0.013263,0.064526,-0.15347,1,0.035,-0.38495,0.86085,1.8769,-7.5163,34.577,23.331,32.618,11.19,0.15041,0
0.042238,0.1989,0.29427,2.4795,43.791,0.021057,0.050042,3.488,1.0164,0.69375,0.050042,0.2516,0.07787,0.050042,897.2,0.40682,5.0277,0.050042,0.048158,61.086,1.1279,0.01661,0.040649,0.002031,0.69375,0.36759,0.16247,0.5806,7.1558,0.045087,0.048158,71.013,5.1399,0.083509,0.01661,1.0964,,0.69375,0.015984,0.76327,0.13771,0.015984,119.9,58.819,0.24288,1.6052,62.09,-0.014264,-0.013727,2.4795,0.1989,0.19456,1.3688,1.3688,4212200,0.016167,0.060884,0.98383,0,5.9752,6.2055,69.865,5.2244,2.0502,0
0.1675,0.073442,0.28303,4.8537,134.56,0.097473,0.20689,12.616,0.89695,0.92656,0.20736,2.8171,0.30219,0.20689,98.898,3.6907,13.616,0.20689,0.23066,7.9408,1.4368,0.20349,0.18674,0.40298,0.90157,3.1543,431.68,0.4398,3.3098,-0.10966,0.23066,34.852,10.473,10.473,0.12779,0.89695,,0.92656,0.14248,2.3393,0.009147,0.22687,75.146,67.206,8.5837,4.588,9.2602,0.13933,0.15534,4.8537,0.073442,0.095484,1.4398,1.4398,577.59,0.14248,0.18078,0.78886,0,45.965,5.4311,29.886,12.213,1.3938,0
-0.42759,2.3195,-0.80592,0.36939,-291.03,-2.4044,-0.42759,-0.56887,1.5309,-1.3195,-0.24414,-0.33458,-0.25682,-0.42759,-2153.3,-0.1695,0.43113,-0.42759,-0.27931,39.324,0.85946,0,-0.27931,-0.547,-2.2245,-0.1695,0,-1.5266,3.5751,1.488,-0.55863,376.06,0.97059,0.53478,0.24213,1.5309,0.29825,-0.28962,0.15817,0.035683,2.2457,0,101.68,62.361,-2.5926,0.24034,48.532,-0.034429,-0.02249,0.20353,1.278,1.0303,-2.4994,-0.5486,-3029.4,0.18973,0.32406,0.93048,-0.78051,9.2819,5.853,304.71,1.1978,2.8998,0
0.04123,0.13507,0.19193,2.421,52.916,-0.047343,0.057393,6.4035,1.1105,0.86493,0.099661,0.42491,0.085213,0.057393,521,0.70057,7.4035,0.057393,0.051684,16.048,1.1618,0.099619,0.037128,0.11794,-0.006111,0.58091,2.3568,0.28519,2.7589,-0.029556,0.089747,48.772,7.4838,7.4838,0.099619,1.1105,,0.86493,0.08971,1.243,0.032899,0.08971,52.299,36.251,0.84447,2.0595,17.629,0.062386,0.05618,2.421,0.13507,0.13362,1.2852,1.2852,110.17,0.08971,0.047668,0.94832,0,22.744,10.069,44.397,8.2214,1.65,0
0.080031,0.33245,0.12726,1.4425,-21.518,0.21853,0.097976,2.0032,1.0941,0.66595,0.097976,0.34064,0.10577,0.097976,1012.1,0.36062,3.008,0.097976,0.086443,59.165,1.0939,0.094877,0.07061,0.26796,0.66595,0.30664,0.91589,0.2175,5.1354,0.28375,0.086443,101.34,3.6016,0.28539,0.094877,1.1457,5.157,0.71077,0.083708,0.052111,0.093587,0.083708,128.78,69.615,0.43561,0.80369,64.735,0.072966,0.064376,1.248,0.28762,0.27765,1.1381,1.2148,17383,0.086041,0.12018,0.91396,0.067309,6.1692,5.2432,92.624,3.9407,1.9371,0
0.038195,0.59078,0.16049,1.3426,3.2827,0,0.038195,0.69267,2.2446,0.40922,0.040474,0.081529,0.045235,0.038195,2123.8,0.17186,1.6927,0.038195,0.017016,22.512,0.94077,0,0.017016,0.1586,0.36442,0.17186,0,0.43255,4.5248,0.24944,0.037871,95.975,3.8031,3.0157,0.004374,2.2446,12.843,0.44741,0.001949,0.079563,0.31091,0,96.216,73.704,0.27589,1.0471,28.362,-0.06334,-0.028219,1.0646,0.46848,0.26295,1.1029,1.2059,5373.8,0.20626,0.093336,0.79487,0.093333,16.214,4.9522,76.18,4.7913,6.0497,0
0.19103,0.23848,0.54218,4.8394,89.444,0,0.23679,3.1932,2.3895,0.76152,0.24073,1.6768,0.12059,0.23679,302.08,1.2083,4.1932,0.23679,0.099095,2.3401,1.0085,0.23766,0.079947,0.49276,0.71913,1.0164,60.183,1.7125,4.1509,-0.018185,0.10041,24.016,15.198,8.9995,0.24328,2.3895,,0.76152,0.10181,2.0417,0.027504,0.099459,60.349,58.008,12.47,4.731,2.6053,0.18629,0.077962,2.8656,0.14121,0.065797,2.4053,2.4053,7674.4,0.10181,0.25086,0.90172,0,155.98,6.2922,21.571,16.921,7.5472,0
-0.043483,0.53126,-0.17663,0.48225,-101.52,-0.19098,-0.043847,0.80113,1.014,0.42561,-0.043847,-0.12853,0.04236,-0.043847,4390.6,0.083133,1.8823,-0.043847,-0.042054,25.125,1.0177,0.001487,-0.041705,-0.19162,0.42561,0.083818,0.014464,-0.21141,4.9639,0.50641,-0.042054,121.1,3.0139,0.002799,0.001487,1.0552,0.48784,0.61573,0.001426,0.058613,0.19515,0.001426,50.594,25.469,-0.60587,0.27187,25.478,-0.086524,-0.082988,0.30967,0.34114,0.33179,0.50942,0.73697,-16255,0.013841,-0.10217,0.98616,0.44669,14.527,14.331,119.43,3.0562,1.2479,0
0.085502,0.7674,0.11048,1.208,1.1753,0,0.1061,0.30309,1.0062,0.2326,0.12174,0.19974,0.10551,0.1061,2638.5,0.13834,1.3031,0.1061,0.10544,39.006,1.0155,0.10687,0.084977,0.24218,0.22804,0.1115,6.8309,0.30832,4.3417,0.76265,0.12099,215.84,1.691,1.1705,0.10793,1.0062,2.3699,0.45798,0.10727,0.000129,0.23921,0.10621,232.74,193.74,0.79517,1.0056,43.693,0.10681,0.10615,0.83615,0.53118,0.59136,0.6491,1.2781,2426.4,0.10727,0.3676,0.89619,0.96901,9.3575,1.884,192.69,1.8942,2.8079,0
0.012764,0.82273,-0.38923,0.5269,-223.59,0.095517,0.016565,0.18876,1.0706,0.1553,0.016565,0.020134,0.040084,0.016565,6868.7,0.05314,1.2155,0.016565,0.015187,75.847,1.3283,0.071253,0.011702,0.11771,0.1553,0.048519,0.69937,-0.68708,4.7231,0.75381,0.015187,294.75,1.2383,0.086605,0.071253,1.0909,,0.1553,0.065327,0.000697,0.27486,0.065327,144.88,69.03,0.056315,0.25142,81.199,0.044098,0.040431,0.5269,0.82273,0.80754,0.27413,0.27413,-20572,0.065913,0.08219,0.93409,0,4.8123,5.2875,275.32,1.3257,1.9254,0
-0.052741,0.73671,-0.15262,0.7362,-103.79,-0.052741,-0.051833,0.35573,1.0266,0.26207,-0.051833,-0.089592,-0.014372,-0.051833,-10463,-0.034886,1.3574,-0.051833,-0.028985,68.13,1.0372,-0.034027,-0.029493,-0.051833,0.26207,-0.036118,,-0.26585,4.113,0.40824,-0.028985,121.23,3.0109,-0.046188,-0.034027,1.8321,0.58253,0.42024,-0.019028,0.025796,-3.0679,-0.019028,83.89,15.76,-0.15801,0.15926,69.941,-0.06016,-0.033642,0.57814,0.57855,0.33213,0.45652,0.73203,-1979.7,0.025904,-0.20125,0.9741,0.60351,5.3574,23.16,118.09,3.0909,3.115,1
0.048254,0.67191,0.085404,1.1913,9.4872,0.089297,0.060831,0.40424,1.0401,0.27161,0.060831,0.13624,0.04888,0.060831,3074.6,0.11871,1.4883,0.060831,0.037278,9.7403,1.5295,0.063764,0.029571,0.11422,0.27161,0.099995,0.40641,0.18245,4.545,0.38103,0.037278,103.87,3.5139,0.094899,0.063764,1.6472,2.1664,0.49703,0.039075,0.11456,0.26712,0.039075,107.53,97.791,1.1081,1.0937,10.131,0.04483,0.027472,0.79162,0.44649,0.28458,0.58024,1.0618,2995.8,0.038541,0.17766,0.96146,0.82992,37.473,3.7324,99.87,3.6548,3.486,0
0.006092,0.94868,0.0969,2.1369,37.453,-0.012004,0.006092,0.054093,0.56075,0.051317,0.04434,0.071475,0.052665,0.006092,11725,0.03113,1.0541,0.006092,0.010864,15.687,1.1311,0.035807,0.010864,0.011543,-0.005912,0.03113,0.93617,0.11848,4.0553,1.6578,0.010899,58.94,6.1927,0.55638,0.032923,0.56075,0.18398,0.91031,0.058712,0.46226,0.53375,0.063854,92.907,77.22,0.25278,1.8541,16.665,0.012366,0.022053,0.19199,0.085235,0.16148,0.062745,1.113,1100.6,0.058712,0.11871,0.98936,16.739,23.268,4.7268,55.48,6.579,0.68563,0
-0.90251,3.7687,-2.9051,0.20029,-197.75,-2.7111,-0.90251,-0.73466,5.0608,-2.7687,-0.67211,-0.24844,-0.16681,-0.90251,-1629.5,-0.22399,0.26534,-0.90251,-0.17834,11.605,1.2046,-0.67213,-0.17834,-1.4041,-3.6137,-0.22399,-2.9173,-10.664,1.7721,0.70215,-0.13281,234.45,1.5568,1.5006,-0.5946,5.0608,,-2.7687,-0.11749,0.061619,-0.20467,-0.13281,36.332,24.727,-5.6088,0.156,10.385,-0.73048,-0.14434,0.19306,3.6327,0.64234,-10.164,-10.164,-171.91,-0.1175,0.32597,1.1783,0,31.451,14.761,262,1.3931,18.578,0
0.016778,0.86841,0.026588,1.0365,-23.437,0.024877,0.016883,0.15153,1.027,0.13159,0.016883,0.023164,0.020271,0.016883,7526.4,0.048496,1.1515,0.016883,0.008127,27.52,1.1554,0.055297,0.008076,0.030053,0.13159,0.048375,0.27335,0.10872,5.4969,0.3508,0.008127,131.51,2.7755,0.063676,0.055297,2.091,4.2908,0.27114,0.026616,0.19154,0.35454,0.026616,108.19,80.675,0.10711,0.82157,28.263,0.030066,0.014472,0.86992,0.72886,0.3603,0.53808,1.1087,8348,0.0263,0.1275,0.9737,1.0605,13.263,4.5243,128.05,2.8504,8.4952,0
0.038436,0.52504,0.29673,1.5653,8.7062,-0.19534,0.038436,0.9046,2.2651,0.47496,0.046816,0.073225,0.029868,0.038436,2832.7,0.12885,1.9046,0.038436,0.016969,38.342,1.3493,0.044852,0.016969,-0.1569,0.43505,0.12885,5.3521,1.6636,3.3707,0.21879,0.020445,86.475,4.2209,4.2197,0.049554,2.2651,,0.47496,0.021877,0.067388,0.23628,0.019801,126.7,88.356,0.16154,1.112,39.199,0.015635,0.006902,1.5649,0.5249,0.23692,2.6628,2.6628,696.79,0.021877,0.080925,0.9831,0,9.5196,4.131,84.583,4.3153,12.699,0
0.014938,0.8005,0.027096,1.0338,-45.607,0.073655,0.014938,0.22978,1.0219,0.18394,0.014938,0.018661,0.015539,0.014938,5877.7,0.062099,1.2492,0.014938,0.00467,47.766,1.1265,0.06651,0.00467,0.073655,0.18394,0.062099,0.21246,0.15716,4.5376,0.24943,0.00467,93.335,3.9106,0.083085,0.06651,3.2081,,0.18394,0.02079,0.003963,0.25985,0.02079,94.063,46.297,0.035682,0.51087,48.812,0.031737,0.009921,1.0338,0.8005,0.25571,1.0669,1.0669,934.27,0.021442,0.081213,0.97856,0,7.6414,7.8838,91.334,3.9963,18.555,0
0.18619,0.56459,0.35235,1.6241,-52.308,0,0.18619,0.77121,2.083,0.43541,0.18619,0.32979,0.88288,0.18619,112.05,3.2573,1.7712,0.18619,0.089388,11.789,1.2911,0,0.089388,,0.4323,3.2573,,4.2417,4.604,0.1193,0.20017,1464.5,0.24923,0.24923,0.011281,2.083,,0.43541,0.005416,0.67562,0.011386,0,93.833,82.044,2.7675,1.5049,174.52,-1.6529,-0.7935,1.6241,0.56459,4.0124,5.2417,5.2417,14157,0.93245,0.42763,0.077253,0,30.961,4.4489,98.931,3.6894,25.076,0
0.005502,0.24739,0.12508,1.5732,-32.503,-0.016411,0.014119,3.0422,0.99998,0.75261,0.014119,0.064709,0.049321,0.014119,2501.2,0.14593,4.0422,0.014119,0.019289,86.216,1.0133,0.014512,0.007516,-0.003356,0.75261,0.1111,0.19825,0.19046,3.9897,0.33551,0.019289,108.8,3.3547,0.058658,0.014512,0.84778,5.8363,0.7818,0.019825,0.082912,0.22287,0.019825,162.16,75.94,0.031821,0.78085,86.214,-0.007471,-0.010206,1.3876,0.2182,0.29809,1.146,1.1905,1221.5,-0.000024,0.00731,1,0.038789,4.2335,4.8065,108.81,3.3546,1.1146,0
0.077688,0.3844,0.2282,1.753,5.9084,0,0.077688,1.6015,1.5969,0.6156,0.093947,0.25636,0.076579,0.077688,1147.3,0.31813,2.6015,0.077688,0.048651,45.87,1.142,0,0.048651,0.283,0.61494,0.31813,0,0.48683,5.1853,0.16597,0.10963,91.801,3.976,3.1345,0.015229,1.5969,13.612,0.63989,0.009537,0.42186,0.28731,0,92.208,46.338,0.38712,1.0908,60.793,-0.044598,-0.027928,1.382,0.30304,0.25151,1.3133,1.3651,34963,0.24547,0.1262,0.76481,0.03945,7.9573,7.877,69.267,5.2694,3.4066,0
0.11455,0.65659,0.31317,1.477,-79.932,0.075524,0.12944,0.52301,1.0617,0.34341,0.12944,0.19714,0.060255,0.12944,1746.8,0.20895,1.523,0.12944,0.056848,125.64,1.3798,0.14098,0.050311,0.10037,0.34341,0.18628,0.65739,10.357,4.4044,0.27921,0.056848,111.75,3.2662,0.21472,0.14098,2.2874,,0.34341,0.061918,0.037675,0.14513,0.061918,151.49,25.856,0.14616,0.28332,133.39,0.13323,0.058512,1.477,0.65659,0.30616,11.357,11.357,7946.5,0.05812,0.33358,0.94188,0,2.9052,14.117,105.26,3.4678,75.299,0
0.086527,0.49311,0.15387,1.5126,-0.080121,0.082649,0.086527,1.0279,1.406,0.50689,0.1144,0.28825,0.10273,0.086527,1246.2,0.2929,2.0279,0.086527,0.061542,38.262,1.2999,0.11394,0.061542,0.22532,0.48426,0.2929,4.0877,0.28183,5.7742,0.29132,0.068026,84.704,4.3091,2.6231,0.11249,1.406,1.9825,0.66157,0.080011,0.30075,0.095651,0.081039,94.435,56.173,0.58708,1.0216,41.589,0.056036,0.039856,0.92077,0.30018,0.23207,0.92844,1.2118,91480,0.080011,0.1707,0.93882,0.30516,9.5395,6.4978,77.927,4.6839,2.5753,0
0.20387,0.5361,0.22092,1.6524,17.124,0,0.24857,0.86534,1.8828,0.4639,0.25678,0.73412,0.15576,0.24857,667.23,0.54704,1.8653,0.24857,0.13202,28.291,1.2459,0.25658,0.10828,0.54643,0.39536,0.46365,31.27,0.50152,5.8497,0.26503,0.13589,76.689,4.7595,3.0061,0.2713,1.8828,3.9009,0.56992,0.14409,0.11087,0.059314,0.13627,101.19,72.897,1.397,1.2214,33.053,0.21188,0.11253,1.0437,0.3386,0.21011,1.0532,1.2938,156280,0.14409,0.43946,0.86918,0.22854,12.902,5.0071,65.639,5.5607,4.2744,0
0.030523,0.25841,0.053955,1.3421,2.9713,0.085922,0.045425,2.3036,1.0247,0.59528,0.045425,0.28805,0.078322,0.045425,1149.5,0.31752,3.8698,0.045425,0.043361,15.964,1.0022,0.046165,0.029136,0.12063,0.59528,0.25985,0.45155,0.068441,4.4766,0.19582,0.043361,56.301,6.483,0.17865,0.046165,1.0815,1.6466,0.69599,0.044067,0.33778,0.10262,0.044067,55.184,39.22,0.66616,1.0516,16.358,0.00954,0.009106,0.81906,0.1577,0.15425,0.7551,0.88285,1616.6,0.024082,0.051274,0.97592,0.16918,22.864,9.3064,54.945,6.643,1.3289,0
0.037572,0.72027,0.043182,1.0698,-32.226,0,0.046441,0.38837,2.3382,0.27973,0.10525,0.07507,0.030014,0.046441,3746.1,0.097435,1.3884,0.046441,0.019862,36.499,1.987,0.061536,0.016069,0.11769,0.22063,0.085122,1.0464,0.12769,3.9552,0.30289,0.026313,97.215,3.7546,3.2248,0.015495,2.3382,4.2113,0.38136,0.006627,0.04399,0.28155,0.026318,99.063,62.564,0.16069,0.69185,36.743,0.037797,0.016165,0.91885,0.61864,0.26634,0.82716,1.1277,389.47,0.006627,0.13432,0.98097,0.36332,10,5.834,96.571,3.7796,6.9141,0
0.12945,0.074018,0.69108,10.337,289.67,0,0.16245,12.51,0.86925,0.92598,0.16245,2.1947,0.21525,0.16245,144.39,2.5278,13.51,0.16245,0.18688,53.668,1.0702,0.1468,0.14893,0.52894,0.90107,2.082,,2.9419,3.6827,-0.49906,0.18688,37.422,9.7537,9.7537,0.14731,0.86925,,0.92598,0.16947,6.8905,0.01439,0.16888,107.11,53.439,1.0128,8.6099,64.619,0.12215,0.14052,10.337,0.074018,0.10253,3.9419,3.9419,3328.3,0.16947,0.1398,0.81656,0,6.801,6.8303,31.08,11.744,3.7004,0
0.22448,0.25975,0.13983,2.2517,12.022,0.69184,0.27322,2.3284,1.4476,0.6048,0.27322,2.4456,0.38401,0.27322,309.95,1.1776,3.8499,0.27322,0.343,18.951,1.2059,0.26392,0.28181,0.81927,0.6048,0.98997,4.7962,0.18683,6.1818,0.32086,0.343,74.106,4.9254,1.0161,0.26392,0.84966,1.42,0.75283,0.33132,0.764,0.028794,0.33132,76.155,57.205,5.4278,1.8815,27.433,0.23125,0.29031,0.96845,0.11172,0.20303,0.80808,1.0059,212540,0.30921,0.37116,0.69079,0.24476,19.261,6.3806,51.192,7.1301,1.0643,0
-0.030964,0.74607,-0.37537,0.47682,-232.01,-0.10231,-0.037027,0.34035,0.7895,0.25393,0.005,-0.051607,0.064934,-0.037027,5311.9,0.068714,1.3404,-0.037027,-0.0469,32.16,1.0252,0.000747,-0.03922,-0.13199,0.25316,0.076841,0.017773,-0.57057,4.8104,0.91767,0.006334,331.21,1.102,1.0598,-0.001174,0.7895,,0.25393,-0.001487,0.040834,0.2793,0.000946,144.62,112.46,-0.44513,0.37986,32.112,-0.087546,-0.11089,0.45854,0.71748,0.90743,0.38597,0.38597,-24261,-0.001487,-0.12194,1.0464,0,11.35,3.2457,331.7,1.1004,1.2,0
0.013687,0.79142,-0.0186,0.9765,-91.418,0.037555,0.019053,0.19705,1.0293,0.15595,0.019053,0.024075,0.025554,0.019053,6110.1,0.059737,1.2635,0.019053,0.010298,84.285,1.1921,0.052278,0.007398,0.044561,0.15595,0.052957,0.29084,-0.081874,4.5395,0.42006,0.010298,160.71,2.2712,0.066056,0.052278,1.8758,,0.15595,0.028257,0.022398,0.32321,0.028257,148.97,64.685,0.032038,0.43668,86.753,0.024054,0.013001,0.9765,0.79142,0.4403,0.68649,0.68649,-644.11,0.028452,0.087766,0.97155,0,4.3306,5.6427,156.14,2.3377,8.144,0
0.024303,0.62396,0.28903,1.7791,19.424,-0.052796,0.036182,0.60268,2.9504,0.37604,0.12717,0.09753,0.019132,0.036182,4034.7,0.090466,1.6027,0.036182,0.012263,13.845,1.115,0.1267,0.008237,,-0.028494,0.071428,1.3924,0.85011,3.4612,0.14103,0.013185,48.204,7.572,4.5021,0.14133,2.9504,2.1666,0.62902,0.047901,0.63211,0.14152,0.042944,52.64,38.795,0.21715,1.4774,14.542,0.10644,0.036075,1.0578,0.37098,0.13206,1.106,1.8501,835.93,0.047901,0.064627,0.98774,0.67273,26.362,9.4084,45.895,7.953,8.6779,0
-0.37007,0.48419,-0.24096,0.43948,-213.95,-0.19673,-0.45212,1.0653,0.41153,0.51581,-0.41721,-1.0517,-0.74774,-0.45212,-574.33,-0.63553,2.0653,-0.45212,-1.0986,109.97,0.86016,-0.42862,-0.89926,0,0.24933,-0.46606,-12.276,-0.29708,3.7892,1.1354,-1.0642,203.36,1.9906,1.7673,-0.36004,0.41153,1.5389,0.558,-0.87489,0.057496,-0.056788,-1.0415,145.64,35.672,-2.9848,0.15106,52.887,-0.57302,-1.3924,0.39018,0.42988,0.50237,0.63595,0.68798,0.43948,-0.87489,-0.71745,2.0311,0.081804,3.3191,10.232,381.28,0.95731,0.50738,0
0.013737,0.80821,0.090301,1.1335,-108.83,0.001894,0.017152,0.2373,1.0183,0.19179,0.025836,0.025365,0.044122,0.017152,6565.8,0.055591,1.2373,0.017152,0.016843,136.29,1.2159,0.02238,0.01349,0.046643,0.044744,0.051366,2.5772,0.38671,3.5315,0.7885,0.023627,248.86,1.4667,1.2271,0.026564,1.0183,2.9255,0.32381,0.026087,0.009978,0.53711,0.021978,272.32,136.03,0.036126,0.57121,139.95,-0.005398,-0.005301,0.94838,0.67619,0.68182,0.82132,1.3867,307.06,0.026087,0.071625,0.98324,0.6884,2.678,2.6833,242.37,1.5059,4.3609,0
0.24559,0.36465,0.59319,2.7036,77.877,-0.026972,0.30487,1.7423,2.3135,0.63535,0.3049,0.87556,0.146,0.30487,394.05,0.92628,2.7423,0.30487,0.13178,23.651,1.1092,0.30223,0.10616,0.27404,0.57246,0.76373,10036,10.12,4.2262,0.1421,0.13179,63.676,5.7322,5.4735,0.31758,2.3135,,0.63535,0.13727,0.15665,0.036269,0.13064,139.92,116.27,1.6383,2.2731,27.415,0.26933,0.11642,2.5816,0.3482,0.17445,10.839,10.839,9986.8,0.13727,0.38655,0.86912,0,15.432,3.1394,54.935,6.6442,39.468,0
0.044757,0.49112,0.001948,1.0137,-10.922,0.13414,0.050963,0.97991,1.0891,0.48125,0.050963,0.35952,0.13738,0.050963,2765.8,0.13197,2.0362,0.050963,0.10803,9.1659,0.9804,0.042609,0.094872,0.14848,0.48125,0.11933,0.98369,0.002275,6.5544,0.85448,0.10803,119.45,3.0557,0.086759,0.042609,0.51278,0.37741,0.83061,0.090319,0.64074,0.28599,0.090319,40.908,31.742,3.7779,0.93017,9.9828,0.028759,0.060962,0.2926,0.14175,0.32726,0.56201,0.97,6981.5,0.081838,0.093001,0.91816,0.72595,39.822,11.499,109.67,3.3281,0.55093,0
0.017074,0.59117,-0.034756,0.93004,-87.184,0.035806,0.017452,0.68902,1.0673,0.40733,0.017452,0.03513,0.047919,0.017452,4789.6,0.076206,1.6916,0.017452,0.018563,66.494,1.2691,0.061149,0.01816,0.036274,0.40733,0.075566,0.69416,-0.064606,4.4136,0.60513,0.018563,205.84,1.7732,0.10344,0.061149,0.94312,3.0806,0.50171,0.065041,0.046051,0.219,0.065041,170.49,104,0.099686,0.58528,70.966,0.03355,0.035685,0.78155,0.49679,0.56395,0.75716,0.93261,-900.9,0.063021,0.041916,0.93698,0.23172,5.4892,3.5096,192.87,1.8925,1.7476,0
0.27959,0.16781,0.3573,3.1291,80.607,0,0.27959,4.959,1.3157,0.83219,0.28693,1.6661,0.24135,0.27959,192.89,1.8922,5.959,0.27959,0.21251,35.877,0.97501,0.28437,0.21251,0.88123,0.54034,1.8922,38.722,0.75238,3.9645,0.10413,0.21251,59.323,6.1527,6.1527,0.28318,1.3157,,0.83219,0.21523,0.21508,0.017355,0.21614,135.66,99.787,2.162,2.3585,45.717,0.24642,0.18729,3.1291,0.16781,0.16253,1.7524,1.7524,3292.5,0.21523,0.33597,0.79059,0,10.174,3.6578,46.555,7.8402,2.7705,0
0.053618,0.15814,0.40839,3.5824,129.87,0.30404,0.053618,4.3371,1.0105,0.68587,0.053618,0.33906,0.12889,0.053618,515.53,0.708,6.3235,0.053618,0.061724,50.142,1.0538,0.05437,0.061724,0.30404,0.68587,0.708,0.63244,0.94212,4.3233,-0.091484,0.061724,67.143,5.4362,0.34381,0.05437,0.9446,,0.68587,0.062589,1.5023,0.046126,0.062589,138.22,88.077,0.44931,2.8278,50.667,-0.003975,-0.004576,3.5824,0.15814,0.18395,1.5823,1.5823,8596.6,0.010359,0.078176,0.98964,0,7.2793,4.1441,66.447,5.4931,2.004,0
-0.31108,1.5254,-1.3565,0.10973,-767.97,-1.2069,-0.31108,-0.34442,0.43901,-0.52538,-0.31108,-0.20417,-0.70859,-0.31108,-1789.8,-0.20393,0.65556,-0.31108,-0.70859,70.68,,-0.22294,-0.70859,-0.51471,-0.7209,-0.20393,-2.4951,-1.6287,4.4235,3.4743,-0.50507,1088.6,0.4444,0.44389,-0.14272,0.45534,,-0.52538,-0.32509,0.002055,-0.22808,-0.50782,136.4,65.725,-3.6593,0.057849,45.826,-0.22294,-0.50782,0.10961,1.5236,2.2502,-0.63083,-0.63083,-35965,-0.16366,0.5921,1.3314,0,5.1642,5.5534,1266.8,0.28813,0.52713,1
0.011417,0.76681,0.005392,1.0096,-118.3,0.069135,0.011417,0.30252,1.0956,0.23197,0.011417,0.020429,0.046856,0.011417,7516.7,0.048559,1.3041,0.011417,0.014367,107.87,1.9165,0.077833,0.014367,0.069135,0.23197,0.048559,1.0731,0.012374,4.7825,0.95657,0.014367,281.24,1.2978,0.1015,0.077833,0.81368,1.5844,0.4399,0.097943,0.012643,0.24322,0.097943,255.93,148.06,0.048616,0.58944,118.18,0.052015,0.065454,0.73588,0.55889,0.77053,0.53239,1.0096,326.76,0.087265,0.049218,0.91273,0.89633,3.3838,2.4651,256.7,1.4219,1.8238,0
0.18459,0.56348,0.032701,1.0887,-23.623,0.18459,0.23019,0.69609,1.0872,0.39223,0.23019,0.62423,0.12684,0.23019,652.92,0.55903,1.7747,0.23019,0.092689,25.702,1.3727,0.21345,0.074327,0.23019,0.39223,0.4781,,0.054634,4.4081,0.21194,0.092689,58.921,6.1948,0.37881,0.21345,2.5432,1.1636,0.58696,0.085949,0.10655,0.062111,0.085949,53.229,27.527,1.0555,0.61445,27.942,0.12863,0.051797,0.71246,0.36875,0.16143,0.65531,0.98064,836.81,0.080167,0.47061,0.91983,0.49646,14.201,13.26,54.197,6.7347,4.1491,1
-0.048337,0.52927,0.052878,1.188,325.9,-0.000757,-0.059222,0.88938,1.1263,0.47073,-0.046523,-0.21061,-0.012959,-0.059222,-13236,-0.027576,1.8894,-0.059222,-0.052581,42.993,0.90083,-0.04756,-0.042917,0.007557,0.46383,-0.007012,-3.7453,0.079404,4.9844,0.46318,-0.047003,103.7,3.563,1.8929,-0.050908,1.1263,2.1297,0.5653,-0.045199,0.038524,-6.0139,-0.042227,104.75,61.758,-0.36435,0.71625,48.332,-0.092186,-0.081848,0.63118,0.28119,0.28066,0.70687,0.84888,5101,0.12124,-0.10269,0.90081,0.2009,8.4898,5.9101,91.126,4.0055,1.6913,0
0.077911,0.64258,0.15862,1.2525,36.015,0,0.1149,0.55623,1.7225,0.35742,0.12417,0.1829,0.093197,0.1149,1461,0.24982,1.5562,0.1149,0.066706,1.0787,1.208,0.067991,0.045231,0.074792,0.3133,0.19226,7.3349,0.74416,3.6341,0.34429,0.072087,149.69,2.4384,2.3839,0.19064,1.7225,63.992,0.36964,0.11067,0.086573,0.18851,0.039472,155.21,154.13,15.305,1.2444,1.213,0.02236,0.012981,1.2245,0.62822,0.4101,1.6768,1.7341,683.09,0.11067,0.21798,0.93593,0.034179,338.37,2.3681,133.12,2.7419,8.0809,0
0.024557,0.68363,0.14168,1.8832,20.239,0,0.024557,0.46277,1.1655,0.31637,0.072963,0.15308,0.090504,0.024557,2365.6,0.15429,1.4628,0.024557,0.02107,25.368,0.95517,0.07281,0.02107,0.15554,0.24635,0.15429,1.5042,0.203,3.6319,0.54615,0.062249,53.126,6.8705,1.6122,0.063286,1.1655,0.43352,0.82637,0.054302,0.31402,0.14823,0.062473,78.835,53.467,0.30317,1.3782,26.825,-0.008112,-0.00696,0.4419,0.16042,0.14555,0.45331,1.1841,607.03,0.054302,0.077621,0.9791,1.612,14.388,6.8267,50.241,7.265,1.67,0
0.30113,0.049517,0.9667,35.449,144.12,0,0.35773,19.195,0.78747,0.95048,0.35783,12.748,0.4547,0.35773,50.475,7.2312,20.195,0.35773,0.45427,0,1.0764,0.28331,0.3824,0.89515,0.94632,6.0882,2830.4,184.58,4.0798,-0.095209,0.4544,20.388,17.903,10.146,0.28509,0.78747,,0.95048,0.36203,31.723,0.005819,0.35977,48.466,48.466,,35.449,0,0.28297,0.35934,20.089,0.028062,0.055856,181.48,181.48,11618,0.36203,0.31682,0.58507,0,,7.531,13.007,28.062,150.36,0
-0.41649,0.85315,0.31356,1.4829,7.6114,-1.3239,-0.41649,0.17213,4.4317,0.14685,-0.37415,-0.64148,-0.090652,-0.41649,-775.12,-0.4709,1.1721,-0.41649,-0.093981,16.792,1.0804,-0.37642,-0.093981,-1.0955,-0.95788,-0.4709,-8.8895,8.4356,4.0359,0.19232,-0.085321,49.248,7.4115,5.6404,-0.38038,4.4317,,0.14685,-0.085833,0.013986,-0.078631,-0.084938,78.552,61.76,-2.0428,1.1689,15.465,-0.39117,-0.088266,1.1286,0.64927,0.13493,3.9508,3.9508,3406,-0.085833,-2.8361,1.0937,0,21.736,5.91,53.475,6.8257,119.22,0
0.092903,0.79781,0.075724,1.1299,-92.724,0,0.092903,0.25343,0.62598,0.20219,0.095043,0.15936,0.28745,0.092903,1618.3,0.22554,1.2534,0.092903,0.14841,114.56,1.2028,0.095041,0.14841,-0.29268,0.10977,0.22554,44.402,0.22185,2.7332,1.1941,0.15129,378.25,0.96498,0.7051,0.063445,0.62598,,0.20219,0.10135,0.08926,0.14606,0.15183,353.72,239.16,0.47284,0.79286,127.48,0.008005,0.012789,0.8256,0.58296,1.0363,0.59237,0.59237,40.967,0.10135,0.45949,0.86094,0,3.1861,1.5262,339.91,1.0738,1.834,0
0.055435,0.22852,0.4558,3.1064,128.61,0.26643,0.05869,3.2072,1.0574,0.73291,0.05869,0.27122,0.059493,0.05869,1098.8,0.3322,4.3759,0.05869,0.045994,8.0801,0.97161,0.072976,0.043444,0.30166,0.73291,0.31795,0.60471,1.3905,6.3376,-0.18795,0.045994,65.448,5.577,0.31933,0.072976,1.3012,53.065,0.74505,0.05719,2.1764,0.083294,0.05719,57.563,49.483,1.9625,2.9759,8.5437,0.055751,0.043691,2.9415,0.21639,0.17931,2.2358,2.2728,991610,0.054261,0.075637,0.94574,0.016557,45.173,7.3763,61.897,5.8969,3.8926,0
0.029685,0.58371,0.050073,1.1155,-29.491,0.17571,0.040137,0.70958,1.0868,0.41419,0.040137,0.09259,0.075954,0.040137,3565.7,0.10236,1.7132,0.040137,0.051022,49.726,1.184,0.061304,0.037735,0.1872,0.41419,0.084457,0.84695,0.096959,4.5611,0.67806,0.051022,218.6,1.6697,0.10502,0.061304,0.78989,2.5058,0.5644,0.077928,0.11739,0.23716,0.077928,200.76,151.03,0.27698,0.86828,54.044,0.04169,0.052996,0.82844,0.43349,0.5989,0.80202,1.0929,1822.7,0.079893,0.07167,0.92011,0.36267,7.3402,2.4167,201.13,1.8147,1.5233,0
0.022302,0.29993,0.32266,2.1225,21.96,0.064686,0.028515,2.0235,1.025,0.60691,0.028515,0.099196,0.034416,0.028515,1187.5,0.30737,3.3341,0.028515,0.010645,22.64,1.0961,0.028427,0.008326,0.083255,0.60691,0.28666,0.10877,0.82761,5.1566,0.074129,0.010645,40.149,9.0912,0.094776,0.028427,2.7012,35.595,0.61938,0.010612,0.35604,0.10706,0.010612,69.19,46.55,0.13423,1.5445,23.206,-0.035249,-0.013159,2.0342,0.28746,0.11,1.5567,1.5887,46280,0.024387,0.036747,0.97561,0.020551,16.122,7.841,39.17,9.3184,6.8706,0
0.27859,0.15951,0.66935,5.9395,156.33,0.82254,0.34804,4.8989,1.213,0.78141,0.34804,2.5684,0.21016,0.34804,154.15,2.3678,6.2693,0.34804,0.19367,0,1.0572,0.31584,0.15502,1.0318,0.78141,1.9324,2.1317,3.4301,4.8006,-0.12822,0.19367,33.384,10.933,1.9801,0.31584,1.8313,33.54,0.8054,0.17575,3.1641,0.015179,0.17575,76.386,76.386,,5.9395,0,0.2862,0.15925,5.0459,0.13551,0.091463,4.0043,4.1273,42294,0.17557,0.35652,0.82443,0.03071,,4.7784,27.523,13.262,9.2092,0
0.025277,0.537,0.45303,1.9983,55.271,0,0.057199,0.8622,2.4138,0.463,0.062851,0.12604,0.031114,0.057199,2609.8,0.13986,1.8622,0.057199,0.023696,11.858,0.93943,0.052428,0.010472,0.28476,0.41826,0.080413,9.2746,4.8627,3.8264,0.13586,0.025753,69.805,5.2288,4.4188,0.040964,2.4138,15.898,0.51511,0.01697,0.48943,0.2545,0.02172,103.54,91.681,0.32231,1.8255,12.063,0.034523,0.014302,1.6887,0.45381,0.19125,4.9697,5.529,3037.7,0.01697,0.054594,0.97655,0.11255,30.78,3.9812,68.621,5.3191,25.909,0
-0.17905,1.2553,-0.27599,0.74554,-120.44,-0.17905,-0.15493,-0.26018,1.1749,-0.32659,-0.15493,-0.14284,-0.07294,-0.15493,-3298.2,-0.11067,0.79665,-0.15493,-0.08135,37.046,0.83104,0.1767,-0.094015,-0.15493,-0.32659,-0.12988,,-1.4423,5.3244,0.65813,-0.08135,244.23,1.4945,0.14077,0.1767,1.9515,3.6065,-0.15597,0.09278,0.064095,0.21414,0.09278,141.65,104.61,-0.9263,0.56733,43.526,0.16068,0.08437,0.64421,1.0846,0.66913,-1.7067,-0.81508,-58253,0.14888,0.54824,0.85112,-0.52243,9.8526,3.4892,207.87,1.7559,9.9527,1
0.06509,0.26735,0.46888,2.7572,46.413,0,0.081605,2.7404,1.8558,0.73265,0.088762,0.30583,0.054792,0.081605,959.64,0.38035,3.7404,0.081605,0.043972,46.84,0.94506,0.079927,0.035073,0.17798,0.29304,0.31858,11.168,1.7742,4.31,0.036689,0.043972,54.769,6.6643,6.6515,0.077574,1.8558,,0.73265,0.0418,0.76192,0.089109,0.043068,104.71,57.872,0.27331,1.8647,48.883,0.059847,0.032248,2.7519,0.26684,0.15005,2.7722,2.7722,9572.5,0.0418,0.088842,0.95641,0,7.7925,6.307,52.48,6.955,7.0222,0
-0.089292,0.3442,0.19325,1.5659,-23.819,-0.43298,-0.089292,1.8694,0.95507,0.64344,-0.089292,-0.26148,-0.040665,-0.089292,-2435.1,-0.14989,2.9053,-0.089292,-0.070381,79.753,1.3902,-0.078448,-0.070381,-0.43298,0.64344,-0.14989,-0.59055,0.41537,4.526,0.2519,-0.070381,93.83,3.89,-0.22792,-0.078448,1.2715,95.06,0.64615,-0.061833,0.076264,-0.27771,-0.061833,146.35,66.597,-0.32211,0.75413,76.17,-0.11615,-0.091549,1.5536,0.34149,0.25707,1.383,1.3888,6488.7,-0.047048,-0.13877,1.047,0.00421,4.5766,5.4807,98.244,3.7152,2.7269,0
-0.14193,1.1125,-0.60154,0.3578,-86.664,-0.31289,-0.14136,-0.10116,3.2426,-0.11254,-0.069486,-0.15092,-0.024496,-0.14136,-5112.3,-0.071396,0.89884,-0.14136,-0.043596,17.377,0.89896,-0.082529,-0.043772,-0.22807,-0.17112,-0.071907,-1.1482,-0.90476,3.1865,0.34166,-0.030013,102.75,3.5523,2.9907,-0.08474,3.2426,,-0.11254,-0.026133,0.037217,-1.8006,-0.025452,33.801,16.424,-0.91943,0.19299,16.934,-0.14446,-0.044552,0.30124,0.93668,0.28151,-0.16928,-0.16928,-924.27,-0.026133,1.2611,1.0432,0,21.005,22.223,105.44,3.4618,4.8771,0
0.034281,0.58888,0.26099,2.1177,32.439,0,0.052017,0.69814,1.23,0.41112,0.071109,0.22276,0.064666,0.052017,2702.4,0.13506,1.6981,0.052017,0.042291,10.188,1.1894,0.060939,0.027871,0.149,0.38818,0.10494,3.1917,0.51631,4.1075,0.43956,0.046808,74.468,4.9015,1.9436,0.085409,1.23,1.3507,0.7518,0.069441,0.7462,0.22191,0.049545,95.039,84.851,0.99853,1.9707,10.948,0.033419,0.027171,0.83974,0.23351,0.20402,0.8133,1.4873,3343.1,0.069441,0.083383,0.95869,0.82867,35.826,4.3017,69.297,5.2672,2.4332,0
0.029173,0.55238,0.30333,1.5491,-1.0763,0,0.029203,0.81033,3.0721,0.44762,0.10131,0.052867,0.018747,0.029203,3500.8,0.10426,1.8103,0.029203,0.009506,36.725,1.1599,0.06099,0.009496,0.069184,0.43202,0.10421,0.84586,2.1023,3.9444,0.15699,0.009506,66.624,5.4785,5.4785,0.045915,3.0721,,0.44762,0.014946,0.13265,0.20601,0.019853,92.962,56.237,0.094379,0.98955,37.282,0.0326,0.010612,1.5491,0.55238,0.18253,3.1023,3.1023,2668.9,0.014946,0.065174,0.99067,0,9.9388,6.4904,65.629,5.5616,21.292,0
-0.2036,0.98844,-0.092232,0.90655,-95.252,-0.89003,-0.2036,0.011697,2.6739,0.011562,-0.15368,-0.2063,-0.064715,-0.2036,-2084.9,-0.17507,1.0117,-0.2036,-0.076144,88.866,0.89592,-0.19825,-0.076144,-0.65957,-0.00675,-0.17507,-3.9714,-0.87601,3.5486,0.35189,-0.071742,125.92,2.8987,2.8943,-0.18691,2.6739,,0.011562,-0.0699,0.053821,-0.19649,-0.074142,114.88,26.015,-0.31275,0.24692,83.06,-0.22881,-0.085571,0.90518,0.98695,0.34499,0.10982,0.10982,-326.22,-0.0699,-17.609,1.0747,0,4.1073,14.03,134.72,2.7093,25.397,0
0.012017,0.4768,0.41822,1.888,-22.575,0.13433,0.018638,1.0453,1.0205,0.49838,0.018638,0.039573,0.034196,0.018638,3168.2,0.11521,2.0973,0.018638,0.011603,114.65,1.0472,0.023452,0.007481,0.17316,0.49838,0.10132,0.14899,3.7747,4.3141,0.27001,0.011603,109.21,3.3421,0.049186,0.023452,1.6237,66.174,0.50419,0.0146,0.11292,0.26238,0.0146,189.97,75.321,0.023817,0.81672,116.99,-0.01284,-0.007993,1.8649,0.47099,0.29921,4.4982,4.5507,8620.6,0.020056,0.024112,0.97994,0.011664,3.1837,4.8459,107.02,3.4105,14.498,0
-0.15658,0.69503,-0.20663,0.70271,-23.071,-0.88145,-0.15658,0.4388,4.6799,0.30497,-0.066148,-0.22529,-0.019281,-0.15658,-2811.5,-0.12982,1.4388,-0.15658,-0.033459,7.2819,0.95109,-0.067523,-0.033459,-0.50504,0.003449,-0.12982,-0.74663,-0.40388,2.2197,0.14584,-0.014134,53.436,6.8306,6.8306,-0.067523,4.6799,,0.30497,-0.014428,0.017968,-19.805,-0.014428,37.117,29.836,-1.6771,0.56837,7.1784,-0.13388,-0.028606,0.70271,0.69503,0.1464,0.59612,0.59612,-34.267,-0.014427,-0.51343,1.0334,0,50.124,12.234,54.207,6.7335,9.1476,0
-0.39088,1.299,-0.67952,0.42771,-779.11,-0.068356,-0.36606,-0.23019,0.46649,-0.29903,-0.23598,-0.30829,-0.78472,-0.36606,-1295.3,-0.2818,0.76981,-0.36606,-0.78472,260.64,0.47132,-0.2364,-0.83791,0.4182,-0.3096,-0.3009,-1.8173,-1.3807,4.9891,2.6586,-0.67221,1037.7,0.40515,0.37033,-0.21195,0.46649,8.9345,-0.27947,-0.45436,0.073546,-0.18317,-0.50675,329.04,68.402,-1.1734,0.14717,252.74,-0.2364,-0.50675,0.39095,1.1874,2.4682,-0.6076,-0.56786,-66269,0.10469,1.3072,1.3101,-0.065409,1.4004,5.3361,929.05,0.39287,0.94788,1
0.54003,0.059844,0.60482,11.107,91.135,0,0.66722,15.71,1.4501,0.94016,0.66924,11.149,0.46932,0.66722,32.095,11.373,16.71,0.66722,0.46011,25.467,1.073,0.64534,0.3724,1.7487,0.92137,9.2471,320.22,1.8036,4.0359,0.041268,0.46011,27.134,13.615,13.615,0.64511,1.484,,0.94016,0.44486,5.0257,0.003028,0.44502,91.595,66.128,5.3373,9.4159,45.327,0.63199,0.43582,11.107,0.059844,0.073449,2.8036,2.8036,6569.1,0.44486,0.5744,0.55039,0,14.332,5.5196,15.063,24.232,4.3244,0
0.060197,0.41455,0.38641,1.998,-90.889,0,0.060197,1.4122,1.8286,0.58545,0.060197,0.15547,0.084157,0.060197,983.23,0.37123,2.4122,0.060197,0.03292,132.32,1.3235,0,0.03292,0.26312,0.5834,0.37123,,1.7068,4.4284,0.20855,0.073783,117.13,3.1161,2.9104,0.020788,1.8286,4.6545,0.60923,0.011368,0.09721,0.14748,0,146.9,14.579,0.090806,0.28585,200.55,-0.093695,-0.051238,1.8661,0.38719,0.32092,2.5859,2.6909,10361,0.34021,0.10282,0.66071,0.040617,2.7584,25.036,77.284,4.7228,8.0769,0
-0.19957,0.88429,-0.21117,0.60252,-136.19,0,-0.19957,0.13085,1.5085,0.11571,-0.19826,-0.37564,-0.01767,-0.19957,-12109,-0.030143,1.1308,-0.19957,-0.1323,33.579,0.90927,0,-0.1323,0.045278,0.07782,-0.030143,0,-0.31059,3.1205,0.55322,-0.2646,168.77,2.1628,1.2994,0.014705,1.5085,0.61022,0.41287,0.009748,0.13003,0.17047,0,60.739,27.161,-1.4381,0.34131,44.083,-0.17291,-0.11463,0.36199,0.53128,0.46237,0.17019,0.60725,-278.67,0.23829,-1.7248,0.76258,2.5682,10.87,13.439,128.55,2.8393,2.2187,0
0.044296,0.5081,0.29837,1.5995,-29.617,0.19657,0.05816,0.88327,1.0295,0.44879,0.05816,0.11686,0.051506,0.05816,2104.3,0.17345,1.9681,0.05816,0.033991,91.409,0.9678,0.062749,0.025888,0.24695,0.44879,0.14617,0.37755,1.4632,4.4738,0.28286,0.033991,109.3,3.3393,0.1235,0.062749,1.7445,35.386,0.45918,0.036672,0.056693,0.18016,0.036672,163.8,72.388,0.10337,0.73851,94.108,0.032778,0.019157,1.5668,0.49771,0.29946,2.2008,2.2517,8882.7,0.028676,0.0987,0.97132,0.023145,3.993,5.0422,106.17,3.4379,8.3909,0
-0.076798,0.49975,0.3509,1.7021,-5.4968,0,-0.076798,1.001,3.2689,0.50024,-0.022762,-0.15367,-0.017071,-0.076798,-3268.8,-0.11166,2.001,-0.076798,-0.023493,21.145,0.83269,-0.072746,-0.023493,-0.024519,0.50024,-0.11166,-1.3462,2.3496,3.0984,0.1368,-0.011388,54.586,6.6866,6.6866,-0.072746,3.2689,,0.50024,-0.022254,0.52981,-0.32189,-0.022254,65.417,44.272,-0.40553,1.3232,20.685,-0.09374,-0.028676,1.7021,0.49975,0.14955,3.3496,3.3496,440.08,-0.022254,-0.15352,1.0231,0,17.262,8.2445,55.801,6.5411,21.888,0
-0.001497,0.59329,0.013014,1.0343,-24.345,0.073705,-0.001989,0.53456,1.0035,0.31715,-0.001989,-0.005248,0.027072,-0.001989,5189.3,0.070337,1.6855,-0.001989,-0.00129,23.426,1.5872,0.017638,-0.000971,0.088435,0.31715,0.071166,0.11482,0.021405,5.4001,0.37835,-0.00129,90.05,4.0533,0.029729,0.017638,1.5624,1.3675,0.53146,0.011442,0.066214,0.3179,0.011442,86.878,63.452,-0.015127,0.7733,23.507,-0.026081,-0.01692,0.66071,0.37898,0.24671,0.52162,0.87409,3270.1,0.003458,-0.004719,0.99654,0.67574,15.581,5.7523,89.738,4.0674,2.5352,0
0.1772,0.56057,0.34218,1.6104,68.771,0.38642,0.22409,0.67992,1.2222,0.38115,0.22409,0.39975,0.1518,0.22409,873.25,0.41798,1.7839,0.22409,0.14518,18.323,2.4861,0.24354,0.1148,0.48565,0.38115,0.33434,1.9284,3.5187,4.7889,0.35042,0.14518,162.01,2.2529,0.43445,0.24354,1.5559,,0.38115,0.15778,0.080421,0.072628,0.15778,202.82,184.49,2.287,1.4722,22.394,0.23332,0.15116,1.6104,0.56057,0.44387,3.9194,3.9194,21047,0.1818,0.46492,0.8182,0,19.921,1.9784,132.56,2.7535,15.872,0
0.14872,0.3346,0.29106,2.369,23.19,0.48821,0.17275,1.7475,1.1964,0.58471,0.17275,0.81255,0.19802,0.17275,430.45,0.84795,2.9886,0.17275,0.12057,24.969,1.2126,0.17815,0.1038,0.50502,0.58471,0.77612,1.4875,0.58644,5.8611,0.20984,0.12057,64.795,5.6331,0.53244,0.17815,1.4657,3.3253,0.7067,0.12434,0.73839,0.038048,0.12434,88.315,63.346,1.5173,1.908,29.872,0.067184,0.046889,1.5053,0.21261,0.17752,1.1781,1.4239,211380,0.16413,0.25435,0.83587,0.20864,14.618,5.762,54.16,6.7393,2.8868,0
-0.044286,0.58225,0.13292,2.7472,38.938,0,-0.044286,0.71747,0.22311,0.41775,-0.034209,-0.58212,-0.033465,-0.044286,-28463,-0.012824,1.7175,-0.044286,-0.19849,106.76,0.93362,-0.041141,-0.19849,-0.076688,0.41343,-0.012824,-4.0828,0.16804,4.3237,2.2072,-0.15482,98.841,3.6928,0.48251,-0.057826,0.22311,1.1423,0.54358,-0.25918,1.7226,-4.4907,-0.1844,127.52,20.759,-0.67861,1.8894,84.787,-0.077961,-0.34942,0.35895,0.076077,0.2708,0.52812,0.6872,2801,-0.25918,-0.10601,1.1581,0.30121,3.4188,17.583,124.46,2.9327,0.28206,0
0.090102,0.86737,-0.29919,0.65506,-107.72,0.28813,0.11171,0.092985,1.0573,0.080652,0.11171,0.1288,0.086425,0.11171,2361.8,0.15454,1.1529,0.11171,0.072029,31.113,1.2803,0.11139,0.058094,0.31115,0.080652,0.12962,0.75936,-0.69286,4.4988,0.54373,0.072029,215.82,1.6913,0.12843,0.11139,1.5829,,0.080652,0.071822,0.028754,0.21325,0.071822,127.84,96.731,0.68152,0.50264,32.895,0.089065,0.057425,0.65506,0.86737,0.59127,0.18677,0.18677,-9435.8,0.054178,1.1172,0.94582,0,11.731,3.7733,204.12,1.7881,3.5918,0
-0.025829,0.43472,-0.13656,0.62132,-504.77,0.000491,-0.025829,1.3004,0.24012,0.56528,-0.013504,-0.071623,-0.056544,-0.025829,-11687,-0.031232,2.3004,-0.025829,-0.10757,32.208,0.89103,-0.013504,-0.10757,-0.050454,0.42738,-0.031232,-1.0956,-0.17599,4.6099,1.8104,-0.10757,686.44,0.56631,0.46978,0.048367,0.24012,2.7379,0.63938,0.20143,0.26048,-11.573,-0.056237,197.8,165.59,-1.219,0.56257,37.869,-0.025755,-0.10726,0.51542,0.36062,1.7658,0.72852,0.82401,0.62132,0.20143,-0.045691,0.87103,0.13108,11.333,2.2042,548.17,0.66585,0.30945,0
0.062761,0.45688,0.30185,2.9518,22.695,0.21402,0.0792,1.045,1.1178,0.47746,0.0792,0.51211,0.13779,0.0792,1124.7,0.32454,2.1888,0.0792,0.0736,82.712,1.2197,0.11909,0.058323,0.2742,0.47746,0.28856,1.2371,0.55538,4.7691,0.39237,0.0736,58.635,6.2249,0.26067,0.11909,1.0916,0.70361,0.77969,0.11067,0.23479,0.079826,0.11067,142.52,59.813,0.25737,1.375,92.453,0.050016,0.04648,0.99917,0.15465,0.16064,0.87849,1.4346,17735,0.10537,0.13145,0.89463,0.63299,4.4129,6.1024,52.457,6.9581,1.9799,0
0.29476,0.09936,0.7958,9.0092,103.02,0,0.36402,9.0644,2.1642,0.90064,0.36766,3.6637,0.17133,0.36402,97.807,3.7318,10.064,0.36402,0.1682,44.676,1.2126,0.32437,0.1362,0.85761,0.50989,3.0347,89.211,7.5905,3.6387,0.024989,0.16864,19.742,18.488,18.488,0.32724,2.1642,,0.90064,0.1512,0.52742,0.010002,0.14988,142.13,97.456,1.1127,6.3432,52.635,0.3176,0.14675,9.0092,0.09936,0.054089,8.5905,8.5905,3463.1,0.1512,0.32727,0.83556,0,8.1699,3.7453,16.757,21.782,20.643,0
0.13403,0.28363,0.3779,2.8514,78.254,0.31429,0.17154,2.3534,1.1464,0.66751,0.17154,0.84038,0.19488,0.17154,451.57,0.8083,3.5257,0.17154,0.14582,51.532,1.4147,0.1676,0.11393,0.38784,0.66751,0.67605,1.6332,0.90412,4.5726,0.076933,0.14582,72.601,5.0275,0.59092,0.1676,1.218,5.231,0.74703,0.14247,0.95248,0.041384,0.14247,120.26,68.728,0.80698,2.0377,59.074,0.10988,0.093406,2.052,0.20412,0.19891,1.597,1.7872,14125,0.12767,0.20079,0.87233,0.11912,7.083,5.3108,63.332,5.7633,2.8145,0
0.049932,0.4413,0.080033,1.252,-33.594,0.1384,0.063859,0.95619,1.0344,0.42196,0.063859,0.20111,0.078352,0.063859,1313,0.27799,2.266,0.063859,0.040786,50.081,1.1018,0.068226,0.031891,0.17902,0.42196,0.24643,0.45075,0.13285,4.2974,0.27567,0.040786,76.571,4.7668,0.1546,0.068226,1.5888,1.4765,0.54573,0.043575,0.033487,0.1142,0.043575,90.202,40.121,0.23243,0.57549,51.805,0.009409,0.006009,0.9009,0.31753,0.20978,0.70043,0.90587,1587.3,0.033273,0.11833,0.96673,0.29331,7.2881,9.0975,74.023,4.9309,2.5989,0
0.001366,0.90902,-0.13973,0.76103,-173.65,-0.087242,0.001366,0.10002,0.8707,0.090923,0.046486,0.002336,0.20325,0.001366,1874.9,0.19468,1.1001,0.001366,0.001569,111.14,0.67694,0.046382,0.001569,-0.10954,-0.08452,0.19468,1.028,-0.25188,3.5839,1.0245,0.051051,209.22,1.7628,1.1339,-0.14919,1.0771,1.0849,0.25673,-0.17135,0.042193,0.1365,0.053269,176.2,65.062,0.005152,0.4956,94.865,-0.12922,-0.14841,0.48953,0.58472,0.57322,0.1639,0.46279,-536,-0.17156,0.015024,0.95701,1.8236,3.2842,5.6101,245.12,1.4891,1.5695,1
-0.000916,0.47734,0.19327,1.7078,8.3139,0.10916,-0.000907,1.0308,1.0073,0.49202,-0.000907,-0.00332,0.011237,-0.000907,4593.9,0.079453,2.0949,-0.000907,-0.000269,11.98,1.0252,0.018089,-0.000272,0.1449,0.49202,0.079433,0.053987,0.36216,4.497,0.13936,-0.000269,29.747,12.27,0.037895,0.018089,3.4077,1.7407,0.69629,0.00536,0.047686,0.2757,0.00536,49.026,37.046,-0.008274,1.3021,12.067,-0.020744,-0.006146,0.97696,0.27307,0.0815,0.92198,1.3048,6069.1,0.007232,-0.001863,0.99277,0.41516,30.469,9.8526,29.532,12.359,6.3243,0
0.001613,0.42634,0.32432,2.032,56.109,0,0.001613,1.3455,1.3821,0.57366,0.003582,0.005134,0.014214,0.001613,7921.4,0.046078,2.3455,0.001613,0.001167,30.524,1.0841,0,0.001167,-0.16575,0.52337,0.046078,0,0.89733,3.7101,0.12128,0.002335,91.7,3.9804,2.9339,0.017627,1.3821,,0.57366,0.012754,0.87613,0.78814,0,95.933,65.409,0.01396,1.6643,33.727,-0.018031,-0.013047,1.4978,0.31425,0.25123,1.5872,1.5872,1663.8,0.094946,0.002813,0.90803,0,11.958,5.5803,82.993,4.3979,3.8239,0
-0.003138,0.35775,0.011048,1.0314,-110.29,-0.021753,-0.003138,1.7952,0.63474,0.64225,0.004201,-0.008909,0.009508,-0.003138,21637,0.016869,2.7952,-0.003138,-0.004944,96.842,1.1411,0,-0.004944,0.036846,0.26595,0.016869,0,0.017351,5.7569,0.55441,-0.009271,245.9,1.4844,1.4614,0.00126,0.63474,35.211,0.64778,0.001986,0.016598,1.3,0,205.53,108.69,-0.018632,0.55323,117.57,-0.009173,-0.014451,1.0154,0.35222,0.67369,1.0087,1.0174,6312.3,0.17632,-0.004886,0.83535,0.008617,3.769,3.3582,202.54,1.8021,0.99686,0
0.18423,0.61595,0.31625,1.9243,2.3474,0,0.18423,0.62351,1.8975,0.38405,0.19054,0.53846,0.10789,0.18423,1098.2,0.33236,1.6235,0.18423,0.097091,56.522,1.7211,0,0.097091,0.36302,0.36124,0.33236,0,0.92572,4.7365,0.279,0.21766,85.865,4.2509,2.3612,0.015917,1.8975,2.5979,0.52438,0.008389,0.29118,1.0019,0,107.48,50.962,0.62698,1.0655,73.742,-0.020493,-0.0108,1.0689,0.34213,0.23525,1.1242,1.535,17239,0.23352,0.47969,0.77011,0.36538,6.4577,7.1622,65.813,5.546,5.5543,0
0.020226,1.3246,-0.78647,0.40627,-126.09,-0.50832,0.020226,-0.26006,1.0184,-0.34448,0.020226,0.015269,0.021269,0.020226,7717,0.047298,0.75493,0.020226,0.006866,25.007,1.18,0.063858,0.006866,-0.50832,-0.34448,0.047298,0.22077,-1.7029,4.0209,0.44091,0.006866,167.15,2.1836,0.048208,0.063858,2.9818,,-0.34448,0.021678,0.027031,0.40975,0.021678,62.245,37.238,0.10022,0.25391,25.468,0.021432,0.007276,0.40627,1.3246,0.45795,-0.74587,-0.74587,-8251.9,0.018076,-0.058715,0.98192,0,14.596,9.8019,164.13,2.2238,6.3782,0
0.02585,0.37492,0.39477,2.087,54.833,0,0.041376,1.6672,1.5374,0.62508,0.065307,0.11393,0.042208,0.041376,2108.9,0.17308,2.6672,0.041376,0.026913,39.923,1.7496,0.057524,0.016814,0.064342,0.32717,0.13167,2.4037,1.6309,4.0311,0.2433,0.02929,90.133,4.0496,3.9227,0.066697,1.5374,,0.62508,0.043383,0.019426,0.15422,0.037416,178.27,138.35,0.15372,1.624,41.733,0.034009,0.022121,2.0216,0.36318,0.24694,2.5823,2.5823,4240.4,0.043383,0.041354,0.97325,0,9.1427,2.6383,86.223,4.2332,6.3514,0
0.31431,0.36999,0.4936,2.9859,22.041,0,0.31431,1.7027,1.9066,0.63001,0.33229,1.2645,0.18414,0.31431,384.66,0.94889,2.7027,0.31431,0.16485,75.77,1.3178,0.32502,0.16485,0.54934,0.31431,0.94889,18.079,1.9144,3.527,0.13549,0.16793,56.961,6.4079,4.3048,0.31385,1.9066,2.8523,0.75144,0.16461,0.45956,0.034088,0.17047,120.21,44.443,0.79413,1.3935,90.701,0.28825,0.15118,2.0059,0.24856,0.15606,2.4434,2.9144,1660.9,0.16461,0.4989,0.83693,0.19276,4.8172,8.2128,47.584,7.6706,7.3945,0
0.010854,0.42776,0.50881,2.1905,31.262,0,0.011093,1.3377,1.5918,0.57224,0.027665,0.025956,0.014039,0.011093,6986.7,0.052242,2.3377,0.011093,0.006969,84.426,1.1658,0.026396,0.006818,0.064145,0.56629,0.051682,1.5928,7.974,3.9243,0.26586,0.009408,98.797,3.6944,3.6911,0.012898,1.5918,,0.57224,0.008103,0.021135,0.37871,0.016582,212.59,128.17,0.029478,1.329,85.116,0.015142,0.009512,2.1886,0.42738,0.27068,8.968,8.968,4274.1,0.008103,0.018967,0.99313,0,4.3233,2.8478,97.997,3.7246,24.947,0
0.13482,0.71145,0.24586,1.3844,-4.0589,0,0.16394,0.40558,1.5483,0.28855,0.23692,0.2563,0.1119,0.16394,1498.9,0.24352,1.4056,0.16394,0.10588,61.606,1.4195,0.15248,0.087078,0.30547,0.26803,0.2026,2.0895,2.1472,3.9889,0.33973,0.109,166.82,2.188,1.9671,0.14878,1.5483,8.6914,0.36037,0.096094,0.29024,0.14657,0.098484,164.98,103.38,0.51591,0.97582,68.156,0.14317,0.092469,1.2446,0.63963,0.45704,2.52,3.1472,2396.5,0.096094,0.46724,0.90046,0.24888,5.9247,3.5308,150.79,2.4206,13.522,0
0.33608,0.12152,0.62242,6.2174,127.12,0,0.41654,7.2291,1.9252,0.87848,0.41654,3.4916,0.24889,0.41654,92.566,3.9431,8.2291,0.41654,0.21636,21.123,1.0948,0.41065,0.17457,0.7385,0.83823,3.281,170380,2.4098,3.0951,-0.15641,0.21636,28.84,12.656,12.425,0.4154,1.9252,,0.87848,0.21576,3.5428,0.008559,0.2133,60.492,39.37,3.0165,5.2835,26.934,0.34802,0.18077,6.1036,0.1193,0.079013,3.4012,3.4012,774.71,0.21576,0.38257,0.78455,0,17.28,9.2711,22.617,16.138,7.454,0
0.033677,1.0795,-0.52805,0.50555,-174.29,-0.23252,0.033677,-0.07368,1.7062,-0.079541,0.045347,0.031534,0.033939,0.033677,6804.6,0.05364,0.92632,0.033677,0.019738,52.189,1.4832,0.043225,0.019738,-0.067166,-0.18163,0.05364,3.7039,-1.1477,3.5651,0.63264,0.023897,239.62,1.5233,1.5069,0.079424,1.7062,,-0.079541,0.04655,0.003698,0.53346,0.025334,114.66,62.466,0.13804,0.27712,54.737,0.018995,0.011133,0.50013,1.068,0.65649,-0.17288,-0.17288,-1939.7,0.046551,-0.42339,0.98057,0,6.9938,5.8432,228.46,1.5976,3.7084,0
-0.11233,0.95821,-0.12157,0.81937,-61.041,-0.029304,-0.11233,0.043611,2.1426,0.041788,-0.054119,-0.1669,0.008918,-0.11233,18303,0.019942,1.0436,-0.11233,-0.052428,40.824,0.99958,-0.054284,-0.052428,-0.14164,-0.14164,0.019942,-0.93251,-0.27104,3.3386,0.44721,-0.032491,108.62,3.3605,2.3604,-0.11913,2.1426,2.8947,0.14951,-0.055598,0.000041,0.41397,-0.025336,93.94,53.117,-0.46875,0.46332,38.673,-0.18572,-0.086682,0.57552,0.67304,0.29758,0.093167,0.33334,-265.11,-0.055598,-2.6881,1.0509,2.5779,8.9409,6.8717,114.65,3.1835,4.7769,0
0.000326,0.20993,0.7132,8.4729,87.711,0,0.004483,3.7635,0.98411,0.79007,0.010941,0.046976,0.026078,0.004483,2985.7,0.12225,4.7635,0.004483,0.004556,45.529,0.67761,-0.013677,0.000332,0.02328,0.77657,0.10245,-2.118,3.7271,3.5897,0.095846,0.004557,35.577,10.259,4.6642,0.004964,0.98411,6.0604,0.90325,0.005044,4.9524,0.93267,-0.013898,124.62,79.087,0.002659,7.1866,45.76,-0.034857,-0.03542,3.852,0.095439,0.097471,4.1288,4.7202,2772.8,0.005044,0.000413,0.99567,0.14325,8.0168,4.6152,35.398,10.311,5.1428,0
-0.089921,0.73144,0.17447,1.2385,-335.28,-0.003243,-0.089385,0.36716,0.3807,0.26856,-0.000242,-0.1222,-0.22528,-0.089385,-3112.9,-0.11725,1.3672,-0.089385,-0.23479,503.72,0.67455,-0.003774,-0.2362,-0.018022,0.259,-0.11799,-0.042334,1.8543,3.9227,1.5108,-0.23479,699.8,0.52158,0.52158,-0.000808,0.3807,,0.26856,-0.002121,0.21503,-159.04,-0.009913,717.76,214.04,-0.17115,0.52024,502.66,-0.007394,-0.019423,1.2385,0.73144,1.9173,2.8543,2.8543,1460.1,-0.002121,-0.33483,1.2304,0,0.7246,1.7053,701.28,0.52047,4.0462,0
0.025625,0.06904,0.63349,10.176,63.053,0.018774,0.02799,13.484,1.6038,0.93096,0.04913,0.40541,0.029651,0.02799,529.92,0.68879,14.484,0.02799,0.017452,80.13,1.1388,0.036425,0.015978,0.032754,0.073564,0.65455,1.723,2.1296,3.4173,-0.016853,0.017518,16.073,22.709,22.709,0.035935,1.6038,,0.93096,0.022406,1.5396,0.041103,0.022712,135.69,55.565,0.072782,5.0759,81.966,0.016861,0.010513,10.176,0.06904,0.044035,3.1296,3.1296,1655.8,0.022406,0.027526,0.98269,0,4.5551,6.5689,15.713,23.23,5.3914,0
0.001004,0.38854,0.59949,8.7097,397.79,0.053954,0.002237,1.5656,1.0145,0.60831,0.002237,0.028768,0.088297,0.002237,3217.1,0.11346,2.5737,0.002237,0.004481,71.763,1.1116,0.007584,0.002011,0.057478,0.60831,0.11028,0.15412,1.8574,5.3932,0.69555,0.004481,57.673,6.3288,0.01952,0.007584,0.50635,1.8633,0.91909,0.015191,0.57992,0.25843,0.015191,462.16,390.4,0.010228,7.4473,72.804,-0.034261,-0.068625,1.743,0.077758,0.15801,1.8847,2.8476,148230,0.014297,0.00165,0.9857,0.5109,5.0862,0.93494,56.848,6.4206,1.5468,0
-0.095972,0.93694,-0.053287,0.94312,-60.889,-0.20752,-0.095972,0.067299,1.7905,0.063055,0.001863,-0.10244,-0.035895,-0.095972,-5321.1,-0.068595,1.0673,-0.095972,-0.053601,50.046,1.0768,0.001864,-0.053601,,-0.30349,-0.068595,0.019047,-0.45755,3.6829,0.51141,-0.031513,189.78,1.9232,1.923,-0.011253,1.7905,,0.063055,-0.006285,0.023346,0.93047,0.001041,175.66,125.61,-0.39093,0.68107,49.733,-0.029838,-0.016665,0.943,0.93682,0.51996,0.54142,0.54142,-256.76,-0.006285,-1.522,1.0532,0,7.2933,2.9058,190.98,1.9112,15.374,0
0.004039,0.53884,0.14265,1.3707,9.8159,0.016501,0.006371,0.79384,1.0009,0.42775,0.006371,0.016555,0.01616,0.006371,4080.2,0.089456,1.8558,0.006371,0.002136,7.5666,1.1252,0.009694,0.001354,0.028866,0.42775,0.085128,0.032529,0.30188,4.0851,0.10332,0.002136,47.132,7.7442,0.017991,0.009694,3.005,3.0235,0.58176,0.00325,0.60115,0.34381,0.00325,36.237,28.67,0.065314,1.21,7.5733,-0.032137,-0.010774,0.97891,0.38483,0.12913,0.90525,1.2312,1735.3,0.000881,0.009442,0.99912,0.36004,48.238,12.731,47.09,7.7511,6.3125,0
-0.049636,0.57754,-0.10931,0.78281,-70.099,0.025143,-0.049672,0.69995,0.97287,0.40425,-0.049672,-0.0987,0.008361,-0.049672,18233,0.020019,1.7315,-0.049672,-0.035923,40.361,1.0629,-0.023226,-0.035897,0.04545,0.40425,0.02008,-0.16342,-0.18036,4.7681,0.4168,-0.035923,129.24,2.8242,-0.040216,-0.023226,1.4259,3.2452,0.47853,-0.016797,0.007628,0.49958,-0.016797,102.98,62.617,-0.32463,0.47898,39.266,-0.08446,-0.061081,0.68213,0.50326,0.35408,0.66703,0.78959,-6408.4,-0.027882,-0.12279,1.0279,0.18375,9.0433,5.8291,132.84,2.7476,2.2816,0
-1.011,1.7365,-0.55248,0.64313,-254.55,-1.5857,-1.011,-0.42413,2.4581,-0.73652,-1.008,-0.65305,-0.30063,-1.011,-857.7,-0.42556,0.57587,-1.011,-0.41129,106.39,0.54168,0,-0.41129,-2.4584,-2.5839,-0.42556,0,-126.86,2.9095,0.68404,-0.82259,272.27,1.3406,1.1951,0.18642,2.4581,,-0.73652,0.075837,0.039532,0.21279,0,138.75,32.361,-1.411,0.18031,126.02,-0.27202,-0.11066,0.57336,1.5481,0.74596,-169.12,-169.12,-448.58,0.15571,1.3727,0.84396,0,3.4307,11.279,229.88,1.5878,564.44,0
0.22095,0.29445,0.55987,2.9282,-62.077,0,0.22095,2.3961,1.5285,0.70555,0.23462,0.76095,0.56237,0.22095,125.04,2.9192,3.3961,0.22095,0.14456,119.91,1.0353,0,0.14456,0.6626,0.70344,2.9192,0,3.738,3.9772,0.18637,0.32377,322.48,1.1319,1.1161,0.014464,1.5285,,0.70555,0.009463,0.047782,0.015369,0,199.72,79.812,0.44002,1.1988,557.68,-0.63861,-0.41782,2.8875,0.29036,0.8835,4.7107,4.7107,5312.1,0.78498,0.31316,0.22995,0,3.0439,4.5732,69.338,5.264,10.205,0
0.11026,0.2659,0.46655,2.7589,34.304,0.21388,0.13883,2.7514,1.0667,0.73159,0.13883,0.52337,0.070971,0.13883,651.24,0.56047,3.7609,0.13883,0.066113,48.504,1.0835,0.12674,0.052509,0.27139,0.73159,0.45303,0.64387,1.7396,4.5125,0.030806,0.066113,49.184,7.4212,0.47667,0.12674,2.1145,702.64,0.73224,0.06036,0.76197,0.063834,0.06036,92.072,43.568,0.39514,1.7069,51.74,0.11654,0.055502,2.7522,0.26525,0.13475,2.7278,2.7302,15183,0.062552,0.15071,0.93745,0.000881,7.5252,8.3776,46.107,7.9164,7.8293,0
0.19299,0.3393,0.60831,2.931,79.331,0,0.23899,1.9473,1.7098,0.6607,0.2393,0.75863,0.15168,0.23899,477.55,0.76431,2.9473,0.23899,0.13978,59.17,1.3783,0.22519,0.11287,0.65719,0.65143,0.62872,723.19,7.9346,3.7315,0.011727,0.13996,77.362,4.718,4.3806,0.22343,1.7098,,0.6607,0.13068,1.039,0.046064,0.13171,127.24,68.065,0.69628,2.0511,68.065,0.20485,0.11981,2.7213,0.31503,0.21195,8.6181,8.6181,3278.1,0.13068,0.29209,0.86219,0,6.1686,5.3625,67.253,5.4273,22.302,0
0.004153,0.50463,0.23456,1.6637,-4.0538,0,0.006999,0.98163,2.2603,0.49537,0.019976,0.019805,0.017505,0.006999,4655.2,0.078407,1.9816,0.006999,0.003097,41.632,1.3298,0.016812,0.001837,0.09534,0.48953,0.072767,1.2956,0.56925,3.933,0.2201,0.004919,57.341,6.3656,4.4579,0.010723,2.2696,,0.49537,0.004744,0.025038,0.34065,0.007438,93.517,51.885,0.016109,0.75455,41.831,-0.015755,-0.006971,1.1651,0.3534,0.1571,1.2022,1.2022,2010.1,0.004744,0.008384,0.9912,0,8.7672,7.0349,57.069,6.3958,5.4856,0
0.09449,0.60575,0.12316,1.2168,-0.27565,0.28058,0.11665,0.65084,1.9347,0.39425,0.14616,0.20531,0.069163,0.11665,1652.3,0.2209,1.6508,0.11665,0.060295,23.253,1.2923,0.14616,0.048839,0.23588,0.37507,0.18431,4.9541,0.39902,4.631,0.30683,0.063667,115.79,3.1523,2.9569,0.14359,1.9347,16.729,0.42821,0.074219,0.023548,0.12364,0.075544,127.9,104.65,0.76661,0.99983,25.117,0.129,0.066676,1.1413,0.56819,0.31723,1.2773,1.3873,5266.3,0.074219,0.23967,0.93991,0.086136,15.697,3.4878,107.19,3.405,6.2683,0
-0.427,0.92422,0.080343,1.0877,-98.465,0,-0.427,0.081991,1.9469,0.075778,-0.42679,-0.46605,-0.21378,-0.427,-810.51,-0.45034,1.082,-0.427,-0.21932,130.42,1.019,-0.42679,-0.21932,-1.2594,0.001236,-0.45034,-1988,23.309,2.8266,0.46261,-0.21921,140.88,2.5908,2.5684,-0.42679,1.9469,,0.075778,-0.21921,0.059483,-0.074057,-0.21921,176.61,46.188,-0.61379,0.32838,106.97,-0.43758,-0.22475,1.0783,0.91621,0.38598,21.985,21.985,53.891,-0.21921,-5.6349,1.2193,0,2.7986,7.9025,171.76,2.125,564.85,0
0.052229,0.6616,0.33309,1.5391,28.196,0,0.065974,0.51149,2.7682,0.3384,0.16387,0.10677,0.02904,0.065974,3004,0.12151,1.5115,0.065974,0.023833,16.824,1.2075,0.15773,0.018868,0.36874,0.29277,0.10073,1.6112,6.7941,4.0396,0.2156,0.024848,86.611,4.2143,3.9358,0.16425,2.7682,26.756,0.36918,0.059334,0.1092,0.12811,0.056979,116.5,99.672,0.40935,1.3326,17.885,0.14331,0.051772,1.4374,0.61788,0.23729,6.9024,7.5302,3649.3,0.059334,0.15434,0.97623,0.09094,21.696,3.662,81.472,4.4801,56.463,0
0.4182,0.11926,0.87709,8.3979,277.53,0,0.51942,7.385,1.3014,0.88074,0.52293,4.3811,0.40082,0.51942,83.452,4.3738,8.385,0.51942,0.39914,63.195,0.97484,0.46584,0.32136,1.7989,0.86192,3.525,132.85,201.8,3.4244,-0.3816,0.39915,51.687,7.0618,7.0202,0.46413,1.3014,,0.88074,0.35665,5.2623,0.008494,0.35797,104.27,41.073,1.8561,6.4975,98.229,0.46365,0.35628,8.3486,0.11856,0.14161,202.64,202.64,2330.4,0.35665,0.47483,0.61907,0,5.7757,8.8867,33.253,10.977,299.42,0
0.086807,0.52207,0.25432,2.0168,36.95,0.19546,0.10589,0.67905,1.1413,0.35451,0.10589,0.42333,0.1466,0.10589,1285,0.28405,1.9155,0.10589,0.10467,59.985,1.2477,0.13722,0.085814,0.24515,0.35451,0.24751,1.5482,0.51322,4.9777,0.37868,0.10467,103.01,3.5435,0.26284,0.13722,1.0479,1.2437,0.62644,0.13565,0.56155,0.095551,0.13565,131.34,71.353,0.52217,1.3521,68.462,0.094814,0.093729,0.96627,0.25013,0.28221,0.71539,1.2642,24162,0.12382,0.24487,0.87618,0.76708,6.0849,5.1154,90.252,4.0442,2.0413,0
0.22992,0.036945,0.33569,10.086,144.33,0,0.24428,26.067,0.74136,0.96306,0.24856,6.612,0.42243,0.24428,43.059,8.4767,27.067,0.24428,0.3295,42.557,1.1078,0.24637,0.31013,0.59169,0.22992,8.088,57.567,0.53509,4.3406,-0.030841,0.3295,19.69,18.538,18.538,0.056492,0.74136,,0.96306,0.076201,1.681,0.003906,0.33232,152.89,110.33,2.6599,7.7467,46.067,0.17748,0.2394,10.086,0.036945,0.053944,1.5351,1.5351,7354.5,0.076201,0.23874,0.74029,0,8.5767,3.3082,18.189,20.067,1.1817,0
0.16635,0.30459,0.61233,3.3208,28.731,0,0.20619,2.2832,2.1909,0.69542,0.21894,0.78147,0.099353,0.20619,510.73,0.71466,3.2832,0.20619,0.094108,70.398,1.3356,0.20878,0.075926,0.40256,0.64405,0.58388,16.372,4.9448,3.4935,0.10921,0.096438,48.058,7.5949,6.579,0.18707,2.1909,11.133,0.73616,0.085383,0.36412,0.046092,0.095293,129.96,59.562,0.39366,1.7192,76.97,0.19729,0.090048,2.8766,0.26384,0.13167,5.6158,5.9448,1907.4,0.085383,0.23921,0.90728,0.058587,5.1848,6.1281,43.955,8.304,17.693,0
0.48824,0.18825,0.621,14.533,232.99,0,0.48824,4.312,1.0643,0.81175,0.48828,10.64,0.49256,0.48824,131.07,2.7848,5.312,0.48824,0.45872,91.44,0.9191,0.48319,0.45872,1.4454,0.48824,2.7848,12474,1.8643,3.6499,-0.063645,0.45872,28.765,12.689,3.093,0.48208,1.0643,,0.81175,0.45294,5.5969,0.012086,0.45398,140.63,49.186,1.8311,8.7226,167.15,0.44718,0.42015,3.5425,0.045887,0.078808,2.4369,2.4369,2773.4,0.45294,0.60147,0.54395,0,3.9917,7.4207,15.736,23.195,3.1952,0
0.070476,0.56584,0.23059,1.6538,10.797,0.11962,0.090224,0.69565,1.0889,0.39362,0.090224,0.2558,0.086161,0.090224,1716.5,0.21264,1.7673,0.090224,0.06461,49.839,1.5866,0.1047,0.050469,0.16283,0.39362,0.17774,0.81642,0.55339,4.3791,0.39938,0.06461,100.39,3.6359,0.18504,0.1047,1.3997,1.8423,0.60674,0.074978,0.02972,0.13801,0.074978,149.72,99.885,0.36961,1.1132,54.269,0.074608,0.053427,1.0309,0.35272,0.27503,0.94464,1.4561,5519.9,0.081623,0.17905,0.91838,0.54143,7.3235,3.6542,92.193,3.9591,3.3513,0
0.3397,0.65203,0.10326,1.1961,-20.355,1.0392,0.3397,0.53366,1.1705,0.34797,0.3397,0.64524,0.18666,0.3397,491.83,0.74212,1.5337,0.3397,0.13103,30.94,1.2233,0.38189,0.13103,1.0392,0.34797,0.74212,1.7242,0.27889,4.8635,0.245,0.13103,86.758,4.2071,0.58569,0.38189,2.5976,3.2649,0.47354,0.14731,0.0332,0.040748,0.14731,86.202,55.262,1.5458,0.77874,36.214,0.2377,0.09169,0.96579,0.52646,0.23769,0.93976,1.2789,7541.2,0.14563,0.97624,0.85437,0.36087,11.797,6.6049,74.123,4.9242,7.0014,0
0.10701,0.79197,0.45593,1.8555,140.01,0,0.12844,0.26268,1.175,0.20803,0.18714,0.241,0.11427,0.12844,2153,0.16953,1.2627,0.12844,0.10931,0,1.099,0.18685,0.091075,0.18015,0.15482,0.14248,3.183,41.048,2.9729,0.62259,0.15927,165.25,2.2088,1.4864,-0.0022,1.175,,0.20803,-0.001872,0.11404,0.13701,0.15902,288.3,288.3,,1.8555,0,0.18103,0.15407,1.2487,0.53296,0.45273,18.729,18.729,428.38,-0.001871,0.51441,0.90586,0,,1.266,165.55,2.2047,105.79,0
0.04176,0.60605,0.1006,5.0586,100.24,0.05696,0.051118,0.64961,1.2321,0.3937,0.051118,2.0624,0.11761,0.051118,4321.4,0.084464,1.65,0.051118,0.11745,1.8572,1.4927,0.082255,0.095948,0.06939,0.3937,0.069024,2.3286,0.11502,5.1796,1.208,0.11745,25.611,14.252,0.13572,0.082255,0.4416,0.2119,0.97496,0.18899,3.2397,0.24202,0.18899,37.807,35.95,18.857,4.9693,2.2882,0.082184,0.18882,0.20689,0.024786,0.070166,0.45013,1.1147,15212,0.18839,0.10607,0.81161,1.4764,196.54,10.153,20.786,17.56,0.49763,0
-0.013905,0.18671,-0.088838,0.44627,-428.01,0.10272,-0.009239,4.3559,0.12843,0.81329,-0.009051,-0.057584,0.11251,-0.009239,4716.4,0.077389,5.3559,-0.009239,-0.071937,0.69994,0.07174,-0.009051,-0.10827,0,0.32073,0.052397,-48.155,-0.09569,5.4894,1.4538,-0.071937,563.26,0.6325,0.54349,0.024463,0.12843,2.7157,0.83956,0.19048,0.039628,0.42519,-0.070473,185.42,184.72,-56.461,0.44474,0.88584,-0.032739,-0.25492,0.38347,0.16044,1.581,0.87601,0.90431,0.44627,0.19048,-0.017097,0.82648,0.032306,521.47,1.976,455.97,0.80048,0.13833,0
0.019927,0.54645,0.15042,1.5505,6.4946,0,0.025562,0.82998,0.85598,0.45355,0.035388,0.093555,0.11995,0.025562,1942.7,0.18789,1.83,0.025562,0.029863,57.274,1.4165,0.034247,0.02328,0.16059,0.26345,0.17757,3.4855,0.26099,4.0954,0.60091,0.041342,112.79,3.2362,1.6181,-0.028246,0.85598,1.8784,0.60758,-0.032998,0.12311,0.16358,0.04001,166.31,109.03,0.14836,1.0589,55.445,-0.042862,-0.050073,0.77528,0.27323,0.30901,0.78693,1.0542,1873.8,-0.032998,0.043937,0.97237,0.33962,6.3729,3.3476,116.51,3.1328,1.4852,0
0.005942,0.22929,0.32984,4.7336,62.04,0.05531,0.008846,3.0223,1.014,0.69299,0.008846,0.10014,0.1005,0.008846,1043.5,0.34977,4.3613,0.008846,0.011085,92.373,1.3489,0.024563,0.007445,0.068193,0.69299,0.33711,0.31211,0.56691,4.965,0.17794,0.011085,40.972,8.9086,0.10712,0.024563,0.8222,1.534,0.83394,0.030779,1.0395,0.078593,0.030779,149.26,56.89,0.02942,2.4475,93.668,-0.046791,-0.058632,1.8238,0.088342,0.11225,1.1911,1.4333,30427,0.013827,0.008574,0.98617,0.20339,3.9514,6.4159,40.405,9.0335,1.3716,0
-0.019732,0.3792,0.58866,2.5524,53.648,0.19617,-0.019732,1.6373,3.3726,0.62089,-0.019732,-0.052036,-0.005851,-0.019732,-7014.4,-0.052036,2.6371,-0.019732,-0.005851,8.9023,0.74059,-0.022104,-0.005851,0.49072,0.55777,-0.052036,,18.273,3.4173,0.10937,-0.005851,40.73,8.9615,8.9615,-0.025547,3.3784,,0.62089,-0.007575,0.027218,-0.57185,-0.006554,103.63,94.728,-0.23988,0.24414,8.8351,-0.022104,-0.006554,2.5524,0.3792,0.11159,19.273,19.273,1538.8,-0.0076,-0.031781,1.0059,0,41.001,3.8531,41.039,8.8939,104.69,1
0.00505,0.29559,0.31238,2.1297,19.146,0.06073,0.005885,2.1944,0.99335,0.64864,0.005885,0.021283,0.016846,0.005885,1757.3,0.2077,3.3831,0.005885,0.001615,10.145,1.0428,0.005021,0.001386,0.08072,0.64864,0.20487,0.013687,0.75986,4.1177,0.047963,0.001615,27.511,13.268,0.016988,0.005021,3.6878,25.578,0.66771,0.001378,0.50521,0.16055,0.001378,44.989,34.844,0.04985,1.7633,10.078,-0.050487,-0.013853,1.9923,0.27652,0.075371,1.5778,1.6242,4096.5,-0.006692,0.007785,1.0067,0.02939,35.978,10.475,27.695,13.179,8.8651,0
0.038468,0.21912,0.42808,3.1455,40.22,0.13994,0.051071,3.0297,1.0496,0.66386,0.051071,0.25597,0.038569,0.051071,1566,0.23307,4.5637,0.051071,0.038569,77.937,1.0198,0.048829,0.029052,0.17908,0.66386,0.17556,0.38703,1.1495,4.4687,0.079791,0.038569,57.724,6.3232,0.22284,0.048829,1.3373,17.598,0.68346,0.036876,0.5907,0.14754,0.036876,140.51,62.575,0.13606,1.7284,81.8,0.048829,0.036876,2.8642,0.19952,0.15815,1.7827,1.8353,12597,0.047217,0.057947,0.95278,0.02952,4.6832,5.833,54.999,6.6365,3.5557,0
0.031759,0.10606,0.46031,5.58,38.971,0.058897,0.032266,8.3411,1.0182,0.88465,0.032266,0.32104,0.095178,0.032266,391.8,0.9316,9.4287,0.032266,0.031082,120.3,1.2858,0.030158,0.030593,0.094227,0.88465,0.92681,0.2958,1.0481,4.2093,0.061974,0.031082,35.982,10.144,0.28435,0.030158,1.0717,39.367,0.89021,0.029051,0.56437,0.03606,0.029051,177.24,56.94,0.092821,2.1757,122.49,-0.036381,-0.035045,5.2877,0.10051,0.09858,2.0143,2.027,7453.4,0.017891,0.0359,0.98211,0.006279,3.0341,6.4102,35.338,10.329,2.3637,0
-0.23704,0.10865,0.65987,7.0735,100.04,-0.84922,-0.23697,8.2041,1.6153,0.89135,-0.22449,-2.1811,-0.089123,-0.23697,-275.46,-1.3251,9.2041,-0.23697,-0.1467,35.554,0.95869,-0.23949,-0.14674,-0.96415,0.69486,-1.3257,-19.196,2.8506,2.4091,-0.09124,-0.1467,21.38,17.072,17.072,-0.23949,1.6153,,0.89135,-0.14826,2.4755,-0.024723,-0.14826,112.88,77.324,-1.5064,5.6253,30.964,-0.33249,-0.20583,7.0735,0.10865,0.058575,3.8506,3.8506,169.25,-0.14826,-0.26593,1.1453,0,10.266,4.7204,24.55,14.868,6.9782,0
-0.004706,0.42037,0.14215,1.7684,-23.707,0.053603,-0.005993,1.3699,1.0578,0.57588,-0.005993,-0.032395,0.073056,-0.005993,2670.4,0.13668,2.3789,-0.005993,-0.00762,85.141,1.2779,0.039105,-0.005984,0.073015,0.57588,0.13974,0.52595,0.21126,4.8906,0.49413,-0.00762,90.811,4.0193,0.093025,0.039105,0.78959,0.61039,0.81126,0.049722,0.19044,0.13476,0.049722,135.47,50.331,-0.025652,0.7767,90.061,-0.024344,-0.030954,0.7782,0.18498,0.2488,0.85585,1.2057,11050,0.054629,-0.008172,0.94537,0.40874,4.287,7.252,85.85,4.2516,1.1688,0
0.011045,0.81601,-0.022944,0.93906,-186.25,0.069746,0.011045,0.22547,0.93874,0.18399,0.011266,0.029335,0.22627,0.011045,1402.2,0.26031,1.2255,0.011045,0.011765,97.292,1.0625,0,0.011765,0.015004,0.15144,0.26031,0,-0.035493,4.1107,0.86419,0.023531,186.56,1.9564,0.90268,0.001781,0.93874,0.71279,0.32895,0.001897,0.022572,0.13508,0,134.16,36.873,0.044139,0.27445,123.99,-0.20137,-0.21451,0.43327,0.3765,0.51113,0.28461,0.50887,-296.07,0.21533,0.06003,0.78619,0.78792,3.7516,9.8989,146.39,2.4933,1.4522,0
0.041393,0.31341,-0.013541,0.89958,-32.836,0.12489,0.041942,2.1907,0.50291,0.68659,0.063991,0.31104,0.18684,0.041942,1217.4,0.29981,3.1907,0.041942,0.083398,15.068,0.95757,0.063674,0.082307,0.12653,0.58043,0.29806,2.8877,-0.015411,3.9701,0.58688,0.12461,111.82,3.2643,1.4045,0.062746,0.50291,0.56305,0.86516,0.12477,0.14356,0.090297,0.12661,73.988,58.92,1.9937,0.74561,17.216,0.011653,0.02317,0.38704,0.13484,0.30635,0.78138,0.98459,-126.39,0.12477,0.060287,0.91682,0.26007,24.223,6.1949,97.866,3.7296,0.57234,0
0.003363,0.96336,-0.008867,0.9908,-54.562,-0.041868,0.003363,0.038036,2.799,0.036643,0.11709,0.003491,0.005877,0.003363,21375,0.017076,1.038,0.003363,0.001201,50.757,1.1856,0.069214,0.001201,-0.016257,0.026452,0.017076,0.60859,-0.19483,3.6908,0.28845,0.003886,128.75,2.835,2.835,0.067875,2.799,,0.036643,0.02425,0.1763,0.39017,0.024728,102.32,51.564,0.008639,0.58676,52.018,0.056126,0.020052,0.9908,0.96336,0.35273,0.80517,0.80517,-43.506,0.02425,0.091767,0.99882,0,7.1911,7.0786,125.62,2.9055,61.504,0
0.030807,0.76609,-0.3192,0.55566,-231.22,-0.42586,0.030807,0.30533,1.1732,0.23391,0.074918,0.042885,0.13667,0.030807,1744,0.20929,1.3053,0.030807,0.02626,42.899,1.0172,0,0.02626,0.17348,0.10602,0.20929,0,-0.53127,5.3403,0.61311,0.061714,309.95,1.1776,1.1043,0.019809,1.1732,,0.23391,0.016885,0.069412,0.19715,0,108.68,65.778,0.22343,0.36372,59.492,-0.12953,-0.11041,0.52105,0.71837,0.84919,0.38931,0.38931,-69885,0.27891,0.13171,0.76205,0,8.5084,5.5489,223.5,1.6331,1.9526,0
0.30986,0.30078,0.4169,2.4657,12.024,0.47127,0.30986,2.1483,1.3284,0.64616,0.30986,1.0894,0.29403,0.30986,298.03,1.2247,3.3247,0.30986,0.24733,106.24,1.9647,0.3212,0.24733,0.47127,0.64616,1.2247,3.4059,1.3958,4.3328,0.23939,0.24733,110.08,3.3157,1.0679,0.3212,1.2712,20.594,0.66251,0.25638,0.082896,0.026043,0.25638,197.46,91.221,0.84976,1.1837,141.13,0.26269,0.20968,2.3317,0.28443,0.3016,2.1634,2.2182,8971.2,0.24723,0.47954,0.75277,0.025301,3.4357,4.0013,82.867,4.4047,4.1946,0
0.20224,0.67444,-0.019697,0.9708,-31.333,-0.19463,0.20224,0.4827,3.9966,0.32556,0.21448,0.29986,0.050603,0.20224,1217.2,0.29986,1.4827,0.20224,0.050603,21.015,1.2647,0,0.050603,0.055877,0.007614,0.29986,0,-0.057051,3.0656,0.16674,0.10121,80.445,4.5373,4.5373,0.000003,3.9966,,0.32556,0.000001,0.036448,,0,57.552,36.537,0.87889,0.62962,27.446,0,0,0.9708,0.67444,0.2204,0.94295,0.94295,-22.911,0.23431,0.62121,0.76943,0,17.368,9.9899,61.596,5.9257,11.576,0
0.29982,0.2681,0.55463,3.0688,37.763,0.8152,0.37447,2.4369,1.1687,0.65333,0.37447,1.3968,0.17922,0.37447,230.24,1.5853,3.73,0.37447,0.1579,52.875,0.99948,0.35384,0.12642,1.021,0.65333,1.3069,1.7438,3.1287,4.0494,0.012539,0.1579,48.224,7.5688,1.3198,0.35384,2.4126,,0.65333,0.14921,0.90227,0.021796,0.14921,89.396,36.521,0.87272,1.7874,61.795,0.3033,0.12789,3.0688,0.2681,0.13212,3.6854,3.6854,6215.1,0.14435,0.45891,0.85565,0,6.9031,9.9943,41.263,8.8458,13.378,0
0.19704,0.28502,0.44241,2.8546,44.768,0,0.19704,2.5085,1.7146,0.71498,0.19898,0.82597,0.1356,0.19704,447.45,0.81573,3.5085,0.19704,0.11491,49.456,1.1032,0.17356,0.11491,0.60367,0.2364,0.81573,89.294,1.3867,4.0197,0.024531,0.11605,53.995,6.7598,5.6577,0.10208,1.7146,94.646,0.71972,0.059535,1.077,0.045453,0.10122,90.267,40.811,0.8481,1.8807,52.587,0.13809,0.080537,2.3892,0.23855,0.14793,2.241,2.2559,4629.3,0.059535,0.27558,0.89232,0.00663,7.3803,8.9436,50.781,7.1878,5.3744,0
0.13143,0.36691,0.51472,5.8741,24.033,0.37593,0.16711,1.6978,1.0753,0.62292,0.16711,1.5825,0.10533,0.16711,514.46,0.70948,2.7255,0.16711,0.067618,21.275,1.1148,0.16947,0.053181,0.47324,0.62292,0.61223,0.73734,1.3557,5.1874,0.14625,0.067618,16.77,21.765,0.46188,0.16947,2.4959,1.8226,0.88423,0.068571,2.1676,0.045924,0.068571,57.808,36.533,0.91239,4.51,22.877,0.076271,0.030861,1.6907,0.1056,0.045946,1.6407,2.3289,79242,0.070018,0.21099,0.92998,0.41948,17.156,9.9911,15.596,23.403,6.5093,0
0.018905,0.22319,0.052681,1.2477,-14.111,0.23028,0.025176,3.478,1.0224,0.77626,0.025176,0.11839,0.10466,0.025176,675.46,0.54037,4.4804,0.025176,0.021847,27.631,1.0012,0.029855,0.016404,0.28552,0.77626,0.51227,0.26487,0.071709,4.6248,0.1653,0.021847,68.868,5.3,0.13376,0.029855,1.1639,16.92,0.78678,0.025906,0.18141,0.058569,0.025906,71.823,44.192,0.2167,0.83749,28.251,-0.065576,-0.056903,1.1889,0.21267,0.18868,1.0566,1.071,2220.4,0.021947,0.024354,0.97805,0.013561,13.21,8.2595,67.357,5.4189,1.5687,0
0.02768,0.71919,-0.13971,0.64587,-97.715,0,0.02768,0.39045,0.96874,0.28081,0.064855,0.070159,0.08358,0.02768,3242.1,0.11258,1.3904,0.02768,0.028573,32.872,0.87637,0.064519,0.028573,0.092926,0.02768,0.11258,1.7355,-0.18749,3.7251,0.7424,0.065349,160.45,2.2748,1.2479,0.071253,0.96874,0.51613,0.60547,0.073552,0.005529,0.2035,0.066601,95.187,62.315,0.31727,0.42473,35.482,0.011231,0.011593,0.35431,0.39453,0.43959,0.37683,0.81251,-741.94,0.073552,0.098573,0.97149,1.1562,11.104,5.8573,148.65,2.4554,1.3,0
0.07353,0.54561,0.11314,1.3825,-14.491,0,0.07353,0.83281,1.2155,0.45439,0.12869,0.24858,0.060493,0.07353,2708.4,0.13477,1.8328,0.07353,0.060493,38.919,1.3002,0.15259,0.060493,0.24875,0.3972,0.13477,2.7664,0.19142,4.3219,0.44563,0.083124,162.42,3.6103,1.9573,0.16666,1.225,1.2816,0.67234,0.13711,0.10301,0.11919,0.12553,113.65,74.73,0.56733,0.94434,44.297,0,0,0.74951,0.2958,0.445,0.76877,1.1375,2374,0.45314,0.16182,0.91677,0.47965,9.3785,4.8842,88.824,4.1093,2.0565,0
0.097472,0.40706,0.32278,1.8677,-2.4995,0,0.11262,1.4567,2.5773,0.59294,0.11545,0.30276,0.057598,0.11262,1000.8,0.36469,2.4567,0.11262,0.043697,47.45,1.2578,0.11317,0.037819,0.29847,0.58729,0.32747,39.977,1.0575,4.1053,0.1255,0.044471,56.07,6.5097,5.949,0.15576,2.5773,39.897,0.60196,0.060436,0.23627,0.091065,0.04391,85.946,38.496,0.29091,0.967,50.502,0.077344,0.030009,1.7068,0.37199,0.15362,1.9426,1.9722,4113.9,0.060436,0.16439,0.95688,0.015206,7.6923,9.4816,52.681,6.9285,8.444,0
0.021416,0.62055,0.40016,2.1704,111.2,0.016164,0.021416,0.61147,1.2196,0.37945,0.085392,0.062636,0.10203,0.021416,1820.4,0.20051,1.6115,0.021416,0.017561,44.487,0.76759,0,0.017561,0.058626,0.36744,0.20051,0,1.5515,3.6197,0.46094,0.04371,136.05,2.6828,1.4782,0.017941,1.2196,2.1298,0.65808,0.014711,0.1708,0.20081,0,204.62,160.13,0.14408,1.7356,59.148,-0.10301,-0.084464,1.1958,0.34192,0.37275,1.4712,2.5515,1666.9,0.24786,0.056441,0.79436,0.73432,8.2046,2.2794,102.33,3.5669,4.7285,0
0.028828,0.18823,0.28437,2.6572,104.84,-0.044599,0.035928,4.3127,0.56362,0.81177,0.039754,0.20937,0.17375,0.035928,701.55,0.52027,5.3127,0.035928,0.063745,91.513,1.0479,0.018273,0.051148,0.079004,0.41318,0.48255,4.7762,0.5227,4.3995,0.32959,0.070533,113.68,3.2108,2.9271,0.012645,0.56362,50.067,0.81806,0.022435,0.018161,0.078159,0.032422,293.27,201.75,0.204,1.8337,93.614,-0.043729,-0.077587,2.4224,0.1716,0.31145,1.4921,1.5037,7134.3,0.022435,0.035513,0.93942,0.007742,3.9885,1.8091,111.13,3.2845,1.036,0
0.1147,0.44474,0.052737,1.143,-38.618,0.25364,0.1147,1.02,1.0317,0.45366,0.1147,0.31111,0.19406,0.1147,736.75,0.49542,2.2485,0.1147,0.10103,50.162,1.2981,0.12557,0.10103,0.25364,0.45366,0.49542,1.141,0.091151,4.5542,0.36815,0.10103,122.28,2.985,0.28234,0.12557,1.2354,3.4899,0.52971,0.11059,0.081854,0.063243,0.11059,125.78,75.617,0.73511,0.71983,51.75,0.019938,0.01756,0.94759,0.3687,0.33501,0.78411,0.91555,1889.5,0.03068,0.25284,0.96932,0.16763,7.2764,4.827,118.53,3.0795,1.9624,0
0.023949,0.21057,0.28019,3.1437,-924.77,-0.005101,0.023949,3.7489,0.89117,0.78943,0.027136,0.18323,0.22474,0.023949,383.76,0.95111,4.7489,0.023949,0.026873,25.949,1.0628,0,0.026873,0.038553,0.78798,0.95111,0,0.47562,5.6721,0.13025,0.05414,505.97,0.72138,0.44777,0.12414,0.89117,,0.78943,0.1393,0.76957,0.039807,0,127.09,101.15,0.37801,2.659,245.26,-0.17633,-0.19786,1.9513,0.1307,1.3862,1.34,1.34,131700,0.8942,0.030337,0.12622,0,14.066,3.6087,53.533,6.8182,1.5128,0
0.018594,0.37765,0.21637,1.742,1.8629,0.19754,0.026651,1.615,1.0316,0.60991,0.026651,0.091397,0.025476,0.026651,2764.6,0.13202,2.6479,0.026651,0.013618,37.647,1.0536,0.050291,0.009501,0.23886,0.60991,0.11069,0.26507,0.43976,4.1056,0.10136,0.013618,56.099,6.5064,0.13317,0.050291,2.0254,3.5572,0.69597,0.025696,0.6313,0.16893,0.025696,60.404,22.758,0.092113,1.0498,38.835,0.027083,0.013838,1.3451,0.2916,0.1537,1.2396,1.4145,2759.3,0.030597,0.030486,0.9694,0.14109,9.6954,16.039,54.383,6.7117,3.9777,0
-0.028739,0.55424,0.2478,1.4741,-29.419,-0.18229,-0.028739,0.80367,2.202,0.44542,-0.018441,-0.054981,-0.00151,-0.028739,-60833,-0.006,1.8043,-0.028739,-0.013051,71.135,0.7101,-0.021397,-0.013051,-0.27968,-0.21119,-0.006,-2.0777,1.0799,3.4698,0.16868,-0.008501,85.994,4.4211,4.1697,-0.016546,2.2925,11.724,0.47454,-0.007514,0.36008,4.5992,-0.009717,96.518,25.384,-0.066967,1.1811,67.781,-0.04681,-0.021258,1.3902,0.52271,0.22619,1.9411,2.068,731,-0.007543,-0.064521,1.0081,0.065365,5.1311,14.379,86.643,4.2127,9.5963,1
0.029107,0.786,-0.41498,0.47204,-123.44,-0.15871,0.029107,0.10276,1.0134,0.080767,0.029107,0.037032,0.061416,0.029107,3107.2,0.11747,1.2723,0.029107,0.019361,17.381,1.1878,0.035547,0.019361,-0.15871,0.080767,0.11747,0.23961,-0.65976,4.2342,0.48761,0.019361,193.38,1.8874,0.045226,0.035547,1.5197,,0.080767,0.023645,0.067905,0.26162,0.023645,77.122,59.741,0.40658,0.38096,17.613,-0.027677,-0.01841,0.47204,0.786,0.52982,0.12841,0.12841,-7115.3,0.013195,0.36038,0.9868,0,21,6.1097,190.83,1.9127,2.3902,0
0.045932,0.55456,0.17482,1.583,-10.754,0.17556,0.057076,0.79777,1.0402,0.44241,0.057076,0.19033,0.069763,0.057076,1725.7,0.21151,1.8032,0.057076,0.033947,45.43,0.97247,0.079696,0.027319,0.21895,0.44241,0.19141,0.49304,0.33279,4.0715,0.32042,0.033947,67.716,5.3902,0.14371,0.079696,1.7,1.0422,0.69709,0.047401,0.092933,0.13031,0.047401,97.002,51.572,0.21949,0.88511,47.255,0.019477,0.011585,0.85598,0.29988,0.18552,0.8422,1.327,2060.8,0.038609,0.10382,0.96139,0.57567,8.0343,7.0775,65.102,5.6066,3.2007,0
0.031715,0.14408,0.69381,5.8154,64.932,0,0.031715,5.9406,1.4489,0.85592,0.032825,0.22012,0.02189,0.031715,1658.2,0.22012,6.9406,0.031715,0.02189,116.08,0.99446,0,0.02189,0.11932,0.8012,0.22012,0,4.2797,3.6421,0.082027,0.050392,40.975,8.9079,8.9079,0.004054,1.4489,,0.85592,0.002798,0.18572,,0,204.34,88.257,0.068827,2.6173,131.05,0,0,5.8154,0.14408,0.11226,5.2797,5.2797,3043,0.11417,0.037054,0.88723,0,3.1443,4.1356,36.297,10.056,8.9372,0
-0.2374,1.7638,-1.0065,0.40486,-156.13,-0.77938,-0.2374,-0.43304,3.3475,-0.7638,-0.079068,-0.14037,-0.047348,-0.2374,-4061.9,-0.08986,0.56696,-0.2374,-0.07092,44.602,1.3052,-0.079302,-0.07092,-1.4302,-1.0168,-0.08986,-0.50085,-3.1924,3.2294,0.5223,-0.025911,183.46,1.9895,1.9076,-0.017203,3.3475,5.628,-0.71482,-0.005139,0.014723,-149.03,-0.02369,71.944,27.342,-0.58037,0.16299,44.374,-0.15821,-0.047262,0.3882,1.6912,0.50264,-2.4225,-2.2672,-1706.8,-0.005139,0.31082,1.0708,-0.064127,8.1834,13.349,184.41,1.9793,10.617,0
0.1073,0.42476,0.56162,2.3222,45.039,0.17827,0.1073,0.4656,1.0214,0.19777,0.1073,0.25261,0.029974,0.1073,1355.8,0.26922,2.3543,0.1073,0.028124,8.2291,1.3317,0.085043,0.028124,0.17827,0.19777,0.26922,0.22768,41.248,4.6455,0.062052,0.028124,41.507,8.7937,0.20021,0.085043,3.8432,,0.19777,0.02229,0.46427,0.15163,0.02229,75.501,67.271,1.2474,2.1197,8.4053,0.077986,0.020441,2.3222,0.42476,0.11372,14.525,14.525,24831,0.020963,0.54254,0.97904,0,44.355,5.4258,40.637,8.982,280.2,0
0.007988,0.42382,0.08217,1.3849,18.507,0.027351,0.010733,1.0543,1.0005,0.44683,0.010733,0.050277,0.18854,0.010733,1024.6,0.35623,2.3595,0.010733,0.013403,21.022,0.89525,0.035072,0.009975,0.043925,0.44683,0.34976,0.43817,0.11666,4.8278,0.52418,0.013403,97.348,3.7494,0.082752,0.035072,0.85942,1.1863,0.65717,0.043797,0.02891,0.079477,0.043797,131.94,110.92,0.17319,1.1689,21.032,-0.10517,-0.13134,0.69757,0.21347,0.26671,0.63438,0.93301,5527.3,0.000472,0.017876,0.99953,0.47075,17.363,3.2906,97.302,3.7512,1.1369,0
0.20469,0.54468,0.63139,5.0298,119.95,0.00878,0.2975,0.83595,1.6202,0.45532,0.29807,1.8988,0.19676,0.2975,623.64,0.58527,1.8359,0.2975,0.18362,48.343,1.045,0.25836,0.12634,0.65095,0.29733,0.41486,453.24,2.9792,4.764,0.10064,0.18398,46.764,7.8052,2.2452,0.39726,1.6202,,0.45532,0.2452,2.5404,0.064926,0.15946,87.868,39.525,0.95387,3.6602,64.047,0.23708,0.14633,1.4469,0.15668,0.12812,2.1484,2.1484,36666,0.2452,0.44954,0.82209,0,7.5503,9.2346,35.298,10.341,7.6448,0
0.31282,1.103,-0.54846,0.48738,-45.919,-0.72806,0.2893,-0.093399,4.8961,-0.10302,0.32555,0.27039,0.075017,0.2893,1096.1,0.33299,0.9066,0.2893,0.059087,2.0204,2.4879,0.31504,0.063891,0.066033,-0.39974,0.35431,8.6901,-1.1461,4.3291,0.2142,0.066151,84.899,4.2992,4.1702,0.29633,4.8961,58.883,-0.094625,0.060524,0.051845,0.093547,0.064345,34.738,32.718,11.542,0.46205,2.1506,0.23704,0.048415,0.47275,1.0699,0.2326,-0.21528,-0.19773,-11700,0.060524,-3.0365,0.94137,-0.081492,180.66,11.156,79.76,4.5762,10.231,0
0.3354,0.54309,0.22533,1.4216,7.8427,0,0.3354,0.84131,3.3862,0.45691,0.34059,0.62749,0.10583,0.3354,553.18,0.65982,1.8413,0.3354,0.099049,16.546,1.2455,0.33977,0.099049,0.79625,0.34558,0.65982,65.419,0.93819,3.7201,0.13423,0.099738,63.965,5.7062,5.616,0.33618,3.3862,,0.45691,0.099281,0.17667,0.049909,0.10034,71.724,55.177,2.1849,1.1344,18.37,0.31682,0.093564,1.3991,0.5345,0.17525,1.9024,1.9024,1182.8,0.099281,0.73406,0.90111,0,22.059,6.615,57.615,6.3352,14.099,0
0.085056,0.37045,0.11113,1.3096,-2.3462,-0.000947,0.092686,1.6994,1.5003,0.62955,0.11418,0.25817,0.0854,0.092686,1055.3,0.34586,2.6994,0.092686,0.061779,28.302,1.2586,0.11066,0.056694,0.61803,0.60459,0.32526,5.1488,0.20974,3.906,0.23802,0.075766,92.876,3.93,3.8085,0.089397,1.5003,30.909,0.64099,0.059587,0.04769,0.084522,0.07376,110.21,81.912,0.73115,0.98552,30.096,0.075222,0.050139,1.2691,0.35901,0.25446,1.1881,1.2097,895.15,0.059587,0.13511,0.93939,0.018182,12.896,4.456,87.342,4.179,2.8315,0
0.000288,1.1161,-0.33064,0.67881,-515.55,-0.1986,-0.004341,-0.10399,1.106,-0.11606,-0.004341,-0.004217,0.042169,-0.004341,16335,0.022344,0.89601,-0.004341,-0.007341,171.08,1.6465,0.025619,0.000486,-0.22796,-0.11606,0.026492,0.47914,-1.0977,5.9426,1.6103,-0.007341,702.73,0.51941,0.022955,0.025619,0.61117,4.866,-0.029422,0.043321,0.27175,0.66838,0.043321,258.63,87.552,0.001038,0.40954,189.22,-0.00366,-0.006189,0.62611,1.0294,1.9253,-0.38531,-0.097675,-289720,0.095848,-0.002478,0.90415,-0.7465,2.1335,4.169,635.37,0.57447,1.9632,0
-0.16671,0.59899,-0.010436,0.98226,-42.677,-0.14126,-0.16953,0.57763,0.92996,0.34599,-0.16953,-0.28821,-0.09615,-0.16953,-1521.1,-0.23995,1.6695,-0.16953,-0.11341,25.285,1.4356,-0.16702,-0.11152,-0.1389,0.34599,-0.23524,-1.0391,-0.024717,4.6785,0.36577,-0.11341,133.57,2.7327,-0.27883,-0.16702,1.5611,44.029,0.35676,-0.11173,0.21375,-0.13945,-0.11173,110.38,85.096,-1.6099,0.80621,23.514,-0.19282,-0.12899,0.9646,0.58822,0.36594,0.81947,0.84498,-497.75,-0.075321,-0.48182,1.0753,0.03113,14.435,4.2893,143.63,2.5413,3.5404,0
0.044027,0.46652,0.030236,1.0761,-18.62,0,0.060172,1.1435,1.7562,0.53348,0.072591,0.15151,0.081763,0.060172,1185.9,0.30779,2.1435,0.060172,0.034263,20.493,0.9657,0.072406,0.02507,0.13885,0.25783,0.27318,5.8301,0.052804,3.5758,0.2537,0.041333,84.826,4.3029,3.6632,0.047217,1.7562,,0.53348,0.026886,0.092407,0.099796,0.04123,81.202,60.709,0.44653,0.82787,21.059,-0.011012,-0.00627,0.91614,0.39716,0.2324,0.93168,0.93168,113.86,0.026886,0.082528,0.96631,0,17.811,6.0123,82.545,4.4218,3.067,0
0.21462,0.17334,0.1534,3.9888,75.445,0.55332,0.25621,4.3589,1.6624,0.75556,0.25621,4.9919,0.4965,0.25621,224.21,1.628,5.7691,0.25621,0.4508,31.996,1.2043,0.22403,0.37762,0.65104,0.75556,1.388,6.5529,0.19289,6.2147,0.23565,0.4508,54.796,6.6611,1.2925,0.22403,0.64039,1.2696,0.87757,0.39418,1.496,0.022794,0.39418,82.167,50.172,4.3078,3.0181,53.19,0.19806,0.34848,1.1811,0.051326,0.15013,0.95006,1.1035,251490,0.39846,0.28405,0.60154,0.16149,11.408,7.275,32.962,11.073,0.71466,0
0.51485,0.20713,0.56895,3.7468,68.554,1.1471,0.63722,3.6522,1.2871,0.75648,0.63722,3.0764,0.25039,0.63722,109.13,3.3447,4.8279,0.63722,0.23031,21.218,1.5822,0.62296,0.18608,1.4198,0.75648,2.7539,2.8979,2.5408,4.3589,0.051354,0.23031,35.17,10.378,3.0075,0.62296,2.8057,,0.75648,0.22516,0.35911,0.010036,0.22516,92.569,71.352,3.2011,2.9703,27.309,0.56739,0.20507,3.7468,0.20713,0.096356,3.3783,3.3783,13001,0.22305,0.68058,0.77695,0,17.203,5.1155,27.325,13.358,12.356,0
0.17311,0.065331,0.60497,10.26,168.14,0.35774,0.21607,14.201,1.3005,0.92776,0.21607,3.3073,0.30099,0.21607,90.288,4.0426,15.307,0.21607,0.24624,129.47,1.1929,0.20353,0.19728,0.44856,0.92776,3.3851,3.0164,1.8349,4.8343,-0.062758,0.24624,35.34,10.328,3.1154,0.20353,0.90144,,0.92776,0.23195,1.8586,0.008538,0.23195,228.31,98.849,0.55619,5.496,168.36,0.15549,0.1772,10.26,0.065331,0.096823,2.8139,2.8139,41306,0.23104,0.18659,0.76896,0,2.8193,3.6925,27.175,13.431,2.6614,0
-0.031755,0.029261,0.93595,36.245,123.71,0.21062,-0.039005,28.491,0.90847,0.83368,-0.039005,-1.4688,-0.15122,-0.039005,-346.1,-1.0546,34.175,-0.039005,-0.19114,27.283,1.1482,-0.020796,-0.15562,0.23259,0.83368,-0.80685,-0.92581,24.965,5.1683,0.026236,-0.19114,43.151,8.4586,-0.7107,-0.020796,0.22853,350.09,0.83638,-0.10191,32.77,-0.076047,-0.10191,165.08,137.8,-2.0818,35.671,24.786,-0.028942,-0.14183,32.894,0.026556,0.11822,22.237,22.309,137880,-0.10076,-0.038091,1.1008,0.003246,13.378,2.6488,47.499,7.6844,5.443,0
0.041438,0.37269,0.12839,1.3445,-1.9279,0.30065,0.041438,1.6,1.0055,0.59631,0.041438,0.11119,0.012793,0.041438,893.69,0.40842,2.6832,0.041438,0.003483,5.7138,1.1032,0.045403,0.003483,0.30065,0.59631,0.40842,0.038369,0.25732,3.618,0.022885,0.003483,11.496,31.751,0.12182,0.045403,11.909,,0.59631,0.003816,0.28261,0.078454,0.003816,12.141,6.427,0.22249,0.84473,5.745,-0.065373,-0.005495,1.3445,0.37269,0.031495,1.1952,1.1952,532.74,0.005436,0.069491,0.99456,0,63.881,56.792,11.433,31.924,23.847,0
0.14239,0.53487,0.23052,1.4348,-35.219,0.22529,0.14239,0.86963,1.1359,0.46513,0.17566,0.26856,0.13255,0.14239,1296.6,0.28151,1.8696,0.14239,0.12535,102.84,0.99723,0.17468,0.12535,0.49722,0.45367,0.28151,5.2514,0.9634,3.9407,0.19273,0.13089,201.38,1.8125,1.7967,0.17496,1.1359,,0.46513,0.15402,0.60281,0.097501,0.15378,141.74,38.897,0.4449,0.83113,121.56,0.16651,0.14658,1.4223,0.5302,0.55173,1.9439,1.9439,2010.8,0.15402,0.30613,0.87593,0,3.5492,9.3838,170.36,2.1425,4.7474,0
-0.042544,0.63971,0.17109,1.5569,18.5,0,-0.048402,0.5632,1.4494,0.36029,-0.004246,-0.15754,-0.017276,-0.048402,-9325,-0.039142,1.5632,-0.048402,-0.033395,23.544,1.1054,-0.004654,-0.029353,0.075724,0.27199,-0.029985,-0.10539,0.32796,4.8322,0.40617,-0.02501,78.968,4.6221,2.2199,0.0293,1.4494,1.2592,0.66591,0.020216,0.18498,1.1398,-0.003211,106.14,82.6,-0.45505,1.2526,24.03,-0.028016,-0.019329,0.74772,0.30724,0.21635,0.69063,1.2765,11627,0.020216,-0.11808,1.0333,0.84828,15.503,4.4189,77.372,4.7175,2.7784,0
0.04901,0.60174,0.1285,1.22,-94.83,0,0.04901,0.66184,1.5035,0.39826,0.051578,0.083916,0.069985,0.04901,2087.4,0.17486,1.6618,0.04901,0.032598,87.153,1.1246,0,0.032598,-0.040268,0.33588,0.17486,0,0.44701,3.9039,0.38502,0.069331,217.2,1.6805,1.631,0.012552,1.5035,,0.39826,0.008349,0.061838,0.35683,0,164.22,77.062,0.13652,0.60535,133.51,-0.056211,-0.037388,1.1841,0.58403,0.59507,1.3854,1.3854,1030,0.34721,0.12306,0.65505,0,4.188,4.7364,141.79,2.5743,5.2301,0
0.05113,0.39172,0.060711,1.155,-29.563,0.25192,0.043292,1.5394,1.0355,0.60302,0.043292,0.11054,0.0519,0.043292,1401.3,0.26047,2.5528,0.043292,0.022021,38.981,1.1504,0.05957,0.026008,0.24571,0.60302,0.28048,0.31377,0.11086,5.4493,0.18512,0.022021,75.296,4.8475,0.15207,0.05957,1.9688,3254,0.6031,0.030301,0.075636,0.10885,0.030301,78.485,39.504,0.24352,0.61892,40.366,0.00083,0.000422,1.1548,0.39165,0.20629,1.1011,1.1013,17082,0.0343,0.084789,0.9657,0.000124,9.3635,9.2395,72.713,5.0197,3.5898,0
0.041339,0.71458,-0.41667,0.39507,-153.52,-0.006666,0.052043,0.39943,1.0803,0.28542,0.052043,0.075557,0.099311,0.052043,2114.1,0.17265,1.3994,0.052043,0.041894,12.712,1.2235,0.089756,0.033277,-0.005827,0.28542,0.15767,0.78053,-0.57244,5.0803,0.57524,0.041894,218.62,1.6695,0.12561,0.089756,1.2536,8.8726,0.31122,0.072252,0,0.14584,0.072252,79.953,67.241,0.95549,0.33225,13.733,0.018429,0.014835,0.38081,0.68878,0.59897,0.39213,0.42756,-50128,0.074311,0.14484,0.92569,0.090368,28.713,5.4283,202.38,1.8036,1.7067,0
0.049115,0.70267,-0.085215,0.83864,-47.199,0.10386,0.059004,0.42314,1.0309,0.29733,0.059004,0.11173,0.051313,0.059004,2137,0.1708,1.4231,0.059004,0.025227,31.671,1.3578,0.074571,0.020999,0.12923,0.29733,0.15673,0.32869,-0.15296,4.3211,0.29996,0.025227,84.962,4.2961,0.10613,0.074571,2.3459,1.3744,0.4719,0.031883,0.004503,0.17038,0.031883,68.743,37.072,0.24201,0.45433,32.651,0.013557,0.005796,0.63028,0.52809,0.23277,0.53369,0.84704,-1784.8,0.030006,0.16519,0.96999,0.58716,11.525,9.8458,82.412,4.429,4.1982,0
0.036437,0.18553,0.79717,5.416,108.41,0,0.050182,4.39,1.9817,0.81447,0.052814,0.27798,0.02904,0.050182,1176.7,0.31019,5.39,0.050182,0.025322,41.53,1.047,0.051292,0.018386,0.18561,0.7983,0.23611,19.485,35.737,3.4902,0.07323,0.025322,34.575,10.557,10.272,0.076051,1.9817,,0.81447,0.038376,0.22383,0.10543,0.025882,172.63,131.1,0.16159,4.1669,43.188,0.043925,0.022165,5.2697,0.18052,0.094727,36.512,36.512,2464.7,0.038375,0.044737,0.9747,0,8.7888,2.7841,33.248,10.978,88.84,0
0.047256,0.34249,0.39073,2.6618,27.241,0.003465,0.049382,1.9198,0.98473,0.65751,0.068729,0.21003,0.090343,0.049382,1405.2,0.25975,2.9198,0.049382,0.050148,119.3,1.0819,0.060057,0.047988,0.17971,0.63897,0.25354,3.1042,1.0443,4.448,0.26269,0.057546,91.707,3.9801,2.7324,0.048919,0.98473,3.3876,0.74725,0.049677,0.36098,0.11458,0.060988,200.52,81.223,0.14683,1.293,125.53,0.020475,0.020793,1.8273,0.23513,0.25125,1.7574,1.9972,10962,0.049677,0.071871,0.95138,0.13649,3.0596,4.4938,87.151,4.1881,2.632,0
0.002734,0.90791,-0.28134,0.50914,-124.58,-0.13726,0.002734,0.10143,1.3926,0.092093,0.12105,0.00477,0.030426,0.002734,7820.9,0.04667,1.1014,0.002734,0.001963,39.378,1.3265,0.12104,0.001963,-0.027336,-0.13176,0.04667,1.0231,-0.39726,3.8255,0.63465,0.022139,162.27,2.2493,1.42,0.10339,1.3926,0.43378,0.41848,0.074244,0.043509,0.18835,0.086916,69.949,30.571,0.018197,0.24701,42.536,0.081401,0.058453,0.32142,0.57315,0.44457,0.13004,0.59091,-1882.5,0.074244,0.029686,0.99806,3.544,9.2692,11.939,150.22,2.4297,1.9665,0
0.12774,0.26458,0.62812,3.374,62.68,0.17543,0.12827,2.7366,1.0698,0.72407,0.12827,0.4848,0.065663,0.12827,572.46,0.6376,3.7795,0.12827,0.049927,30.348,12.384,0.16372,0.049721,0.18438,0.72407,0.63559,0.68175,5.8539,4.014,0.036756,0.049927,40.215,9.0763,0.61878,0.16372,2.5803,,0.72407,0.063725,0.65603,0.04261,0.063725,102.17,71.818,0.598,2.5666,32.468,0.12329,0.047989,3.374,0.26458,0.11018,6.7481,6.7481,6486.6,0.065279,0.17642,0.93472,0,12.027,5.0823,37.59,9.7101,23.944,0
0.017101,0.66706,0.027113,1.0595,-13.597,0.008846,0.019704,0.49912,0.88557,0.33294,0.041187,0.043272,0.094607,0.019704,2906.1,0.1256,1.4991,0.019704,0.02225,22.821,0.99388,0.037929,0.01931,0.055069,0.30863,0.12169,1.7656,0.052389,4.8032,0.69154,0.041898,190.93,1.9117,1.305,0.015069,0.88557,2.8582,0.48237,0.017017,0.12487,0.21798,0.042831,175.42,152.6,0.30885,0.93795,23.216,-0.026147,-0.029526,0.72327,0.45535,0.5231,0.64332,0.93205,1723.2,0.017017,0.051362,0.97843,0.44881,15.994,2.3919,187.68,1.9448,1.7111,0
-0.10732,1.0536,-0.16893,0.83899,-57.301,0.000001,-0.10732,-0.050885,3.3475,-0.053613,-0.074621,-0.1023,-0.027453,-0.10732,-4184.7,-0.087222,0.94912,-0.10732,-0.032061,38.203,0.88592,-0.076964,-0.032061,0.089064,-0.10732,-0.087222,-2.3534,-1.4102,2.9689,0.31425,-0.025798,114.63,3.1842,3.1707,0.00682,3.3475,,-0.053613,0.002037,0.011107,-0.57071,-0.022991,94.705,56.503,-0.30632,0.50503,38.281,-0.092389,-0.0276,0.83543,1.0491,0.31405,-0.44758,-0.44758,-157.26,0.002037,2.0018,1.032,0,9.5543,6.4599,114.4,3.1907,27.946,0
0.1044,0.060469,0.25972,5.2952,29.812,0.40783,0.1044,15.087,1.0353,0.9123,0.1044,1.7265,0.073188,0.1044,110.92,3.2906,16.537,0.1044,0.038401,6.4884,1.0301,0.10009,0.038401,0.40783,0.9123,3.2906,0.38117,0.38206,4.0394,-0.036325,0.038401,8.4049,43.427,1.6553,0.10009,2.7338,,0.9123,0.036816,2.6624,0.010212,0.036816,21.374,14.885,2.1602,4.4959,6.7176,0.005518,0.00203,5.2952,0.060469,0.023027,1.342,1.342,2844.1,0.034117,0.11444,0.96588,0,56.254,24.521,8.1182,44.961,3.9992,0
0.071455,0.47009,0.31344,1.6672,46.027,0.025528,0.091811,0.71539,1.0573,0.3363,0.091811,0.19545,0.081376,0.091811,1129.2,0.32323,2.1272,0.091811,0.04917,4.2289,1.1994,0.091205,0.038268,0.041022,0.3363,0.27993,0.51643,1.4457,4.6323,0.19931,0.04917,97.085,3.7596,0.19402,0.091205,1.8811,2221.4,0.33664,0.048845,0.36538,0.10212,0.048845,119.54,115.31,3.3029,1.6212,4.4711,0.031068,0.016639,1.666,0.46975,0.26598,1.5511,1.5527,13440,0.05418,0.21247,0.94582,0.001019,86.311,3.1653,91.824,3.975,8.6122,0
0.02331,0.60443,-0.16084,0.6147,-67.267,-0.17217,0.030326,0.54986,1.0512,0.33235,0.030326,0.072648,0.095909,0.030326,1515.9,0.24079,1.6545,0.030326,0.019985,20.431,0.90739,0.064734,0.015361,-0.17297,0.33235,0.22918,0.44842,-0.21636,4.0496,0.39552,0.019985,105.55,3.4582,0.1071,0.064734,1.5237,0.91804,0.51934,0.042659,0.015989,0.11043,0.042659,60.115,39.684,0.27443,0.41122,21.476,-0.050479,-0.033265,0.42454,0.41744,0.28916,0.44707,0.6986,-1803,0.048674,0.070137,0.95133,0.56262,17.865,9.1976,100.41,3.6352,2.0413,0
0.25286,0.52327,0.32342,1.6694,58.723,0,0.31313,0.91107,2.0662,0.47673,0.31986,0.64815,0.16501,0.31313,560.2,0.65156,1.9111,0.31313,0.15155,5.8717,1.2021,0.30746,0.12238,0.53805,0.46875,0.53637,45.682,1.6718,4.2785,0.10234,0.15303,100.11,3.6978,3.414,0.30465,2.1063,,0.47673,0.14745,0.65226,0.052026,0.14881,86.812,80.94,7.6076,1.6006,6.791,0.27965,0.13535,1.5414,0.48312,0.27043,2.4642,2.4642,6142,0.14745,0.53041,0.85134,0,62.163,4.5095,85.346,4.2767,10.68,0
0.11965,0.13053,0.81097,7.213,40.73,-0.32939,0.14758,6.6612,3.5746,0.86947,0.14759,1.1306,0.044839,0.14758,297.24,1.228,7.6612,0.14758,0.041285,43.176,0.75066,0.14759,0.033472,0.73957,0.83546,1.014,15497,13.863,3.1673,0.023636,0.041288,13.927,26.209,26.209,0.15361,3.5746,,0.86947,0.042973,0.37194,0.027144,0.041288,91.178,48.002,0.28296,3.9735,45.115,0.13488,0.037734,7.213,0.13053,0.038155,14.863,14.863,1192.1,0.042974,0.13761,0.95873,0,8.4537,7.6039,13.328,27.386,61.106,0
-0.009717,0.15789,0.61199,12.311,283.55,0,-0.009717,5.3337,0.51908,0.84211,-0.009717,-0.1796,0.002313,-0.009717,48007,0.007603,6.3337,-0.009717,-0.01872,215.07,1.0837,0,-0.01872,0.096015,0.41959,0.007603,,1.8329,4.0554,-0.34295,-0.036109,50,7.3,2.5016,0.008052,0.51908,,0.84211,0.015512,6.2757,0.48206,0,229.62,14.549,-0.031769,6.6581,282.66,-0.010917,-0.021032,4.2189,0.054105,0.13699,2.522,2.522,6952.4,0.2391,-0.011539,0.78332,0,1.6971,25.088,38.045,9.5938,1.5546,0
0.008359,0.47726,0.50349,2.055,-2.8317,0.57036,0.013993,1.0289,1.0055,0.49106,0.013993,0.02932,0.010568,0.013993,7953.8,0.04589,2.0953,0.013993,0.006752,90.482,1.0266,0.016236,0.004034,0.71067,0.49106,0.034086,0.078775,26.163,4.0198,0.22236,0.006752,84.518,4.3186,0.03402,0.016236,2.0793,,0.49106,0.007834,0.046817,0.64986,0.007834,168.8,78.316,0.016272,0.97852,90.978,0.008328,0.004018,2.055,0.47726,0.23156,25.517,25.517,5270.2,0.005459,0.017023,0.99454,0,4.034,4.6606,84.056,4.3423,107.69,0
-0.018251,0.36311,0.076706,1.2151,-40.334,-0.059191,-0.018251,1.7476,1.0173,0.63458,-0.018251,-0.051176,0.033905,-0.018251,3138,0.11632,2.754,-0.018251,-0.014651,59.515,1.0798,0.007743,-0.014651,-0.059191,0.63458,0.11632,0.063232,0.13536,4.6981,0.28307,-0.014651,106.31,3.4335,0.021323,0.007743,1.2525,35.485,0.64107,0.006215,0.040623,0.17497,0.006215,122.72,63.209,-0.089852,0.64553,60.547,-0.052744,-0.042341,1.1934,0.35663,0.29125,1.1198,1.1313,3828,0.017041,-0.02876,0.98296,0.010224,6.1329,5.7745,104.49,3.493,2.1983,0
0.032187,0.88292,0.11708,1.1326,-131.57,0,0.083783,0.13261,1.1545,0.11708,0.098205,0.094893,0.073406,0.083783,3802.7,0.095985,1.1326,0.083783,0.072571,0.60144,1.7906,0.097336,0.02788,0.10816,0.098217,0.037547,6.7489,,3.5472,0.54765,0.072584,305.04,1.1965,1.1965,0.098037,1.1545,,0.11708,0.084918,0.85125,0.2994,0.08431,78.539,77.937,16.92,1.1305,0.65725,0.096371,0.083475,1.1326,0.88292,0.83574,,,412.73,0.084918,0.27491,0.92749,0,606.88,4.6833,279.14,1.3076,,0
0.004283,0.56985,0.026528,1.0524,-45.343,0.047986,0.009536,0.49519,1.0085,0.28218,0.009536,0.018818,0.016167,0.009536,8029.3,0.045459,1.7549,0.009536,0.005951,11.772,1.2109,0.023418,0.002673,0.070948,0.28218,0.03624,0.1474,0.056836,4.7094,0.31134,0.005951,116.41,3.1354,0.041095,0.023418,1.6146,7.6282,0.34531,0.014615,0.4813,0.47088,0.014615,65.916,54.144,0.082873,0.95037,11.872,0.007049,0.004399,0.93577,0.50672,0.31894,0.60457,0.73982,1358.6,0.008448,0.015176,0.99155,0.22372,31.007,6.7413,115.43,3.1621,3.4329,0
0.041566,0.35119,-0.18789,0.31204,-301.84,0.14206,0.068311,1.7836,1.3126,0.62641,0.068311,0.25012,0.29547,0.068311,1296.5,0.28153,2.8474,0.068311,0.20414,0,1.0653,0.074573,0.12422,0.18395,0.62641,0.20538,2.9253,-0.2054,4.0027,0.86745,0.20414,391.05,0.93339,0.21234,0.074573,0.33713,1.0915,0.70448,0.22286,0.2239,0.10982,0.22286,26.259,26.259,,0.31204,0,0.044013,0.13153,0.24267,0.27312,1.0714,0.68477,0.77012,-1890.8,0.23817,0.066356,0.76183,0.12464,,13.9,297.91,1.2252,0.3658,0
-0.000961,0.89086,0.099618,4.3117,-1420.2,-0.14633,-0.000016,0.12251,0.053039,0.10914,0.94715,-0.000525,0.3647,-0.000016,16810,0.021713,1.1225,-0.000016,-0.000298,434.82,0.6751,-0.042627,-0.018119,0.001641,-0.056255,0.020652,-0.045005,0.11446,3.8019,16.726,-0.000298,111.65,3.6124,0.12198,-0.045294,0.053039,0.077418,0.96829,-0.85398,0.14836,-1.2762,-0.8037,861.83,427.02,-0.01521,2.2112,212.24,-0.061987,-1.1687,0.14559,0.03008,0.27682,0.1254,1.1126,631.28,-0.85398,-0.008806,19.907,7.8723,0.83944,0.85476,207,1.7632,0.060943,0
-0.09679,0.45635,-0.076122,0.82776,-51.917,0,-0.09679,1.1913,1.723,0.54365,-0.092339,-0.219,-0.009501,-0.09679,-10175,-0.035871,2.1913,-0.09679,-0.056177,35.299,0.82982,-0.092615,-0.056177,-0.1771,0.16493,-0.035871,-20.804,-0.12004,3.7227,0.24233,-0.056177,88.75,4.1189,3.989,-0.094698,1.7281,,0.54365,-0.054962,0.10637,-1.2474,-0.053753,67.542,32.243,-0.58088,0.48339,33.41,-0.17304,-0.10043,0.80166,0.44196,0.24278,0.85727,0.85727,-402,-0.054951,-0.17804,1.0534,0,10.34,11.32,93.627,3.8985,2.7169,1
-0.14303,0.78009,-0.31234,0.48517,-228.52,-0.29223,-0.14303,0.2819,0.70113,0.21991,-0.12356,-0.23576,-0.204,-0.14303,-1990.7,-0.18335,1.2819,-0.14303,-0.204,114.96,1.0142,-0.13401,-0.204,-0.48218,-0.43526,-0.18335,-6.8802,-0.44262,3.9746,1.1115,-0.18392,362.1,1.3958,1.0855,-0.14059,0.7182,0.53635,0.35696,-0.20052,0.008431,-0.19405,-0.19113,150.57,35.606,-0.64769,0.12117,95.19,0,0,0.37732,0.60668,0.99205,0.31164,0.50586,-2946.2,0.12778,-0.65043,1.2062,0.62325,3.1749,10.251,315.83,1.1557,0.99359,1
0.19711,0.20254,0.46658,3.3036,40.178,0.77858,0.24454,3.8284,1.2839,0.77541,0.24454,1.2074,0.23403,0.24454,254.11,1.4364,4.9373,0.24454,0.19671,105.76,1.268,0.27077,0.15856,0.96363,0.77541,1.2022,2.7966,1.4101,5.8694,0.15517,0.19671,76.352,4.7805,1.3369,0.27077,1.2459,,0.77541,0.21782,0.064868,0.020995,0.21782,192.61,86.844,0.54721,1.5252,135.79,0.22439,0.1805,3.3036,0.20254,0.20918,2.3434,2.3434,345430,0.22112,0.2542,0.77888,0,3.4511,4.2029,59.469,6.1376,3.7569,0
0.000576,0.66105,-0.069678,0.67362,-66.974,0,0.002169,0.51274,0.5664,0.33895,0.013061,0.010158,0.065075,0.002169,6546.2,0.055757,1.5127,0.002169,0.003829,16.629,1.4649,0.011706,0.001016,0.1425,0.33779,0.053347,1.0746,-0.081381,4.6341,1.1627,0.022257,137.62,2.6523,0.85655,0.000177,0.5664,1.0957,0.44664,0.000312,0.027647,0.47494,0.020667,88.87,72.241,0.022303,0.55275,16.634,-0.022984,-0.04058,0.21755,0.21349,0.37704,0.39588,0.52166,-3000.7,0.000312,0.001698,0.99627,0.31773,21.949,5.0525,137.58,2.6531,0.66153,0
0.10502,0.51654,0.52197,2.0925,37.838,0,0.13645,0.93597,3.0099,0.48346,0.15921,0.28558,0.045875,0.13645,1365.4,0.26732,1.936,0.13645,0.045333,23.854,0.74227,0.14473,0.034891,0.5324,0.45969,0.20647,6.3595,2249.8,3.3229,0.12002,0.045333,61.468,5.938,5.4926,0.17274,3.0099,,0.48346,0.05739,0.38201,0.11764,0.048085,99.104,75.25,0.53387,1.6808,25.307,0.1431,0.047544,1.9355,0.47779,0.16841,2083.8,2083.8,1097.9,0.05739,0.21722,0.95492,0,15.301,4.8505,57.941,6.2996,12973,0
-0.084381,0.22485,0.097051,1.4316,-119.22,-0.084381,-0.084381,2.7418,0.76553,0.6165,-0.084381,-0.37527,-0.17972,-0.084381,-1259.5,-0.28979,4.4473,-0.084381,-0.23274,204.43,0.57674,-0.084994,-0.23274,-0.084381,0.6165,-0.28979,,0.14319,3.518,0.52828,-0.23274,173.29,2.1063,-0.378,-0.084994,0.39229,,0.6165,-0.23443,0.34594,-0.11239,-0.23443,245.76,41.329,-0.41553,0.52851,156.5,-0.10421,-0.28744,1.4316,0.22485,0.47477,0.90958,0.90958,319.88,-0.30628,-0.13687,1.3063,0,1.7854,8.8316,226.37,1.6124,0.53491,1
0.01169,0.61582,0.17488,1.3403,-3.2193,0.26092,0.018478,0.62386,1.1461,0.38418,0.031865,0.035952,0.041165,0.018478,4764.4,0.076611,1.6239,0.018478,0.016123,53.456,1.1288,0.031685,0.0102,0.13892,0.3694,0.065588,2.3668,0.56206,3.5293,0.36714,0.027804,168.11,2.1712,1.8122,0.0301,1.1461,,0.38418,0.026264,0.41211,0.33994,0.027647,151.93,98.473,0.069649,1.0137,54.897,0.002985,0.002604,1.1186,0.51397,0.46056,1.2347,1.2347,591.6,0.026264,0.030429,0.98466,0,6.8281,3.7066,163.69,2.2298,3.6834,0
0.18317,0.4232,-0.1685,0.60184,-11.72,0.93289,0.18317,1.3564,1.0234,0.57404,0.18317,0.43282,0.035941,0.18317,541.13,0.67452,2.363,0.18317,0.023062,3.4209,1.0257,0.18284,0.023062,0.93289,0.57404,0.67452,0.23559,-0.22609,3.5162,0.037605,0.023062,19.903,18.339,0.43204,0.18284,7.9442,,0.57404,0.023021,0.30934,0.048798,0.023021,5.6887,2.2678,2.4607,0.42594,3.5009,0.080553,0.010142,0.60184,0.4232,0.05453,0.77021,0.77021,-553.14,0.022846,0.31909,0.97715,0,106.7,160.95,19.449,18.767,10.657,0
0.003285,0.71095,0.25582,1.4846,-11.694,-0.23002,0.010859,0.40656,1.4154,0.28905,0.063841,0.02057,0.049195,0.010859,3726.9,0.097936,1.4066,0.010859,0.007672,76.294,2.1075,-0.028203,0.002321,0.11139,-0.22673,0.087283,-0.53231,1.1828,3.9821,0.48442,0.012502,136.28,2.6783,1.9887,0.001464,1.4154,3.0963,0.44662,0.001034,0.055534,0.77532,-0.019926,194.55,118.26,0.011104,0.92418,76.373,-0.086972,-0.061449,1.1024,0.5279,0.37337,1.3365,2.065,2455.1,0.001034,0.011365,0.99284,0.54513,4.7841,3.0865,136.14,2.6811,6.5442,0
0.010085,0.57286,0.37026,1.6463,39.395,0,0.012872,0.74563,1.4842,0.42714,0.018803,0.022469,0.021647,0.012872,6507.8,0.056086,1.7456,0.012872,0.008672,51.238,1.1615,0.018538,0.006795,0.038367,0.41554,0.051223,3.1255,6.5097,3.6345,0.38048,0.012076,141.55,2.5785,2.5785,0.007105,1.4842,,0.42714,0.004787,0.018332,0.50521,0.01249,229.35,178.11,0.048404,1.2826,51.484,-0.00072,-0.000485,1.6463,0.57286,0.38781,7.5097,7.5097,1595.9,0.004787,0.023611,0.9914,0,7.1237,2.0493,140.87,2.591,26.095,0
0.009359,0.46223,0.11333,1.2549,-92.857,0,0.009478,1.1634,1.4469,0.53777,0.028016,0.021318,0.036509,0.009478,3193.8,0.11428,2.1634,0.009478,0.00655,116.64,0.89136,0.027737,0.006469,-0.16141,0.49595,0.11403,1.4962,0.25637,3.8558,0.31661,0.01522,114.01,3.2014,3.0793,0.023555,1.4469,5.5037,0.55513,0.01628,0.024769,0.21675,0.01917,137.97,21.323,0.020241,0.21489,118.57,-0.015611,-0.010789,1.2071,0.4446,0.31236,1.2165,1.2558,813.11,0.01628,0.017404,0.99348,0.032281,3.1292,17.117,112.16,3.2544,3.2731,0
-0.12227,0.88975,-0.16985,0.56837,-128.26,-0.10046,-0.13698,0.12391,0.90497,0.11025,-0.060522,-0.34811,-0.045549,-0.13698,-7878.6,-0.046328,1.1239,-0.13698,-0.15137,55.422,1.142,-0.060969,-0.13511,-0.22579,0.10495,-0.029794,-0.7974,-0.21878,4.1895,0.96765,-0.10164,146.68,2.4884,1.1005,-0.074229,0.90497,0.18128,0.586,-0.082024,0.054772,0.85246,-0.067372,81.513,26.092,-0.88982,0.21917,51.22,-0.15673,-0.17319,0.25137,0.3935,0.40186,0.14201,0.75482,-2627.4,-0.082024,-1.109,1.148,4.3153,6.5859,13.989,158.71,2.2998,1.1657,0
0.16683,0.40228,0.26865,1.6696,-19.776,0.22865,0.20795,1.2934,1.1342,0.52032,0.20795,0.51832,0.13691,0.20795,607.17,0.60115,2.4858,0.20795,0.11773,72.47,1.2889,0.20759,0.094448,0.29223,0.52032,0.49892,1.3329,0.81373,4.3455,0.21592,0.11773,94.029,3.8818,0.51603,0.20759,1.7776,297.74,0.52139,0.11752,0.056131,0.054772,0.11752,133.76,61.295,0.47569,0.79546,82.194,0.17371,0.098344,1.6651,0.40121,0.25761,1.576,1.5793,5952.4,0.1183,0.32063,0.8817,0.00206,5.0366,5.9548,82.906,4.4026,5.3503,0
0.1269,0.60746,-0.1261,0.79241,-46.65,0.26527,0.15965,0.58595,1.0713,0.35594,0.15965,0.26281,0.070082,0.15965,991.38,0.36817,1.6462,0.15965,0.050026,28.763,1.4587,0.1938,0.039763,0.26422,0.35594,0.31426,0.65055,-0.24314,5.3867,0.18964,0.050026,74.431,4.9039,0.31902,0.1938,3.2058,,0.35594,0.060727,0.003948,0.077469,0.060727,54.781,26.018,0.50459,0.37842,30.813,0.12979,0.040671,0.79241,0.60746,0.20392,0.6863,0.6863,-30721,0.066537,0.35651,0.93346,0,12.69,14.029,69.478,5.2534,6.1532,0
-0.19281,0.53936,0.19845,1.6927,17.62,0,-0.19281,0.85406,1.8909,0.46064,-0.19281,-0.67302,-0.095996,-0.19281,-1084.5,-0.33655,1.8541,-0.19281,-0.10197,20.822,0.52996,0,-0.10197,-0.27126,-0.071375,-0.33655,,0.38528,3.1061,0.27534,-0.20455,61.791,5.907,3.1376,0.037482,1.8909,6,0.52349,0.019822,0.094294,1.5928,0,88.391,67.569,-1.7874,1.3162,23.266,-0.011287,-0.005969,0.89909,0.28648,0.16929,0.89434,1.0163,253.35,0.10506,-0.41856,0.89571,0.13643,17.53,5.4019,55.299,6.6005,3.6712,0
0.55656,0.41435,0.44126,2.0649,81.211,0,0.69263,1.4134,2.3954,0.58565,0.69937,1.6716,0.29651,0.69263,212.93,1.7142,2.4134,0.69263,0.28915,0.93783,1.2223,0.69833,0.23235,1.4774,0.54918,1.3858,103.65,3.0558,3.6421,0.16918,0.29196,88.511,4.1238,4.1238,0.68674,2.3954,,0.58565,0.28669,0.15139,0.019291,0.29153,120.81,119.88,90.428,2.0501,1.3148,0.68071,0.28417,2.0649,0.41435,0.2425,4.0558,4.0558,1935.5,0.28669,0.95032,0.71237,0,389.2,3.0448,63.136,5.7812,16.589,0
0.059189,0.55223,-0.092161,0.71765,-53.844,0,0.068521,0.81084,1.0733,0.44777,0.07645,0.20993,0.164,0.068521,1145.1,0.31874,1.8108,0.068521,0.063842,20.106,1.0914,0.074295,0.055147,0.11773,0.39518,0.30184,9.3701,-0.12035,3.8811,0.49732,0.069778,106.58,3.4245,2.0241,-0.044503,1.0733,1.0191,0.61962,-0.041465,0.056035,0.10126,0.069222,73.442,53.336,1.0012,0.53652,19.305,-0.033203,-0.030936,0.42418,0.32641,0.29201,0.58474,0.80916,-700.94,-0.041465,0.13219,0.94338,0.38379,18.154,6.8434,111,3.2882,1.4016,0
0.064777,0.88632,0.41435,1.7358,14.323,0,0.079817,0.12826,2.9359,0.11368,0.092149,0.14173,0.032121,0.079817,3430.5,0.1064,1.1283,0.079817,0.027187,37.17,1.4808,0.072463,0.022064,0.10022,0.082187,0.08943,5.8761,18.429,3.8028,0.22185,0.027339,71.627,5.0958,3.2379,0.0661,2.9359,347.52,0.11563,0.022515,0.4204,0.33978,0.024682,92.094,54.924,0.21666,1.2049,38.026,0.057976,0.019747,1.1029,0.56316,0.19624,5.0559,5.1428,2631.5,0.022514,0.56982,0.97305,0.017176,9.8197,6.6456,70.015,5.2132,130.58,0
0.11184,0.32649,0.4113,2.3963,93.506,0.14824,0.11873,2.0629,1.1214,0.67351,0.11873,0.40308,0.18232,0.11873,849.78,0.42952,3.0629,0.11873,0.15436,30.922,1.1802,0.10628,0.1454,0.18647,0.67351,0.40842,1.5496,1.3983,4.7039,0.35883,0.15436,156.75,2.3285,0.32553,0.10628,0.83772,20.067,0.70544,0.13818,0.76067,0.083999,0.13818,228.63,197.71,1.7163,2.1751,34.677,0.084777,0.11022,2.162,0.29456,0.42946,2.2898,2.3983,20799,0.10828,0.16606,0.89172,0.047406,11.804,1.8461,139.78,2.6112,2.615,0
0.28621,0.23783,0.68997,3.9011,437.18,0,0.58578,3.2047,5.4061,0.76217,0.58578,2.463,0.11202,0.58578,143.35,2.5463,4.2047,0.58578,0.10835,0,1.744,0.53759,0.052941,1.2731,0.70184,1.2866,,9.5569,2.9184,0.03717,0.10835,17.83,20.471,20.471,0.53759,5.4061,,0.76217,0.09944,0.16623,0.014223,0.09944,59.972,59.972,,3.9011,0,0.51779,0.095778,3.9011,0.23783,0.04885,10.557,10.557,571.81,0.09944,0.37552,0.90056,0,,6.0862,16.057,22.731,74.881,0
0.1283,0.16163,0.74099,5.5843,142.32,0,0.15987,5.1868,1.4807,0.83837,0.16054,0.98909,0.11226,0.15987,354.94,1.0283,6.1868,0.15987,0.10797,53.615,0.88017,0.15342,0.086652,0.40002,0.82717,0.83305,229.33,7.6092,3.9924,0.023451,0.10842,44.41,8.2188,8.2188,0.15225,1.4807,,0.83837,0.10282,0.79015,0.033723,0.10362,191.02,137.4,0.58991,4.2387,59.759,0.14708,0.099331,5.5843,0.16163,0.12167,8.6092,8.6092,7281.3,0.10282,0.15304,0.89264,0,6.8078,2.6564,39.844,9.1607,15.205,0
0.074182,0.20737,0.48139,4.1067,94.063,-0.002205,0.077599,3.8222,1.4993,0.79263,0.078121,0.50079,0.11386,0.077599,443.37,0.82324,4.8222,0.077599,0.051756,31.358,0.97538,0.044731,0.049477,0.16126,0.62171,0.80676,85.669,1.3238,5.0501,-0.042924,0.05204,40.022,9.12,6.8146,0.086169,1.4993,,0.79263,0.057472,1.8032,0.050145,0.029834,86.895,55.537,0.5759,3.2754,33.27,-0.048387,-0.032273,3.0686,0.15495,0.10965,2.1796,2.1796,54032,0.057472,0.093591,0.95042,0,11.64,6.5723,37.722,9.6761,4.1229,0
0.009598,0.71444,0.084442,1.1226,-28.564,-0.065358,0.009598,0.39969,3.7309,0.28556,0.043686,0.01393,0.005463,0.009598,12794,0.02853,1.3997,0.009598,0.002573,36.652,0.89933,0.041704,0.002573,-0.05576,0.1502,0.02853,1.2234,0.37275,3.002,0.18799,0.011708,67.07,5.442,5.2484,-0.018734,3.7309,,0.28556,-0.005021,0.028329,0.45371,0.011178,73.759,37.106,0.025618,0.57881,36.469,0.030919,0.008287,1.0826,0.68902,0.18375,1.2605,1.2605,84.84,-0.005021,0.033611,0.99748,0,9.9585,9.8366,67.407,5.4148,16.469,0
0.051848,0.5209,0.4137,1.8281,-3.1404,0.16696,0.06503,0.9197,1.0487,0.47907,0.06503,0.13017,0.049103,0.06503,2277.3,0.16028,1.9198,0.06503,0.038246,91.02,0.93383,0.083359,0.030493,0.2118,0.47907,0.13497,0.51411,4.7696,4.4436,0.30449,0.038246,112.46,3.2457,0.16003,0.083359,1.7072,22.929,0.50041,0.049025,0.013719,0.1682,0.049025,194.58,103.56,0.12228,0.97937,95.448,0.064899,0.038169,1.7532,0.49956,0.3081,5.5232,5.7692,11489,0.046396,0.10823,0.9536,0.04454,4.0101,3.5247,107.24,3.4036,19.603,0
0.045394,0.18885,0.27947,2.4831,-273.76,-0.081648,0.045394,4.2952,0.42553,0.81115,0.045394,0.24089,0.6281,0.045394,257.9,1.4153,5.2952,0.045394,0.10667,144.65,2.3064,0,0.10667,0.1113,0.60418,1.4153,,0.52523,3.6961,0.30186,0.23907,900.35,0.4054,0.40452,0.000077,0.42553,,0.81115,0.00018,0.32151,0.028371,0,349.38,204.73,0.26917,1.5881,805.76,-0.22188,-0.52142,2.4777,0.18844,2.4667,1.5245,1.5245,1388.1,0.82047,0.055962,0.18237,0,2.5233,1.7829,161.64,2.2582,0.79975,0
0.008177,0.57524,-0.022666,0.92659,-80.722,0.002917,0.004107,0.73841,0.71903,0.42476,0.042075,0.013301,0.041201,0.004107,7087.4,0.0515,1.7384,0.004107,0.005711,46.846,1.2466,0.025982,0.011372,-0.21741,0.35768,0.058576,0.68431,-0.03175,5.1393,0.80002,0.005711,182.38,2.0787,1.1157,0.1011,0.71903,0.72727,0.69125,0.14061,0.057926,0.37232,0.036135,136.15,89.302,0.088608,0.6277,52.482,0.000464,0.000646,0.49734,0.30875,0.48106,0.59498,0.96825,0.92659,0.14061,0.019251,0.91417,0.62737,7.7915,4.0873,156.73,2.3288,1.0072,0
-0.45622,0.9612,-0.57137,0.36061,-162.35,-2.3822,-0.45622,0.040371,1.2677,0.038805,-0.42194,-0.51053,-0.30432,-0.45622,-909.41,-0.40136,1.0404,-0.45622,-0.35988,46.554,0.5059,-0.42494,-0.35988,-1.0842,-2.1371,-0.40136,-12.395,-0.84304,4.1595,0.73686,-0.33297,191.73,1.9037,1.7699,-0.43349,1.2677,,0.038805,-0.34195,0.032933,-0.09038,-0.3352,84.309,37.755,-2.8216,0.17967,34.691,-0.49537,-0.39076,0.33526,0.89362,0.52529,0.057255,0.057255,-8249.4,-0.34195,-11.757,1.3529,0,7.8404,9.6676,257.29,1.4186,1.8705,0
0.21901,0.27146,0.51725,3.119,63.163,0,0.21901,2.6838,2.53,0.72854,0.25401,0.89724,0.089728,0.21901,436.46,0.83627,3.6838,0.21901,0.086568,22.719,1.0384,0,0.086568,0.96902,0.71037,0.83627,0,2.1673,4.0417,0.076828,0.19475,43.49,8.3927,7.5468,0.009144,2.53,369.28,0.73018,0.003614,0.32291,1.1316,0,98.467,75.748,1.3908,2.4739,28.057,-0.007997,-0.003161,2.8047,0.2441,0.11915,3.0527,3.0595,5693.6,0.19026,0.30062,0.82371,0.002245,16.066,4.8186,35.216,10.365,10.601,0
0.40081,0.23183,0.36648,2.6291,22.429,0.34062,0.40081,3.3135,1.1802,0.76817,0.4033,1.7817,0.38362,0.40081,186.9,1.9529,4.3135,0.40081,0.33962,93.542,1.0278,0.38082,0.33962,,0.74143,1.9529,152.63,0.89702,4.4758,0.1868,0.34173,90.092,4.0514,3.9314,0.26877,1.1802,82.25,0.77168,0.22774,0.097131,0.017857,0.32268,176.16,82.62,1.3252,1.2846,121.13,0.32889,0.27868,2.5512,0.22496,0.24683,1.8802,1.8888,10962,0.22774,0.52177,0.70049,0.004574,3.902,4.4178,69.575,5.2462,2.8886,0
0.061432,0.37332,0.40756,2.8327,66.765,0,0.075318,1.6786,1.0205,0.62668,0.11174,0.33868,0.092045,0.075318,1450.7,0.2516,2.6786,0.075318,0.073807,73.427,1.0066,0.10815,0.0602,0.26885,0.50249,0.21441,2.9692,1.1013,3.803,0.27975,0.079462,86.74,4.3172,2.5717,0.084687,1.0205,2.8442,0.77598,0.082988,0.53969,0.098168,0.10598,182.39,108.96,0.29925,1.9096,78.046,0.08954,0.087743,1.6874,0.22238,0.23163,1.6935,2.0969,2.8327,0.082988,0.098034,0.92973,0.23825,4.9709,3.3498,79.541,4.5888,2.7576,0
0.20754,0.36182,0.19992,1.7187,4.0844,0,0.20754,1.7638,1.5212,0.63818,0.21757,0.74607,0.21161,0.20754,410.27,0.88966,2.7638,0.20754,0.13643,43.751,1.4945,0.21502,0.13643,0.47877,0.4065,0.88966,21.428,0.38306,4.523,0.20771,0.13959,76.534,4.7691,3.6666,0.19454,1.5212,6.2239,0.6857,0.12789,0.17856,0.036616,0.14135,102.8,59.046,1.1382,1.0632,50.167,0.10066,0.066174,1.3214,0.27818,0.20968,1.2228,1.3138,6665.8,0.12789,0.32521,0.86589,0.074461,8.3427,6.1816,66.746,5.4685,2.9147,0
0.32138,0.10747,0.2258,4.5502,845.66,0,0.38332,8.3049,0.2418,0.89253,0.38618,6.0268,1.6629,0.38332,97.555,3.7415,9.3049,0.38332,1.5853,0,1.141,0.38618,1.3291,0.33189,0.51519,3.1651,134.86,0.31776,2.5483,-0.35138,1.5971,202.06,1.8064,1.0691,0.12691,0.2418,,0.89253,0.52484,3.0259,0.008846,1.5971,146.34,146.34,,4.5502,0,0.36741,1.5195,2.6929,0.063602,0.55358,1.256,1.256,79.798,0.52484,0.36007,0.27313,0,,2.4941,96.008,3.8018,0.34028,0
0.033285,0.13275,0.18324,3.0784,14.593,-0.4128,0.033285,6.5329,0.92895,0.86725,0.039089,0.37753,0.044435,0.033285,1173.8,0.31094,7.5329,0.033285,0.035831,55.724,0.61871,0,0.035831,-0.29619,-0.37951,0.31094,0,0.2515,4.5068,0.072093,0.083144,34.002,10.735,7.1293,0.005286,0.92895,6.89,0.88606,0.00569,0.78443,0.55363,0,79.467,23.743,0.2347,1.4698,54.695,-0.007993,-0.008604,2.0445,0.088166,0.093156,1.1903,1.2161,5886.4,-0.018809,0.03838,1.0769,0.021687,6.5501,15.373,34.642,10.536,1.275,0
0.11673,0.25377,0.62485,3.6102,125.64,0,0.11673,2.9405,1.6313,0.74623,0.11764,0.48759,0.094133,0.11673,603.21,0.6051,3.9405,0.11673,0.071556,22.725,0.78146,0.10603,0.071556,0.39121,0.74619,0.6051,115.55,4.6029,3.9012,-0.054174,0.072091,57.031,6.4001,6.0374,0.099134,1.6313,,0.74623,0.060771,1.4351,0.059213,0.064997,116.51,93.781,1.1493,3.1859,24.196,0.069198,0.04242,3.4056,0.23939,0.15625,5.497,5.497,4977.4,0.060771,0.15642,0.92932,0,16.061,3.8921,53.565,6.8142,12.017,0
-0.015499,0.42184,0.23679,2.0585,23.407,0.1104,-0.020867,1.0332,0.94066,0.43586,-0.020867,-0.093282,0.020628,-0.020867,4409.4,0.082777,2.3706,-0.020867,-0.012327,26.017,1.1695,-0.007845,-0.009156,0.14222,0.43586,0.095502,-0.043593,0.43891,4.1638,0.24426,-0.012327,45.372,8.0446,-0.018597,-0.007845,1.7944,1.7152,0.63399,-0.004634,0.049635,0.28929,-0.004634,96.897,70.88,-0.12845,1.5191,24.473,-0.063631,-0.037589,1.0916,0.2237,0.12431,0.80789,1.1751,3452.7,-0.063088,-0.035561,1.0631,0.45458,14.029,5.1495,48.234,7.5672,3.1377,0
0.27191,0.13252,0.60396,5.5575,119.72,0.40066,0.32562,6.3974,1.1981,0.84777,0.32562,2.4572,0.22405,0.32562,122.86,2.971,7.5462,0.32562,0.1853,28.298,1.9274,0.30404,0.15474,0.50865,0.84777,2.5657,2.0729,2.2918,4.1569,-0.0297,0.1853,32.978,11.068,2.2943,0.30404,1.7949,,0.84777,0.17302,1.4134,0.011708,0.17302,114.07,85.772,1.9959,4.5295,33.904,0.23595,0.13427,5.5575,0.13252,0.090351,3.217,3.217,8668.5,0.16534,0.32074,0.83466,0,12.898,4.2555,27.526,13.26,6.6682,0
-0.40588,2.1575,-1.5763,0.2532,-287.52,-0.40588,-0.40588,-0.61162,0.87205,-1.3196,-0.40588,-0.19229,-0.15928,-0.40588,-2386.7,-0.15293,0.46351,-0.40588,-0.19594,39.908,0.60673,-0.34433,-0.19594,-0.40588,-1.3196,-0.15293,,-3.3857,5.0547,1.0387,-0.19594,324.33,1.1254,-0.1596,-0.34433,2.0805,6.5859,-1.2728,-0.16622,0.018756,-0.26428,-0.16622,87.193,47.285,-1.792,0.1459,34.802,-0.42027,-0.20288,0.24771,2.1107,0.88856,-2.8343,-2.7339,-178810,-0.14672,0.30759,1.1467,-0.035435,9.1461,7.7192,371.91,0.98141,4.4494,1
0.023774,0.24862,0.11098,1.6657,-76.124,0,0.023774,3.0223,0.78055,0.75138,0.031976,0.14261,0.10357,0.023774,1122.5,0.32516,4.0223,0.023774,0.030457,117.56,0.96672,0.031712,0.030457,0.090529,0.008189,0.32516,3.8663,0.15364,3.9477,0.31835,0.035217,81.784,4.463,2.9926,0.036538,0.78055,1.0222,0.7771,0.04681,0.02982,0.093348,0.040628,127.53,9.9683,0.094567,0.15769,123.33,-0.025353,-0.032481,1.1169,0.16671,0.22406,1.0402,1.0758,983.85,0.04681,0.03164,0.97012,0.034226,3.1049,36.616,77.955,4.6822,1.0806,0
0.242,0.43556,0.51999,2.3016,107.01,0.55328,0.30375,1.2706,1.2017,0.55342,0.30375,0.76034,0.17604,0.30375,487.3,0.74902,2.2959,0.30375,0.1639,12.469,1.2767,0.31296,0.13059,0.69673,0.55342,0.60726,2.0294,6.4577,4.2926,-0.012528,0.1639,94.555,3.8602,0.71851,0.31296,1.8781,23.735,0.5895,0.16887,1.1609,0.042688,0.16887,89.758,77.29,3.8227,2.1432,14.984,0.29046,0.15673,2.111,0.39949,0.25905,6.8729,7.3209,10199,0.16787,0.43728,0.83213,0.06518,29.273,4.7225,78.682,4.6389,23.015,0
0.12174,0.15946,0.42161,3.7678,16.083,0.26058,0.15777,4.868,1.1164,0.77628,0.15777,1.0357,0.16052,0.15777,274.45,1.33,6.271,0.15777,0.11941,101.66,1.225,0.16305,0.09214,0.33463,0.77628,1.104,1.3777,0.98954,4.5474,0.1056,0.11941,46.98,7.7692,1.0225,0.16305,1.3594,28.85,0.78342,0.1234,0.15178,0.02412,0.1234,152.17,50.506,0.33082,1.352,113.5,0.10874,0.082298,3.5991,0.15233,0.12871,1.822,1.8387,14870,0.10429,0.15682,0.89571,0.009196,3.5904,7.2269,42.081,8.6738,3.101,0
-0.031256,0.82879,0.38368,1.6868,-36.283,0.000953,-0.031256,0.20657,1.2199,0.17121,0.02058,-0.055946,-0.014449,-0.031256,-17162,-0.021268,1.2066,-0.031256,-0.025622,149.16,1.0658,0.019254,-0.025622,0.062048,0.16556,-0.021268,0.37145,6.6561,3.9467,0.65677,-0.018703,169.43,2.1542,1.4522,0.016338,1.2199,1.7071,0.43121,0.013393,0.058537,0.84011,0.015784,272.18,123.02,-0.062698,0.79445,151.19,0.005625,0.004611,1.137,0.55868,0.4642,2.9702,7.4807,3393.8,0.013393,-0.18256,1.0254,1.5186,2.447,2.9671,167.16,2.1835,21.163,0
0.058032,0.4097,0.031756,1.1219,-34.627,0.018005,0.066144,1.4143,1.0859,0.57947,0.066144,0.25387,0.099568,0.066144,1342.8,0.27182,2.4408,0.066144,0.059137,38.435,1.0754,0.08443,0.051885,0.030642,0.57947,0.25202,0.8197,0.044873,4.0279,0.36303,0.059137,92.327,3.9533,0.20608,0.08443,1.1264,1.17,0.72863,0.075486,0.047434,0.10389,0.075486,91.355,52.92,0.49272,0.66984,41.737,0.03921,0.035056,0.71344,0.26054,0.25295,0.8188,1.0296,338.64,0.079095,0.10015,0.9209,0.25741,9.4965,6.8973,85.025,4.2929,1.5805,0
0.001252,0.58703,-0.047195,0.9196,-124,-0.068816,0.001252,0.70348,2.0474,0.41297,0.001252,0.002133,0.012665,0.001252,8263.2,0.044172,1.7035,0.001252,0.000611,45.767,1.1346,0,0.000611,0.004901,0.055793,0.044172,,-0.10256,3.6085,0.28613,0.003064,233.3,1.5645,1.5645,0.011448,2.0474,,0.41297,0.005592,0.008736,0.79291,0,95.326,49.559,0.004876,0.48228,102.03,-0.024679,-0.012054,0.9196,0.58703,0.63918,0.89744,0.89744,-191.6,0.55142,0.003031,0.46775,0,7.9752,7.365,104.65,3.4877,4.4493,0
0.20487,0.15598,0.49429,4.7642,73.294,0,0.25292,5.4112,1.9924,0.84402,0.25708,1.9261,0.15287,0.25292,186.92,1.9527,6.4112,0.25292,0.12695,27.589,1.4734,0.25277,0.10283,0.54849,0.68541,1.6446,60.871,1.3202,3.9681,-0.002946,0.12903,27.549,13.249,11.154,0.25259,1.9924,,0.84402,0.12678,1.2325,0.017079,0.12687,84.959,57.37,1.3604,3.6174,31.594,0.20112,0.10094,4.0109,0.13131,0.075476,2.2543,2.2543,4593,0.12678,0.24273,0.87357,0,13.23,6.3622,24.056,15.173,5.3215,0
-0.005864,0.67904,0.31903,1.6336,49.055,0,-0.005864,0.47266,0.96946,0.32096,0.030843,-0.011646,0.006099,-0.005864,41917,0.008708,1.4727,-0.005864,-0.006049,70.288,1.4401,0.029896,-0.006049,0.051839,-0.002237,0.008708,0.81446,1.7976,4.0905,0.69983,0.02483,195.62,1.8659,1.3835,0.029996,0.96946,3.6222,0.4965,0.030941,0.012938,0.54315,0.030838,307.23,236.94,-0.031409,1.2628,72.532,0.018119,0.01869,1.2113,0.5035,0.53594,1.8085,2.7976,3929.7,0.030941,-0.01827,1.006,0.54693,5.1929,1.5405,189.57,1.9254,5.4627,0
-0.093073,0.84716,-0.053034,0.8318,-71.392,-0.062203,-0.093073,0.12253,0.98732,0.1038,-0.093073,-0.29518,-0.054149,-0.093073,-6686.4,-0.054589,1.1804,-0.093073,-0.10898,46.628,1.0134,-0.013505,-0.10898,-0.063611,0.1038,-0.054589,-0.15612,-0.071888,5.144,0.96857,-0.10898,133.05,2.7434,-0.015941,-0.013505,0.8563,0.28799,0.63565,-0.015813,0.063686,0.83579,-0.015813,103.51,56.88,-0.85309,0.48578,46.037,-0.060333,-0.070644,0.30959,0.31531,0.36451,0.1407,0.86163,-7387.9,-0.012846,-0.89666,1.0128,5.1238,7.8279,6.417,134.76,2.7086,1.1577,0
,,,,0,,,,,,,,-0.006421,,0,,,,-0.022014,0,1.0759,,0,,,,0.1175,,,0,-0.007945,0,,,,,,,0.004731,,0,0.003011,0,0,,,0,,-0.012582,,,0,,,0,0.004731,,1.022,,,,0,,,0
0.010924,0.9385,0.2792,1.3875,30.378,-0.064027,0.011177,0.065535,3.1749,0.061504,0.0125,0.015512,0.005692,0.011177,18957,0.019254,1.0655,0.011177,0.00352,1.2865,1.1635,0.00499,0.003441,-0.039067,-0.052621,0.018985,3.7721,1132.2,3.6054,0.24179,0.003878,82.915,4.4021,3.3798,0.002984,3.1749,,0.061504,0.00094,0.23839,2.6326,0.001572,95.187,93.901,0.97619,1.372,1.2877,-0.001903,-0.000599,1.0653,0.72055,0.22716,249.4,249.4,1125.4,0.00094,0.17761,0.9965,0,283.72,3.8871,82.837,4.4063,12874,0
0.13064,0.55216,0.020922,1.0379,-15.755,0.62635,0.16252,0.69727,1.0737,0.38501,0.16252,0.29434,0.079384,0.16252,1103.6,0.33073,1.8111,0.16252,0.070649,16.965,1.0351,0.15415,0.056789,0.69037,0.38501,0.27299,0.71942,0.049008,5.8491,0.16265,0.070649,94.062,3.8804,0.27917,0.15415,2.3362,,0.38501,0.067007,0.33485,0.10419,0.067007,61.593,44.628,1.2218,0.84424,18.215,0.13405,0.058272,1.0379,0.55216,0.2577,0.90183,0.90183,14780,0.068598,0.33931,0.9314,0,21.515,8.1788,87.609,4.1662,5.3885,0
0.097389,0.19447,0.43653,3.8056,102.83,0,0.12297,4.1423,1.0398,0.80553,0.13,0.7903,0.20678,0.12297,330.13,1.1056,5.1423,0.12297,0.11826,65.436,1.1047,0.11808,0.093662,0.33774,0.76082,0.97411,16.776,1.0703,4.1416,-0.043339,0.12427,61.631,5.9676,4.7747,0.1183,1.0585,12.005,0.83933,0.11378,1.6113,0.03085,0.11356,119.85,54.412,0.52245,2.6075,73.277,0.026039,0.025042,3.0449,0.15559,0.16757,1.975,2.0578,6047.6,0.11378,0.1209,0.88383,0.041954,5.578,6.7081,54.618,6.6827,2.5493,0
0.006652,0.62545,0.14654,1.2507,-65.204,0,0.016661,0.59885,1.9796,0.37455,0.044273,0.028506,0.029811,0.016661,3868.5,0.094352,1.5988,0.016661,0.008417,84.883,1.3607,0.044263,0.00336,,0.25207,0.078349,1.603,0.54479,3.8783,0.30759,0.017185,110.59,3.3004,3.0842,0.050544,1.9796,6.7457,0.41467,0.025533,0.076052,0.2407,0.02236,126.59,41.709,0.014449,0.46307,87.107,0.001911,0.000965,1.1688,0.58448,0.30299,1.3925,1.5416,1107.3,0.025533,0.017759,0.99159,0.10712,4.3001,8.7512,107.77,3.3869,7.3594,0
0.019333,0.18814,0.50892,4.1205,41.39,0.16861,0.023247,4.128,1.0175,0.77663,0.023247,0.14254,0.065114,0.023247,739.1,0.49385,5.3152,0.023247,0.016292,89.824,1.0484,0.030767,0.013549,0.21051,0.77663,0.47304,0.21938,1.5517,4.0942,0.073506,0.016292,42.448,8.5988,0.16353,0.030767,1.4697,12.811,0.80168,0.021562,0.53832,0.061588,0.021562,149.44,59.618,0.055055,1.9674,91.394,-0.038898,-0.02726,3.5719,0.16309,0.11629,2.3679,2.4443,6322.3,0.017176,0.024893,0.98282,0.03225,4.0635,6.1223,41.719,8.7491,4.3506,0
0.051673,0.72394,0.091092,1.2244,-51.253,0,0.065104,0.38132,2.1875,0.27606,0.10209,0.16038,0.066178,0.065104,1825.3,0.19996,1.3813,0.065104,0.029762,62.565,1.2084,0.10038,0.023622,0.13487,0.26585,0.18141,2.7138,0.18111,5.0624,0.32954,0.041065,70.192,5.2,2.9158,0.076612,2.1875,0.48935,0.52551,0.035024,0.02069,0.13403,0.045889,81.532,18.967,0.13781,0.30071,64.836,0.020723,0.009474,0.68655,0.40593,0.19231,0.54885,1.0448,10516,0.035024,0.18718,0.9706,0.90362,5.8339,19.244,67.734,5.3887,4.349,0
0.13691,0.62676,0.11785,1.188,0.005373,0.24415,0.16482,0.59369,1.0494,0.3721,0.16482,0.26296,0.054318,0.16482,1101,0.33152,1.5955,0.16482,0.043086,10.984,1.4163,0.1876,0.03579,0.27291,0.3721,0.28699,0.51466,0.46145,4.2518,0.12726,0.043086,62.76,5.8158,0.29931,0.1876,3.845,,0.3721,0.049042,0.22761,0.089371,0.049042,57.437,46.453,1.1893,1.0044,11.527,0.14463,0.03781,1.188,0.62676,0.17195,1.457,1.457,2104.5,0.047093,0.36793,0.95291,0,33.23,7.8573,59.805,6.1032,14.978,0
0.11757,0.48919,0.47455,1.9701,-12.997,0.2637,0.13892,1.0442,3.0069,0.51082,0.15577,0.28399,0.056156,0.13892,1057.4,0.34518,2.0442,0.13892,0.046201,69.528,1.1571,0.15574,0.039099,0.17034,0.38127,0.30152,9.2434,13.088,2.8876,0.12755,0.046201,62.442,5.8454,5.8454,0.14741,3.0069,,0.51082,0.049023,0.22404,0.08782,0.051796,103.68,34.154,0.20526,0.79921,73.113,0.12581,0.041841,1.9701,0.48919,0.17107,14.088,14.088,366.31,0.049023,0.23016,0.9546,0,5.2497,10.687,59.381,6.1467,82.927,0
-0.14582,0.76397,-0.061788,0.9114,2034.3,0,-0.13276,0.30895,0.88463,0.23603,-0.059493,-0.19036,-0.078926,-0.13276,-3993.8,-0.091392,1.309,-0.13276,-0.15007,116.98,0.53911,-0.059493,-0.16484,-0.096655,0.21697,-0.10849,-0.81205,-0.16957,4.0542,0.8636,-0.15007,,0.014808,0.013518,0,0.88463,5.2905,0.30259,0,0.014808,7.3974,-0.067252,258,141.02,-0.51432,0.50487,10020,-0.12243,-0.1384,0.832,0.69741,67.53,0.64777,0.83043,0.9114,1,-0.6178,0.092607,0.28197,3.1202,2.5883,287.75,1.2684,2.4278,0
0.043999,0.60826,0.059137,1.1107,-76.773,-0.000246,0.043999,0.64405,2.0135,0.39174,0.062995,0.082353,0.07212,0.043999,1528.9,0.23874,1.644,0.043999,0.021852,70.337,1.5108,0,0.021852,0.058345,0.23395,0.23874,0,0.14545,4.8479,0.29353,0.047911,117.53,3.1057,2.7279,0.024982,2.0135,6.2774,0.42446,0.012407,0.038606,0.20032,0,103.83,33.494,0.1134,0.38444,85.353,-0.10122,-0.050268,0.97559,0.53427,0.32199,0.96348,1.044,4166.3,0.17593,0.11232,0.83453,0.083524,5.1893,10.897,96.85,3.7687,4.9522,0
-0.08105,0.60952,-0.42799,0.29783,-241.86,0,-0.08105,0.64066,0.74417,0.3905,-0.049139,-0.13297,0.076419,-0.08105,3912.1,0.093301,1.6406,-0.08105,-0.10891,3.2242,,-0.049121,-0.10891,-0.08105,0.16566,0.093301,-1.5393,-0.5229,2.7433,0.70257,-0.066032,280.14,1.3069,1.3069,-0.04997,0.74746,,0.3905,-0.067149,0.15528,0.2288,-0.066008,42.614,39.39,-12.33,0.28704,3.012,-0.18704,-0.25134,0.29783,0.60952,0.76516,0.4771,0.4771,-236.99,-0.067173,-0.20756,1.1084,0,113.21,9.2662,298.96,1.2209,0.90921,1
-0.11312,0.90028,-0.3537,0.57401,-173.23,-0.080296,-0.1131,0.11076,1.1468,0.099718,-0.012456,-0.13622,-0.046876,-0.1131,-6112.7,-0.059712,1.1108,-0.1131,-0.098624,51.949,1.2297,-0.012697,-0.098644,-0.1011,-0.19342,-0.059738,-0.12615,-0.67577,5.3979,0.78202,-0.092475,264.02,1.3825,1.275,-0.001088,1.1468,4.478,0.1697,-0.000949,0.01247,0.64333,-0.011072,148.4,96.448,-0.69308,0.37743,51.9,-0.072041,-0.062819,0.52939,0.8303,0.72333,0.19052,0.32423,-88419,-0.000949,-1.1344,1.0985,0.70181,7.0261,3.7844,264.27,1.3812,2.1911,0
0.014059,0.27798,0.20508,2.1898,18.414,0.042546,0.02023,2.5974,1.0268,0.72202,0.02023,0.11736,0.086157,0.02023,1352,0.26997,3.5974,0.02023,0.023225,68.926,1.0403,0.02557,0.01614,0.067452,0.72202,0.24777,0.30142,0.32942,4.9075,0.29813,0.023225,74.167,4.9214,0.091985,0.02557,0.88046,2.0166,0.82763,0.029356,0.10622,0.11369,0.029356,150.5,81.571,0.085472,1.2355,70.773,-0.029245,-0.033576,1.3578,0.17237,0.2032,1.1598,1.3294,16573,0.026087,0.019471,0.97391,0.14627,5.2955,4.4746,72.232,5.0532,1.3991,0
0.023891,0.83763,0.062407,3.4846,123.42,0.077771,0.029998,0.17862,1.3815,0.14962,0.029998,1.1943,0.21628,0.029998,5230.4,0.069785,1.1938,0.029998,0.11099,4.6181,0.69572,0.071814,0.088395,0.099238,0.14962,0.062493,3.6709,0.068393,4.9596,3.0641,0.11099,46.863,7.7887,0.085734,0.071814,0.28371,0.10351,0.96213,0.26571,0.44462,0.27464,0.26571,103.12,98.502,6.9865,3.3485,6.38,0.043358,0.16042,0.10449,0.025117,0.12839,0.16397,1.0544,5686.8,0.27616,0.15967,0.72384,5.4305,79.037,3.7055,33.921,10.76,0.29619,0
0.071262,0.58947,0.37122,1.7135,-49.971,0.000759,0.089271,0.69645,1.4706,0.41053,0.13271,0.17159,0.067958,0.089271,2152.9,0.16954,1.6965,0.089271,0.060705,135.53,0.98958,0.13141,0.048458,0.25656,0.38941,0.13899,3.0254,3.4208,4.0554,0.39408,0.078637,145.18,2.5142,2.219,0.16254,1.4706,4.9918,0.47974,0.11053,0.029211,0.1383,0.089361,217.5,81.967,0.13051,0.66397,152.37,0.12075,0.082108,1.5124,0.52026,0.39774,3.7831,4.4208,4217.5,0.11053,0.17358,0.93952,0.16857,2.6932,4.453,129.13,2.8266,13.551,0
0.099949,0.54239,0.38836,1.9686,21.658,0.13973,0.097661,0.79868,1.0743,0.4332,0.097661,0.24358,0.073326,0.097661,1394.1,0.26182,1.8437,0.097661,0.050427,53.057,1.2178,0.10839,0.051608,0.10955,0.4332,0.26604,0.60126,1.8431,4.9372,0.26918,0.050427,81.179,4.4962,0.19984,0.10839,1.9418,3.5898,0.57464,0.055967,0.055141,0.11675,0.055967,144.59,91.531,0.35503,1.2665,57,0.064042,0.033068,1.4552,0.40094,0.22241,2.056,2.7273,33607,0.069177,0.23072,0.93082,0.32652,6.8794,3.9877,75.564,4.8304,9.1915,0
0.032002,0.19239,0.55006,3.859,20.859,0.045621,0.043404,4.0731,0.9594,0.78364,0.043404,0.2256,0.069134,0.043404,459.17,0.79492,5.1977,0.043404,0.01962,69.759,1.0945,0.088054,0.014466,0.065529,0.78364,0.73566,0.38188,2.1357,3.4474,0.051856,0.01962,30.455,11.985,0.45768,0.088054,2.4024,,0.78364,0.039804,0.40376,0.032012,0.039804,109.68,39.924,0.075692,1.6615,66.927,-0.021479,-0.009709,3.859,0.19239,0.083438,3.0426,3.0426,1540.9,-0.042318,0.040838,1.0423,0,5.2323,9.1423,31.744,11.498,8.5892,0
0.053581,0.1644,0.33517,3.0388,38.521,0.10253,0.072513,4.0872,1.079,0.67193,0.072513,0.44108,0.12406,0.072513,404.22,0.90298,6.0827,0.072513,0.060598,67.642,1.1919,0.074938,0.044776,0.13735,0.67193,0.78782,0.67573,0.66977,4.8753,0.1257,0.060598,54.108,6.7457,0.45583,0.074938,1.2153,,0.67193,0.062624,0.10248,0.035824,0.062624,147.24,79.599,0.24161,1.6898,72.987,-0.000999,-0.000835,3.0388,0.1644,0.14824,1.3427,1.3427,25152,0.073236,0.079741,0.92676,0,5.396,4.5855,50.146,7.2788,2.3912,0
0.13207,0.62276,-0.031118,0.93384,-19.863,0.28953,0.13207,0.58088,1.0512,0.36175,0.13207,0.2808,0.068179,0.13207,1302.2,0.28029,1.6057,0.13207,0.051585,13.523,1.2054,0.10158,0.051585,0.33661,0.36175,0.28029,0.41706,-0.05549,4.9667,0.16281,0.051585,70.483,5.1785,0.16312,0.10158,2.614,2.2593,0.51417,0.039677,0.45072,0.14211,0.039677,32.395,18.872,1.3923,0.73216,14.215,0.059098,0.023082,0.70528,0.47034,0.1931,0.64509,0.9169,-2882.1,0.048662,0.36509,0.95134,0.42134,26.99,19.341,67.053,5.4434,4.5656,0
0.028265,0.77574,-0.44954,0.40706,-185.13,0,0.02099,0.28909,1.2529,0.22426,0.053729,0.027685,0.067041,0.02099,3371,0.10828,1.2891,0.02099,0.016753,31.91,1.3736,0.05368,0.02256,0.085486,0.06408,0.11765,1.6396,-0.65021,5.7954,0.61911,0.037174,240.5,1.5177,1.4833,0.10223,1.2529,,0.22426,0.081595,0.0004,0.22161,0.042846,89.821,57.912,0.25806,0.26259,34.745,-0.009324,-0.007442,0.39783,0.75816,0.6589,0.32436,0.32436,-280650,0.081595,0.12604,0.98328,0,11.439,6.3027,220.87,1.6525,1.8121,0
0.33437,0.33825,0.45058,2.3761,27.044,0.32851,0.33437,1.9564,4.1782,0.66175,0.34707,1.0212,0.092584,0.33437,319.16,1.1436,2.9564,0.33437,0.080027,13.07,1.6737,0.34605,0.080027,0.45664,0.58118,1.1436,27.251,2.0297,3.4827,0.004511,0.081625,31.087,11.741,11.365,0.33386,4.1782,,0.66175,0.079906,1.0247,0.028293,0.082822,38.655,25.586,2.2349,1.9192,14.205,0.29358,0.070266,2.3001,0.32743,0.085171,2.981,2.981,1369.2,0.079906,0.50529,0.92026,0,27.927,14.266,28.603,12.761,18.822,0
0.004826,0.38058,0.16173,1.6295,14.572,0,0.004826,1.6276,1.3569,0.61942,0.009978,0.018784,0.035942,0.004826,2848.4,0.12814,2.6276,0.004826,0.003556,27.938,1.4173,0.00767,0.003556,0.031409,0.37254,0.12814,1.4885,0.2782,3.6075,0.21401,0.003556,67.443,5.412,3.6533,-0.033501,1.3569,13.69,0.64241,-0.02469,0.36422,0.24579,0.005653,87.444,59.507,0.046464,1.2253,27.265,-0.036273,-0.026733,1.1,0.25691,0.18478,1.0655,1.105,655.1,-0.02469,0.007791,0.99666,0.037122,13.065,6.1338,69.108,5.2816,2.3339,0
0.031903,0.72401,-0.21401,0.6459,-48.308,0.020032,0.032883,0.38119,2.6278,0.27599,0.062258,0.054409,0.037628,0.032883,2672.6,0.13657,1.3812,0.032883,0.012513,16.743,0.95461,0.060961,0.012141,0.14477,0.20416,0.13522,2.0753,-0.35104,4.9888,0.27213,0.019279,85.825,4.2528,3.55,0.057531,2.6278,2.5806,0.38054,0.021893,0.01722,0.19009,0.023198,52.775,36.032,0.26466,0.44644,17.118,-0.005036,-0.001916,0.53916,0.60437,0.23514,0.4527,0.62421,-20858,0.021893,0.1156,0.98754,0.37885,21.8,10.13,83.946,4.348,4.3104,0
-0.081824,0.92241,-0.46519,0.48864,-191.02,-0.1717,-0.082963,0.077316,1.0092,0.071317,-0.082963,-0.091198,-0.029838,-0.082963,-8610,-0.042393,1.0841,-0.082963,-0.063306,46.716,1.2448,0.012437,-0.062436,-0.16564,0.071317,-0.041157,0.095777,-0.83746,5.0873,0.68062,-0.063306,255.71,1.4274,0.013483,0.012437,1.3169,21.792,0.084019,0.00949,0.069538,0.53868,0.00949,106.19,59.472,-0.48783,0.30426,47.147,-0.031423,-0.023978,0.48191,0.90971,0.70057,0.12839,0.15125,-56879,0.009144,-1.1473,0.99086,0.17809,7.8132,6.1374,253.37,1.4406,2.3592,0
0.088516,0.69957,0.003526,1.0062,-20.909,0,0.088516,0.42944,2.297,0.30043,0.10799,0.1555,0.043502,0.088516,2555.4,0.14283,1.4294,0.088516,0.038536,19.283,1.9683,0.10317,0.038536,0.12158,0.28574,0.14283,5.2971,0.008253,4.0885,0.29446,0.047015,94.771,3.8514,3.1338,0.10466,2.297,3.4631,0.43077,0.045566,0.056315,0.20352,0.044917,85.919,66.636,0.72945,0.79302,20.203,0.091767,0.039951,0.81872,0.56923,0.25965,0.70317,1.0083,43.228,0.045566,0.29464,0.9616,0.43388,18.929,5.4775,90.452,4.0353,5.3762,0
0.027336,0.30969,0.18456,1.776,-23.195,0,0.027336,2.2291,2.1486,0.69031,0.078995,0.11493,0.013661,0.027336,3851.1,0.094777,3.2291,0.027336,0.012723,52.496,1.2715,0,0.012723,0.11621,0.66057,0.094777,0,0.31953,3.5601,0.11308,0.028429,44.894,8.1303,6.2441,0,2.1486,,0.69031,0,0.28054,5.1217,0,60.422,7.9258,0.088458,0.4767,58.33,-0.002016,-0.000938,1.364,0.23784,0.123,1.1951,1.1951,670.2,0.10001,0.039599,0.92778,0,6.9529,46.052,40.404,9.0337,3.7199,0
0.13935,0.51656,0.20542,1.3977,24.58,-0.12216,0.1505,0.93588,2.2477,0.48344,0.15504,0.29135,0.084401,0.1505,993.87,0.36725,1.9359,0.1505,0.066959,5.4921,1.9483,0.15336,0.061996,-0.041038,0.47245,0.34566,33.769,0.73885,3.6582,0.22863,0.068979,89.328,4.086,4.086,0.13699,2.2477,,0.48344,0.060947,0.063562,0.089416,0.068232,111.91,106.42,4.1202,1.3322,5.8486,0.11416,0.050789,1.3977,0.51656,0.24474,1.7388,1.7388,935.01,0.060947,0.28824,0.93358,0,66.459,3.4299,83.884,4.3512,8.0845,0
0.057703,0.33428,0.36884,2.4091,78.509,0,0.066609,1.9915,1.8699,0.66572,0.066609,0.25447,0.2186,0.066609,298.48,1.2229,2.9915,0.066609,0.035621,7.6131,0.59456,0.057185,0.030858,0.48016,0.59987,1.1962,,0.99846,2.8804,0.033311,0.035621,52.39,6.967,5.4554,0.046314,1.8699,,0.66572,0.024768,1.0649,0.027902,0.030581,68.678,61.065,1.4795,2.2601,7.8065,-0.28498,-0.1524,1.8864,0.26175,0.14353,1.8021,1.8021,280.04,0.024768,0.086677,0.96625,0,47.944,5.9772,51.092,7.144,5.0619,0
0.006256,0.55882,0.31609,1.6299,-12.566,0,0.006813,0.78947,1.4051,0.44118,0.026301,0.013576,0.028333,0.006813,5123.5,0.07124,1.7895,0.006813,0.004849,86.387,1.046,0.021088,0.004452,0.030897,0.22671,0.070243,1.0821,1.7358,3.9228,0.37625,0.012797,119.95,3.043,2.7325,-0.1219,1.4051,,0.44118,-0.086753,0.13118,0.3444,0.015008,195.36,108.98,0.018811,0.96718,79.491,-0.01191,-0.008476,1.4636,0.50181,0.32862,2.4227,2.4227,2646.2,-0.086753,0.014179,0.99565,0,4.2252,3.3494,130.35,2.8001,7.7161,0
0.2255,0.42597,0.62886,7.9576,54.295,0,0.28017,1.3476,1.6593,0.57403,0.31637,3.0998,0.19976,0.28017,469.08,0.77813,2.3476,0.28017,0.16885,94.104,1.1237,0.31345,0.1359,0.47509,0.57063,0.64977,8.6599,2.2399,4.1684,0.2112,0.19067,24.364,14.981,3.1788,0.3052,1.6593,0.87148,0.90847,0.18394,0.88654,0.038929,0.18891,140.59,46.488,0.52713,3.2246,115.31,0.26217,0.158,1.6885,0.090385,0.066751,2.0446,3.2358,9268.3,0.18394,0.39284,0.83318,0.58262,3.8787,7.8515,19.883,18.358,5.9101,0
0.0429,0.17698,0.035383,1.3709,-19.067,0.14402,0.050136,4.2501,1.1216,0.75218,0.050136,0.52551,0.28336,0.050136,844,0.43246,5.6503,0.050136,0.18561,62.747,1.083,0.032017,0.15882,0.16546,0.75218,0.39158,1.3295,0.040708,5.763,0.50629,0.18561,144.6,2.5242,0.18091,0.032017,0.30308,1.0341,0.83376,0.11853,0.42485,0.0996,0.11853,121.96,59.215,0.92387,0.88417,70.38,0.005616,0.02079,0.739,0.095405,0.39617,0.86536,0.95921,20502,0.10845,0.057034,0.89155,0.10845,5.817,6.164,128.92,2.8312,0.31075,0
0.059235,0.82791,0.10656,1.4085,8.8528,0,0.07515,0.20787,1.0277,0.17209,0.11454,0.28811,0.14985,0.07515,1962.2,0.18602,1.2079,0.07515,0.073126,25.317,1.0546,0.11452,0.057639,0.14717,0.059269,0.16679,2.9069,0.16844,3.9617,0.77652,0.10757,102.89,3.5474,1.1176,0.1024,1.0277,0.61114,0.65661,0.099642,0.17002,0.14272,0.11143,114.73,89.418,0.83099,1.1352,28.119,0.035664,0.034703,0.44376,0.26084,0.2819,0.27204,1.0379,975.59,0.099642,0.3442,0.92957,2.8154,14.417,4.082,92.64,3.94,1.6245,0
0.02039,0.30739,0.34425,2.1199,-22.089,0.098132,0.024748,2.0427,1.0258,0.62792,0.024748,0.08051,0.031662,0.024748,2384.3,0.15309,3.2532,0.024748,0.016651,105.91,1.3871,0.042493,0.013719,0.12214,0.62792,0.13891,0.29328,0.98823,4.6274,0.13196,0.016651,77.437,4.7135,0.13824,0.042493,1.5057,,0.62792,0.028591,0.36366,0.15595,0.028591,132.58,26.67,0.04728,0.71694,108.64,0.020184,0.01358,2.1199,0.30739,0.21216,1.8025,1.8025,14598,0.025144,0.032473,0.97486,0,3.4463,13.686,75.49,4.8351,4.2666,0
0.095523,0.65455,0.32106,1.4992,-18.609,0,0.12109,0.52777,1.632,0.34545,0.17109,0.18828,0.081272,0.12109,1801.2,0.20264,1.5278,0.12109,0.074197,88.339,0.94047,0.16655,0.05853,0.73698,0.31822,0.16358,3.3308,8.9675,4.167,0.36493,0.074651,160.63,2.2723,2.2327,0.17062,1.632,92.227,0.35162,0.10454,0.093286,0.12251,0.10205,202.22,113.88,0.24184,0.88505,98.653,0.155,0.094973,1.4731,0.64313,0.44008,9.6488,9.8211,4716.5,0.10454,0.27652,0.92618,0.017866,4.1318,3.205,143.84,2.5376,45.584,0
-0.058949,0.73495,0.41104,3.9208,63.822,-0.2456,-0.058949,0.36063,0.98345,0.26505,0.032079,-0.41889,-0.026422,-0.058949,-10324,-0.035355,1.3606,-0.058949,-0.059941,87.616,1.4244,0.008652,-0.059941,-0.12776,0.17011,-0.035355,0.09505,0.91702,4.1365,0.66463,-0.037185,52.317,6.9767,1.3359,0.001635,0.98345,0.54573,0.84353,0.001662,0.6259,0.58867,0.008798,172.09,84.478,-0.24971,2.2433,87.762,-0.024312,-0.024722,0.75075,0.14073,0.14333,0.59131,1.8819,5628.7,0.001662,-0.22241,1.058,2.1826,4.1659,4.3206,52.23,6.9883,2.194,0
-0.39789,0.92971,-0.10085,0.89094,-128.18,0,-0.39789,0.075606,1.7941,0.070292,-0.39789,-0.43028,-0.142,-0.39789,-1332,-0.27403,1.0756,-0.39789,-0.22178,94.801,0.42222,0,-0.22178,-0.31898,-0.014576,-0.27403,0,-0.57264,3.5495,0.36091,-0.44427,193.08,1.8904,1.8803,0.029557,1.7941,,0.070292,0.016474,0.3102,0.21652,0,109.26,14.455,-0.85388,0.38703,97.294,-0.14313,-0.079778,0.88618,0.92474,0.52898,0.39913,0.39913,-357.45,0.025617,-5.6606,0.97475,0,3.8502,25.251,188.13,1.9401,10.187,0
0.003795,0.5884,0.1156,1.2389,12.736,0,0.003795,0.69952,1.9993,0.4116,0.003795,0.007843,0.089441,0.003795,1201,0.30391,1.6995,0.003795,0.001898,11.543,0.95508,0,0.001898,0.044989,0.38867,0.3039,,0.28862,3.3385,0.17138,0.009004,112.35,3.2488,2.6718,0.026605,1.9993,,0.4116,0.013307,0.51399,0.11206,0,64.038,52.495,0.060013,1.1082,14.68,-0.17502,-0.087542,1.0188,0.48389,0.3078,1.0277,1.0277,252.03,0.21369,0.009219,0.7864,0,31.62,6.953,88.341,4.1317,4.9918,0
0.03253,0.63989,0.12873,1.2404,-31.569,0,0.04117,0.56278,1.4709,0.36011,0.083153,0.0769,0.074802,0.04117,2122.8,0.17195,1.5628,0.04117,0.02799,57.803,1.1637,0.074378,0.022116,0.064775,0.27735,0.15844,1.7716,0.38322,4.4267,0.41932,0.048587,137.25,2.6593,2.225,0.047159,1.4709,5.0594,0.44533,0.032062,0.07044,0.14891,0.050567,155.44,97.635,0.13965,0.80535,59.717,0.005522,0.003754,1.0378,0.53537,0.37603,1.0721,1.3258,3438.7,0.032062,0.090332,0.97276,0.23665,6.3146,3.7384,132.85,2.7474,4.3789,0
0.16987,0.42631,0.53033,2.2651,15.331,0,0.16987,1.3457,1.8426,0.57369,0.17482,0.40525,0.092191,0.16987,915.98,0.39848,2.3457,0.16987,0.092191,85.004,1.5245,0.22112,0.092191,0.40635,0.48316,0.39848,44.737,10.506,3.8214,0.23015,0.094675,,3.8737,3.809,0.25114,1.8479,79.594,0.58023,0.1363,0.081765,0.064266,0.12,181.3,96.294,0.39586,1.2414,96.458,0,0,2.2273,0.41919,,11.365,11.494,3514.9,1,0.29611,0.88142,0.011397,4.2939,3.7905,83.036,4.3957,36.502,0
-0.007279,0.18415,0.26574,2.5843,42.556,-0.02095,-0.003578,3.5896,0.86357,0.66101,-0.003578,-0.02133,0.075628,-0.003578,896.29,0.40723,5.4304,-0.003578,-0.003608,50.633,1.0431,0.001296,-0.00734,-0.007846,0.66101,0.38714,0.011286,0.46908,4.1224,0.18144,-0.003608,53.32,6.8454,0.007038,0.001296,1.1701,18.033,0.67742,0.001307,0.035608,0.075805,0.001307,157.36,106.73,-0.052915,1.7642,43.725,-0.077274,-0.077929,2.354,0.16774,0.14608,1.1668,1.1958,3522.8,-0.15799,-0.011011,1.158,0.024826,7.2087,3.4198,61.744,5.9115,1.7503,0
0.008275,0.59832,-0.010711,0.96653,-49.434,0,0.009997,0.67135,0.96817,0.40168,0.038866,0.03124,0.086528,0.009997,2606.8,0.14002,1.6714,0.009997,0.010326,39.57,1.1394,0.038526,0.008547,0.10792,0.39015,0.13714,1.3345,-0.015507,4.8923,0.61789,0.023401,122.35,2.9832,1.5955,0.013529,0.96817,2.3783,0.4876,0.013974,0.01682,0.17759,0.039793,114.57,75.003,0.078841,0.63853,40.131,-0.035251,-0.03641,0.51693,0.32,0.33521,0.58155,0.70594,-835.85,0.013974,0.020601,0.98994,0.21389,9.2241,4.8665,120.64,3.0255,1.4017,0
0.086088,0.34249,0.45959,2.346,-17.865,0,0.086088,1.9198,2.9548,0.65751,0.11515,0.25213,0.029135,0.086088,1452.1,0.25136,2.9198,0.086088,0.029135,62.364,1.0641,0.12554,0.029135,0.21864,0.59424,0.25136,4.3201,2.31,3.4998,0.078318,0.029145,76.273,8.5401,8.5142,0.067998,3.0423,,0.65751,0.023013,0.61652,0.090937,0.042487,72.946,10.582,0.17052,0.86741,63.194,0,0,2.3389,0.34145,0.20897,3.3048,3.3048,1452.8,0.44701,0.13093,0.96805,0,5.8527,34.492,42.178,8.6538,14.852,0
-0.29951,0.56005,-0.18033,0.6681,-34.955,0,-0.29951,0.78555,4.4479,0.43995,-0.28387,-0.55126,-0.056814,-0.29951,-808.93,-0.45121,1.7855,-0.29951,-0.067338,18.194,1.0515,-0.28389,-0.067338,0.022923,0.37439,-0.45121,-18.158,-0.28309,3.4844,0.12123,-0.067338,46.961,7.7723,7.5401,0.22499,4.4479,8.4438,0.45668,0.050583,0.044717,-0.078741,-0.063827,27.794,9.5999,-1.3509,0.26003,19.163,-0.3307,-0.07435,0.64814,0.54332,0.12866,0.69064,0.71691,-550.12,0.050583,-0.68078,1.0673,0.038031,20.062,38.021,44.586,8.1864,6.9824,0
0.1248,0.52094,0.21421,1.5782,23.663,0.27897,0.15494,0.76912,1.1881,0.40067,0.15494,0.41824,0.16878,0.15494,967.15,0.3774,1.9196,0.15494,0.13302,38.647,1.2234,0.17661,0.10714,0.34863,0.40067,0.31955,1.8014,0.51577,5.3222,0.4397,0.13302,137.92,2.6465,0.33902,0.17661,1.1836,3.0656,0.55116,0.15162,0.10241,0.078466,0.15162,171.32,132.67,1.0119,1.2453,45.917,0.13495,0.11585,1.1223,0.37046,0.37786,0.9647,1.327,44982,0.15832,0.31149,0.84168,0.37559,9.4444,2.7512,116.08,3.1443,2.8046,0
0.034084,0.75592,0.12504,1.2673,-25.918,-0.059303,0.034084,0.3229,2.7087,0.24408,0.057035,0.072851,0.025505,0.034084,3993.7,0.091394,1.3229,0.034084,0.012583,34.274,1.3608,0.056645,0.012583,-0.02522,0.22689,0.091394,2.4681,0.30713,3.7959,0.25373,0.017585,64.45,5.6633,3.5052,0.05908,2.7087,1.1752,0.53214,0.021811,0.27264,0.27494,0.020912,62.705,28.431,0.13401,0.72361,35.038,0.021643,0.00799,0.78433,0.46786,0.17657,0.59955,1.3071,781.57,0.021811,0.13964,0.98746,1.1802,10.65,12.838,63.044,5.7896,6.6535,0
-0.79332,0.12745,0.87255,7.8459,-7.0775,-2.3071,-0.79332,6.8459,5.4522,0.87255,-0.79332,-6.2244,-0.14551,-0.79332,-58.641,-6.2244,7.8459,-0.79332,-0.14551,39.839,0.97097,-0.82078,-0.14551,-1.4716,-1.9813,-6.2244,,,1.2435,0.023377,-0.14551,7.4183,49.203,49.203,-0.81901,5.4522,,0.87255,-0.15022,3.1442,-0.005176,-0.15054,40.118,0.27894,-1.3331,3.1769,34.636,-0.82078,-0.15054,7.8459,0.12745,0.020324,,,15.287,-0.15021,-0.9092,1.1448,0,9.1619,1308.5,8.5325,42.777,,0
-0.25461,0.66092,0.13466,1.2037,-39.015,0,-0.25461,0.51304,2.8136,0.33908,-0.25354,-0.38524,-0.068058,-0.25461,-1259.8,-0.28972,1.513,-0.25461,-0.090495,44.58,0.93877,-0.25823,-0.090495,-0.29461,0.26767,-0.28972,-240.75,0.65874,3.1462,0.23491,-0.090125,78.615,4.6429,4.6429,-0.255,2.8136,,0.33908,-0.090634,0.17662,-0.11292,-0.09178,88.066,43.486,-0.74092,0.6838,40.875,-0.32135,-0.11422,1.2037,0.66092,0.21538,1.6587,1.6587,188.57,-0.090634,-0.75089,1.0897,0,8.1875,8.3935,85.741,4.257,13.764,0
0.056233,0.67658,0.23675,1.3965,8.3104,0,0.073801,0.47803,3.2573,0.32342,0.080018,0.1236,0.032493,0.073801,2333.3,0.15643,1.478,0.073801,0.022657,12.722,1.221,0.056838,0.017264,0.14676,0.31541,0.13046,9.1437,1.4249,4.0962,0.20341,0.024456,68.123,5.358,4.7286,0.058019,3.2573,14.981,0.37151,0.017812,0.10738,0.25376,0.01745,86.254,73.531,0.4953,1.2064,12.953,0.024803,0.007615,1.2325,0.5971,0.18664,1.9465,2.2359,2954.3,0.017812,0.17387,0.97766,0.14866,28.69,4.9639,66.909,5.4551,19.604,0
0.018406,0.25149,0.07604,1.4876,19.398,0.051549,0.023939,2.2827,1.0275,0.57408,0.023939,0.15349,0.085162,0.023939,1183.7,0.30836,3.9764,0.023939,0.02629,11.773,0.99819,0.023634,0.020214,0.068697,0.57408,0.28636,0.26667,0.09901,5.0355,0.20459,0.02629,64.232,5.6825,0.093977,0.023634,0.92356,2.1212,0.66961,0.025955,0.42954,0.10704,0.025955,66.143,54.37,0.6267,1.2992,12.096,-0.029974,-0.032918,0.92252,0.15596,0.17598,0.7475,0.87188,8251.2,0.02672,0.032063,0.97328,0.1664,31.003,6.7133,62.516,5.8385,1.1857,0
-0.17842,1.091,-0.66526,0.35475,-315.95,-0.016944,-0.17448,-0.083412,0.92144,-0.091003,-0.078376,-0.16923,-0.060133,-0.17448,-7186.9,-0.050787,0.91659,-0.17448,-0.18936,33.493,1.0228,-0.078936,-0.19363,-0.18936,-0.092585,-0.054392,-0.82133,-1.0489,4.4997,1.1524,-0.18095,385.48,0.94687,0.89481,-0.054799,0.92144,8.4378,-0.057676,-0.059471,0.030657,0.90602,-0.085666,132.36,98.87,-2.1101,0.27274,31.613,-0.19801,-0.21489,0.33525,1.031,1.0561,-0.14348,-0.090937,-21022,-0.059471,1.9606,1.189,-0.36622,10.898,3.6917,408.41,0.89372,1.4528,0
0.050174,0.39413,0.23275,1.8142,44.121,0.41688,0.06309,1.5372,0.77055,0.60587,0.073002,0.2207,0.10731,0.06309,1739.7,0.2098,2.5372,0.06309,0.081876,70.202,1.3247,0.05722,0.065114,0.18662,0.51085,0.17703,5.7725,0.4835,5.0941,0.51149,0.081876,156.78,2.333,1.6921,0.10503,0.77055,3.4211,0.71414,0.13631,0.018845,0.17102,0.074258,243.11,172.91,0.33855,1.2958,81.114,0.03762,0.048823,1.3158,0.28586,0.42864,1.2586,1.4835,1.8142,0.13631,0,0.8561,0.1787,5.1993,2.111,135.41,2.6956,1.6007,0
0.12952,0.1231,0.27575,3.4549,319.67,0.24311,0.1619,7.1236,0.14482,0.8769,0.18723,1.4413,1.1553,0.1619,268.57,1.3591,8.1236,0.1619,1.118,42.406,0.55943,0.1842,0.89435,,0.5578,1.096,7.2718,0.45064,4.3536,-0.55574,1.134,144.57,2.5246,2.3037,-0.13877,0.14482,,0.8769,-0.95828,1.9183,0.021641,1.272,435.03,392.63,7.6979,3.3051,21.655,0.1788,1.2347,3.1526,0.11233,0.3961,1.433,1.433,6224.7,-0.95828,0.1477,0.71044,0,8.6073,0.92963,283.12,1.2892,0.23666,0
0.018938,0.61798,0.051997,1.0994,-9.6834,0.082565,0.018938,0.61474,0.99053,0.37989,0.018938,0.036188,0.010535,0.018938,5397.5,0.067624,1.6182,0.018938,0.004774,14.453,1.0355,0.030989,0.004774,0.09222,0.37989,0.067624,0.077378,0.12244,3.9362,0.13104,0.004774,47.696,7.6526,0.050146,0.030989,4.0418,4.4195,0.47453,0.007812,0.19139,0.37735,0.007812,43.721,29.268,0.12056,0.7992,14.316,0.008137,0.002051,0.931,0.52334,0.13068,0.89457,1.1174,448.96,-0.009557,0.049852,1.0096,0.24912,25.254,12.471,48.152,7.5801,9.3414,0
0.0023,0.49318,0.22418,1.4811,23.507,0.23781,0.004044,0.86244,0.99906,0.42533,0.004044,0.00868,0.049418,0.004044,2412.1,0.15132,2.0277,0.004044,0.002678,27.659,0.86578,0.012239,0.001523,0.28365,0.42533,0.14778,0.08097,0.72348,4.4679,0.32619,0.002678,112.51,3.2441,0.024817,0.012239,1.5326,21.141,0.45257,0.008105,0.034867,0.19577,0.008105,162.88,135.22,0.020098,1.2355,27.633,-0.058345,-0.038635,1.3994,0.46595,0.30825,1.3726,1.4605,6584.4,-0.000937,0.005407,1.0009,0.064022,13.197,2.6993,112.62,3.241,4.8735,0
0.162,1.0809,-0.21582,0.80034,-582.71,0.12423,0.19793,-0.14988,1.0981,-0.16202,0.19793,0.18311,0.30526,0.19793,1925.7,0.18954,0.92512,0.19793,0.2949,0.079156,0.99696,0.24028,0.24138,0.16016,-0.16202,0.1563,3.9314,-1.6001,4.3748,1.5928,0.2949,645.54,0.56542,0.22229,0.24028,0.907,,-0.16202,0.35801,0.716,0.14374,0.35801,49.577,49.498,1113,0.8002,0.086924,0.23333,0.34765,0.80034,1.0809,1.7686,-1.2012,-1.2012,-5115.6,0.089365,-0.99993,0.91063,0,4611.2,7.3741,587.85,0.62091,4.9759,0
0.028147,0.27715,0.34091,2.23,-2.7401,-0.044309,0.034433,2.5317,1.0396,0.70168,0.034433,0.12424,0.094873,0.034433,893.73,0.4084,3.6081,0.034433,0.028861,106.41,1.0752,0.019223,0.023593,-0.03853,0.70168,0.38572,0.1675,0.89256,4.2997,0.20532,0.028861,88.146,4.1408,0.069358,0.019223,1.2768,,0.70168,0.016112,0.1206,0.092998,0.016112,178.86,72.451,0.080926,0.97507,110.62,-0.059533,-0.0499,2.23,0.27715,0.2415,1.8371,1.8371,6796.6,0.038066,0.040114,0.96193,0,3.4302,5.0379,84.791,4.3047,3.1237,0
0.30553,0.10945,0.23452,3.1426,22.322,0.73331,0.30553,6.3377,1.2381,0.69368,0.30553,2.7914,0.25171,0.30553,111.16,3.2836,9.1364,0.30553,0.21398,42.305,1.1919,0.30756,0.21398,0.73331,0.69368,3.2836,2.667,0.35748,4.5767,0.071268,0.21398,34.643,10.536,2.81,0.30756,1.4771,,0.69368,0.21541,0.078211,0.009956,0.21541,85.743,43.438,1.8462,1.6307,52.379,0.25369,0.17768,3.1426,0.10945,0.094912,1.0574,1.0574,8848.1,0.19233,0.44044,0.80767,0,8.6279,8.4027,27.98,13.045,2.1764,0
0.10355,0.70028,0.29774,1.5654,9.8404,0.13915,0.13419,0.42801,1.7392,0.29972,0.19794,0.25483,0.078226,0.13419,1878.8,0.19428,1.428,0.13419,0.077156,52.403,1.1464,0.19789,0.059541,0.29834,0.25478,0.15053,3.104,1.6948,3.7275,0.37409,0.079418,124.94,2.9213,2.1967,0.20088,1.7392,3.3082,0.47342,0.11551,0.10582,0.11686,0.11378,161.31,108.9,0.41471,1.0913,59.246,0.19603,0.11271,1.1771,0.52658,0.34231,1.7061,2.6948,1589.9,0.11551,0.34549,0.92294,0.57953,6.9652,3.3516,110.51,3.3028,9.8997,0
0.16003,0.27974,0.39137,2.767,13.485,0.43766,0.16003,2.5362,1.1034,0.70948,0.16003,0.72254,0.099552,0.16003,542.44,0.67289,3.5748,0.16003,0.084637,62.436,1.143,0.16534,0.084637,0.43766,0.70948,0.67289,0.96485,1.0109,4.3316,0.13693,0.084637,47.176,7.7369,0.59104,0.16534,1.9073,4.9678,0.76774,0.087443,0.11574,0.04752,0.087443,113.36,50.92,0.49478,1.3067,68.893,0.13713,0.072527,2.1908,0.22148,0.12925,1.8326,1.983,8397.4,0.093718,0.22556,0.90628,0.082112,5.8459,7.1681,42.755,8.537,4.8838,0
0.062414,0.43754,0.16883,1.4518,-7.3775,0,0.078093,1.2855,1.5959,0.56246,0.093047,0.20898,0.078771,0.078093,1270.4,0.28731,2.2855,0.078093,0.048934,44.999,1.2946,0.092797,0.039109,0.20979,0.48656,0.25148,6.2055,0.36902,6.1628,0.24889,0.051741,95.523,3.8286,3.2698,0.16804,1.5959,78.762,0.56685,0.1053,0.10889,0.10387,0.058147,114.77,69.772,0.31722,0.92527,50.197,0.04518,0.02831,1.2399,0.37368,0.26119,1.2294,1.239,1.4518,0.1053,0.11097,0.90522,0.007805,8.1113,5.2313,85.465,4.2708,3.4883,0
-0.014723,0.84484,-0.18831,0.76181,-50.431,0,-0.018935,0.18366,1.7399,0.15516,-0.005317,-0.02395,0.017454,-0.018935,10154,0.035947,1.1837,-0.018935,-0.010883,8.9602,0.86105,-0.007424,-0.008462,0.034191,0.15122,0.040933,-0.5451,-0.4735,4.1032,0.47943,-0.003056,165.86,2.2006,2.0594,0.000091,1.7399,20.175,0.1829,0.000052,0.020815,0.67241,-0.004267,122.9,113.94,-0.3447,0.70779,8.9607,-0.056728,-0.032604,0.71291,0.79061,0.45442,0.39014,0.45988,-2388.2,0.000052,-0.094887,1.0107,0.17876,40.736,3.2035,165.85,2.2007,4.3749,0
0.001379,0.12687,0.78858,7.2155,107.54,0,0.00262,6.8818,2.3464,0.87313,0.00262,0.020653,0.015701,0.00262,1257,0.29037,7.8818,0.00262,0.001117,5.7805,0.96845,0.002602,0.000588,0.18446,0.75769,0.28059,,9.3275,3.0169,-0.042709,0.001117,19.64,18.585,18.585,-0.011467,2.3464,,0.87313,-0.004887,2.2416,0.11485,0.001109,98.163,92.383,0.03712,6.9226,5.7524,-0.031618,-0.013475,7.2155,0.12687,0.053808,10.327,10.327,819.78,-0.004887,0.00158,0.99889,0,63.143,3.951,19.736,18.494,27.754,0
0.079854,0.53955,0.040329,1.0756,0.76501,0.40772,0.10163,0.80498,1.0825,0.43433,0.10163,0.19043,0.097177,0.10163,1309.6,0.27872,1.8534,0.10163,0.065673,8.3224,1.089,0.11264,0.051601,0.50883,0.43433,0.23836,0.7879,0.094673,4.3732,0.30596,0.065673,136.25,2.6788,0.20877,0.11264,1.554,91.901,0.44019,0.072788,0.12775,0.10991,0.072788,119.31,110.98,2.2631,1.0094,9.0087,0.063889,0.041284,1.0639,0.53369,0.3733,1.0196,1.0334,952.41,0.076177,0.18386,0.92382,0.013497,43.857,3.2888,125.88,2.8997,3.6329,0
0.15,0.26558,0.59159,3.2275,72.842,0.25029,0.23171,2.5274,1.1131,0.67123,0.23171,0.87247,0.12695,0.23171,370.05,0.98634,3.7653,0.23171,0.11229,10.907,1.4313,0.18718,0.072693,0.38431,0.67123,0.67866,1.0098,4.1419,4.7442,0.002252,0.11229,52.293,6.9799,0.7048,0.18718,2.1199,,0.67123,0.090714,1.5886,0.040159,0.090714,76.995,66.088,2.4326,2.9954,12.141,0.15694,0.076058,3.2275,0.26558,0.14327,4.6995,4.6995,32829,0.10163,0.22347,0.89837,0,33.464,5.523,46.978,7.7695,14.447,0
0.00839,0.86069,-0.45412,0.47237,-302.76,0.21384,0.006131,0.15856,1.1323,0.13647,0.006131,0.007123,0.071169,0.006131,4710.4,0.077488,1.1619,0.006131,0.006542,72.414,1.5042,0.11267,0.008953,0.24011,0.13647,0.080112,1.3614,-0.76525,4.336,0.85866,0.006542,379.59,0.96155,0.13091,0.11267,0.94998,,0.13647,0.12023,0.07096,0.16334,0.12023,134.57,62.154,0.045125,0.25636,81.996,0.05211,0.055607,0.47237,0.86069,1.04,0.22997,0.22997,-9844.1,0.11686,0.061474,0.88314,0,5.0405,5.8725,335.24,1.0888,1.5791,0
-0.4691,2.0234,-0.85707,0.52769,-100.11,-0.68729,-0.4691,-0.50578,4.125,-1.0234,-0.36985,-0.25851,-0.10333,-0.4691,-1732.6,-0.21066,0.49422,-0.4691,-0.11372,33.669,0.85605,-0.37084,-0.11372,4.374,-1.1564,-0.21066,-3.7365,-20.2,2.5751,0.46212,-0.089661,147.41,2.4761,2.2207,-0.36831,4.125,2.7727,-0.81525,-0.089287,0.06455,-0.20564,-0.0899,74.366,40.697,-1.2328,0.318,30.91,-0.41369,-0.10029,0.47325,1.8146,0.40385,-24.119,-19.214,-322.16,-0.089286,0.45838,1.1129,-0.20337,10.841,8.9688,160.57,2.2732,97.219,0
0.14629,0.66839,-0.024249,0.9481,-19.459,0,0.18889,0.49612,2.5734,0.33161,0.20525,0.40428,0.10429,0.18889,909.06,0.40151,1.4961,0.18889,0.073401,9.2406,2.3525,0.19411,0.056846,0.2545,0.18223,0.33778,11.864,-0.043533,4.1779,0.25935,0.077241,72.31,5.0477,3.5284,0.21499,2.5734,1.8781,0.53278,0.083545,0.074436,0.081434,0.075431,57.897,48.656,2.2454,0.80866,10.083,0.11463,0.044546,0.66274,0.46722,0.19811,0.59531,0.95647,-365.27,0.083545,0.44115,0.92776,0.60666,39.5,7.5016,66.269,5.5078,4.6199,0
0.28844,0.29855,0.52761,3.0505,63.051,0.2861,0.28844,2.3495,1.91,0.70145,0.29017,1.121,0.16291,0.28844,350.2,1.0423,3.3495,0.28844,0.15101,43.988,1.5342,0.28649,0.15101,0.65571,0.57454,1.0423,164.89,2.453,3.7817,0.06611,0.15101,57.71,6.3247,5.4509,0.28261,1.91,13.45,0.74269,0.14797,0.73325,0.032184,0.14999,113.94,69.955,1.2531,2.1559,51.627,0.26376,0.13809,2.6291,0.25731,0.15811,3.2613,3.453,3192,0.14797,0.4112,0.85034,0.058799,8.2977,5.2176,49.171,7.423,8.8801,0
-0.29263,0.1717,0.28391,2.6536,-47.411,0.69532,-0.29263,4.8242,0.59321,0.8283,-0.29263,-1.7043,-0.34,-0.29263,-337.04,-1.083,5.8242,-0.29263,-0.53506,239.69,0.29297,-0.28986,-0.53506,0.69532,0.8283,-1.083,-3.1441,0.52153,4.6193,0.25133,-0.53506,67.977,5.3695,-1.6882,-0.28986,0.65666,,0.8283,-0.53001,0.38665,-0.030815,-0.53001,259.77,20.08,-0.81479,0.56188,142.19,-0.39654,-0.72507,2.6536,0.1717,0.18624,1.5215,1.5215,11817,-0.68574,-0.35328,1.6857,0,1.5228,18.177,114.59,3.1852,1.0046,0
0.05094,0.4265,0.1429,1.5257,15.601,0,0.049289,1.3447,1.0154,0.5735,0.064613,0.18131,0.089514,0.049289,1712.7,0.21312,2.3447,0.049289,0.04854,37.516,1.5311,0.061,0.050166,-0.43909,0.14653,0.21699,3.9806,0.24417,4.4692,0.3686,0.062174,113.13,3.2948,2.1,0.13835,1.0154,2.8412,0.68274,0.13625,0.20063,0.13856,0.060073,129.48,91.963,0.48808,1.1417,42.531,0.019394,0.019099,0.97244,0.27185,0.30351,0.97992,1.1666,1.5257,0.13625,0.088823,0.88949,0.19048,9.7293,3.969,97.716,3.7353,1.735,0
-0.050953,0.72781,0.13494,1.1854,-79.933,-0.43702,-0.050953,0.3325,0.94903,0.242,-0.050953,-0.070009,-0.008702,-0.050953,-30801,-0.01185,1.374,-0.050953,-0.051411,93.266,1.1094,-0.062339,-0.051411,-0.43702,0.242,-0.01185,-0.59693,0.98308,3.8655,0.37146,-0.051411,254.38,1.4349,-0.085653,-0.062339,1.0046,,0.242,-0.062899,0.63728,-1.1958,-0.062899,146.92,53.65,-0.2012,0.83744,88.513,-0.10467,-0.10561,1.1854,0.72781,0.69692,1.7631,1.7631,990.04,-0.053708,-0.21055,1.0537,0,3.9135,6.8034,268.04,1.3617,7.2207,0
0.014217,0.4787,0.37227,3.3751,16.011,0.043565,0.013416,1.0323,1.0714,0.49415,0.013416,0.085597,0.0517,0.013416,3568.8,0.10228,2.089,0.013416,0.014167,127.15,1.0698,0.063492,0.015012,0.045469,0.49415,0.10395,0.7183,0.79042,5.2516,0.47124,0.014167,64.723,5.6394,0.13263,0.063492,0.95628,0.61849,0.81611,0.067046,0.23673,0.15892,0.067046,189.6,62.45,0.043096,1.2705,136.22,0.027948,0.029513,1.1051,0.15674,0.17732,1.0492,1.7328,66450,0.066605,0.02877,0.93339,0.65155,2.8707,5.8446,60.412,6.0418,2.0107,0
-0.073659,0.78191,-0.047989,0.71749,-348.49,-0.12007,-0.070544,0.22473,1.0378,0.17572,-0.070544,-0.41529,-0.35499,-0.070544,-5801.3,-0.062917,1.2789,-0.070544,-0.50904,158.27,,-0.005122,-0.53152,-0.11696,0.17572,-0.066901,-0.38361,-0.05465,5.8694,5.3811,-0.50904,464.31,0.78612,-0.006551,-0.005122,0.14356,0.10095,0.78776,-0.036963,0.21615,1.5843,-0.036963,224.29,66.029,-1.2258,0.36374,164.25,-0.026471,-0.19101,0.15587,0.16986,1.2721,0.20011,0.8971,-35523,0.036424,-0.41919,0.96358,3.4831,2.3063,5.5279,447.4,0.81583,0.15782,0
0.036356,0.2524,0.63668,4.2235,38.57,-0.18799,0.036025,2.962,1.1054,0.7476,0.037521,0.18239,0.053751,0.036025,1550.6,0.2354,3.962,0.036025,0.032591,170.81,1.001,0.031203,0.032891,0.048893,0.13795,0.23671,20.852,3.8397,4.2563,0.061096,0.033945,67.698,5.3916,4.2191,0.040459,1.1054,10.978,0.77647,0.036602,0.97551,0.15411,0.028229,211.83,41.023,0.070283,1.6045,177.3,0.007815,0.00707,3.305,0.19751,0.18547,4.5087,4.6828,11488,0.036602,0.04863,0.96765,0.038613,2.1369,8.8975,65.22,5.5964,6.6662,0
0.063648,0.69976,0.055982,1.1454,-104.48,0,0.079454,0.42907,0.96291,0.30024,0.08922,0.20643,0.095798,0.079454,2768.8,0.13182,1.4291,0.079454,0.082514,114.83,1.2986,0.089133,0.0661,0.15027,0.29833,0.10924,9.1267,0.10012,4.4164,0.72052,0.092339,159.19,2.2929,1.2612,0.08038,0.96291,0.67051,0.50597,0.083476,0.029662,0.22885,0.092566,162.79,47.961,0.2101,0.35839,125.29,0.076342,0.079283,0.63005,0.3849,0.43613,0.53699,0.90494,1460.2,0.083476,0.21199,0.91866,0.6852,3.1786,7.6104,145.9,2.5017,1.7222,0
-0.041984,0.21306,0.19185,2.7653,-400.81,0,-0.041984,3.6936,0.59239,0.78694,-0.041984,-0.38631,0.32515,-0.041984,403.73,0.90406,4.6936,-0.041984,-0.070872,69.561,0.92028,0,-0.070872,-0.12793,0.4005,0.90406,,0.27427,3.8601,0.15965,-0.14174,234.21,1.5584,0.79494,0.0001,0.59239,1.8035,0.89098,0.00017,1.1484,0.030272,0,108.27,38.708,-0.37188,1.7265,243.3,-0.2346,-0.39603,1.4105,0.10868,0.64167,1.125,1.2738,1390,0.71409,-0.053351,0.28812,0.13221,5.2472,9.4296,66.962,5.4508,0.84691,0
0.35738,0.84749,-0.072508,0.91444,-60.14,-0.56935,0.38597,0.17996,2.7704,0.15251,0.38597,0.45542,0.15759,0.38597,708.52,0.51516,1.18,0.38597,0.13932,41.796,2.3584,0.38597,0.129,-0.084219,-0.13664,0.48142,,-0.32223,2.2378,0.30259,0.13932,129.77,2.8127,2.8127,0.38672,2.7704,,0.15251,0.13959,0.01085,0.064705,0.13932,100.89,59.095,1.1265,0.54011,48.577,0.33534,0.12104,0.91444,0.84749,0.35554,0.67777,0.67777,-12.538,0.13959,2.3433,0.86068,0,8.7329,6.1765,111.66,3.269,12.312,0
0.064017,0.36204,0.257,1.7105,-3.2787,0,0.064017,1.7621,3.0009,0.63796,0.06991,0.17699,0.037058,0.064017,1188.3,0.30717,2.7621,0.064017,0.021333,34.082,1.0069,0.065847,0.021333,0.37431,0.25455,0.30717,11.175,0.67403,4.5525,0.088996,0.021748,45.093,8.0943,8.0868,0.073166,3.0009,,0.63796,0.024381,0.27093,0.10676,0.021942,63.334,29.252,0.22846,0.93583,34.934,0.018657,0.006217,1.7089,0.3617,0.12354,1.6731,1.6731,9172.4,0.024381,0.10035,0.9788,0,10.709,12.478,43.994,8.2966,7.8704,0
0.019923,0.64966,-0.30453,0.53124,-203.59,0.25901,0.019428,0.53202,1.0726,0.34563,0.019428,0.029904,0.060985,0.019428,3253.3,0.11219,1.5393,0.019428,0.016255,90.218,1.519,0.081828,0.016669,0.11471,0.34563,0.11296,0.73432,-0.46503,4.9558,0.52819,0.016255,212.8,1.7153,0.12595,0.081828,1.1965,,0.34563,0.068464,0.02828,0.15788,0.068464,99.788,9.5703,0.06744,0.076517,96.764,0.028367,0.023734,0.53124,0.64966,0.58301,0.52779,0.52779,-27507,0.067655,0.057642,0.93234,0,4.0458,38.139,198.4,1.8397,1.8251,0
0.023201,0.55036,0.21096,1.5016,-0.35234,0,0.03614,0.81698,1.8392,0.44964,0.058619,0.085929,0.04242,0.03614,2574.8,0.14176,1.817,0.03614,0.019649,37.938,1.2035,0.056794,0.012615,0.094811,0.40772,0.11825,2.5265,0.57253,3.2227,0.22195,0.029771,86.032,4.2426,3.2421,0.054885,1.8392,6.8093,0.51431,0.029841,0.38907,0.18592,0.030879,92.856,54.918,0.12137,1.0471,39.105,0.014914,0.008109,1.1475,0.42058,0.2357,1.2203,1.3958,352.3,0.029841,0.0516,0.9804,0.14383,9.6211,6.6463,83.465,4.3731,4.9916,0
0.11179,0.30871,0.40878,2.5473,62.66,0,0.14047,2.2393,1.6293,0.69129,0.149,0.53172,0.13815,0.14047,500.58,0.72915,3.2393,0.14047,0.086214,36.291,1.0942,0.14208,0.06861,0.46015,0.64163,0.63624,16.654,1.2499,4.0217,0.050173,0.089476,64.782,5.6343,4.8216,0.14083,1.6293,11.475,0.73582,0.086437,0.86828,0.045391,0.087201,99.369,63.077,0.69004,1.9341,39.725,0.057453,0.035261,2.1799,0.26418,0.17748,2.1138,2.2499,4297.5,0.086437,0.16171,0.91445,0.064413,10.057,5.7866,59.182,6.1674,4.9821,0
0.015181,0.22434,0.065272,1.3925,-0.23392,0.06928,0.020213,3.4574,1.0516,0.77566,0.020213,0.12156,0.06811,0.020213,2260.5,0.16147,4.4574,0.020213,0.038006,40.652,1.1415,0.021317,0.028543,0.088592,0.77566,0.13904,0.42148,0.084941,6.0715,0.35673,0.038006,120,3.0416,0.095021,0.021317,0.54539,2.9682,0.83371,0.040081,0.24636,0.19759,0.040081,130.8,90.147,0.25628,1.0363,42.749,0.005306,0.009976,1.0322,0.16629,0.32878,1.0094,1.0849,76952,0.049039,0.019572,0.95096,0.074848,8.9786,4.049,114.12,3.1984,0.69212,0
0.10264,0.54651,0.068905,1.1261,42.255,-0.06578,0.10416,0.82979,0.60284,0.45349,0.10432,0.19059,0.1862,0.10416,1777.1,0.2054,1.8298,0.10416,0.17278,0,1.121,0.10352,0.17026,0.087012,0.036856,0.20261,646,0.17917,2.0962,0.16095,0.17305,335.17,1.089,1.089,0.007692,0.69938,,0.45349,0.012759,0.82246,0.16322,0.17172,100.47,100.47,,0.82246,0,0.095425,0.15829,1.1261,0.54651,0.91828,1.1792,1.1792,8.6,0.012759,0.22633,0.85096,0,,3.633,330.9,1.1031,1.5675,1
0.040058,0.69946,0.22498,1.3216,-15.004,0.1097,0.054594,0.38888,1.0083,0.27201,0.054594,0.078052,0.008241,0.054594,3364.2,0.1085,1.4297,0.054594,0.005928,22.923,1.485,0.063365,0.00435,0.14075,0.27201,0.087713,0.069379,2.9774,4.6821,0.075712,0.005928,27.954,13.057,0.090591,0.063365,9.2321,,0.27201,0.006881,0.040857,0.27163,0.006881,35.507,12.583,0.069259,0.49476,23.114,0.042071,0.004568,1.3216,0.69946,0.076585,3.5998,3.5998,10822,0.008261,0.14727,0.99174,0,15.923,29.007,27.723,13.166,121.87,0
0.16117,0.06058,0.81435,14.443,140.47,0.5111,0.16117,15.012,1.1411,0.90945,0.16117,2.6605,0.14112,0.16117,128.89,2.832,16.507,0.16117,0.13258,120.91,1.2238,0.15363,0.13258,0.5111,0.90945,2.832,1.4421,6.5114,4.4216,-0.15949,0.13258,20.755,17.586,2.536,0.15363,1.2287,,0.90945,0.12638,4.2005,0.012143,0.12638,186.29,65.38,0.40022,7.7951,137.97,0.14324,0.11783,14.443,0.06058,0.056863,7.2718,7.2718,21500,0.12365,0.17722,0.87635,0,3.0187,5.5827,18.189,20.067,9.7203,0
0.018095,0.068454,0.26183,-0.40311,331.77,0,0.020882,13.608,0.28796,0.93155,0.020882,-0.11191,0.072517,0.020882,1196.5,0.30505,14.608,0.020882,0.072517,0,,0.02048,0.062837,0.020882,0.55615,0.26433,,0.283,3.1514,0.068743,0.072517,-255.1,-1.4334,3.9074,0.02096,0.28836,0.31532,1.1701,0.072787,-0.34286,0.11142,0.07112,14.25,14.25,,-0.34286,0,0.02048,0.07112,1.0989,-0.18661,-0.69764,1.0069,1.2647,371.01,0.072787,0.019424,0.92761,0.25609,,25.615,-236.53,-1.5432,0.31124,1
0.076337,0.2206,0.26452,2.1991,68.255,0.22004,0.090933,3.4942,1.0697,0.77083,0.090933,0.41221,0.084945,0.090933,807.08,0.45225,4.5331,0.090933,0.077424,14.889,1.0889,0.073829,0.064997,0.26337,0.77083,0.38608,0.67243,0.51374,6.1837,0.14882,0.077424,73.336,4.9771,0.33468,0.073829,1.2169,,0.77083,0.062861,0.25354,0.087738,0.062861,133.38,118.49,1.5934,1.9819,15.927,0.064997,0.055341,2.1991,0.2206,0.20092,1.4971,1.4971,403780,0.06516,0.099033,0.93484,0,24.514,3.0804,68.557,5.324,2.2811,0
-0.025257,0.39856,0.50904,2.2772,11.78,0,-0.025257,1.509,3.468,0.60144,0.004219,-0.063371,0.62437,-0.025257,67.184,5.4329,2.509,-0.025257,-0.007283,57.266,0.87522,0,-0.007283,0.081859,0.42934,5.4329,0,5.509,3.9546,0.10033,-0.014566,176.31,2.0702,2.0702,0.015175,3.468,,0.60144,0.004376,0.1511,0.006065,0,89.184,31.917,-0.046419,0.91198,240.7,-2.1906,-0.63165,2.2772,0.39856,0.48305,6.509,6.509,4584.6,0.76209,-0.041995,0.24985,0,6.3737,11.436,41.947,8.7014,37.532,0
-0.012325,0.74715,-0.057263,0.78347,-91.762,0,-0.012325,0.33831,0.79078,0.25277,-0.003809,-0.046603,0.1438,-0.012325,2398.2,0.15219,1.3384,-0.012325,-0.015585,59.43,0.57829,-0.003927,-0.015585,0.00814,0.2283,0.15219,-0.46121,-0.072227,3.3895,0.94302,-0.004817,113.79,3.2362,1.1455,-0.057386,0.85191,,0.25277,-0.072568,0.005382,0.20396,-0.004967,94.979,35.549,-0.095721,0.49224,55.401,-0.12996,-0.16435,0.27732,0.26446,0.31176,0.31882,0.31882,-140.41,-0.072718,-0.048759,1.0046,0,6.1417,10.267,122.07,2.9902,0.99743,1
-0.005185,0.38267,0.99186,318.82,741.58,-0.37849,-0.005185,1.6132,0.33895,0.61733,-0.003754,-1.6614,-0.015298,-0.005185,-26938,-0.01355,2.6132,-0.005185,-0.015298,280.55,1.3576,-0.016079,-0.015298,0.2834,0.49504,-0.01355,-11.238,197.63,2.6116,-0.21275,-0.015298,3.2085,113.76,0.92776,-0.016081,0.33895,2.2296,0.94674,-0.047444,145.72,-0.79333,-0.047437,581.72,301.17,-0.019903,235.34,267.84,-0.016079,-0.047437,2.6001,0.003121,0.00879,123,188.64,405.53,-0.047444,-0.008399,1.0148,0.5336,1.301,1.2119,3.3607,108.61,67.536,0
0.067327,0.6784,0.27654,1.7566,-0.39556,-0.004771,0.090091,0.47405,2.5785,0.3216,0.14372,0.24648,0.038148,0.090091,2517.3,0.14499,1.4741,0.090091,0.034939,39.319,2.2068,0.13848,0.026111,0.077203,0.068887,0.11144,2.582,0.77255,4.1788,0.25175,0.038159,54.968,6.6402,3.5776,0.15141,2.5785,1.194,0.62669,0.05872,0.083976,0.15409,0.053705,86.541,47.221,0.24239,0.99663,41.772,0.13021,0.050497,0.94641,0.36551,0.1506,0.89844,1.7508,4173.6,0.05872,0.20935,0.96513,0.94868,9.283,7.7296,51.74,7.0544,7.2035,0
0.034106,0.74576,-0.10548,0.72303,-72.479,0.13869,0.034106,0.33911,1.0211,0.2529,0.034106,0.089557,0.061442,0.034106,4214.5,0.086606,1.3409,0.034106,0.032445,32.763,1.1261,0.047131,0.032445,0.13869,0.2529,0.086606,0.45781,-0.14556,4.707,0.68237,0.032445,135.02,2.7033,0.063199,0.047131,1.0897,0.49597,0.61783,0.044836,0.078129,0.3159,0.044836,85.277,52.514,0.36145,0.47526,33.454,0.01665,0.015839,0.36922,0.38083,0.36992,0.34899,0.85259,-5372,0.020647,0.13486,0.97935,1.443,11.141,6.9505,132.23,2.7603,1.4506,0
0.001175,0.38146,0.18244,1.7529,3.4551,0,0.001221,1.6215,1.457,0.61854,0.016274,0.00504,0.059468,0.001221,1606.9,0.22714,2.6215,0.001221,0.000838,41.563,0.8426,0.015881,0.000807,-0.005184,0.47109,0.22702,1.055,0.31715,3.8676,0.24541,0.01117,48.92,7.4611,4.7396,-0.35099,1.457,3.976,0.68365,-0.24091,0.098662,0.12552,0.0109,100.42,58.858,0.007085,1.0682,33.494,-0.069541,-0.04773,1.1135,0.24232,0.13403,1.0753,1.1884,1345.1,-0.24091,0.0019,0.99934,0.10525,8.7818,6.2014,60.705,6.0126,2.5328,0
0.29737,0.28387,0.68505,3.4133,-20.255,0,0.29737,2.5228,2.9939,0.71613,0.2974,1.0476,0.10411,0.29737,332.41,1.098,3.5228,0.29737,0.099326,101.51,1.0182,0.2974,0.099326,0.79704,0.65681,1.098,9400.6,22.039,3.4821,0.090157,0.099326,38.109,9.5778,9.5778,0.27504,2.9939,,0.71613,0.091868,0.065227,0.030354,0.099337,115.87,14.355,0.35714,0.48003,111.78,0.28307,0.094549,3.4133,0.28387,0.10441,23.039,23.039,2078.8,0.091868,0.41524,0.90242,0,3.5956,25.426,34.608,10.547,96.318,0
0.12141,0.36563,0.41024,2.1623,20.204,0,0.15806,1.735,3.0746,0.63437,0.1974,0.44782,0.071756,0.15806,604.9,0.60341,2.735,0.15806,0.051408,8.9384,0.90315,0.18028,0.039489,0.45618,0.55908,0.50318,4.5829,1.7324,3.4243,0.051002,0.051648,44.534,8.196,7.9117,0.18185,3.0746,,0.63437,0.059144,1.0906,0.050189,0.058633,44.905,35.967,1.6125,1.949,9.5002,0.11771,0.038284,2.0873,0.35295,0.12201,2.6788,2.6788,1089.8,0.059144,0.19139,0.94888,0,40.835,10.148,41.9,8.7112,12.984,0
0.19006,0.28598,0.41891,2.4648,63.006,0.24306,0.23299,2.2847,1.1555,0.65337,0.23299,0.81472,0.17555,0.23299,396.01,0.92169,3.4968,0.23299,0.15517,43.315,1.7444,0.23276,0.12658,0.30449,0.65337,0.77158,1.7912,1.4195,4.138,0.13253,0.15517,80.329,4.5438,0.8139,0.23276,1.555,,0.65337,0.15502,0.3694,0.035702,0.15502,145.67,102.36,1.0667,1.8418,50.05,0.20217,0.13464,2.4648,0.28598,0.22008,2.214,2.214,5756.4,0.13457,0.29089,0.86543,0,8.4267,3.5659,69.519,5.2504,5.0878,0
-0.042177,0.38938,0.41363,2.2965,32.362,0,-0.039146,1.5682,2.0865,0.61062,-0.039146,-0.1227,-0.005169,-0.039146,-13179,-0.027695,2.5682,-0.039146,-0.018762,35.474,0.96304,-0.054745,-0.020215,0.07808,0.54515,-0.035478,-0.018762,1.5473,4.1661,0.13052,-0.018762,50.175,7.2745,5.9603,-0.23439,2.0865,,0.61062,-0.11234,0.38184,-0.49196,-0.026238,106.86,71.387,-0.20799,1.6609,31.892,-0.083107,-0.039832,1.8816,0.31904,0.13747,2.2841,2.2841,6063.2,-0.11234,-0.069072,1.0171,0,10.289,5.113,55.811,6.5399,7.8048,0
-0.48675,1.2999,-0.68208,0.43805,-199.57,0,-0.48984,-0.23063,1.1938,-0.29979,-0.31743,-0.40356,-0.39103,-0.48984,-1016.4,-0.35912,0.76931,-0.48984,-0.41032,47.122,,-0.34954,-0.40774,-0.46293,-0.30621,-0.35675,-2.0273,-1.4565,4.09,1.0751,-0.39168,287.18,1.273,1.1887,-0.34881,1.2277,4.9457,-0.22344,-0.29218,0.019756,-0.1327,-0.2928,155.24,108.11,-3.1582,0.14673,36.406,-0.37256,-0.31208,0.40904,1.2138,0.78552,-0.64017,-0.47714,-8391,-0.29225,1.6236,1.2586,-0.25466,7.7458,3.3761,371.11,0.98353,2.5492,1
-0.10807,0.51501,-0.18647,0.63287,-76.389,-0.029567,-0.10573,0.9144,0.89254,0.47093,-0.10573,-0.20816,-0.0552,-0.10573,-2489.2,-0.14663,1.9417,-0.10573,-0.077284,33.176,1.1376,-0.17056,-0.078992,-0.023398,0.47093,-0.15117,-1.1128,-0.27481,4.3689,0.37532,-0.077284,120.95,3.0178,-0.33118,-0.17056,1.4601,27.812,0.47802,-0.12467,0.018826,-0.12064,-0.12467,83.211,50.035,-0.86907,0.38805,29.611,-0.20078,-0.14676,0.62416,0.50792,0.33137,0.69402,0.70447,-4360,-0.1204,-0.22948,1.1204,0.015049,11.002,7.2948,135.51,2.6935,2.0162,0
0.01859,0.31423,0.15409,1.6766,8.409,0,0.020647,2.1824,1.2245,0.68577,0.042857,0.090665,0.066683,0.020647,1404.6,0.25985,3.1824,0.020647,0.016862,37.711,0.80692,0.042803,0.015182,0.48187,0.33387,0.25331,1.9272,0.24927,5.0556,0.25504,0.025713,71.066,5.1361,3.7223,0.054862,1.2245,3.8752,0.75166,0.044804,0.015896,0.1009,0.034955,112.73,75.024,0.14694,1.1211,39.48,-0.018203,-0.014866,1.2151,0.22773,0.1947,1.1093,1.2159,17516,0.044804,0.027108,0.98334,0.096072,9.6789,4.8651,67.882,5.377,1.9808,0
0.12265,0.24828,0.49477,3.3511,113.7,0.23484,0.16992,2.7488,1.2438,0.68246,0.16992,0.80747,0.16711,0.16992,458.19,0.79661,4.0277,0.16992,0.14357,59.451,1.1905,0.15846,0.10363,0.31932,0.68246,0.60622,1.6652,1.6784,4.1708,-0.006894,0.14357,80.719,4.5219,0.63823,0.15846,1.2014,13.543,0.72029,0.13388,1.2673,0.04381,0.13388,135.23,75.783,0.63624,2.435,73.944,0.1306,0.11034,2.8404,0.21044,0.22115,2.315,2.4434,7331.6,0.196,0.17972,0.804,0.055444,6.1395,4.8164,64.898,5.6242,4.0149,0
0.027652,0.61984,-0.14037,0.77353,-64.465,0.23832,0.027652,0.60363,1.0092,0.37415,0.027652,0.044612,0.036019,0.027652,3207.5,0.1138,1.6133,0.027652,0.01412,35.735,0.83965,0.021111,0.01412,0.23832,0.37415,0.1138,0.1088,-0.26967,4.2442,0.24223,0.01412,116.59,3.1305,0.034059,0.021111,1.9787,,0.37415,0.01078,0.2471,0.31844,0.01078,60.818,25.083,0.14423,0.46421,36.065,-0.021772,-0.011118,0.77353,0.61984,0.31944,0.71878,0.71878,-2463,0.009132,0.073906,0.99087,0,10.214,14.552,115.53,3.1594,3.7621,0
0.13439,0.66845,0.33155,1.496,107.57,0,0.17097,0.49601,1.1939,0.33155,0.17108,0.25577,0.1432,0.17097,1427.1,0.25577,1.496,0.17097,0.1432,0,,0.099987,0.11257,0.17097,0.26817,0.20105,876.33,,2.897,0.55833,0.1432,248.06,1.66,1.66,0.21034,1.2807,,0.33155,0.17618,0.002769,0.22284,0.083747,305.15,305.15,,0.002769,0,0.099987,0.083747,1.496,0.66845,0.6024,,,261.53,0.17617,0.40535,0.86643,0,,1.1961,204.36,1.7861,,1
0.092999,0.44678,0.24291,1.5446,-7.8763,0.077623,0.11177,1.0968,1.0451,0.49001,0.11177,0.25059,0.080623,0.11177,914.26,0.39923,2.2383,0.11177,0.05052,47.219,1.6975,0.11145,0.042036,0.10454,0.49001,0.35722,0.5265,0.7809,4.9837,0.19591,0.05052,76.904,4.7462,0.24946,0.11145,2.2497,532.82,0.49077,0.050378,0.033466,0.082495,0.050378,111.2,63.981,0.32494,0.90294,49.348,0.044855,0.020275,1.542,0.44602,0.21069,1.5753,1.5777,23396,0.043138,0.18979,0.95686,0.001543,7.7299,5.7048,73.586,4.9602,7.1121,0
-0.003028,0.004761,0.032291,7.782,65.716,-0.5002,-0.003028,209.03,0.17494,0.99524,-0.001969,-0.63596,-0.017309,-0.003028,-573.94,-0.63596,210.03,-0.003028,-0.017309,0,0.73782,-0.001979,-0.017309,0.073644,-0.074703,-0.63596,-1.8687,0.033533,1.9706,-0.071498,-0.011254,9.8243,37.153,37.153,-0.001958,0.17494,,0.99524,-0.011193,3.627,-0.08018,-0.011315,41.277,41.277,,7.782,0,-0.001979,-0.011315,7.782,0.004761,0.026916,1.0335,1.0335,3.018,-0.011193,-0.003042,1.0173,0,,8.8426,9.9343,36.742,0.18167,0
0.17171,0.26433,0.37107,2.6683,30.168,0.7394,0.21348,2.7831,1.0692,0.73567,0.21348,0.95978,0.075587,0.21348,365.45,0.99878,3.7831,0.21348,0.061119,10.373,1.1305,0.21896,0.049161,0.91492,0.73567,0.84078,0.67026,0.91282,4.7428,0.070808,0.061119,24.851,14.687,0.82836,0.21896,3.5135,11.792,0.77758,0.06269,0.086765,0.032247,0.06269,60.004,49.63,1.7298,2.222,11.091,0.16843,0.048221,2.2452,0.22242,0.068085,1.8097,1.9128,20523,0.0647,0.23341,0.9353,0.05697,35.186,7.3544,23.243,15.703,8.5922,0
0.028841,0.3348,0.24601,1.7348,12.515,-0.49672,0.035677,1.9868,4.9185,0.6652,0.17718,0.10656,0.027815,0.035677,893.24,0.40862,2.9868,0.035677,0.007254,6.2262,0.70305,0.15439,0.005864,0.86198,-0.46789,0.3882,1.0911,0.58687,2.1218,0.066092,0.016645,25.651,14.23,14.23,0.15439,4.9185,,0.6652,0.031389,0.02906,0.043676,0.031389,42.38,36.153,0.34375,1.4842,6.428,0.053255,0.010827,1.7348,0.3348,0.070276,1.5869,1.5869,32.567,0.031389,0.043357,0.99278,0,58.623,10.096,24.846,14.691,11.733,0
0.051712,0.18529,0.15665,1.8454,7.1249,0.33874,0.065057,3.9252,1.0112,0.72732,0.065057,0.3511,0.045022,0.065057,478.91,0.76214,5.3968,0.065057,0.020741,9.8392,1.0473,0.072837,0.016486,0.42552,0.72732,0.69012,0.23482,0.23805,4.5112,0.050351,0.020741,21.804,16.74,0.39309,0.072837,3.1955,,0.72732,0.023221,0.21355,0.040885,0.023221,35.186,25.347,0.61158,1.3891,9.9496,-0.003326,-0.00106,1.8454,0.18529,0.059736,1.1053,1.1053,5082.9,0.011091,0.071099,0.98891,0,37.097,14.4,21.562,16.928,4.7666,0
0.041117,0.21298,0.29076,2.3652,35.889,0,0.041117,3.6953,1.4559,0.78702,0.041117,0.19306,0.03762,0.041117,1419.3,0.25717,4.6953,0.041117,0.028241,39.722,0.94764,0,0.028241,0.39761,0.76987,0.25717,,0.58591,4.1636,0.044952,0.056482,64.763,5.636,5.636,0.031751,1.4559,,0.78702,0.021808,0.75849,0.51991,0,85.788,46.066,0.2595,1.6213,48.181,-0.013655,-0.009379,2.3652,0.21298,0.17743,1.5859,1.5859,4237.7,0.17556,0.052244,0.83352,0,9.1888,7.9235,53.393,6.8361,2.9338,0
0.036036,0.53111,-0.086214,0.70916,-54.283,0.27254,0.033393,0.88286,1.0532,0.46889,0.033393,0.11265,0.085772,0.033393,2128.6,0.17147,1.8829,0.033393,0.03145,16.93,1.3503,0.053357,0.033939,0.34179,0.46889,0.17645,0.52924,-0.10916,4.4472,0.48295,0.03145,107.32,3.4011,0.10046,0.053357,1.0651,0.68589,0.70357,0.050252,0.088313,0.15726,0.050252,63.264,46.334,0.73169,0.54301,17.83,-0.004321,-0.00407,0.3958,0.29643,0.29402,0.5937,0.89084,-2414,0.050488,0.076853,0.94951,0.5005,21.559,7.8776,101.9,3.5819,1.3444,0
0.10831,0.6728,0.28842,1.4287,63.596,0,0.10831,0.48633,0.82943,0.3272,0.10831,0.16098,0.14324,0.10831,2067,0.17659,1.4863,0.10831,0.13058,63.243,1.4385,0,0.13058,0.18634,0.30528,0.17659,,7.4377,3.4373,0.42651,0.27772,551.69,0.6616,0.6616,0.00208,0.82943,,0.3272,0.002508,0.57516,2.1359,0,252.71,189.46,0.75363,1.2151,117.84,-0.0105,-0.012659,1.4287,0.6728,1.5115,8.4377,8.4377,789.51,0.46334,0.33101,0.59917,0,5.7714,1.9265,296.07,1.2328,21.389,0
0.10287,0.51738,0.086061,1.2863,-2.0939,0.15916,0.12921,0.86297,1.0995,0.44648,0.12921,0.42987,0.10266,0.12921,1179.3,0.30951,1.9328,0.12921,0.082835,18.613,1.214,0.13921,0.065949,0.20348,0.44648,0.2586,0.98127,0.14031,5.0122,0.31269,0.082835,77.336,4.7197,0.26907,0.13921,1.5733,1.4166,0.66327,0.089245,0.14712,0.09998,0.089245,80.126,61.513,1.2933,1.0217,20.465,0.10829,0.069421,0.74732,0.30059,0.21188,0.72793,1.0814,8850.3,0.090522,0.23041,0.90948,0.48556,19.61,5.9337,70.336,5.1894,2.5432,0
0.097567,0.17856,0.46554,3.6072,49.349,0,0.097567,4.6002,2.6758,0.82141,0.098461,0.54641,0.05692,0.097567,427.91,0.85298,5.6004,0.097567,0.036462,15.143,1.1023,0.096871,0.036462,0.20167,-0.02384,0.85298,108.36,1.3081,3.6719,-0.006474,0.036781,25.823,14.45,14.45,0.15206,2.6786,,0.82141,0.056828,1.1437,0.039258,0.036202,60.002,44.859,0.87886,1.7655,15.705,0.042131,0.015745,3.6072,0.17856,0.069204,2.308,2.308,2187.1,0.056797,0.11878,0.96327,0,24.103,8.1366,24.357,14.986,7.5185,1
-0.033909,0.50085,0.29853,2.0084,-20.214,0.092405,-0.03847,0.93667,1.015,0.46913,-0.03847,-0.12994,0.018198,-0.03847,8743.2,0.041747,1.9966,-0.03847,-0.033482,109.32,0.8775,0.003401,-0.029512,0.12922,0.46913,0.050853,0.03004,0.73635,4.6046,0.42764,-0.033482,95.454,3.8238,0.00679,0.003401,1.1582,1.223,0.67393,0.00296,0.081578,0.26229,0.00296,181.21,71.894,-0.09854,0.84602,110.95,-0.055978,-0.04872,1.1871,0.29605,0.26152,1.1571,1.6623,12011,0.014736,-0.07228,0.98526,0.43655,3.3389,5.0769,94.047,3.881,2.834,0
0.097141,0.36822,0.28465,1.8575,23.25,0,0.12409,1.7158,2.4226,0.63178,0.13418,0.37383,0.066531,0.12409,833.87,0.43772,2.7158,0.12409,0.051222,20.49,1.0742,0.11442,0.040098,0.20883,0.61312,0.36453,11.344,0.7424,3.5072,0.10934,0.055386,52.534,6.9479,6.2634,0.11626,2.4226,13.248,0.66806,0.04799,0.31761,0.081014,0.04723,77.014,56.524,0.71429,1.4478,21.523,0.07733,0.031921,1.6745,0.33194,0.14393,1.6478,1.7424,915.27,0.04799,0.15376,0.94925,0.05742,17.813,6.4574,50.012,7.2982,6.3185,0
0.057271,0.53364,0.399,1.8664,-6.9193,0.060353,0.1035,0.87392,1.2932,0.46636,0.11883,0.22475,0.093397,0.1035,1612.7,0.22633,1.8739,0.1035,0.080035,109.21,1.1208,0.11718,0.044287,,0.27645,0.1397,7.6428,2.84,4.4204,0.38537,0.080177,147.05,2.4821,2.1419,0.15017,1.2932,,0.46636,0.11612,0.14978,0.13229,0.090613,223.12,113.91,0.14801,1.0262,123.56,0.099901,0.077251,1.6106,0.46051,0.40289,3.3195,3.3195,10505,0.11612,0.12281,0.92114,0,3.3421,3.2042,129.98,2.8082,9.2048,0
-0.005564,0.96248,0.20455,1.613,30.688,-0.011059,0.020819,0.038986,2.0224,0.037523,0.17504,0.062388,0.10165,0.020819,1708.8,0.21359,1.039,0.020819,0.010294,9.7355,0.94071,0.16718,-0.002751,0.19101,-0.016623,0.18618,1.084,0.44299,3.8685,0.41784,0.026652,65.549,5.5684,1.9306,0.16425,2.0224,1.0175,0.51351,0.081215,0.37571,0.09116,0.082661,74.515,64.779,-0.10314,1.4513,10.596,-0.017584,-0.008695,0.55924,0.3337,0.17959,0.081264,1.1121,1511.1,0.081215,-0.14827,0.98977,12.685,37.492,5.6345,60.225,6.0606,4.38,0
0.032034,0.31568,0.57968,2.8363,36.873,0,0.038511,2.1678,3.9638,0.68432,0.086095,0.12199,0.016996,0.038511,1710.3,0.21341,3.1678,0.038511,0.009716,16.155,1.3706,0.064501,0.008082,0.25339,0.67049,0.19289,1.3555,5.5401,3.6074,0.018644,0.01038,29.19,12.504,12.504,0.016329,3.9638,,0.68432,0.00412,0.77507,0.11271,0.016273,59.918,43.764,0.1826,2.2806,16.221,0.035643,0.008992,2.8363,0.31568,0.079971,6.5401,6.5401,2347.3,0.00412,0.046812,0.99046,0,22.594,8.3402,29.069,12.556,37.882,0
0.11554,0.43133,0.28017,1.6496,37.796,0.21713,0.14307,1.2506,1.0793,0.5394,0.14307,0.3317,0.092277,0.14307,943.92,0.38668,2.3184,0.14307,0.079156,21.342,1.2732,0.12663,0.063923,0.26916,0.5394,0.32285,0.75618,0.9711,5.6915,0.088636,0.079156,94.012,3.8825,0.29358,0.12663,1.8279,,0.5394,0.07006,0.63125,0.094319,0.07006,88.696,67.354,1.0932,1.4045,23.035,0.10291,0.056939,1.6496,0.43133,0.25757,1.8696,1.8696,137690,0.073493,0.2142,0.92651,0,17.102,5.4191,87.103,4.1905,6.2648,0
0.046372,0.29587,0.16201,1.5476,1.7241,-0.10222,0.047478,2.037,1.0141,0.60267,0.047478,0.16047,0.041821,0.047478,997.51,0.36591,3.3799,0.047478,0.018341,20.981,1.2731,0.057383,0.017914,-0.10067,0.60267,0.36217,0.22479,0.29883,3.3924,0.11352,0.018341,42.304,8.628,0.19395,0.057383,2.6105,,0.60267,0.022167,0.011009,0.082317,0.022167,64.1,43.119,0.31164,1.0446,21.277,-0.003399,-0.001313,1.5476,0.29587,0.1159,1.1117,1.1117,399.91,0.013887,0.076945,0.98611,0,17.397,8.465,41.716,8.7495,4.775,0
0.044565,0.4666,0.18199,1.473,24.964,0.067132,0.05647,1.0782,1.0486,0.50309,0.05647,0.14678,0.081564,0.05647,1451.2,0.25152,2.1431,0.05647,0.039245,22.66,1.2684,0.067025,0.030972,0.086346,0.50309,0.22601,0.48843,0.42001,5.2064,0.31078,0.039245,102.33,3.5669,0.14364,0.067025,1.446,5.8296,0.58497,0.046581,0.054991,0.11992,0.046581,138.39,115.73,0.49889,1.2409,23.761,0.006133,0.004262,1.2145,0.38472,0.28036,1.1611,1.3501,29270,0.04632,0.088584,0.95368,0.16277,16.108,3.1539,97.59,3.7401,3.3208,0
-0.10537,0.53629,-0.045578,0.91478,-56.068,-0.10537,-0.10994,0.8646,0.9504,0.46367,-0.10994,-0.20557,-0.066747,-0.10994,-2055.9,-0.17754,1.8647,-0.10994,-0.077072,47.199,0.71351,-0.082947,-0.073868,-0.10994,0.46367,-0.16902,,-0.089234,3.9698,0.37528,-0.077072,130.06,2.8064,-0.15467,-0.082947,1.4481,205.69,0.46515,-0.058149,0.004456,-0.25846,-0.058149,124.57,77.374,-0.57124,0.56987,44.858,-0.097675,-0.068474,0.91225,0.53481,0.35632,0.90779,0.91069,-425.13,-0.052186,-0.22725,1.0522,0.003196,7.7332,4.7174,136.85,2.6672,2.7927,1
-0.053198,0.47965,0.61716,2.7108,18.943,-0.032907,-0.053198,1.0849,1.3975,0.52035,-0.02754,-0.14747,-0.035627,-0.053198,-3516.3,-0.1038,2.0849,-0.053198,-0.038066,131.22,1.1232,-0.055959,-0.038066,,0.33744,-0.1038,-2.1809,27.935,3.4859,0.33657,-0.037193,90.34,4.0403,3.0387,-0.059984,1.3975,3.9987,0.63926,-0.042922,0.1317,-0.30425,-0.040042,243,111.77,-0.10588,1.318,125.82,-0.059367,-0.042481,2.0388,0.36074,0.24751,23.553,28.935,1889.5,-0.042922,-0.10223,1.0372,0.22851,2.7815,3.2655,94.218,3.874,63.256,0
0.1197,0.21111,0.36888,2.7473,117.71,0,0.1523,3.7368,1.1925,0.78889,0.17799,0.72141,0.14897,0.1523,433.78,0.84144,4.7368,0.1523,0.12772,6.4806,1.0299,0.17734,0.10038,0.4286,0.78251,0.68704,6.9028,0.8783,3.8946,-0.19015,0.13897,74.716,4.8852,4.8852,0.16116,1.1925,,0.78889,0.13515,2.163,0.034721,0.14871,37.757,31.276,5.6537,2.647,7.4933,0.152,0.12746,2.7473,0.21111,0.2047,1.8783,1.8783,2893.9,0.13515,0.15174,0.87411,0,56.322,11.67,64.618,5.6485,2.8393,0
0.10897,0.36407,0.48595,3.2678,59.191,0,0.10897,1.7467,2.1866,0.63593,0.13031,0.50853,0.17061,0.10897,356.2,1.0247,2.7467,0.10897,0.049835,43.9,1.2437,0.001167,0.049835,0.30599,0.53743,1.0247,0.054654,1.6211,5.1234,0.16256,0.11231,62.065,5.881,3.4614,0.038159,2.1866,,0.63593,0.017451,0.31636,0.045751,0.000534,105.57,61.671,0.41435,2.0405,76.172,-0.26292,-0.12024,1.9234,0.21428,0.17004,2.1214,2.1214,64565,0.42368,0.17135,0.58701,0,8.3144,5.9185,35.769,10.204,7.2942,0
0.006556,0.46524,0.34449,1.7406,29.679,0.096376,0.000733,1.1494,1.002,0.53476,0.000733,0.001577,0.018851,0.000733,9477.5,0.038512,2.1494,0.000733,0.000771,102.8,1.8792,-0.002528,0.006898,0.091071,0.53476,0.051028,-0.026644,1.8095,5.3652,0.4889,0.000771,178.96,2.0395,-0.005433,-0.002528,0.95714,4832.3,0.53487,-0.002659,0.001159,1.0436,-0.002659,310.7,207.9,0.02449,1.1651,103,-0.019712,-0.020738,1.7402,0.46513,0.49031,2.8089,2.8095,79868,0.001951,0.01226,0.99805,0.00021,3.5505,1.7557,178.61,2.0435,4.9926,0
0.18337,0.15494,0.3356,4.8874,106.66,0.014423,0.22544,5.454,0.79395,0.84506,0.22967,2.6114,0.35279,0.22544,201.91,1.8078,6.454,0.22544,0.28395,79.905,1.1688,0.22011,0.23096,0.64256,0.8136,1.5363,52,0.58055,4.2819,0.012637,0.28612,76.94,6.7094,3.7383,0.21776,0.80889,3.7504,0.91121,0.27427,1.7524,0.018797,0.27723,124.42,44.517,1.055,2.8741,109.53,0.16545,0.20839,2.7231,0.086329,0.14904,1.4619,1.5763,4.8874,0.48417,0.21706,0.51528,0.078288,4.5679,8.1991,39.688,9.1967,1.3734,0
-0.067546,1.3171,-0.81452,0.37164,-122.68,0.06113,-0.080871,-0.31077,0.98848,-0.4093,-0.080871,-0.062387,-0.013211,-0.080871,-13577,-0.026883,0.75927,-0.080871,-0.030176,12.431,0.84894,-0.02487,-0.025204,-0.000322,-0.4093,-0.016765,-0.09173,-1.5717,5.6198,0.4866,-0.030176,174.51,2.0915,-0.018883,-0.02487,2.7218,18.795,-0.38852,-0.00928,0.01207,2.1025,-0.00928,63.482,51.051,-0.74002,0.30123,12.288,-0.070334,-0.026245,0.36578,1.2963,0.47812,-0.78977,-0.74969,-339370,-0.011654,0.16503,1.0117,-0.050758,29.361,7.1498,176.55,2.0674,5.1712,0
0.045662,0.49208,-0.023137,0.95289,-36.779,0.18955,0.061792,0.84733,1.0576,0.41696,0.061792,0.12581,0.073926,0.061792,1179.4,0.30947,2.0322,0.061792,0.029996,29.412,1.212,0.099961,0.022166,0.14734,0.41696,0.27669,0.5132,-0.043492,5.4467,0.23047,0.029996,92.039,3.9657,0.20314,0.099961,2.0623,328.75,0.41788,0.048525,0.036516,0.084944,0.048525,79.75,50.339,0.27508,0.61494,31.105,0.009466,0.004595,0.95112,0.49116,0.25216,0.7838,0.78552,-6472,0.05445,0.10951,0.94555,0.002204,12.41,7.2509,87.027,4.1941,3.8724,0
0.20154,0.39201,0.47055,2.2003,44.693,0.40074,0.20154,1.5377,1.1357,0.60279,0.20154,0.51412,0.15108,0.20154,636.55,0.57341,2.5509,0.20154,0.13546,75.446,1.2819,0.1892,0.13546,0.40074,0.60279,0.57341,1.4443,3.4237,4.5504,0.13172,0.13546,109.22,3.3418,0.48265,0.1892,1.5238,,0.60279,0.12717,0.50843,0.060666,0.12717,162.71,87.269,0.65536,1.4158,85.685,0.16596,0.11155,2.2003,0.39201,0.29924,4.3859,4.3859,16712,0.11949,0.33435,0.88051,0,4.8379,4.1825,96.172,3.7953,10.825,0
0.12873,0.08436,0.26239,4.1286,49.177,0.248,0.12873,10.706,1.0946,0.90319,0.12873,1.5349,0.17451,0.12873,145.96,2.5007,11.854,0.12873,0.10649,36.647,1.2249,0.10678,0.10649,0.24841,0.90319,2.5007,0.96685,0.40138,4.9595,-0.091297,0.10649,27.718,13.168,1.2658,0.10678,1.2407,459.03,0.90368,0.08833,2.3383,0.014674,0.08833,45.336,8.6891,1.0606,2.6814,40.113,0.024556,0.020313,4.1046,0.08387,0.075941,1.3816,1.3823,23903,0.086414,0.14253,0.91359,0.000542,9.9599,42.007,25.323,14.414,1.8492,0
0.10485,0.061626,0.81842,14.367,689.79,0,0.10485,15.227,0.54312,0.93837,0.10497,1.7124,0.22348,0.10485,185.32,1.9696,16.227,0.10485,0.19305,32.426,0.91189,0.10492,0.19305,0.35415,0.90932,1.9696,912.37,6.8005,4.4795,0.11142,0.19305,53.431,6.8312,6.7871,0.12486,0.54312,2090,0.93877,0.22988,0.024805,0.016915,0.19318,590.14,557.72,2.1731,13.579,42.105,0.088392,0.16275,14.274,0.061228,0.14639,7.7972,7.8005,24689,0.22988,0.11174,0.80798,0.000424,11.257,0.65445,41.148,8.8704,4.5129,0
0.02478,0.48031,0.26933,2.1569,65.918,0,0.030557,1.082,0.70479,0.51969,0.058274,0.13125,0.13217,0.030557,1882,0.19395,2.082,0.030557,0.043356,57.409,0.89005,0.025845,0.035159,0.097286,0.51814,0.18192,0.93245,0.54096,4.5086,0.66641,0.082683,124.51,2.9315,1.4209,0.022313,0.70479,1.7418,0.74433,0.031659,0.23886,0.18103,0.036671,231.25,173.84,0.22354,1.6807,59.286,-0.036753,-0.052147,1.0454,0.23281,0.34112,1.0438,1.495,8686.6,0.031659,0.047682,0.95935,0.43227,6.3579,2.0996,120.57,3.0273,1.4156,0
0.11769,0.23899,0.34046,2.4246,143.76,0,0.11769,3.1844,0.96131,0.76101,0.11769,0.49244,0.13337,0.11769,680.38,0.53646,4.1844,0.11769,0.12242,2.7459,1.0842,0.11633,0.12242,0.30304,0.11769,0.53646,50233,0.80956,3.7492,-0.050722,0.12242,103.23,3.5357,3.5357,0.11633,0.96131,,0.76101,0.12102,1.204,0.062797,0.12102,110.76,108.01,16.273,2.3944,3.124,0.10581,0.11007,2.4246,0.23899,0.28283,1.8096,1.8096,1911.1,0.12102,0.15464,0.87775,0,132.92,3.3793,90.741,4.0225,2.2858,0
0.08286,0.098169,0.89393,10.106,135.18,0,0.10429,9.1866,2.4634,0.90183,0.10429,1.0623,0.047183,0.10429,308.29,1.184,10.187,0.10429,0.042335,0,0.97639,0.087804,0.033637,0.30655,0.8511,0.96569,,113.17,3.0271,-0.2872,0.042335,15.015,24.309,24.309,0.077029,2.4634,,0.90183,0.03127,8.2305,0.032806,0.035644,27.282,27.282,,10.106,0,0.075864,0.030797,10.106,0.098169,0.041138,114.17,114.17,951.45,0.03127,0.091879,0.95813,0,,13.379,14.546,25.093,311.87,0
0.040185,0.54355,0.23755,1.5988,-44.419,-0.25561,0.040185,0.83975,1.5564,0.45645,0.0517,0.1013,0.082425,0.040185,1546.5,0.23602,1.8398,0.040185,0.025819,96.559,1.7795,0.0517,0.025819,-0.038783,0.42852,0.23602,4.4898,0.64945,3.9287,0.34923,0.032912,94.394,3.8668,2.822,0.02251,1.5564,3.4395,0.52114,0.014463,0.010577,0.1296,0.033217,147.75,51.193,0.097597,0.56087,97.976,-0.036403,-0.023389,1.1668,0.39669,0.25861,1.2479,1.4248,2016,0.014462,0.088038,0.97474,0.14172,3.7801,7.1299,93.029,3.9235,4.2552,0
0.050829,0.2562,0.19867,1.8892,-29.557,0.10016,0.062918,2.1975,1.0457,0.56301,0.062918,0.28162,0.098841,0.062918,967.71,0.37718,3.9031,0.062918,0.064354,28.327,1.0584,0.037212,0.05199,0.12293,0.56301,0.33,0.39802,0.34376,5.9553,0.2561,0.064354,87.222,4.1847,0.14524,0.037212,1.0132,10.558,0.5958,0.038062,0.90685,0.11875,0.038062,81.938,53.611,0.66989,1.5496,29.622,0.003495,0.003575,1.6474,0.22341,0.23896,0.97421,1.0309,179240,0.043722,0.090281,0.95628,0.058241,12.885,6.8083,83.408,4.3761,1.6917,0
0.038664,0.40739,0.2594,1.7896,-10.859,0.12866,0.050558,1.4559,0.9503,0.59314,0.078614,0.15389,0.070112,0.050558,2231.8,0.16355,2.4546,0.050558,0.053202,25.615,1.9044,0.074356,0.040686,0.091622,0.58378,0.13435,2.6503,0.62953,5.5915,0.4287,0.053202,167.93,2.1925,1.7681,0.23622,0.9503,6.61,0.672,0.24857,0.65066,0.15018,0.078245,143.72,118.1,0.57974,1.5866,33.794,0.058287,0.061335,1.4432,0.32854,0.4561,1.4395,1.6308,1.7896,0.24857,0,0.7801,0.13295,14.249,3.0906,126.19,2.8925,2.3062,0
0.34605,0.25032,0.40595,2.6217,-1.4537,0.72563,0.34605,2.9655,1.1975,0.74234,0.34605,1.3824,0.18648,0.34605,241.94,1.5086,3.9949,0.34605,0.17088,73.743,1.4097,0.34224,0.17088,0.72563,0.74234,1.5086,2.0238,1.181,4.0666,0.11851,0.17088,54.029,6.7557,1.3672,0.34224,2.0382,,0.74234,0.169,0.055215,0.022014,0.169,115.79,42.05,0.84578,0.98724,88.309,0.31065,0.1534,2.6217,0.25032,0.14802,2.1597,2.1597,4731.9,0.16494,0.46616,0.83506,0,4.9496,8.6801,45.117,8.0901,5.8917,0
0.034634,0.24722,0.13921,1.575,-12.36,-0.06903,0.040455,2.7009,1.0276,0.6677,0.040455,0.16711,0.10602,0.040455,795.06,0.45908,4.045,0.040455,0.037793,55.521,1.0393,0.051511,0.032355,-0.070123,0.6677,0.43554,0.49448,0.225,4.4297,0.22803,0.037793,84.825,4.303,0.20836,0.051511,1.1135,42.637,0.67282,0.048121,0.052692,0.065257,0.048121,125.66,70.143,0.2127,0.90242,57.053,-0.021527,-0.02011,1.5424,0.24209,0.2324,1.0792,1.0875,3744.3,0.026839,0.051871,0.97316,0.007674,6.574,5.2036,82.548,4.4217,1.7302,0
0.02727,0.36919,0.24678,1.7737,-8.9024,-0.092069,0.0333,1.4098,1.0117,0.52048,0.0333,0.10441,0.055728,0.0333,1773.1,0.20585,2.7086,0.0333,0.024417,73.457,1.1125,0.031347,0.019996,-0.10845,0.52048,0.18952,0.23255,0.56825,4.66,0.23836,0.024417,86.364,4.2263,0.084906,0.031347,1.4116,5.7966,0.57073,0.022985,0.15277,0.16392,0.022985,138.37,64.913,0.099357,0.91321,74.318,-0.011353,-0.008325,1.5323,0.31895,0.23661,1.1985,1.3142,11280,0.011584,0.052393,0.98842,0.096541,4.9689,5.6229,85.363,4.2759,3.1403,0
-0.2802,0.26925,0.08005,1.3522,-22.27,0,-0.27412,2.714,1.0736,0.73075,-0.25981,-1.206,-0.15075,-0.27412,-607.23,-0.60109,3.714,-0.27412,-0.25533,49.044,0.9107,-0.26361,-0.261,-0.48939,0.65005,-0.62369,-18.417,0.11557,4.5014,0.20886,-0.24385,70.591,5.1706,4.3648,-0.10165,1.0736,7.7199,0.75187,-0.09468,0.20493,-0.059304,-0.24555,88.655,39.611,-1.9424,0.71752,44.802,-0.37589,-0.35012,1.1415,0.22729,0.1934,1.055,1.0855,2539.4,-0.09468,-0.38345,1.2354,0.028909,7.4423,9.2147,77.275,4.7234,1.5499,0
0.019022,0.5588,0.36567,2.3084,31.597,0,0.025627,0.78955,1.575,0.4412,0.051436,0.0917,0.044711,0.025627,2896.3,0.12602,1.7895,0.025627,0.016271,44.56,1.175,0.050687,0.012077,0.090739,0.43959,0.1142,1.9639,1.0304,4.5021,0.3457,0.032657,66.414,5.4958,2.7486,0.039121,1.575,1.7831,0.69517,0.024839,0.20336,0.19508,0.032182,136.34,91.775,0.098928,1.6204,45.695,0.005894,0.003742,1.1545,0.27947,0.18196,1.2433,1.9589,11619,0.024839,0.043114,0.98392,0.57563,8.1912,3.9771,64.765,5.6358,4.4383,0
0.14222,0.13354,0.59068,7.5206,23.999,0,0.17845,6.4883,2.0529,0.86646,0.19519,1.9699,0.12672,0.17845,187.36,1.9481,7.4883,0.17845,0.086925,38.718,1.2764,0.14864,0.069278,0.51965,0.8428,1.6768,8.8754,1.8532,3.7991,0.003496,0.086925,17.217,21.2,14.381,0.13248,2.0529,,0.86646,0.064534,4.1585,0.019325,0.072408,54.15,15.432,0.65309,5.1167,41.389,0.066942,0.032609,5.1015,0.090586,0.047171,2.7184,2.7184,3719.4,0.064534,0.16414,0.91568,0,9.4271,23.652,16.106,22.662,6.4407,0
0.18581,0.75502,0.002333,1.0073,-45.336,0,0.18581,0.32447,0.8819,0.24498,0.2109,0.5836,0.28187,0.18581,1108.6,0.32923,1.3245,0.18581,0.2107,30.974,1.0238,0.20986,0.2107,0.50453,0.18581,0.32923,8.3667,0.003434,4.0428,0.84515,0.23693,172.28,2.1187,0.89343,0.20734,0.8819,1.2887,0.43578,0.23511,0.044671,0.092313,0.23797,126.85,95.88,2.4829,0.77228,40.494,0.1471,0.1668,0.42479,0.31839,0.472,0.36065,0.64154,25.742,0.23511,0.75847,0.79649,0.77885,11.784,3.8069,131.77,2.7699,1.2983,0
0.093336,0.78932,0.28289,1.4713,-31.644,-0.35517,0.11538,0.26692,3.4173,0.21068,0.1975,0.19221,0.03911,0.11538,2155.7,0.16932,1.2669,0.11538,0.033763,60.282,1.1947,0.1975,0.027313,0.37061,-0.26183,0.1414,2.405,2.4212,3.6696,0.22985,0.039198,68.028,5.3654,4.0804,0.19655,3.4173,1.6863,0.39972,0.057516,0.006443,0.12194,0.057795,93.917,33.636,0.16538,0.53105,63.961,0.17923,0.052449,1.1189,0.60028,0.18638,1.8032,3.4212,1321.9,0.057516,0.44302,0.96625,0.89727,6.0549,10.852,64.116,5.6928,29.249,0
0.24045,0.17621,0.43962,3.5631,53.512,0.54544,0.30657,4.675,0.98317,0.82379,0.31142,1.7874,0.39933,0.30657,163.82,2.228,5.675,0.30657,0.31181,20.402,0.96362,0.2894,0.24456,0.5337,0.806,1.8528,59.667,1.1305,4.8521,0.17923,0.31181,118.91,3.193,3.1079,0.45667,0.98317,118.45,0.82848,0.46449,1.861,0.015645,0.29435,108.38,87.981,4.3753,3.2427,36.627,0.20336,0.20684,3.4682,0.17152,0.31319,2.1184,2.1305,3.5631,0.46449,0,0.54454,0.0057,17.89,4.1486,63.675,5.7322,2.5283,0
0.034354,0.76765,0.13319,1.1901,-14.14,0,0.034354,0.30268,3.9778,0.23235,0.047441,0.049043,0.017347,0.034354,4060.5,0.089889,1.3027,0.034354,0.008637,26.015,1.1333,0.040338,0.008637,0.10303,0.021834,0.089889,3.0823,0.80078,3.9555,0.19097,0.01041,64.827,5.6304,5.1377,0.033819,3.9778,8.1905,0.29952,0.008502,0.016063,0.34123,0.010141,75.465,49.45,0.12117,0.7854,26.238,0.005688,0.00143,1.086,0.70048,0.17761,1.3969,1.8008,1202.1,0.008502,0.14785,0.99142,0.28909,14.03,7.3812,64.276,5.6786,23.915,0
0.052838,0.32072,0.23981,1.8997,33.996,0,0.052622,2.1171,0.60686,0.67898,0.054735,0.19742,0.11266,0.052622,1712.2,0.21317,3.118,0.052622,0.086712,94.578,0.77442,0.050402,0.087068,-0.21325,0.2415,0.21384,23.848,0.48609,3.5293,0.18538,0.086712,129.32,3.1196,2.5926,-0.14552,0.88632,,0.67898,-0.2398,0.80194,0.16162,0.083054,175.99,81.411,0.33602,1.3919,76.294,0.034656,0.057107,1.5788,0.26654,0.35431,1.3763,1.3763,811.29,-0.23965,0.077819,0.93815,0,3.8592,4.4834,160.31,2.2768,1.2301,1
0.062908,0.4478,0.19491,1.5157,14.439,0.064665,0.07344,1.0928,1.032,0.48935,0.07344,0.1943,0.045752,0.07344,1348.8,0.27061,2.2332,0.07344,0.027727,11.873,1.0557,0.086549,0.023751,0.082959,0.48935,0.24709,0.33723,0.45632,4.9227,0.14375,0.027727,53.753,6.7903,0.19328,0.086549,2.6585,6.9692,0.55919,0.032677,0.19783,0.10963,0.032677,68.641,56.768,0.73013,1.2877,12.254,0.038809,0.014652,1.2793,0.37796,0.14727,1.1457,1.3092,16312,0.031024,0.12855,0.96898,0.14271,30.741,6.4297,52.086,7.0077,6.201,0
-0.26621,0.87719,-0.19914,0.75089,-274.03,-0.68296,-0.26621,0.1117,0.86755,0.097984,-0.26621,-0.33301,-0.22958,-0.26621,-1528.6,-0.23878,1.14,-0.26621,-0.29177,222.86,1.224,-0.15926,-0.29177,-0.67649,0.097984,-0.23878,-1.5144,-0.49816,4.4263,0.94313,-0.29177,277.44,1.3156,-0.18156,-0.15926,0.94494,0.55481,0.17579,-0.17456,0.022267,-0.28132,-0.17456,233.01,10.148,-0.47786,0.054,193.35,-0.21601,-0.23676,0.68428,0.79939,0.76012,0.24511,0.43975,-5314,-0.15267,-2.7168,1.1527,0.79405,1.6378,35.968,319.8,1.1413,2.2824,0
0.077737,0.46369,0.090932,1.2952,-2.3324,0.18626,0.097861,1.0819,1.0581,0.50165,0.097861,0.31771,0.076504,0.097861,1166.9,0.31278,2.1566,0.097861,0.051621,19.496,1.0149,0.10441,0.041006,0.22499,0.50165,0.26938,0.58276,0.15129,5.2228,0.17479,0.051621,62.748,5.8169,0.22518,0.10441,1.8985,1.9122,0.65732,0.055077,0.43278,0.10057,0.055077,51.146,31.649,0.76768,0.96646,20.629,0.057239,0.030193,0.86037,0.30802,0.17191,0.83462,1.0936,15187,0.054896,0.15496,0.9451,0.31033,18.721,11.533,59.304,6.1547,3.1541,0
0.011036,0.4113,0.13299,1.3443,-24.558,0.078928,0.015366,1.2551,1.0195,0.51621,0.015366,0.039776,0.046606,0.015366,2821,0.12938,2.4313,0.015366,0.013458,50.043,1.0244,0.022156,0.009665,0.097742,0.51621,0.11886,0.19783,0.27668,5.0751,0.34426,0.013458,125.91,2.899,0.053869,0.022156,1.1677,14.523,0.54119,0.019404,0.17727,0.22535,0.019404,144.11,94.072,0.070496,0.93903,51.02,-0.015693,-0.013744,1.2626,0.38632,0.34495,1.0739,1.1259,15808,0.019161,0.021379,0.98084,0.048387,7.2937,3.88,123.49,2.9556,2.3754,0
-0.014656,0.38348,0.002364,1.0107,-16.441,-0.023353,0.022626,0.79626,1.0383,0.30535,0.022626,0.10243,0.10534,0.022626,2518.6,0.14492,2.6077,0.022626,0.042887,15.097,1.0387,0.04445,-0.02778,0.046441,0.30535,0.047706,0.87484,0.003043,4.6489,0.69422,0.042887,158.68,2.3003,0.11591,0.04445,0.565,1.2388,0.46795,0.084254,0.08818,0.16289,0.084254,140.98,125.88,-0.67163,0.91191,15.676,0.011499,0.021797,0.58216,0.22088,0.43473,0.39311,0.60244,105.3,0.036922,-0.047997,0.96308,0.5325,24.177,2.8996,152.82,2.3885,0.6792,0
0.057017,0.45913,0.26747,3.2771,60.531,-0.000095,0.061603,1.178,1.235,0.54087,0.061603,0.52447,0.074913,0.061603,1811.3,0.20151,2.178,0.061603,0.04988,19.924,2.2059,0.039588,0.046167,-0.062738,0.3103,0.19152,,0.43485,3.589,0.27711,0.04988,36.2,10.083,2.5795,0.050691,1.235,0.92929,0.88254,0.041045,1.0472,0.21707,0.032054,77.408,57.485,0.84577,2.7032,20.776,0.008672,0.007022,0.83838,0.11746,0.099177,0.87935,1.4349,1038.1,0.041045,0.10542,0.95099,0.63171,18.32,6.3495,34.714,10.514,2.0079,0
0.072817,0.6093,-0.010787,0.98144,-19.202,0,0.08398,0.64124,2.3938,0.3907,0.10201,0.14451,0.048377,0.08398,1920.4,0.19006,1.6412,0.08398,0.035082,15.828,1.3741,0.10143,0.030419,0.10275,0.089468,0.17174,5.6262,-0.025105,3.4242,0.24035,0.042614,91.742,3.9786,3.7947,0.08174,2.3938,16.566,0.41887,0.034146,0.070508,0.15241,0.042374,80.717,64.889,0.70148,0.80281,16.387,0.069609,0.029079,0.93607,0.58113,0.25135,0.90935,0.97489,-28.646,0.034146,0.18637,0.96536,0.072083,23.061,5.625,88.609,4.1192,5.5715,0
0.19506,0.25598,0.67639,3.6423,53.009,0,0.24175,2.9065,4.157,0.74402,0.26852,0.94441,0.062869,0.24175,357.51,1.021,3.9065,0.24175,0.058155,8.5992,1.688,0.22882,0.046922,0.41645,0.70512,0.83853,8.5489,10.003,3.4101,0.019408,0.058234,24.002,15.207,15.207,0.26426,4.157,,0.74402,0.063569,0.7166,0.034349,0.055045,65.759,57.16,1.9916,3.2597,9.183,0.20923,0.050331,3.6423,0.25598,0.065759,11.003,11.003,1738.9,0.063569,0.26217,0.9424,0,42.446,6.3856,22.476,16.239,61.475,0
0.10412,0.88534,-0.048122,0.91253,-30.093,0.003806,0.10412,0.12951,1.7619,0.11466,0.11835,0.18926,0.090454,0.10412,2027.7,0.18001,1.1295,0.10412,0.059098,17.483,1.3507,0.11495,0.059098,0.30898,0.10301,0.18001,8.0805,-0.096638,4.272,0.46083,0.067172,120.78,3.0221,1.878,0.099204,1.7619,1.4184,0.40911,0.056306,0.1368,0.17339,0.065245,88.414,70.931,1.2338,0.75914,18.526,0.059709,0.03389,0.56706,0.55016,0.33089,0.23027,0.82157,-900.14,0.056306,0.90807,0.94156,2.5679,20.877,5.1459,113.98,3.2025,3.5382,0
0.063769,0.72599,-0.053924,0.92546,-31.401,0,0.063769,0.37743,2.8309,0.27401,0.07489,0.088149,0.029905,0.063769,3130.1,0.11661,1.3774,0.063769,0.022526,22.692,1.1052,0.07475,0.022526,0.12689,0.063769,0.11661,6.7215,-0.16315,3.8058,0.25612,0.026446,96.052,3.8,3.7865,0.081936,2.8309,191.54,0.27658,0.028943,0.012413,0.25303,0.026405,85.162,62.47,0.36232,0.68217,23.369,0.05386,0.019026,0.92217,0.72342,0.26316,0.82905,0.83685,-344.8,0.028943,0.23272,0.97749,0.009403,16.085,5.8428,93.272,3.9133,8.5653,0
0.18368,0.54628,0.096844,1.2645,-0.36793,0.39982,0.18368,0.79982,1.0304,0.43693,0.18368,0.50158,0.062361,0.18368,856.91,0.42595,1.8306,0.18368,0.049227,8.9138,1.2173,0.1153,0.049227,0.46551,0.43693,0.42595,0.31841,0.18036,4.6461,0.093672,0.049227,36.913,9.8881,0.21106,0.1153,3.8113,2.0653,0.61701,0.0309,0.56291,0.10931,0.0309,25.131,16.217,2.0157,1.0156,9.1852,0.06629,0.017766,0.84763,0.3662,0.10113,0.81371,1.1491,4287.6,0.029549,0.42039,0.97045,0.41215,40.948,22.507,35.822,10.189,6.949,0
0.12785,0.35543,0.095256,1.8469,-11.734,0.21015,0.15889,1.7885,1.2173,0.63567,0.15889,1.4127,0.26242,0.15889,555.99,0.65649,2.8135,0.15889,0.17869,42.554,1.0938,0.16732,0.14378,0.26659,0.63567,0.56916,2.2907,0.12023,4.4207,0.39134,0.17869,56.204,6.4942,0.47075,0.16732,0.90564,0.42832,0.87862,0.18817,0.18168,0.048333,0.18817,76.884,34.33,1.2333,0.92524,51.803,0.092869,0.10445,0.58445,0.11247,0.15398,0.80234,1.109,2509.3,0.17854,0.20112,0.82146,0.3822,8.5772,10.632,46.17,7.9056,1.1223,0
-0.007692,0.88848,0.11152,1.1255,-58.431,0,0.003669,0.12552,1.628,0.11152,0.10097,0.00413,0.002254,0.003669,88379,0.00413,1.1255,0.003669,0.002254,75.878,1.2899,0.10097,-0.004725,0.21464,0.099737,-0.008658,1.0377,,3.6277,0.49723,0.002266,213.15,1.7124,1.7124,0.10655,1.628,,0.11152,0.065449,0.11145,0.29332,0.062019,202,126.12,-0.022729,0.7446,81.192,0.10097,0.062019,1.1255,0.88848,0.58397,,,473.21,0.065449,-0.068976,0.99775,0,4.8104,2.894,199.2,1.8323,,0
0.080351,0.34492,0.2102,1.808,60.226,0,0.099434,1.8992,0.97317,0.65508,0.11444,0.38221,0.21368,0.099434,605.43,0.60287,2.8992,0.099434,0.10218,30.362,1.0423,0.11064,0.082567,0.26096,0.57325,0.54755,7.3708,0.39851,5.0549,0.22141,0.10971,109.54,3.3322,2.5133,0.10627,0.97317,16.46,0.67873,0.1092,0.50674,0.052464,0.11369,126.97,96.607,0.9926,1.4968,34.083,0.002123,0.002182,1.3637,0.26016,0.3001,1.2419,1.2868,23855,0.1092,0.12266,0.90147,0.036115,12.022,3.7782,97.575,3.7407,1.845,0
-0.008309,0.62194,0.33315,1.5473,0.92198,-0.1392,-0.008309,0.60787,3.6019,0.37806,0.012954,-0.01365,0.003233,-0.008309,19494,0.018724,1.6079,-0.008309,-0.002307,32.706,1.0419,0.010425,-0.002307,0.12502,0.010419,0.018724,0.49029,5.7302,3.1027,0.16851,0.000693,61.525,5.9326,5.8064,-0.009313,3.6019,,0.37806,-0.002586,0.026551,0.68242,0.002894,93.805,61.099,-0.025743,1.0171,32.622,-0.009529,-0.002646,1.5144,0.60872,0.16856,6.5028,6.5028,422.05,-0.002586,-0.021977,1.0023,0,11.16,5.9739,61.684,5.9173,61.955,0
-0.015245,0.75843,0.27242,1.6085,25.044,0.004887,-0.006065,0.31851,1.0372,0.24157,-0.006065,-0.013548,0.006295,-0.006065,19541,0.018679,1.3185,-0.006065,-0.002695,19.789,1.4487,0.081717,-0.006774,0.017222,0.24157,0.006576,0.37661,0.9733,4.1326,0.31261,-0.002695,75.31,4.8466,0.10774,0.081717,2.2525,1.9247,0.55231,0.036311,0.12459,0.24458,0.036311,107.75,87.958,-0.12494,1.336,20.525,0.061485,0.027321,0.94947,0.44769,0.20633,0.86308,1.9733,3697.3,0.035845,-0.063107,0.96415,1.2864,18.445,4.1497,72.61,5.0268,8.0405,0
0.24086,0.052284,0.31112,7.1012,232.98,1.2138,0.29802,17.767,1.5382,0.92891,0.29802,5.8444,0.48391,0.29802,49.1,7.4338,19.126,0.29802,0.37106,14.328,0.97122,0.28929,0.29989,1.5126,0.92891,6.3406,5.5404,0.48773,4.7312,-0.24378,0.37106,35.646,10.24,5.5331,0.28929,0.82203,256.13,0.9302,0.36018,4.8716,0.004524,0.36018,51.666,37.338,7.6394,6.4829,22.04,0.19865,0.24732,6.9259,0.050993,0.09766,1.4562,1.4582,16753,0.3499,0.2593,0.6501,0.001389,25.474,9.7755,23.174,15.751,1.2591,0
0.029139,0.45996,0.12045,1.3435,-13.892,0,0.037457,1.1741,2.7542,0.54004,0.059445,0.10681,0.034434,0.037457,1770.2,0.20619,2.1741,0.037457,0.0136,28.178,0.9203,0.058868,0.01058,0.29711,0.50003,0.1881,2.6774,0.22775,3.6153,0.137,0.021583,47.375,7.7045,5.874,0.052386,2.7542,2.3687,0.64917,0.01902,0.26381,0.13189,0.021374,50.176,21.998,0.13704,0.73716,28.725,0.001487,0.00054,1.0243,0.35068,0.12979,1.0211,1.2275,496.67,0.01902,0.053957,0.9865,0.20208,12.953,16.592,46.474,7.8539,5.2077,0
0.043362,0.38464,0.17426,1.8199,13.418,0,0.043362,1.5999,0.80269,0.61536,0.084239,0.20401,0.15294,0.043362,1143.6,0.31916,2.5999,0.043362,0.054021,66.269,1.1044,0.084102,0.054021,0.24261,0.043362,0.31916,2.0575,0.28419,4.7262,0.44894,0.06752,103.33,3.5322,1.9519,0.051907,0.80269,1.5931,0.76669,0.064667,0.13071,0.078416,0.10478,163.26,96.99,0.29754,1.1342,70.85,0.004703,0.005858,1.0057,0.21255,0.28311,1.0035,1.2503,9276.3,0.064667,0.070465,0.94819,0.24592,5.5079,3.7633,96.652,3.7764,1.309,0
0.022228,0.43704,-0.34545,0.20957,-625.92,0.022228,0.022228,1.1272,1.0998,0.49265,0.022228,0.05086,0.13884,0.022228,4911.3,0.074319,2.2881,0.022228,0.095018,0,1.0528,0.055569,0.095018,0.022228,0.49265,0.074319,,-0.38025,3.926,1.7314,0.095018,749.94,0.48671,0.12715,0.055569,0.31349,,0.49265,0.23754,0.088231,0.21829,0.23754,82.744,82.744,,0.20957,0,0.045317,0.19372,0.20957,0.43704,2.0546,0.54229,0.54229,-2913.5,0.090725,0.045119,0.90928,0,,4.4112,681.9,0.53527,0.2575,1
0.12494,0.67444,0.047192,1.1218,2.6193,0,0.12494,0.48271,1.5619,0.32556,0.12569,0.32241,0.14858,0.12494,1060.7,0.3441,1.4827,0.12494,0.079987,8.3184,1.1854,0,0.079987,0.33166,0.30042,0.3441,0,0.083482,3.6291,0.42319,0.15997,120.3,3.0341,1.7432,0.001557,1.5619,1.5735,0.5792,0.000997,0.044565,0.20983,0,97.546,89.228,3.5097,1.0299,11.051,-0.10714,-0.068594,0.64453,0.38751,0.32959,0.5759,1.0246,200.89,0.24727,0.38376,0.75353,0.7791,43.879,4.0907,90.554,4.0308,2.763,0
0.054662,0.54401,0.35612,1.6656,99.138,0,0.068143,0.83819,1.1257,0.45599,0.085093,0.12736,0.067771,0.068143,2602.9,0.14023,1.8382,0.068143,0.060537,18.334,1.068,0.085093,0.04856,0.18436,0.38099,0.11545,5.0204,3.2715,3.5229,0.47227,0.075593,187.33,1.9484,1.9162,0.083199,1.1257,92.903,0.46497,0.073911,0.050737,0.19449,0.075594,280.16,261.82,0.96677,1.5599,19.797,0.076949,0.068359,1.6381,0.53503,0.51324,4.189,4.2715,1187.1,0.073911,0.11988,0.94352,0.019701,19.909,1.3941,173.49,2.1039,10.341,0
0.10743,0.50938,-0.17815,0.64422,-21.271,0.43895,0.10743,0.82022,1.0165,0.41781,0.10743,0.21454,0.038993,0.10743,895.16,0.40775,1.9632,0.10743,0.020169,8.2998,1.2854,0.1193,0.020169,0.43895,0.41781,0.40775,0.22766,-0.26299,4.2675,0.092195,0.020169,34.879,10.465,0.2342,0.1193,5.361,23.315,0.42645,0.022397,0.045372,0.076271,0.022397,20.548,12.249,0.88695,0.40234,8.4367,0.019027,0.003572,0.6333,0.50074,0.095559,0.61677,0.62953,-3298.7,0.016224,0.25713,0.98378,0.020682,43.977,29.799,34.313,10.637,7.8631,0
0.26771,0.41708,0.61078,2.6297,85.181,0,0.33348,1.3976,2.3605,0.58292,0.33701,0.88982,0.1428,0.33348,451.62,0.8082,2.3976,0.33348,0.14128,15.632,1.176,0.31958,0.11341,0.70008,0.57857,0.6505,90.585,42.294,4.061,0.072461,0.14277,67.275,5.4255,4.8752,0.32715,2.3605,20.906,0.62522,0.13859,0.73499,0.043018,0.13539,109.8,94.17,2.6481,2.36,18.147,0.31598,0.13386,2.363,0.37478,0.18432,40.365,43.294,7029.3,0.13859,0.45926,0.85994,0.072577,23.349,3.876,57.951,6.2984,163.46,0
0.099205,0.46399,0.15262,1.6434,3.7446,0.26967,0.099205,1.1534,1.0971,0.53518,0.099205,0.41825,0.14904,0.099205,994.49,0.36702,2.1552,0.099205,0.086822,43.018,1.0647,0.10769,0.086822,0.26967,0.53518,0.36702,1.0339,0.25011,4.5518,0.35706,0.086822,83.123,4.3911,0.23209,0.10769,1.2677,1.1249,0.76199,0.094245,0.26923,0.085327,0.094245,104.12,61.102,0.73666,1.0757,47.195,0.036596,0.032028,0.84011,0.23719,0.22773,0.87707,1.2488,5437.5,0.08849,0.18537,0.91151,0.42378,8.4847,5.9736,75.768,4.8174,1.8726,0
0.015277,0.18158,0.16841,2.4297,2.7001,0,0.020971,4.5072,0.7098,0.81842,0.032221,0.17803,0.20472,0.020971,456.1,0.80026,5.5072,0.020971,0.029545,82.158,1.3282,0.029629,0.021522,0.07997,0.059651,0.7689,2.6336,0.23594,5.5956,0.25337,0.036042,64.317,5.675,3.6815,0.04131,0.7098,3.2013,0.85792,0.058199,0.053529,0.039311,0.041743,143.94,61.778,0.095617,1.0734,87.235,-0.094713,-0.13344,1.5762,0.1178,0.17621,1.1466,1.2019,66365,0.058199,0.018666,0.97079,0.04826,4.4427,5.9083,60.574,6.0257,0.99441,0
0.008132,0.81611,0.16344,1.2003,-77.727,0,0.013234,0.22533,2.1518,0.18389,0.041853,0.016216,0.009753,0.013234,14194,0.025715,1.2253,0.013234,0.00615,102.49,1.1214,0.041849,0.003779,0.028953,0.12527,0.019464,1.4623,7.9901,3.232,0.37904,0.012737,140.98,2.589,2.589,0.038918,2.1518,,0.18389,0.018086,0.017458,0.54844,0.019448,163.74,61.251,0.013459,0.45992,104.37,0.034096,0.015845,1.2003,0.81611,0.38625,8.9901,8.9901,278.82,0.018086,0.044221,0.99388,0,3.5615,5.9591,138.43,2.6367,105.2,0
-0.03509,0.26803,0.070383,1.4786,-2.3375,0.10436,-0.038678,2.6532,0.9906,0.71113,-0.038678,-0.26298,0.014963,-0.038678,2109.5,0.17302,3.7309,-0.038678,-0.012479,10.14,0.82065,-0.016218,-0.011322,0.12646,0.71113,0.18641,-0.051833,0.089941,4.3867,0.069298,-0.012479,17.157,21.274,-0.060507,-0.016218,3.1167,1.0859,0.83209,-0.005233,0.38951,0.12801,-0.005233,18.862,8.722,-0.40752,0.89308,10.045,-0.10127,-0.032675,0.81132,0.14707,0.047007,0.90874,1.0633,1714.5,-0.009487,-0.049344,1.0095,0.17009,35.994,41.848,17.32,21.074,3.9607,0
-3.8862,5.6014,-4.6362,0.17232,-278.03,-3.8862,-3.921,-0.8259,0.40368,-4.6262,-3.921,-0.7,-1.6077,-3.921,-521.93,-0.69933,0.17853,-3.921,-1.6092,0.44167,1.1384,-3.7219,-1.595,-3.921,-4.6262,-0.69313,,-133.48,2.8314,2.0664,-1.6092,338.73,1.0776,-0.66446,-3.7219,2.5003,,-4.6262,-1.5275,0.10463,-0.049528,-1.5275,56.802,56.36,-1318.1,0.1718,0.1783,-3.7256,-1.5291,0.17232,5.6014,0.92802,-133.2,-133.2,-3144.8,-1.4772,0.84005,2.4772,0,826.4,6.4762,839.09,0.43499,70.153,1
0.34477,0.27954,0.65982,4.1831,24.522,0,0.43059,2.5773,2.5149,0.72046,0.45779,2.0773,0.18456,0.43059,219.83,1.6604,3.5773,0.43059,0.17122,74.437,1.2581,0.4574,0.13709,0.90999,0.71368,1.3534,16.817,4.9652,3.8682,0.080216,0.17538,36.566,9.9819,7.4018,0.44574,2.5149,6.3855,0.77593,0.17724,0.41542,0.01898,0.18188,113.35,38.915,0.67224,1.7089,90.472,0.42384,0.16854,3.1019,0.20729,0.10018,5.4214,5.8389,4871,0.17724,0.47854,0.83059,0.077,4.9035,9.3793,30.085,12.132,18.924,0
0.1281,0.42422,0.081098,1.3022,3.1018,0,0.1281,1.3573,1.549,0.57578,0.15285,0.4773,0.11396,0.1281,877.2,0.41609,2.3573,0.1281,0.082701,12.992,1.1634,0.1521,0.082701,0.26566,0.5646,0.41609,6.145,0.12467,3.6208,0.27379,0.098608,69.987,5.2153,3.2995,0.14924,1.549,1.9124,0.7297,0.096346,0.053814,0.070521,0.098197,78.95,65.958,2.3234,1.0967,14.377,0.10369,0.06694,0.82383,0.26839,0.19174,0.88512,1.1217,338.72,0.096346,0.22248,0.91749,0.26732,28.094,5.5338,63.244,5.7713,2.3811,0
0.14285,0.45096,0.44692,1.991,24.328,0.074398,0.14335,1.0975,1.035,0.49494,0.14335,0.31788,0.037071,0.14335,939.23,0.38862,2.2175,0.14335,0.030323,10.445,1.3482,0.16016,0.030216,0.083616,0.49494,0.38749,0.35065,4.3766,3.8806,0.083886,0.030323,36.038,10.128,0.35514,0.16016,4.7282,,0.49494,0.033877,0.13201,0.077198,0.033877,64.727,54.282,1.0559,1.6911,10.811,0.12826,0.02713,1.991,0.45096,0.098734,4.8468,4.8468,3395.2,0.03386,0.28862,0.96614,0,34.946,6.7241,34.818,10.483,46.296,0
0.24071,0.11827,0.65497,6.5377,11.609,-0.54796,0.24071,7.4549,0.84816,0.88172,0.30839,2.0352,0.38436,0.24071,132.42,2.7563,8.4549,0.24071,0.2838,262.99,0.54762,0.30804,0.2838,0.27483,0.61258,2.7563,4.5514,2.8884,2.57,0.12679,0.35901,37.898,9.6311,9.6311,-0.29095,0.84816,,0.88172,-0.34304,0.17413,0.010023,0.36319,323.9,60.904,0.39388,1.3707,195.82,0.22274,0.26262,6.5377,0.11827,0.10383,3.8884,3.8884,243.35,-0.34304,0.273,0.8391,0,1.3879,5.9931,50.899,7.1711,3.7404,0
0.29845,0.35852,0.44156,2.5014,75.644,0,0.34581,1.7892,2.3893,0.64148,0.44317,1.1758,0.14956,0.34581,366.2,0.99673,2.7892,0.34581,0.14473,0,1.2792,0.35287,0.12491,0.63575,0.55553,0.86461,3.6246,1.6705,3.0658,0.14649,0.14473,52.932,6.8956,5.6566,0.36127,2.3893,,0.64148,0.1512,0.089684,0.032795,0.14769,108.35,108.35,,2.5014,0,0.34133,0.14286,2.0519,0.29411,0.14502,2.4268,2.4268,513.79,0.1512,0.46525,0.86421,0,,3.3686,44.929,8.124,9.0391,0
0.090744,0.36891,0.50723,2.3819,23.975,0,0.11639,1.7107,1.6546,0.63109,0.14248,0.31709,0.078085,0.11639,1042.2,0.35022,2.7107,0.11639,0.070341,87.437,0.96127,0.12677,0.054843,0.27882,0.6202,0.28071,4.8587,4.0343,3.9629,0.19208,0.070424,87.537,4.1697,4.1486,0.12415,1.6546,,0.63109,0.075035,0.16587,0.088097,0.076616,179.43,91.993,0.22894,1.302,94.53,0.11396,0.068873,2.3699,0.36704,0.23983,5.0194,5.0194,4657.3,0.075035,0.14379,0.9305,0,4.1744,3.9677,80.968,4.5079,13.16,0
0.007816,0.38526,0.25847,1.6709,-41.192,0.095907,0.015741,1.5532,1.0214,0.59838,0.015741,0.040858,0.042992,0.015741,2697.5,0.13531,2.5957,0.015741,0.012982,114.58,0.97781,0.024681,0.006446,0.12896,0.59838,0.11474,0.2079,0.72548,5.0555,0.30325,0.012982,118.45,3.0814,0.064063,0.024681,1.2318,,0.59838,0.020355,0.070273,0.20741,0.020355,185.63,71.051,0.020535,0.68292,117.03,-0.011707,-0.009655,1.6709,0.38526,0.32453,1.6796,1.6796,29370,0.020924,0.013062,0.97908,0,3.1856,5.1372,115.97,3.1473,3.4033,0
0.14261,0.49403,0.33427,1.6766,14.559,0.17548,0.15885,0.88289,1.105,0.43618,0.15885,0.32154,0.10585,0.15885,937.56,0.38931,2.0242,0.15885,0.087425,51.999,1.5009,0.17164,0.078484,0.20713,0.43618,0.35643,1.0438,1.9468,5.022,0.17642,0.087425,109.66,3.3284,0.34743,0.17164,1.8369,,0.43618,0.094462,0.37193,0.079184,0.094462,129.48,77.479,0.55091,1.1526,57.459,0.13816,0.076037,1.6766,0.49403,0.30044,2.5403,2.5403,35163,0.095026,0.32695,0.90497,0,7.0194,4.711,99.24,3.6779,10.583,0
0.057937,0.25437,0.40683,2.5994,33.721,0.14935,0.071754,2.9274,1.0136,0.74464,0.071754,0.28209,0.030232,0.071754,976,0.37397,3.9313,0.071754,0.022804,13.571,1.0141,0.047814,0.018413,0.18063,0.74464,0.31965,0.15402,1.2008,4.0086,-0.088808,0.022804,29.907,12.205,0.18797,0.047814,3.1779,,0.74464,0.015196,2.1035,0.11748,0.015196,14.633,1.0623,0.49524,2.1395,13.755,0.024442,0.007768,2.5994,0.25437,0.081937,2.1979,2.1979,4149.2,0.013399,0.077805,0.9866,0,26.896,343.59,29.506,12.37,9.2874,0
0.18426,0.10366,0.8115,8.8282,124.13,0,0.18426,8.6466,1.5952,0.89634,0.20668,1.7775,0.13189,0.18426,179.84,2.0296,9.6466,0.18426,0.11551,52.765,1.0635,0.20291,0.11551,0.37402,0.63488,2.0296,9.0504,9.5651,3.4254,0.064983,0.11564,26.642,13.7,13.7,0.175,1.5952,,0.89634,0.1097,0.96672,0.015086,0.1272,186.47,133.7,0.799,6.6036,59.267,0.17677,0.11081,8.8282,0.10366,0.072991,10.565,10.565,2161,0.1097,0.20557,0.88704,0,6.9175,2.73,23.719,15.389,18.803,0
0.07181,0.28038,0.70437,3.5122,187.37,0,0.07181,2.5665,1.431,0.71962,0.07181,0.25611,0.050182,0.07181,1425.2,0.25611,3.5665,0.07181,0.050182,0,1.2737,0,0.050182,0.35662,0.71349,0.25611,,46.206,3.5141,0.19523,0.10036,75.889,4.8097,4.8097,0,1.431,,0.71962,0,0.012414,,0,250.29,250.29,,3.5122,0,0,0,3.5122,0.28038,0.20792,47.206,47.206,2300.8,0.057604,0.099789,0.9424,0,,1.4583,71.518,5.1036,93.871,0
-0.079601,0.6126,0.010966,1.0179,-22.681,-0.40247,-0.079601,0.32369,0.96998,0.19829,-0.079601,-0.12994,-0.010651,-0.079601,-9677.7,-0.037716,1.6324,-0.079601,-0.036696,23.716,1.0924,-0.067522,-0.036696,-0.40283,0.19829,-0.037716,-0.30193,0.029131,5.1711,0.2699,-0.036696,99.984,3.6506,-0.11022,-0.067522,2.1945,,0.19829,-0.031128,0.056312,-1.8267,-0.031128,99.119,75.403,-0.56477,0.78782,23.004,-0.12402,-0.057172,1.0179,0.6126,0.27393,0.52677,0.52677,1626.2,-0.030949,-0.40143,1.0309,0,15.391,4.8407,103.08,3.541,5.7625,0
0.082095,0.27469,0.33901,2.6057,8.3921,-0.002179,0.081628,2.6405,1.1776,0.72531,0.091199,0.38661,0.11319,0.081628,752.23,0.48522,3.6405,0.081628,0.069319,84.307,1.2796,0.068023,0.069716,0,0.1022,0.48692,7.107,0.75362,4.8871,0.23327,0.069319,86.314,4.5147,3.4703,0.28471,1.1776,40.698,0.73215,0.24178,0.22457,0.076506,0.057766,155.83,71.523,0.30183,1.3174,104.15,0.016367,0.013899,2.0028,0.21114,0.2215,1.6124,1.6275,2.6057,0.24178,0.11319,0.78571,0.009423,4.3294,5.1032,65.445,5.5772,2.6177,0
0.000462,0.066178,0.31856,5.8404,37.324,-0.008679,0.000468,13.635,0.99759,0.90233,0.000468,0.007117,0.049534,0.000468,569.19,0.64127,15.111,0.000468,0.000547,99.527,1.1234,-0.007284,0.000539,-0.008673,0.90233,0.64117,-0.08482,0.51746,4.4049,-0.049861,0.000547,27.972,13.049,-0.11007,-0.007284,0.86501,414.11,0.9027,-0.008502,1.6586,0.062728,-0.008502,117.25,17.725,0.001978,2.2908,99.288,-0.049253,-0.05749,5.8083,0.065814,0.076635,1.4657,1.4663,8093.7,-0.002412,0.000512,1.0024,0.000403,3.6673,20.592,28.039,13.017,1.3916,0
0.11999,0.10073,0.74418,8.388,65.236,0.28621,0.14935,8.8636,1.0895,0.89282,0.14935,1.4827,0.1046,0.14935,208.88,1.7475,9.9277,0.14935,0.088752,101.41,1.2762,0.13364,0.071305,0.35432,0.89282,1.456,0.86523,4.7982,4.7127,0.010797,0.088752,23.804,15.334,1.3267,0.13364,1.7053,,0.89282,0.079413,0.83525,0.020659,0.079413,165.01,63.6,0.25664,3.7463,110.49,0.10697,0.063568,8.388,0.10073,0.065216,5.7566,5.7566,38400,0.082179,0.1344,0.91782,0,3.5992,5.739,21.848,16.707,10.85,0
0.050616,0.54927,0.30463,1.7298,-68.325,0,0.050616,0.8206,1.9339,0.45073,0.050795,0.12127,0.053293,0.050616,1945.2,0.18764,1.8206,0.050616,0.026172,105.95,0.78277,0,0.026172,0.27637,0.31492,0.18764,0,1.0959,3.1608,0.27527,0.053933,106,3.4435,2.6167,0.012544,1.9339,,0.45073,0.006486,0.055077,0.34908,0,131.93,25.979,0.090162,0.38485,142.56,-0.05245,-0.027121,1.3145,0.4174,0.2904,1.6215,1.6215,441.1,0.25681,0.1123,0.74258,0,3.4449,14.05,78.777,4.6334,6.9572,0
-0.38635,0.92978,0.14125,1.1645,4.5306,0,-0.38635,0.075526,7.8596,0.070223,-0.38544,-0.44989,-0.040844,-0.38635,-1057.2,-0.34527,1.0755,-0.38635,-0.049156,2.3571,1.0757,0,-0.049156,0.016518,0.044969,-0.34527,0,,3.2966,0.036976,-0.098312,54.253,6.7278,6.2138,0.005183,7.8596,,0.070223,0.000659,0.76595,0.47442,0,15.893,13.536,-7.6119,1.1054,3.2065,-0.065327,-0.008312,1.0755,0.85875,0.14864,,,279.66,0.26491,-5.5017,0.7352,0,154.85,26.964,39.881,9.1523,,0
0.065124,0.35801,-0.038731,0.89059,-71.848,0,0.065124,1.7932,1.0889,0.64199,0.070433,0.18396,0.069095,0.065124,1736.8,0.21016,2.7932,0.065124,0.059808,45.84,1.3654,0,0.059808,0.14593,0.16925,0.21016,0,-0.056564,5.5015,0.3278,0.12449,140.75,2.5933,2.5643,0.002527,1.0889,,0.64199,0.002321,0.019162,1.18,0,103.41,57.567,0.47622,0.50429,54.372,-0.010113,-0.009287,0.88064,0.35401,0.38562,0.93759,0.93759,-12289,0.15692,0.10144,0.84796,0,7.9625,6.3405,118.66,3.0759,1.5903,0
0.064759,0.39378,0.39021,2.6187,68.573,0,0.081068,1.5395,1.2006,0.60622,0.099251,0.33629,0.11109,0.081068,1077.6,0.33871,2.5395,0.081068,0.067521,56.282,1.0435,0.083087,0.053938,0.29653,0.53135,0.29729,4.5694,1.0583,4.8247,0.26738,0.072789,78.911,4.6255,2.8316,0.085574,1.2006,3.0101,0.75443,0.071274,0.31281,0.096947,0.069202,168.99,112.71,0.3498,1.8507,60.601,0.030777,0.025634,1.6031,0.24107,0.21619,1.6441,2.0461,26060,0.071274,0.10683,0.93345,0.24449,6.4852,3.2385,73.287,4.9804,3.2562,0
0.071784,0.29294,-0.048577,0.83418,-55.496,0.21723,0.07012,2.3703,1.0389,0.69436,0.07012,0.23937,0.08274,0.07012,733.11,0.49788,3.4136,0.07012,0.039779,41.449,1.2663,0.080087,0.040723,0.21424,0.69436,0.50356,0.472,-0.064286,4.3534,0.16619,0.039779,63.016,5.7921,0.27339,0.080087,1.7774,,0.69436,0.045434,0.003884,0.06181,0.045434,50.364,8.9147,0.35861,0.15085,43.061,0.004359,0.002473,0.83418,0.29294,0.17265,0.91891,0.91891,-1096,0.037428,0.10338,0.96257,0,8.806,40.944,60.658,6.0174,2.3328,0
-0.036491,0.42669,-0.10296,0.73722,-43.117,-0.044136,-0.034989,1.0953,0.9626,0.46736,-0.034989,-0.089297,0.026868,-0.034989,2300.2,0.15868,2.3436,-0.034989,-0.013884,28.063,1.0406,-0.031147,-0.01448,-0.038581,0.46736,0.15516,-0.11897,-0.14478,3.975,0.16209,-0.013884,54.628,6.6815,-0.072996,-0.031147,2.6004,2.7275,0.50223,-0.012359,0.058035,0.19606,-0.012359,38.544,10.481,-0.18833,0.24272,27.014,-0.13384,-0.053111,0.67698,0.39182,0.14967,0.6572,0.70623,-972.04,-0.038855,-0.078078,1.0389,0.074609,13.006,34.825,56.751,6.4316,3.5437,0
0.070005,0.56528,0.40065,1.7174,-29.195,0.21286,0.08741,0.76167,1.0677,0.43055,0.08741,0.15651,0.054546,0.08741,1992.4,0.1832,1.769,0.08741,0.046041,104.43,1.2347,0.10213,0.036874,0.26525,0.43055,0.15241,0.57437,9.8055,4.6748,0.23712,0.046041,114.64,3.184,0.18068,0.10213,1.9173,61.246,0.43735,0.053797,0.20673,0.15712,0.053797,162.2,57.77,0.12888,0.74477,111.5,0.085987,0.045292,1.6968,0.55849,0.31408,10.537,10.704,18946,0.063379,0.16259,0.93662,0.015773,3.4951,6.3182,107.37,3.3994,46.464,0
-0.029644,0.017949,0.057186,4.186,263.75,0.91678,-0.029644,54.713,0.13778,0.98205,0.049542,-1.6516,-0.018108,-0.029644,-2625.9,-0.139,55.713,-0.029644,-0.21515,0,1.9084,0.049523,-0.21515,0.33723,0.88714,-0.139,0.6254,0.061832,3.0719,-0.41505,0.35957,62.273,5.8613,5.8613,0.032575,0.13778,,0.98205,0.23642,4.186,0.007803,0.35943,0,0,,4.186,0,0.022374,0.16239,4.186,0.017949,0.17061,1.0618,1.0618,67.48,0.23642,-0.030186,1.1916,0,,,47.55,7.6762,0.14897,0
-0.038124,0.28905,0.64168,3.22,48.024,0,-0.016962,2.4597,2.4204,0.71095,-0.013246,-0.058681,-0.005369,-0.016962,-8118,-0.044962,3.4597,-0.016962,-0.007008,46.986,0.95342,-0.013291,-0.015751,0.20079,0.62953,-0.11818,-3.577,9.2636,3.3903,0.059442,-0.006478,45.388,8.0417,8.0417,0.095934,2.4204,,0.71095,0.039636,0.5734,-1.0332,-0.005491,115.36,68.377,-0.12236,2.1421,48.925,-0.017256,-0.00713,3.22,0.28905,0.12435,10.264,10.264,1576.1,0.039636,-0.053624,1.0069,0,7.7683,5.338,43.589,8.3736,34.941,0
0.004082,0.99541,-0.057965,0.94177,-85.556,0.29844,0.013218,0.004615,1.0503,0.004593,0.013218,0.013279,0.011465,0.013218,20784,0.017562,1.0046,0.013218,0.00867,67.665,0.7099,0.063932,0.002677,0.32749,0.004593,0.008383,0.44042,-0.92657,5.6013,0.59967,0.00867,250.29,1.4583,0.064227,0.063932,1.5271,,0.004593,0.041932,0.08486,0.47989,0.041932,204.2,136.54,0.014442,0.65782,71.07,0.05967,0.039136,0.94177,0.99541,0.68573,0.073426,0.073426,-23145,0.04791,0.88868,0.95209,0,5.3942,2.6733,238.3,1.5317,24.372,0
0.042826,0.57002,-0.022733,0.928,-43.604,-0.002146,0.056143,0.75434,0.98963,0.42998,0.10374,0.17782,0.21586,0.056143,973.96,0.37476,1.7543,0.056143,0.056732,22.091,1.2197,0.10009,0.043275,0.20617,0.34029,0.35139,2.1029,-0.032154,4.2375,0.57125,0.10483,126.42,2.8872,1.5993,0.078022,0.98963,1.0237,0.65769,0.07884,0.042459,0.07377,0.10114,103.12,81.032,0.71502,0.7383,23.982,-0.057383,-0.057985,0.51403,0.31574,0.34635,0.60818,0.93025,-392.82,0.07884,0.0996,0.94687,0.52956,16.523,4.5044,116.45,3.1344,1.3998,0
0.009132,0.66585,0.28769,1.4359,-15.184,0,0.014626,0.50184,2.857,0.33415,0.032311,0.022158,0.00943,0.014626,9021,0.040461,1.5018,0.014626,0.005119,51.188,1.3417,0.023667,0.003196,0.28883,0.3296,0.032211,1.3382,5.5049,4.0405,0.22044,0.011309,85.409,4.2735,4.2363,0.036291,2.857,97.219,0.33978,0.012702,0.062885,0.61683,0.008284,115.78,64.587,0.022792,0.82882,51.847,0.011351,0.003973,1.4234,0.66005,0.234,6.3939,6.5016,3158.3,0.012702,0.02733,0.9949,0.01684,7.1306,5.6513,84.325,4.3285,54.669,0
0.000167,0.47858,0.2084,1.4776,-59.745,0.068574,0.002428,1.0182,1.0086,0.48728,0.002428,0.005564,0.037313,0.002428,3571.8,0.10219,2.0895,0.002428,0.001853,113.62,1.0001,0.018025,0.000127,0.086934,0.48728,0.097465,0.13871,0.5867,4.3626,0.33598,0.001853,122.57,2.9779,0.037664,0.018025,1.358,5.6117,0.52948,0.013753,0.10673,0.24393,0.013753,166.59,52.971,0.000408,0.54262,114.6,-0.028452,-0.021708,1.3473,0.43638,0.33581,1.3718,1.4906,4802.4,0.00854,0.000342,0.99146,0.086594,3.2125,6.8906,121.52,3.0035,3.6898,0
-0.068533,0.8365,-0.16324,0.75935,-68.83,-0.31374,-0.068533,0.19546,1.6171,0.1635,-0.065997,-0.10103,-0.031941,-0.068533,-5910.9,-0.06175,1.1955,-0.068533,-0.042379,29.815,1.084,0,-0.042379,-0.37511,0.15169,-0.06175,0,-0.33664,4.1037,0.51714,-0.082848,157.3,2.3205,1.8817,0.009437,1.6171,4.4675,0.24923,0.005836,0.003816,1.6519,0,115.68,85.861,-0.51881,0.56461,30.632,-0.01688,-0.010438,0.61578,0.67833,0.43095,0.33719,0.51398,-2072.9,0.026645,-0.41915,0.97499,0.52432,12.242,4.251,153.11,2.384,3.335,0
0.34631,0.31323,0.44694,2.4442,91.557,0,0.34631,2.1925,1.6676,0.68677,0.34963,1.1191,0.24254,0.34631,282.67,1.2913,3.1925,0.34631,0.20767,26.226,1.0442,0.32735,0.20767,0.58954,0.41334,1.2913,98.455,1.8348,3.8741,0.11612,0.20966,84.331,4.3282,4.2762,0.32819,1.6676,,0.68677,0.1968,0.39051,0.027084,0.1963,139.11,112.88,2.8903,2.057,32.652,0.26919,0.16142,2.4149,0.30947,0.23104,2.8193,2.8193,3344.3,0.1968,0.50426,0.79507,0,13.918,3.2335,67.734,5.3887,6.8458,0
0.038582,0.61582,0.24549,1.3986,-9.8095,-0.002571,0.058756,0.45611,1.0613,0.28088,0.058756,0.09541,0.046548,0.058756,2483.4,0.14697,1.6238,0.058756,0.030217,54.108,1.2592,0.09019,0.019842,0.032483,0.28088,0.11421,0.49226,1.7701,4.1765,0.29116,0.030217,122.68,2.9751,0.14645,0.09019,1.9471,,0.28088,0.046384,0.090928,0.16603,0.046384,151.17,97.063,0.13385,0.93058,57.423,0.058436,0.030053,1.3986,0.61582,0.33612,2.0253,2.0253,3685.7,0.057743,0.13736,0.94226,0,6.7458,3.7604,115.6,3.1574,14.02,0
0.043948,0.4354,0.2668,1.682,-14.401,0,0.058328,1.2968,1.7113,0.5646,0.099655,0.1491,0.049265,0.058328,1885,0.19363,2.2968,0.058328,0.034085,69.111,1.2863,0.073506,0.025681,0.10708,0.55687,0.1606,1.7786,0.78012,3.8108,0.18645,0.038035,87.19,4.1863,3.7614,0.073579,1.7113,213.35,0.56617,0.042997,0.31589,0.14589,0.042954,113.99,44.877,0.13563,0.85372,72.216,0.047528,0.027773,1.5113,0.39121,0.23888,1.6509,1.6555,1725.8,0.042997,0.077838,0.96643,0.002773,5.2814,8.1334,83.441,4.3744,5.0039,0
0.034377,0.40528,0.036409,1.1366,-46.666,0.0822,0.0448,1.4674,1.099,0.59472,0.0448,0.16808,0.090766,0.0448,1755.9,0.20787,2.4674,0.0448,0.048267,55.097,1.3621,0.073738,0.037038,0.11408,0.59472,0.18215,0.87308,0.052232,5.2508,0.39704,0.048267,115.19,3.1688,0.18194,0.073738,0.9559,1.1735,0.73347,0.079446,0.14046,0.11772,0.079446,104.41,49.312,0.24536,0.61093,60.55,0.034293,0.036947,0.74747,0.26653,0.31558,0.85318,1.0522,6487,0.090058,0.057804,0.90994,0.23331,6.6246,7.4018,104.81,3.4824,1.3315,0
0.09408,0.10766,0.31594,3.9347,128.52,0.091658,0.14507,8.0345,1.1493,0.86498,0.14507,1.3475,0.35111,0.14507,135.08,2.7021,9.2887,0.14507,0.1751,47.929,1.0129,0.019481,0.11355,0.1972,0.86498,2.2284,0.27024,0.54813,5.4306,-0.036126,0.1751,54.51,6.696,0.18095,0.019481,0.9812,,0.86498,0.023512,1.2952,0.021411,0.023512,125.18,77.254,0.86475,2.9241,55.086,-0.12635,-0.1525,3.9347,0.10766,0.14934,1.5006,1.5006,85160,0.12993,0.10877,0.87007,0,7.6155,4.7247,47.428,7.6959,1.4374,0
0.003971,0.93316,-0.19814,0.47828,-92.323,-0.14397,0.004899,0.071633,1.0797,0.066844,0.009586,0.0129,0.016282,0.004899,19374,0.018839,1.0716,0.004899,0.004537,24.695,0.77054,0.00959,0.003677,0.01353,-0.048115,0.017844,2.0462,-0.24211,2.3544,0.78425,0.004537,129.53,2.8178,1.1468,0.00959,1.0797,0.19622,0.62023,0.008882,0.22746,1.3967,0.008882,32.2,7.5048,0.054352,0.28592,24.916,-0.003091,-0.002862,0.19465,0.37977,0.35488,0.081681,0.75789,-44.812,0.008878,0.059399,0.99546,8.2787,14.78,48.635,128.38,2.8431,1.3194,0
0.067731,0.41066,0.12363,1.301,24.663,0.20652,0.085172,1.1444,1.061,0.46997,0.085172,0.2074,0.092905,0.085172,1168.6,0.31235,2.4351,0.085172,0.06169,4.5353,1.0959,0.088595,0.049057,0.24835,0.46997,0.26988,0.68084,0.26545,5.3407,0.28257,0.06169,115.19,3.1687,0.21574,0.088595,1.4062,,0.46997,0.064169,0.099362,0.10252,0.064169,130.46,125.93,3.9482,1.2593,4.8119,0.045499,0.032955,1.301,0.41066,0.31559,1.0091,1.0091,27088,0.057495,0.14412,0.9425,0,80.48,2.8985,108.57,3.362,2.9646,0
0.024071,0.53933,0.04808,1.1052,-23.818,0.42472,0.034351,0.85414,1.3671,0.46067,0.045723,0.075126,0.055894,0.034351,2576.3,0.14168,1.8541,0.034351,0.025128,35.186,1.1293,0.043472,0.017608,0.14615,0.45806,0.12262,3.8225,0.097195,4.3623,0.39367,0.029224,123.16,2.9636,2.5125,0.01196,1.3671,4.6866,0.54037,0.008749,0.009469,0.21019,0.031799,133.76,98.578,0.18265,0.81694,35.497,0.001412,0.001033,0.93694,0.45724,0.33742,0.93125,1.0924,1107.3,0.008749,0.052252,0.97683,0.17302,10.373,3.7027,122.08,2.9898,2.7635,0
0.078738,0.60092,-0.009689,0.98287,-36.084,0.2162,0.098234,0.61941,1.0488,0.37222,0.098234,0.17367,0.039337,0.098234,1992.5,0.18319,1.6641,0.098234,0.035103,33.398,1.1987,0.12812,0.028137,0.27117,0.37222,0.15074,0.48019,-0.02182,4.7212,0.21022,0.035103,77.378,4.7171,0.2132,0.12812,2.8078,8.4965,0.40751,0.045783,0.023225,0.14115,0.045783,70.798,37.4,0.3075,0.53017,35.029,0.11627,0.041549,0.92514,0.56563,0.212,0.83821,0.91769,-509.85,0.046565,0.21154,0.95344,0.094822,10.929,9.7594,73.775,4.9475,6.3019,0
0.025574,0.83618,0.064833,1.08,-41.983,0,0.030698,0.19592,2.378,0.16382,0.047237,0.037894,0.019597,0.030698,6549.2,0.055732,1.1959,0.030698,0.012909,50.952,1.815,0.046279,0.010755,0.10031,0.097383,0.049605,2.798,0.51833,4.1776,0.32758,0.019706,126.45,2.8866,2.7965,0.039563,2.378,25.639,0.185,0.016637,0.075202,0.44823,0.019462,124.94,73.991,0.077042,0.67026,51.814,0.030375,0.012773,1.0463,0.81009,0.34643,1.3097,1.4791,975.81,0.016637,0.15611,0.98715,0.12927,7.1636,4.9331,124.34,2.9355,19.012,0
0.26876,0.22525,0.47118,3.0918,49.864,0.66653,0.26914,3.2939,1.0987,0.74194,0.26914,1.1948,0.10945,0.26914,264.65,1.3792,4.4395,0.26914,0.094819,15.291,1.2723,0.2453,0.094688,0.66727,0.74194,1.3775,0.94955,1.5521,4.9359,0.035574,0.094819,31.825,11.469,1.089,0.2453,2.8676,,0.74194,0.086422,0.55257,0.025818,0.086422,73.549,58.259,2.2603,2.5639,16.8,0.20378,0.071792,3.0918,0.22525,0.087193,2.444,2.444,40652,0.089862,0.36224,0.91014,0,23.871,6.2652,28.965,12.601,9.3501,0
0.048685,0.31066,0.24228,1.7799,23.682,0.30296,0.060909,2.1458,1.0241,0.66662,0.060909,0.19606,0.036763,0.060909,1338.7,0.27266,3.2189,0.060909,0.026435,7.7013,0.99344,0.05559,0.02113,0.3768,0.66662,0.23331,0.24708,0.54195,5.4037,0.068681,0.026435,50.399,7.2423,0.17894,0.05559,2.3347,,0.66662,0.024127,0.64264,0.12866,0.024127,55.968,48.267,1.0014,1.6234,7.8868,0.031795,0.0138,1.7799,0.31066,0.13808,1.4911,1.4911,61377,0.023517,0.073033,0.97648,0,47.394,7.5621,49.213,7.4167,5.1539,0
-0.14307,0.90561,0.061894,1.0717,-27.227,0.012398,-0.11851,0.10423,4.4096,0.094394,-0.08926,-0.13738,-0.023088,-0.11851,-3246.6,-0.11242,1.1042,-0.11851,-0.026875,28.897,0.98056,-0.089369,-0.032446,-0.10388,0.04611,-0.13955,-3.0553,0.82011,3.0152,0.20314,-0.02288,74.424,4.9043,4.6716,0.17897,4.4096,13.391,0.13736,0.040587,0.047887,-0.4154,-0.020267,73.107,44.21,-0.40983,0.66705,30.119,-0.10607,-0.024054,1.0209,0.86264,0.2039,1.2507,1.8201,64.093,0.040587,-1.5157,1.0268,0.45522,12.631,8.256,71.403,5.1118,58.428,0
0.076337,0.2206,0.26452,2.1991,68.255,0.22004,0.090933,3.4942,1.0697,0.77083,0.090933,0.41221,0.084945,0.090933,807.08,0.45225,4.5331,0.090933,0.077424,14.889,1.0889,0.073829,0.064997,0.26337,0.77083,0.38608,0.67243,0.51374,6.1837,0.14882,0.077424,73.336,4.9771,0.33468,0.073829,1.2169,,0.77083,0.062861,0.25354,0.087738,0.062861,133.38,118.49,1.5934,1.9819,15.927,0.064997,0.055341,2.1991,0.2206,0.20092,1.4971,1.4971,403780,0.06516,0.099033,0.93484,0,24.514,3.0804,68.557,5.324,2.2811,0
0.20773,0.38948,0.25451,1.704,-5.9711,0.37319,0.26062,1.4308,1.196,0.55729,0.26062,0.72093,0.22452,0.26062,468.9,0.77841,2.5675,0.26062,0.193,72.817,1.2542,0.26354,0.15384,0.46193,0.55729,0.64263,2.3342,0.6628,5.0657,0.20572,0.193,116.87,3.1232,0.67665,0.26354,1.4164,12.39,0.58526,0.19517,0.31761,0.041832,0.19517,135.47,62.656,0.77112,0.95882,87.09,0.22099,0.16365,1.5816,0.36151,0.32019,1.4513,1.5242,29607,0.16389,0.37276,0.83611,0.050199,5.0126,5.8254,97.715,3.7353,3.5166,0
0,0.56367,-0.29153,0.42268,-703.82,0.14763,-0.047599,0.7741,0.24803,0.43633,-0.007786,-0.094262,-0.031954,-0.047599,-25959,-0.014061,1.7741,-0.047599,-0.19191,77.35,1.0175,-0.007832,0,0.67192,0.32357,0.070385,-0.19671,-0.37063,5.6605,1.8326,-0.19191,865.01,0.42711,0.38263,-0.010124,0.24803,2.7406,0.49504,-0.040817,0.21611,0.59007,-0.031575,153.5,76.153,0,0.31859,88.953,-0.047505,-0.19153,0.37866,0.50496,2.3413,0.55474,0.62937,-133410,0.14093,0,1.0301,0.13453,4.7188,4.793,743.11,0.49118,0.31533,1
0.5,0.90851,0.049738,1.1168,-22.152,-0.47355,0.50303,0.10077,1.9465,0.09155,0.5198,1.1808,0.29492,0.50303,577.64,0.63188,1.1007,0.50303,0.25842,23.892,,0.5124,0.25687,0.43834,-0.076265,0.62854,30.551,0.094875,3.8608,0.40626,0.26645,106.03,3.4762,1.63,0.47988,2.0009,1.3106,0.35733,0.24653,0.29761,0.051905,0.26324,65.435,41.543,3.9242,0.5967,31.404,0.44136,0.22674,0.52366,0.42601,0.28767,0.17463,0.6816,361,0.2466,5.4615,0.74012,2.9031,15.277,8.7861,79.883,4.5692,3.713,1
0.059068,0.44031,-0.017162,0.96102,-58.832,0.14023,0.072485,1.1316,1.0668,0.49826,0.072485,0.16462,0.087977,0.072485,1159.3,0.31483,2.2711,0.072485,0.046003,49.294,1.286,0.10167,0.037488,0.17343,0.49826,0.28436,0.68834,-0.029752,4.9843,0.23972,0.046003,108.8,3.3547,0.23092,0.10167,1.5891,,0.49826,0.064527,0.14353,0.086262,0.064527,83.38,34.086,0.27758,0.47772,52.585,0.035535,0.022552,0.96102,0.44031,0.29809,0.86375,0.86375,-1655.3,0.062575,0.11855,0.93743,0,7.4045,10.708,102,3.5786,2.7315,0
0.092015,0.34548,0.18362,2.157,-44.48,0.22781,0.13127,1.3381,1.3358,0.4623,0.13127,0.82713,0.30801,0.13127,533.86,0.6837,2.8945,0.13127,0.17117,105.03,1.2978,0.15253,0.11999,0.31598,0.4623,0.57009,2.6569,0.2792,4.7007,0.44081,0.17117,100.9,3.6175,0.44151,0.15253,0.81257,0.65126,0.64908,0.1989,0.17862,0.044114,0.1989,149.44,44.405,0.41696,0.7665,140.3,0.047594,0.062062,0.99086,0.1587,0.27643,0.70293,0.98693,9218.2,0.25138,0.19904,0.74862,0.40402,3.4751,8.2198,75.534,4.8323,1.166,0
-0.19185,1.0163,-0.46437,0.51953,-105.12,-0.61935,-0.19185,-0.016052,2.3336,-0.016314,-0.15691,-0.1985,-0.025866,-0.19185,-6145.7,-0.059391,0.98395,-0.19185,-0.082211,33.058,1.2455,-0.15699,-0.082211,-0.70036,-0.024704,-0.059391,-4.4937,-0.93267,3.7752,0.38247,-0.079382,142.72,2.5575,2.4321,-0.13814,2.3336,20.299,-0.00199,-0.059195,0.136,-1.3282,-0.067275,57.977,24.919,-0.90772,0.30084,31.21,-0.28848,-0.12362,0.49405,0.96648,0.39101,-0.032766,-0.003996,-2767.3,-0.059195,11.76,1.0804,-0.87804,11.041,14.647,151.17,2.4145,4.687,0
0.01572,0.55382,0.060514,1.1093,-47.601,-0.010359,0.027475,0.80465,1.0367,0.44563,0.027475,0.04961,0.0262,0.027475,3812.1,0.095748,1.8056,0.027475,0.013575,56.731,1.259,0.041871,0.007767,0.005723,0.44563,0.074522,0.21446,0.15691,4.1026,0.26656,0.013575,103.54,3.5252,0.075603,0.041871,2.0834,,0.44563,0.020688,0.027151,0.27005,0.020688,108.08,51.348,0.049971,0.54126,58.812,0.016318,0.008063,1.1093,0.55382,0.28367,1.1555,1.1555,766.41,0.035382,0.035275,0.96462,0,6.4339,7.1084,99.877,3.6545,5.248,0
0.038746,0.69295,0.24959,1.3682,-42.276,0.038042,0.024898,0.091857,0.99752,0.063652,0.024898,0.036726,0.061179,0.024898,7357.9,0.049607,1.4431,0.024898,0.044313,80.462,4.0307,0.02464,0.068959,0.007284,0.063652,0.06959,0.43745,3.445,4.9546,0.99619,0.044313,439.32,0.83084,0.035558,0.02464,0.61001,53.604,0.078645,0.043854,0.47787,0.66776,0.043854,392.09,311.62,0.31282,1.1855,80.262,0.015164,0.026987,1.3385,0.67796,1.2036,0.87856,1.0855,22483,-0.00249,0.60872,1.0025,0.23555,4.5363,1.1713,440.41,0.82877,7.7552,0
0.033909,0.54804,0.16647,1.3905,-25.384,0.06972,0.042465,0.81835,1.0797,0.44849,0.042465,0.099606,0.056676,0.042465,1992.6,0.18318,1.8247,0.042465,0.023974,54.798,1.2631,0.093824,0.019143,0.089305,0.44849,0.16757,0.57189,0.40883,4.4993,0.30193,0.023974,94.85,3.8482,0.1712,0.093824,1.7844,2.6855,0.57021,0.052969,0.059553,0.11873,0.052969,116.92,62.125,0.12751,0.76672,59.164,0.035898,0.020267,1.0817,0.42633,0.25986,1.1014,1.4003,5255.5,0.073788,0.075606,0.92621,0.27139,6.6608,5.8752,87.851,4.1548,4.3499,0
0.03379,0.22077,0.2835,2.8041,73.766,0.074099,0.044535,3.3933,0.99618,0.74913,0.044535,0.2834,0.15736,0.044535,684.47,0.53326,4.5297,0.044535,0.059529,56.19,0.545,0.047922,0.045167,0.11484,0.74913,0.48459,0.63812,0.50684,4.1913,0.23366,0.059529,76.376,4.779,0.21707,0.047922,0.83576,5.1158,0.81275,0.064057,0.47989,0.059928,0.064057,178.2,122.01,0.2934,2.0712,55.975,-0.025269,-0.033777,1.996,0.15714,0.20925,1.3393,1.453,4404.4,-0.003839,0.045106,1.0038,0.084928,6.4959,2.9916,76.67,4.7607,1.3375,0
0.092791,1.1054,-0.5403,0.40761,-164.26,-0.36692,0.092791,-0.095371,1.6677,-0.10543,0.095561,0.10174,0.058908,0.092791,4107.1,0.08887,0.90463,0.092791,0.05564,14.937,0.74212,0,0.05564,-0.11598,-0.27412,0.08887,0,-0.86003,2.4719,0.65561,0.11128,247.13,1.4769,1.2186,0.000749,1.6677,1.624,0.081474,0.000449,0.017198,6.7623,0,77.934,62.997,1.3596,0.33278,18.493,-0.005449,-0.003267,0.33631,0.91206,0.67707,-0.16781,0.12969,-160.14,0.19226,-0.88015,0.81157,-1.7728,24.436,5.794,199.62,1.8285,2.6546,0
0.094862,0.45272,0.016239,1.0359,-105.18,0.20846,0.11809,1.1925,1.1682,0.53989,0.11809,0.26085,0.15592,0.11809,1011.4,0.36087,2.2089,0.11809,0.1127,91.399,1.2246,0.1456,0.090532,0.25272,0.53989,0.30956,1.6232,0.03058,4.6091,0.32654,0.1127,184.23,1.9813,0.32161,0.1456,1.0511,,0.53989,0.13895,0.25012,0.077975,0.13895,123.91,32.513,0.36154,0.4563,106.77,0.10032,0.095736,1.0359,0.45272,0.50473,1.0167,1.0167,660.12,0.14398,0.17571,0.85602,0,3.9935,11.226,157.7,2.3145,1.9732,0
0.28931,0.079335,0.33355,6.2383,67.852,0.78728,0.28931,11.603,1.2199,0.92056,0.28931,4.5436,0.26252,0.28931,71.592,5.0983,12.605,0.28931,0.18777,26.87,1.1584,0.28559,0.18777,0.78728,0.92056,5.0983,2.2612,0.55337,4.2698,-0.081829,0.18777,18.402,19.835,3.5998,0.28559,1.5589,18.123,0.93622,0.18536,3.2855,0.006508,0.18536,44.543,17.673,2.5507,4.4571,32.779,0.17043,0.11062,5.007,0.063675,0.050416,1.5272,1.5532,6208.5,0.18027,0.31428,0.81973,0.017011,13.584,20.653,15.085,24.197,2.5561,0
0.16864,0.52608,0.36397,1.6918,-35.322,0,0.20315,0.90084,2.7048,0.47392,0.23438,0.38615,0.080543,0.20315,881.44,0.4141,1.9008,0.20315,0.075107,79.14,1.3148,0.23569,0.062348,0.30989,0.46367,0.34849,7.5462,3.3104,3.6884,0.15353,0.082973,77.664,4.6997,4.6997,0.23231,2.7048,,0.47392,0.085891,0.24612,0.070035,0.087139,102.64,23.498,0.28755,0.5771,86.576,0.22099,0.081704,1.6918,0.52608,0.21278,4.3104,4.3104,1776.2,0.085891,0.35583,0.92475,0,4.6121,15.534,70.994,5.1413,24.601,0
0.055357,0.56584,0.20893,1.4041,3.9003,0,0.086246,0.76727,3.021,0.43416,0.1204,0.16681,0.037621,0.086246,1817.2,0.20086,1.7673,0.086246,0.028549,21.21,1.3187,0.11573,0.018324,-0.20234,0.10053,0.14627,3.3882,0.76246,3.2107,0.18116,0.039855,66.69,5.4731,5.0011,0.19117,3.021,11.28,0.48295,0.06328,0.041728,0.13177,0.038309,85.106,63.896,0.31534,1.0646,22.643,0.088323,0.029236,1.283,0.51704,0.18271,1.5844,1.7625,339.43,0.06328,0.12751,0.97151,0.1124,17.209,5.7124,62.469,5.8429,11.025,0
0.075956,0.30639,0.60466,3.2488,58.354,0.33158,0.095182,1.968,1.0232,0.60295,0.095182,0.354,0.038254,0.095182,824.06,0.44293,3.2639,0.095182,0.026831,4.3552,1.1117,0.09399,0.021411,0.40423,0.60295,0.38018,0.27108,4.7816,4.0021,0.081081,0.026831,28.305,12.895,0.30677,0.09399,3.6748,22.161,0.64046,0.026495,0.095347,0.074883,0.026495,87.24,82.885,1.7944,3.0914,4.4561,0.053465,0.015071,2.8511,0.26888,0.077549,4.768,5.0646,6076.2,0.022639,0.12597,0.97736,0.062206,83.808,4.4037,27.664,13.194,28.053,0
0.023293,0.76654,-0.065798,0.91343,-377.57,0,0.023293,0.30456,0.43432,0.23346,0.028112,0.030647,0.14686,0.023293,4386.5,0.083211,1.3046,0.023293,0.053631,278.19,0.42564,0.01497,0.053631,0.073363,0.08864,0.083211,3.1067,-0.21519,4.245,1.7585,0.057897,643.87,0.56688,0.56207,0.003473,0.43432,,0.23346,0.007996,0.020239,0.46071,0.034467,570.5,292.31,0.070367,0.47789,280.43,-0.025521,-0.058761,0.90567,0.76004,1.764,0.76352,0.76352,-1156.6,0.007996,0.099776,0.95107,0,1.3121,1.2487,638.72,0.57145,1.4205,0
0.042474,0.71604,-0.11651,0.76801,-46.067,0.010628,0.042474,0.39658,2.6922,0.28396,0.074118,0.08457,0.05072,0.042474,1914,0.1907,1.3966,0.042474,0.015777,27.086,1.1141,0.072966,0.015777,,0.2549,0.1907,2.3059,-0.18968,3.3148,0.2618,0.023883,70.282,5.1934,3.6427,0.08388,2.6922,,0.28396,0.031157,0.033143,0.14289,0.027103,50.038,22.953,0.2126,0.37023,27.957,-0.021106,-0.00784,0.53869,0.50224,0.19255,0.46227,0.46227,-240.51,0.031157,0.14958,0.98448,0,13.476,15.902,68.092,5.3604,4.3827,0
0.006245,0.76829,-0.098966,0.83277,-133.02,0.006245,0.012436,0.18983,1.0182,0.14584,0.012436,0.021014,0.034425,0.012436,6523.9,0.055948,1.3016,0.012436,0.00996,64.53,0.80777,0.037678,0.005001,0.012436,0.14584,0.047889,,-0.19514,4.6627,0.61507,0.00996,176.15,2.0721,0.049042,0.037678,1.2814,1.5418,0.32233,0.030176,0.20679,0.37022,0.030176,108.29,43.764,0.028288,0.45976,65.707,0.00713,0.00571,0.64148,0.59181,0.48261,0.28757,0.63556,-4551.4,0.01791,0.042818,0.98209,1.2101,5.6563,8.3402,173,2.1099,2.462,1
0.38542,0.13625,0.74261,6.4504,19.929,0.15122,0.43329,6.3395,5.4283,0.86375,0.43548,3.1801,0.08013,0.43329,114.33,3.1924,7.3395,0.43329,0.07982,31.575,1.4702,0.43548,0.071003,0.86111,0.85006,2.8411,198.73,6.1302,3.5627,0.016093,0.080224,10.08,36.211,36.211,0.49463,5.4283,,0.86375,0.091121,0.35886,0.010389,0.080224,55.807,24.232,0.82077,3.0038,34.741,0.4338,0.079915,6.4504,0.13625,0.027616,7.1301,7.1301,2712.9,0.091121,0.44622,0.92042,0,11.56,15.063,9.1615,39.841,44.81,0
0.026102,0.90681,0.10603,1.1421,9.229,0,0.032592,0.10277,3.2397,0.093192,0.045328,0.043688,0.019854,0.032592,5145.8,0.070932,1.1028,0.032592,0.01006,2.7831,1.3708,0.045328,0.008057,0.078136,0.07325,0.063775,3.559,0.71659,3.3992,0.23345,0.013976,84.982,4.295,3.5334,0.035576,3.2397,8.8271,0.18692,0.010981,0.20176,0.39226,0.013991,79.037,76.254,1.0567,1.109,2.814,0.013598,0.004197,0.9396,0.74601,0.23283,0.62983,1.2633,265.84,0.010981,0.28009,0.98997,1.0057,131.15,4.7866,84.049,4.3427,21.895,0
0.040498,0.53369,0.012043,1.0567,-16.306,0.13546,0.048646,0.81713,1.0914,0.4361,0.048646,0.22892,0.11141,0.048646,2820.5,0.12941,1.8737,0.048646,0.078469,17.237,0.77172,0.10151,0.065325,0.1613,0.4361,0.11414,1.7871,0.015531,4.0808,0.84911,0.078469,136.55,2.6729,0.1902,0.10151,0.68252,0.60796,0.75729,0.16374,0.069959,0.14391,0.16374,123.45,106.22,1.3833,0.91891,18.813,0.081088,0.1308,0.42074,0.2125,0.37412,0.56238,0.97657,145.05,0.083777,0.092864,0.91622,0.73651,21.175,3.4364,125.11,2.9173,0.79945,0
0.011698,0.47035,0.15675,1.4145,-16.407,-0.004412,0.017711,0.98697,1.0146,0.46423,0.017711,0.046839,0.034588,0.017711,3198.6,0.11411,2.1261,0.017711,0.011414,4.7452,1.1733,0.016913,0.007539,0.013188,0.46423,0.10133,0.11059,0.33701,4.4149,0.28136,0.011414,90.245,4.0445,0.035959,0.016913,1.5664,5.5815,0.55644,0.010899,0.63043,0.29246,0.010899,69.741,64.996,0.57988,1.3612,4.8147,-0.019048,-0.012275,1.1372,0.37814,0.24725,0.99809,1.1964,4075.2,0.014417,0.0252,0.98558,0.19865,76.919,5.6157,88.944,4.1037,3.3363,0
0.17441,0.25305,0.49468,3.6883,86.144,0.41879,0.21938,2.8146,1.161,0.71223,0.21938,1.1922,0.17907,0.21938,362.95,1.0056,3.9517,0.21938,0.15437,43.26,1.251,0.23,0.12273,0.52457,0.71223,0.82795,1.879,1.5396,4.4833,0.10232,0.15437,54.871,6.652,0.9089,0.23,1.4768,7.3905,0.78128,0.16185,0.81186,0.031382,0.16185,135.95,92.685,1.0355,2.773,50.225,0.19489,0.13714,2.682,0.18401,0.15033,2.2166,2.4315,15054,0.13867,0.24488,0.86133,0.096938,8.4373,3.9381,47.262,7.7229,4.4228,0
0.15295,0.86722,0.36417,1.6934,-8.9739,0,0.15295,0.15312,2.7425,0.13278,0.23787,0.29122,0.06715,0.15295,1718.8,0.21236,1.1531,0.15295,0.05577,56.11,0.9965,0.23369,0.05577,-0.035091,0.025911,0.21236,2.7519,3.2922,3.4482,0.30701,0.081696,71.561,5.1005,3.0891,0.063652,2.7425,1.3678,0.47478,0.023209,0.064369,0.10912,0.085211,113.87,57.758,0.36279,0.89066,57.443,0.20248,0.073831,1.0256,0.52522,0.19606,1.2004,4.2922,1022.2,0.023209,1.1519,0.9479,2.5756,6.5051,6.3195,69.9,5.2217,24.794,0
0.023703,0.29206,0.063109,1.2399,-12.947,0.076469,0.029172,2.1593,1.0164,0.63064,0.029172,0.1109,0.032125,0.029172,1094.2,0.33357,3.424,0.029172,0.009619,19.714,1.0064,0.030507,0.007816,0.097773,0.63064,0.31484,0.10225,0.093657,5.0232,0.063083,0.009619,32.18,11.343,0.10446,0.030507,3.0665,5.5976,0.65965,0.01006,0.39887,0.097228,0.01006,26.628,6.9139,0.14471,0.61724,20.037,-0.037742,-0.012446,1.1168,0.26305,0.088164,0.93589,0.97894,6657.2,0.016125,0.037585,0.98388,0.045996,18.515,52.792,31.661,11.528,4.5005,0
0.037138,0.19332,0.54266,3.9311,86.898,0,0.04595,4.1727,1.9168,0.80668,0.047192,0.24819,0.053742,0.04595,684.99,0.53286,5.1727,0.04595,0.023972,19.756,0.94731,0.043863,0.019375,0.25548,0.27965,0.48728,35.329,1.9936,4.305,-0.008575,0.023984,36.058,10.123,9.6942,0.04273,1.9168,,0.80668,0.022292,1.1346,0.063849,0.022883,98.586,78.83,0.35796,3.3707,20.206,-0.0132,-0.006887,3.7647,0.18514,0.098789,2.9635,2.9635,10953,0.022292,0.046038,0.97608,0,18.476,4.6302,35.254,10.353,7.0419,0
0.010651,0.13599,0.49443,4.6358,808.44,0,0.012486,6.3534,0.31508,0.86401,0.012486,0.091817,0.37729,0.012486,417.55,0.87414,7.3534,0.012486,0.039629,0,1.0567,0.009107,0.033804,0.18264,0.14711,0.86064,,1.3378,3.1634,0.084197,0.039629,162.23,2.2499,2.2499,0.009107,0.31508,,0.86401,0.028905,1.1449,0.039248,0.028905,549.94,549.94,,4.6358,0,-0.097282,-0.30876,4.6358,0.13599,0.44446,2.3378,2.3378,720.37,0.028903,0.012327,0.96079,0,,0.66371,157.54,2.3169,0.85252,0
0.17425,0.653,0.30055,1.4603,43.082,0,0.17425,0.53138,3.5868,0.347,0.18803,0.26684,0.064965,0.17425,1022.9,0.35684,1.5314,0.17425,0.04858,2.362,1.2428,0,0.04858,0.1163,0.23829,0.35684,0,6.4716,2.6662,0.14562,0.10605,100.3,3.639,3.639,0.000958,3.5868,,0.347,0.000267,0.20014,0.37037,0,83.736,81.374,7.507,1.4247,3.5653,-0.05877,-0.016385,1.4603,0.653,0.2748,7.4716,7.4716,139.35,0.3375,0.50216,0.66634,0,154.53,4.4855,66.451,5.4928,77.232,0
0.06751,0.52025,0.074607,1.1434,2.97,0.058829,0.083259,0.87311,1.0155,0.45424,0.083259,0.16004,0.02691,0.083259,1472.5,0.24787,1.9221,0.083259,0.017374,2.7012,1.248,0.076666,0.014087,0.075227,0.45424,0.2176,0.16247,0.18415,4.4066,0.10276,0.017374,40.241,9.0704,0.14736,0.076666,4.8082,,0.45424,0.015998,0.054536,0.13978,0.015998,43.147,40.445,1.9035,1.0752,2.7432,0.030968,0.006462,1.1434,0.52025,0.11025,1.1212,1.1212,1902.5,0.015299,0.14862,0.9847,0,135.12,9.0245,39.625,9.2113,11.829,0
0.3961,0.19446,0.40711,3.293,84.127,0,0.3961,4.1425,1.856,0.80554,0.39619,2.231,0.25991,0.3961,147.13,2.4807,5.1425,0.3961,0.21342,14.612,1.0779,0.36816,0.21342,0.94727,0.3961,2.4807,3839.9,0.98017,4.0252,-0.010413,0.21347,43.13,8.4627,7.7268,0.35346,1.856,,0.80554,0.19044,1.2146,0.014263,0.19836,72.571,57.959,5.3311,2.8745,18.049,0.28186,0.15187,3.0066,0.17754,0.11816,1.9395,1.9395,4314.2,0.19044,0.49171,0.79163,0,24.98,6.2975,34.916,10.454,4.4685,0
0.36531,0.25084,0.17342,1.6914,46.549,0,0.45126,2.9867,1.0993,0.74916,0.45718,1.799,0.43919,0.45126,189.64,1.9247,3.9867,0.45126,0.41051,28.925,1.512,0.44997,0.33232,0.8724,0.72955,1.582,76.091,0.30122,3.4064,0.09683,0.41106,141.05,2.5877,2.5877,0.45018,1.0993,,0.74916,0.40953,0.6014,0.017365,0.40933,90.782,61.857,4.1935,1.3441,48.986,0.41845,0.38066,1.6914,0.25084,0.38645,1.3012,1.3012,442.07,0.40953,0.48762,0.59232,0,12.619,5.9007,83.287,4.3824,1.9093,0
-0.032833,0.66699,0.24015,1.3909,9.4349,0.010161,-0.013333,0.49927,4.1087,0.33301,-0.013032,-0.021704,0.004045,-0.013333,14650,0.024915,1.4993,-0.013333,-0.003245,10.424,1.715,-0.044657,-0.007991,0.036272,0.31275,-0.00432,-148.31,1.6503,3.401,0.14653,-0.003172,53.037,6.8821,6.3387,-0.11921,4.1087,,0.33301,-0.029015,0.12652,-1.5118,-0.010869,69.005,58.581,-0.27981,1.1999,10.13,-0.074609,-0.018159,1.2811,0.61433,0.14531,2.2884,2.2884,604.55,-0.029015,-0.098594,1.0032,0,35.015,6.2307,54.575,6.688,28.234,0
0.32913,0.52227,0.51126,2.1136,74.632,0,0.40735,0.91471,1.8513,0.47773,0.43216,0.88727,0.22767,0.40735,452.3,0.80699,1.9147,0.40735,0.22004,31.937,1.014,0.42878,0.17779,0.44561,0.44075,0.65724,17.276,17.249,4.3351,0.010708,0.22013,99.254,3.6774,3.2326,0.16296,1.8513,,0.47773,0.088028,1.0992,0.039307,0.23161,91.821,59.884,2.0319,1.7608,35.02,0.41465,0.22398,1.858,0.4591,0.27193,16.117,16.117,11060,0.088028,0.68896,0.80827,0,11.429,6.0951,90.517,4.0324,62.458,0
0.070743,0.19814,0.35536,2.7934,34.337,0.18511,0.088728,3.2488,1.0417,0.64372,0.088728,0.4478,0.089432,0.088728,451.72,0.80802,5.0469,0.088728,0.049562,39.521,1.4774,0.09719,0.039516,0.23336,0.64372,0.71725,0.5655,0.79587,4.8338,0.017618,0.049562,42.081,8.6737,0.4905,0.09719,1.8333,,0.64372,0.054289,0.86301,0.038645,0.054289,77.986,38.464,0.36495,1.8151,41.168,0.025813,0.014419,2.7934,0.19814,0.11529,1.4417,1.4417,24236,0.039992,0.1099,0.96001,0,9.2355,9.4893,40.398,9.035,4.0095,0
0.072075,0.47944,0.037088,1.079,-15.345,0,0.09129,1.0858,2.2136,0.52056,0.094719,0.19439,0.053688,0.09129,1472.5,0.24789,2.0858,0.09129,0.04124,20.376,1.2362,0.077731,0.03256,0.24628,0.46022,0.20781,22.666,0.075183,3.955,0.20143,0.042433,80.594,4.5289,4.4361,0.086808,2.2136,104.41,0.52423,0.039215,0.077774,0.15179,0.035114,77.526,57.15,0.58323,0.81583,21.208,0.050175,0.022666,1.0569,0.46962,0.2208,1.0553,1.0627,334.34,0.039215,0.13846,0.95928,0.007049,17.913,6.3867,77.433,4.7137,4.4874,0
-0.67076,0.26888,0.44943,3.8422,5.6052,-1.1062,-0.66596,2.7192,0.66628,0.73112,-0.3362,-4.2115,-0.96143,-0.66596,-153.2,-2.3825,3.7192,-0.66596,-0.99952,125.39,1.1473,-0.34913,-1.0067,-1.113,-0.88767,-2.4003,-1.0587,1.1452,4.2777,0.40355,-0.99952,92.32,5.9606,3.5055,0.041102,0.66628,3.4192,0.84187,0.061688,1.3357,-0.027684,-0.52399,217.13,91.741,-2.9306,2.3947,88.635,-0.37451,-0.56208,2.2596,0.15813,0.16777,1.863,2.1452,3.8422,0.061688,0,1.4012,0.15148,2.911,3.9786,86.625,4.2135,1.6978,0
0.03241,0.33448,0.16281,1.7396,4.2051,0,0.040767,1.9898,0.77855,0.66552,0.062674,0.1852,0.087274,0.040767,1796.7,0.20315,2.9898,0.040767,0.052362,67.171,1.4253,0.061902,0.041628,0.14279,0.13164,0.17816,2.8257,0.26385,4.7698,0.40341,0.055424,110.91,3.291,2.1659,0.054127,0.77855,7.2037,0.69879,0.069522,0.14443,0.12516,0.079508,164.62,97.452,0.2262,1.0887,72.19,0.034721,0.044597,1.1449,0.22013,0.30386,1.0785,1.1325,9582.7,0.069522,0.048698,0.94853,0.049989,5.4339,3.7454,103.2,3.5369,1.2617,0
0.00667,0.84174,-0.21653,0.63059,-120.71,0.008837,0.00667,0.17854,1.0372,0.15029,0.00667,0.011379,0.065958,0.00667,3414.5,0.1069,1.188,0.00667,0.004889,51.412,1.0868,0.050969,0.004889,0.008837,0.15029,0.1069,0.38753,-0.34348,4.5078,0.61232,0.004889,162.67,2.2439,0.060551,0.050969,1.3757,0.69425,0.40589,0.037362,0.018472,0.20609,0.037362,95.996,44.583,0.03471,0.30276,53.327,-0.032341,-0.023707,0.4391,0.58613,0.44566,0.2384,0.64387,-6970.5,0.035894,0.044379,0.96411,1.7008,7.0994,8.1869,156.83,2.3274,2.164,0
-0.44642,1.0955,-0.32152,0.63116,-116.17,-1.6845,-0.44628,-0.087189,1.7226,-0.095517,-0.36805,-0.51195,-0.23117,-0.44628,-1004.2,-0.36349,0.91281,-0.44628,-0.25907,68.905,1.3675,-0.36901,-0.25915,-0.96771,-0.89624,-0.36362,-4.7174,-0.7148,4.3509,0.63419,-0.25774,153.78,2.3735,1.8886,-0.34644,1.7226,1.1428,0.10136,-0.20112,0.009744,-0.11378,-0.21421,114.78,45.874,-1.3728,0.2581,57.368,-0.41707,-0.24212,0.50222,0.87171,0.42131,-0.21235,0.22534,-7213.1,-0.20112,4.6737,1.2574,-2.0612,5.2971,7.9566,184.71,1.9761,3.8296,0
0.054543,0.52841,0.086076,1.2862,-36.069,0,0.055217,0.89245,1.1468,0.47159,0.097182,0.18359,0.070141,0.055217,2397.7,0.15223,1.8925,0.055217,0.048147,60.958,1.002,0.097103,0.04756,0.15829,0.46415,0.15095,2.3139,0.14038,3.8276,0.44678,0.07123,99.38,3.6728,2.0905,0.042197,1.1468,0.85795,0.69923,0.036794,0.062259,0.14399,0.08467,117.16,56.201,0.28478,0.64938,63.286,0.07188,0.062677,0.73208,0.30077,0.27227,0.76911,1.1404,578.8,0.036794,0.11566,0.95413,0.48273,5.9878,6.4945,95.724,3.8131,1.8704,0
0.088813,0.47244,-0.083476,0.74057,-41.31,0,0.11273,1.1166,1.3015,0.52756,0.14394,0.35034,0.18004,0.11273,735.91,0.49598,2.1166,0.11273,0.086612,9.5719,1.1075,0.14056,0.068237,0.3942,0.46181,0.44536,4.5031,-0.10959,4.6873,0.36007,0.08809,97.431,3.7463,2.5514,0.096113,1.3015,1.3549,0.67823,0.073846,0.032836,0.060072,0.108,63.863,54.291,2.602,0.63449,10.335,0.018965,0.014571,0.50438,0.32177,0.26693,0.69259,0.89041,-4062.8,0.073846,0.16835,0.9166,0.28562,38.132,6.723,90.236,4.045,1.7087,0
0.058005,0.20746,0.08386,1.4042,-12.255,0.13376,0.059296,3.7873,1.1038,0.78572,0.059296,0.28582,0.13329,0.059296,910.92,0.40069,4.8202,0.059296,0.095075,59.522,0.99105,0.059364,0.093006,0.13643,0.78572,0.39447,1.0507,0.11833,5.7926,0.26238,0.095075,134.02,2.7235,0.28615,0.059364,0.63293,,0.78572,0.095185,0.214,0.081982,0.095185,144.51,84.988,0.57033,0.91398,65.701,0.035532,0.056972,1.4042,0.20746,0.36718,1.1087,1.1087,52019,0.094057,0.073825,0.90594,0,6.1322,4.2947,121.41,3.0062,0.88006,0
0.000907,0.95294,0.047059,1.0494,6.3527,0,0.00112,0.049382,2.6673,0.047058,0.00112,0.001176,0.00042,0.00112,310510,0.001176,1.0494,0.00112,0.00042,0,2.2721,0.000519,0.00034,-0.055326,0.025433,0.000952,,,3.364,0.33997,0.00042,130.43,2.7985,2.7985,0.000519,2.6673,,0.047058,0.000195,0.048423,61.153,0.000195,130.53,130.53,,1.0494,0,0.000519,0.000195,1.0494,0.95294,0.35734,,,108.81,0.000195,0.019282,0.99958,0,,2.7963,130.4,2.799,,0
0.091311,0.76558,0.089386,1.1228,-62.962,-0.079968,0.091311,0.3062,2.7144,0.23442,0.11689,0.12546,0.17726,0.091311,580.78,0.62847,1.3062,0.091311,0.03364,47.445,1.529,0,0.03364,0.12769,0.058355,0.62847,0,0.48904,4.7869,0.27881,0.075181,138.55,2.6344,2.5045,0.009294,2.7144,28.585,0.25067,0.003424,0.017172,0.065463,0,108.21,60.765,0.25879,0.63804,67.167,-0.38983,-0.14362,1.0675,0.72783,0.3796,1.2825,1.3714,5472.6,0.29362,0.38951,0.71581,0.069301,7.693,6.0068,97.871,3.7294,14.85,0
-0.046704,1.1408,-0.018504,0.95613,-109.88,-0.099944,-0.032757,-0.12345,0.38005,-0.14084,0.078386,-0.07766,0.048306,-0.032757,22682,0.016092,0.87655,-0.032757,-0.08619,4.9302,0.94965,0.06796,-0.12289,0.01842,-0.14665,0.003867,0.61147,-0.03101,3.9349,2.2684,0.009529,448.42,0.81396,0.30094,0.036723,0.38005,1.1224,0.2139,0.096628,0.81621,0.31936,0.17882,56.681,51.751,-9.098,0.94396,5.4575,0.016845,0.044323,0.35351,0.4218,1.2286,-0.23603,0.35847,-159.29,0.096628,0.33161,1.0776,-2.5187,74.034,7.053,405.09,0.90102,0.63691,0
0.18717,0.05636,0.5929,66.277,,0,0.18717,16.743,0.81824,0.94364,0.20651,20.607,0.22874,0.18717,109.91,3.3209,17.743,0.18717,0.22874,42.119,1.0977,0,0.22874,0.49741,0.81095,3.3209,0,1.4896,4.0233,-0.23195,0.51654,,0,0,0.018857,0.81824,10.736,0.99092,0.023045,27.101,,0,158.73,116.61,1.9823,55.882,,0,0,10.681,0.009083,,2.3709,2.4896,6256,1,0.19834,0.024746,0.050101,8.666,3.13,4.0516,90.087,2.0558,0
0.38387,0.45333,0.30313,1.6764,66.443,0.071976,0.38387,1.2059,1.268,0.54667,0.38388,0.85657,0.3518,0.38387,370.94,0.98399,2.2059,0.38387,0.30274,42.494,0.97815,0.37062,0.30274,1.3699,0.54641,0.98399,24812,1.2187,4.4353,0.3031,0.30275,182.83,1.9964,1.9736,0.3733,1.268,,0.54667,0.2944,0.15813,0.034912,0.2923,195.86,153.37,2.6004,1.347,0.2944,0.30842,0.24324,1.6572,0.44815,0.50091,2.1979,2.1979,8259.4,0.2944,0.70219,0.70122,0,8.5894,2.3799,129,2.8294,5.0978,0
0.027487,0.027547,0.52743,20.147,133.73,0.098404,0.034268,31.562,1.0376,0.86943,0.034268,1.244,0.25798,0.034268,152.97,2.386,36.302,0.034268,0.1345,226.8,1.2598,0.018248,0.10789,0.12294,0.86943,2.1399,0.74317,1.1852,4.6975,-0.14417,0.1345,40.949,8.9135,0.66242,0.018248,0.28292,,0.86943,0.071621,12.846,0.01822,0.071621,288.1,61.305,0.17363,14.4,235.33,-0.013211,-0.051855,20.147,0.027547,0.11219,1.9537,1.9537,26284,0.03627,0.031615,0.96373,0,1.6094,5.9538,39.464,9.2489,0.57251,0
0.16193,0.25875,0.33721,2.308,75.345,0.22326,0.20424,2.1728,1.156,0.5622,0.20424,0.79224,0.20623,0.20424,364.15,1.0023,3.8648,0.20424,0.16241,34.548,1.1967,0.20968,0.12876,0.27008,0.5622,0.83881,1.9273,0.83261,4.5928,0.1421,0.16241,86.492,4.2201,0.81036,0.20968,1.3137,500.96,0.56315,0.16673,0.31829,0.032126,0.16673,148.88,114.33,1.3603,1.8463,39.936,0.15457,0.12291,2.2996,0.2578,0.23696,1.3882,1.3905,13203,0.13491,0.28802,0.86509,0.00169,10.565,3.1925,74.823,4.8782,3.1052,0
0.087037,0.24722,0.55505,3.2452,45.854,0,0.087037,3.045,2.9254,0.75278,0.087037,0.35207,0.043423,0.087037,710.32,0.51385,4.045,0.087037,0.029752,28.386,1.3791,0,0.029752,0.19727,0.73818,0.51385,,2.807,3.5346,0.047433,0.066482,34.843,10.476,10.476,0.049238,2.9254,,0.75278,0.016831,0.44987,0.20604,0,86.221,57.834,0.38255,2.3249,32.066,-0.039995,-0.013672,3.2452,0.24722,0.095459,3.807,3.807,1900.9,0.11474,0.11562,0.88772,0,12.858,6.3111,30.845,11.834,14.795,0
0.067404,0.56842,0.16656,1.6022,-15.023,0.003396,0.084243,0.75927,0.96857,0.43158,0.11149,0.30459,0.13056,0.084243,1640.7,0.22246,1.7593,0.084243,0.086977,60.011,1.5433,0.10921,0.069591,0.17764,0.40453,0.19284,4.0085,0.29912,4.4731,0.54972,0.10889,117.32,3.137,1.5264,0.10807,0.96857,1.1126,0.68675,0.11157,0.27999,0.12513,0.11275,137.81,77.802,0.42327,1.0265,66.992,0.067001,0.069175,0.77961,0.27658,0.31877,0.77503,1.2333,1.6022,0.11157,0.15618,0.91396,0.59125,6.0822,4.6914,104.23,3.5019,1.7394,0
0.042134,0.41442,0.16336,1.419,55.097,0.13631,0.056652,1.413,1.0547,0.58558,0.056652,0.1453,0.08567,0.056652,2262.8,0.1613,2.413,0.056652,0.072604,17.759,1.1892,0.053115,0.053998,0.17664,0.58558,0.12627,0.71795,0.36567,4.6609,0.52988,0.072604,192.36,1.8975,0.12817,0.053115,0.80219,20.999,0.61012,0.068071,0.037684,0.21521,0.068071,251.92,234.16,1.1098,1.3216,18.73,0.04292,0.055005,1.335,0.38988,0.527,1.3107,1.3657,7483,0.051872,0.071953,0.94813,0.041904,20.553,1.5587,182.38,2.0013,1.7466,0
-0.027993,0.86778,0.11651,1.1343,-117.24,0,-0.027993,0.15237,1.5548,0.13222,0.027655,-0.032276,-0.010408,-0.027993,-19573,-0.018648,1.1524,-0.027993,-0.018005,142.69,1.1973,0.027553,-0.018005,-0.077514,0.11675,-0.018648,0.49513,7.2032,3.5094,0.55706,-0.007644,205.46,1.7765,1.7756,0.013981,1.5548,,0.13222,0.008992,0.009549,0.73482,0.017722,229.02,86.324,-0.046055,0.43351,143.99,0.015742,0.010125,1.1337,0.86732,0.5629,8.1746,8.1746,376.53,0.008992,-0.21172,1.0178,0,2.5579,4.2283,203.61,1.7926,96.126,0
-0.13329,0.84543,0.16392,5.1832,88.622,-0.75665,-0.15702,0.09113,0.9956,0.077044,-0.15702,-4.007,-0.1544,-0.15702,-4838,-0.075444,1.1828,-0.15702,-0.38008,73.111,1.0438,-0.068923,-0.32265,-0.79514,0.077044,-0.04738,-1.6611,0.2057,4.9187,1.9577,-0.38008,34.47,10.589,-0.081524,-0.068923,0.43898,0.14929,0.88329,-0.16684,0.98674,1.1434,-0.16684,145.29,72.181,-1.6108,3.0716,72.789,-0.16216,-0.39253,0.24024,0.039186,0.094438,0.096681,1.1084,13593,-0.00442,-1.73,1.0044,10.465,4.9924,5.0567,34.622,10.542,0.5184,0
0.031329,0.49604,0.12152,1.3116,-17.347,0.2357,0.031329,1.0159,2.2009,0.50396,0.052966,0.080324,0.032178,0.031329,2556.6,0.14277,2.0159,0.031329,0.014235,3.115,1.1334,0.045316,0.014235,0.081465,0.45322,0.14277,2.0944,0.24879,3.5725,0.22539,0.024066,65.731,5.5529,4.3662,0.035007,2.2009,7.7666,0.5674,0.015906,0.52609,0.19497,0.02059,50.808,47.693,1.668,1.2634,3.1654,0.005826,0.002647,1.0313,0.39004,0.18009,1.0318,1.1617,454.12,0.015906,0.062167,0.98592,0.1259,117.17,7.6531,64.686,5.6426,4.5059,0
-0.012733,0.79402,-0.002797,0.99624,-200.38,0.007361,-0.009925,0.19667,1.0368,0.15616,-0.009925,-0.013339,0.005631,-0.009925,57045,0.006399,1.2594,-0.009925,-0.011001,36.733,1.8032,0.025764,-0.014113,0.020239,0.15616,0.002862,0.29609,-0.010808,5.1193,0.87991,-0.011001,312.1,1.1695,0.032448,0.025764,0.94233,13.012,0.20615,0.028557,0.51415,0.64031,0.028557,145.12,108.38,-0.14024,0.87421,38.086,0.010759,0.011925,0.93352,0.74403,0.85507,0.60349,0.79667,-368.1,0.03553,-0.081537,0.96447,0.32009,9.9366,3.3677,301.01,1.2126,3.4866,0
0.31465,0.27199,0.54959,3.2524,52.157,0.002394,0.38908,2.6766,2.6867,0.72801,0.39182,1.5946,0.15179,0.38908,243.43,1.4994,3.6766,0.38908,0.14482,29.218,1.2809,0.37476,0.11711,0.61993,0.72216,1.2257,137.11,2.6626,4.7,0.097745,0.14583,38.664,9.4402,8.4687,0.38332,2.6867,101.74,0.7337,0.14267,0.052821,0.023041,0.13948,106.06,76.842,1.463,2.371,34.08,0.35602,0.13251,2.9177,0.244,0.10593,3.527,3.5545,27547,0.14267,0.4322,0.85644,0.00781,12.492,4.75,33.148,11.011,13.016,0
0.093201,0.90588,0.006192,1.008,-654.26,-0.41946,0.096272,0.10394,0.033845,0.094155,0.13344,0.12488,4.0005,0.096272,2442,0.14947,1.1039,0.096272,2.8445,1643.5,,0.13344,2.7538,0.096272,-0.10399,0.14608,3.59,0.027735,3.2082,26.211,2.8445,3221.5,0.16124,0.13722,-0.053492,0.25775,6.7597,0.18657,-1.5805,0.035486,0.17498,3.9427,8085.4,6441.9,0.61157,0.23317,447.49,0.094316,2.7867,0.85783,0.7709,6.2017,0.42173,0.83567,10,-1.5807,0.98987,0.48227,0.98152,0.22209,0.05666,8313.7,0.043904,0.1516,1
0.1597,0.38561,0.69181,4.2156,60.189,0,0.18177,1.5933,3.06,0.61439,0.19589,0.8449,0.075684,0.18177,607.74,0.60059,2.5933,0.18177,0.059404,23.619,1.0563,0.16757,0.052191,0.1339,0.44165,0.54335,11.868,7.4353,3.105,0.038142,0.060869,26.411,13.82,7.7106,0.086712,3.06,4.1589,0.78486,0.028337,1.2732,0.059127,0.054762,75.51,51.89,0.80653,3.2952,24.308,0.11775,0.038482,2.352,0.21514,0.072359,6.6032,8.4353,881.08,0.028337,0.25994,0.94265,0.27745,15.453,7.0341,25.663,14.223,32.887,0
0.002135,0.41694,0.042219,1.1013,-60.443,-0.16273,0.002135,1.3478,1.0122,0.56197,0.002135,0.00512,0.020405,0.002135,5775.8,0.063195,2.3984,0.002135,0.001653,69.565,1.2745,0.020063,0.001653,-0.16273,0.56197,0.063195,0.15727,0.078062,4.1645,0.30431,0.001653,119.29,3.0597,0.048119,0.020063,1.3012,,0.56197,0.015537,0.072539,0.30959,0.015537,121.24,51.677,0.008675,0.51101,70.413,-0.004151,-0.003215,1.1013,0.41694,0.32683,1.0391,1.0391,616.65,0.01204,0.003799,0.98796,0,5.2469,7.063,117.86,3.097,2.3875,0
0.15648,0.1043,0.47901,6.2899,100.44,0,0.15648,8.588,1.4454,0.8957,0.16575,1.7281,0.14332,0.15648,183.76,1.9863,9.588,0.15648,0.10826,8.0712,1.1952,0.15806,0.10826,0.5372,0.84071,1.9863,17.04,1.1128,3.8814,0.072156,0.11159,25.25,14.455,12.55,0.13649,1.4454,39.108,0.90945,0.094428,1.0599,0.016655,0.10935,119.59,111.52,4.8956,5.937,8.9128,0.10737,0.074282,5.4609,0.09055,0.069178,2.0809,2.1128,3645.2,0.094428,0.1747,0.89472,0.015347,45.222,3.2731,22.866,15.963,3.358,0
0.003064,0.16419,0.71814,5.3739,-117.29,0,0.003064,5.0906,1.391,0.83581,0.007362,0.018661,0.41847,0.003064,102.95,3.5453,6.0906,0.003064,0.002203,133.89,0.6833,0,0.002203,0.22334,0.65027,3.5453,0,6.1029,3.5097,-0.024718,0.006799,,0,0,0.002737,1.391,,0.83581,0.001968,1.3266,0.009452,0,174.36,40.477,0.006005,2.2662,,-0.57904,-0.41626,5.3739,0.16419,,7.1029,7.1029,2322.3,1,0.003666,0.016819,0,2.7262,9.0174,43.082,8.4723,11.821,0
-0.087808,0.30246,0.015459,1.0511,-1.8843,-0.14,-0.087808,2.3062,0.98137,0.69754,-0.087808,-0.29031,0.053354,-0.087808,759.46,0.4806,3.3062,-0.087808,-0.032229,3.0882,0.72163,-0.083398,-0.032229,-0.097828,0.69754,0.4806,-0.3004,0.022664,4.6522,0.022593,-0.032229,39.765,9.1789,-0.27573,-0.083398,2.7267,,0.69754,-0.03061,0.81539,0.066393,-0.03061,9.5514,6.4632,-3.8092,0.9749,3.0306,-0.31657,-0.11619,1.0511,0.30246,0.10895,1.0227,1.0227,694.09,-0.018987,-0.12588,1.019,0,118.19,56.473,40.52,9.0078,3.9944,0
0.10097,0.35502,0.11907,1.3731,-11.704,0.22085,0.12534,1.7239,1.0803,0.612,0.12534,0.39278,0.097697,0.12534,687.34,0.53103,2.8167,0.12534,0.064952,32.967,1.2934,0.13411,0.052322,0.27473,0.612,0.46239,0.75077,0.21194,5.5653,0.18266,0.064952,65.207,5.5976,0.37775,0.13411,1.9429,7.3487,0.64791,0.069495,0.010461,0.059159,0.069495,82.249,49.282,0.57929,0.82695,35.615,0.070919,0.036751,1.2342,0.31911,0.17865,1.0893,1.1532,43758,0.074349,0.16498,0.92565,0.058675,11.072,7.4064,60.358,6.0472,3.4348,0
0.12261,0.38413,0.36316,2.5086,25.522,0,0.15396,1.6033,1.8907,0.61587,0.16558,0.63956,0.086205,0.15396,860.23,0.4243,2.6033,0.15396,0.081429,45.182,1.2488,0.15664,0.064851,0.41397,0.6023,0.3427,13.48,0.9168,3.8675,0.18586,0.083978,50.169,7.2754,4.5594,0.1393,1.8907,2.5844,0.75898,0.073677,0.1592,0.077289,0.082847,109.18,64,0.52389,1.5364,48.776,0.14761,0.078071,1.5721,0.24073,0.13745,1.5548,1.9161,2676.5,0.073677,0.19909,0.91972,0.23237,8.0784,5.7031,46.472,7.8541,4.7731,0
0.01616,0.74946,0.18775,9.6068,344.48,0.018637,0.020121,0.3343,0.21853,0.25054,0.020503,0.92243,0.13843,0.020121,9042.4,0.040366,1.3343,0.020121,0.092076,11.595,1.01,0.020452,0.073949,0.068103,0.12374,0.03508,53.669,0.23752,4.0112,3.1905,0.092277,39.993,9.1265,0.26564,0.019449,0.21853,0.38013,0.78356,0.089001,2.3942,0.81685,0.09359,262.79,251.19,2.3278,9.2886,12.728,0.010322,0.047232,0.27962,0.021814,0.10957,0.31697,0.9913,1926.3,0.089001,0.064501,0.90846,2.1274,31.478,1.4531,36.434,10.018,0.27647,0
0.088676,0.035016,0.79191,,119.16,0.27111,0.11033,27.378,1.0891,0.95867,0.11033,,0.098666,0.11033,89.728,4.0678,28.559,0.11033,0.076422,91.769,0.93398,0.1032,0.061425,0.33735,0.95867,3.4495,0.77852,3.8057,4.0687,-0.12591,0.076422,0,,2.9471,0.1032,1.4515,12.25,0.99368,0.071483,,0.008508,0.071483,145.21,53.436,0.24431,,99.946,0.071085,0.04924,22.616,0,0,4.607,4.7753,9275.5,0.081809,0.092499,0.91819,0.036525,3.9774,6.8306,0,,6.9376,0
0.30662,0.27767,0.36385,3.5377,124.96,0,0.37805,2.6015,1.0747,0.72233,0.38539,2.6368,0.37911,0.37805,248.75,1.4673,3.6015,0.37805,0.35177,42.784,1.5387,0.3708,0.28531,0.67712,0.71542,1.2101,50.472,0.73836,4.558,0.061744,0.35861,73.576,4.9609,2.5616,0.36344,1.0747,9.2871,0.76339,0.33818,1.4821,0.023128,0.34502,100.1,57.314,2.434,2.6591,64.646,0.34141,0.31768,1.8267,0.14337,0.20158,1.4658,1.5492,13148,0.33818,0.42449,0.65543,0.056832,8.5312,6.3684,48.694,7.4957,2.1809,0
0.035807,0.25733,0.10943,20.496,331.09,0,0.044213,2.8861,0.14627,0.74267,0.063614,7.8768,0.41525,0.044213,1546.4,0.23604,3.8861,0.044213,0.30227,0,1.0212,0.028285,0.2448,0.16776,0.39222,0.20337,1.458,0.12366,3.6113,1.4437,0.30227,17.364,21.02,0.4585,0.028285,0.14627,0.45705,0.99439,0.19337,11.096,0.19142,0.19337,131.66,131.66,,20.496,0,0.011759,0.080391,0.44708,0.005613,0.047574,0.83922,1.1237,447.17,0.19337,0.048214,0.75654,0.33893,,2.7722,14.007,26.059,0.16529,0
-1.2065,1.1401,-0.18329,0.82914,-35.874,0,-1.2065,-0.12288,7.1279,-0.1401,-1.2065,-1.1247,-0.14462,-1.2065,-403.68,-0.90418,0.87712,-1.2065,-0.16926,13.242,0.79622,0,-0.16926,-0.47793,-0.16011,-0.90418,,-1.6573,2.3976,0.15946,-0.33852,74.342,4.9098,4.6195,0.039972,7.1279,,-0.1401,0.005608,0.064284,0.21641,0,42.013,28.771,-4.6654,0.58806,17.922,-0.17561,-0.024636,0.78012,1.0727,0.20368,-1.2668,-1.2668,-45.789,0.26111,8.6117,0.73918,0,27.564,12.686,54.93,6.6448,64.453,0
-0.16535,1.1253,-0.62273,0.37938,-138.25,-0.32678,-0.15235,-0.11132,2.0985,-0.12527,-0.10012,-0.15183,-0.025253,-0.15235,-7750.4,-0.047094,0.88868,-0.15235,-0.072601,31.73,0.90905,-0.10028,-0.078794,-0.44202,-0.49212,-0.058643,-1.9201,-1.0055,3.8282,0.53607,-0.061849,166.62,2.1907,1.9534,-0.099626,2.0985,,-0.12527,-0.047475,0.001155,-40.537,-0.047788,66.011,34.281,-0.90639,0.19757,30.292,-0.19964,-0.095136,0.33829,1.0034,0.45649,-0.20226,-0.20226,-4192.8,-0.047476,1.3199,1.0715,0,11.503,10.647,174.53,2.0914,3.3883,0
-0.019016,0.96672,-0.13326,0.85999,-72.151,-0.15889,-0.042231,0.03379,0.87906,0.032665,-0.042231,-0.044371,-0.006724,-0.042231,-23239,-0.015707,1.0344,-0.042231,-0.018702,60.424,0.89285,0.022712,-0.008421,-0.17343,0.032665,0.008307,0.088415,-0.73423,4.4097,0.41873,-0.018702,135.24,2.699,0.023494,0.022712,2.6032,29.742,0.047617,0.010058,0.024707,0.63873,0.010058,128.5,68.078,-0.05087,0.46722,53.116,-0.004335,-0.00192,0.84669,0.95177,0.37051,0.17998,0.26236,-3423.1,-0.13758,-0.58216,1.1376,0.45772,6.0406,5.3615,153.84,2.3725,12.442,0
0.086466,0.87138,-0.23927,0.72453,-20.122,-0.49597,0.086466,0.14761,7.2965,0.12862,0.19576,0.099547,0.023077,0.086466,1888.9,0.19324,1.1476,0.086466,0.01185,3.5744,0.99304,0.19575,0.01185,,-0.40406,0.19324,1.791,-0.64548,1.9725,0.087992,0.013074,42.94,8.5003,8.4731,-0.086732,7.2965,,0.12862,-0.011887,0.37616,0.10461,0.026828,15.137,11.562,1.2101,0.64226,3.5324,0.11383,0.015601,0.72221,0.86859,0.11764,0.34699,0.34699,-22.459,-0.011885,0.67224,0.98859,0,102.11,31.569,43.45,8.4005,19.684,0
0.15218,0.40628,0.49238,2.2119,38.358,-0.003158,0.20443,1.4614,4.5627,0.59372,0.33252,0.50317,0.061025,0.20443,532.59,0.68533,2.4614,0.20443,0.044805,0,1.3115,0.19517,0.033354,0.36796,0.54611,0.55673,1.5237,4.8587,3.0212,-0.004594,0.045106,33.495,10.897,10.897,0.13538,4.5627,,0.59372,0.029671,1.1218,0.050312,0.042775,35.429,35.429,,2.2119,0,0.12116,0.026555,2.2119,0.40628,0.091768,5.8587,5.8587,517.05,0.029671,0.25632,0.95705,0,,10.302,32.501,11.23,45.023,0
0.084285,0.030962,0.001065,1.0344,-31.112,0.27624,0.10404,31.295,2.5501,0.96895,0.10404,3.3603,0.63663,0.10404,93.564,3.9011,32.297,0.10404,0.54837,10.666,0.98975,0.11549,0.44424,0.33775,0.96895,3.263,15.522,0.0011,4.3193,0.048847,0.54837,151.9,2.4029,3.7299,0.11549,0.19135,,0.96895,0.60869,0.71694,0.007698,0.60869,18.909,8.243,15.202,0.85533,27.199,0.098741,0.52043,1.0344,0.030962,0.41616,1.001,1.001,22.21,0.60786,0.086986,0.39214,0,34.221,44.28,59.565,6.1277,0.19601,0
0.049637,0.6545,0.12402,1.3423,-18.068,0,0.062608,0.52788,1.5178,0.3455,0.10393,0.17278,0.084205,0.062608,1869.2,0.19527,1.5279,0.062608,0.041249,45.098,0.85953,0.10338,0.032703,0.15763,0.25543,0.17546,2.5017,0.24146,4.3614,0.41662,0.058191,94.34,3.869,2.142,0.11587,1.5178,1.5327,0.54047,0.076339,0.071001,0.12942,0.06811,110.78,65.678,0.26469,0.82472,48.825,0.038179,0.025154,0.74312,0.36235,0.25847,0.67266,1.0523,2850.3,0.076339,0.14367,0.95925,0.56432,8.0936,5.5574,87.139,4.1887,2.9551,0
0.0299,0.16412,0.72425,5.7391,-12.374,-0.41495,0.036877,5.0931,1.5581,0.83588,0.042193,0.2413,0.041151,0.036877,934.25,0.39069,6.0931,0.036877,0.023667,180.32,1.229,0.042193,0.01919,0.13223,-0.38505,0.34818,7.9375,5.8919,3.4786,0.10533,0.025373,35.663,10.235,9.5304,-0.00598,1.5581,9.5,0.84718,-0.003838,0.047826,0.078788,0.027079,203.75,23.425,0.038843,0.70217,179.63,0.01495,0.009595,5.3441,0.15282,0.097706,6.8,6.8919,2180,-0.003838,0.035771,0.97705,0.013514,2.0242,15.581,35.8,10.196,12.676,0
0.011244,0.59415,-0.17931,0.61056,-125.07,0.025259,0.010383,0.22919,1.0078,0.13617,0.010383,0.02255,0.052896,0.010383,4091.9,0.089202,1.6831,0.010383,0.010362,54.622,0.96682,0.029879,0.011222,0.022257,0.13617,0.090651,0.30055,-0.24942,4.6044,0.59272,0.010362,169.04,2.1592,0.050289,0.029879,1.0278,0.98095,0.2699,0.029821,0.003509,0.26945,0.029821,101.82,47.198,0.074988,0.28491,55.05,-0.012737,-0.012712,0.47314,0.46043,0.46313,0.18942,0.37544,-7210.2,0.00777,0.08257,0.99223,0.98202,6.6823,7.7334,167.73,2.1761,1.3938,0
0.66058,0.24453,0.58493,3.4336,80.303,0,0.66058,3.0895,3.1323,0.75547,0.66062,2.7484,0.23516,0.66058,121.17,3.0123,4.0895,0.66058,0.21089,5.9457,1.3735,0.66046,0.21089,1.5854,0.66058,3.0123,17401,3.3479,3.2781,0.048537,0.21091,35.62,10.247,10.072,0.66936,3.1323,,0.75547,0.2137,0.39094,0.011068,0.21085,85.219,79.274,12.947,3.2213,7.5616,0.58444,0.18659,3.375,0.24036,0.097589,4.324,4.324,1109.6,0.2137,0.8744,0.78941,0,61.389,4.6043,28.008,13.032,17.928,0
0.15167,0.2699,0.42954,2.8072,41.661,0.37657,0.19163,2.7048,1.0752,0.73004,0.19163,0.80623,0.11171,0.19163,386.92,0.94334,3.7051,0.19163,0.084079,30.077,1.0784,0.19058,0.066547,0.47719,0.73004,0.79529,0.89909,1.2908,4.0755,0.049409,0.084079,40.929,8.918,0.7061,0.19058,2.3283,14.883,0.76225,0.083617,0.67739,0.034996,0.083617,81.069,50.992,0.80759,2.017,32.34,0.1276,0.055986,2.4721,0.23769,0.11213,2.1938,2.2906,5111.4,0.069975,0.20776,0.93002,0.044126,12.136,7.158,38.065,9.589,6.849,0
-0.048958,0.27934,0.61413,4.513,12.164,0,-0.054336,2.5798,2.6672,0.72066,-0.037595,-0.31082,0.022678,-0.054336,1685.7,0.21653,3.5798,-0.054336,-0.020372,71.232,0.95618,-0.047465,-0.018355,-0.0154,0.40732,0.23579,-2.8353,2.9098,3.1572,0.10086,-0.019691,23.533,15.51,9.7064,-0.044173,2.6672,,0.72066,-0.016561,0.092686,0.13824,-0.017795,105.75,34.514,-0.094054,1.5354,70.071,-0.16229,-0.060845,2.8243,0.17482,0.064474,3.4146,3.4146,881.99,-0.016561,-0.067935,1.0203,0,5.1241,10.575,23.923,15.257,12.638,0
0.16703,0.36583,0.38524,2.0531,82.374,0.39351,0.2094,1.3474,1.0905,0.49291,0.2094,0.5724,0.10599,0.2094,530.33,0.68826,2.7335,0.2094,0.088145,23.348,1.0495,0.21321,0.07031,0.49866,0.49291,0.57244,0.97872,1.5475,5.8672,0.040396,0.088145,61.293,5.955,0.58283,0.21321,2.4103,,0.49291,0.08975,0.039236,0.047055,0.08975,113.19,89.842,1.0992,1.6377,25.461,0.17083,0.07191,2.0531,0.36583,0.16793,1.9801,1.9801,283750,0.082982,0.33887,0.91702,0,15.633,4.0627,56.207,6.4939,9.5433,0
-0.11378,1.0603,-0.16048,0.84274,-23.801,-0.043583,-0.11502,-0.064607,0.97384,-0.068505,-0.11502,-0.11272,0.003479,-0.11502,25158,0.014508,0.9431,-0.11502,-0.026015,9.3825,1.2036,-0.087515,-0.025735,-0.034632,-0.068505,0.015678,-0.19276,-1.1462,4.0536,0.23911,-0.026015,82.039,4.4491,-0.082535,-0.087515,4.4778,18.721,-0.028638,-0.019794,0.020122,0.81277,-0.019794,69.3,59.918,-1.0011,0.73137,9.1371,-0.21792,-0.049288,0.81106,1.0205,0.22477,-0.48929,-0.20454,-1815.6,-0.026864,1.6609,1.0269,-0.58196,38.902,6.0917,84.243,4.3327,31.579,0
0.1775,0.16731,0.37283,3.2418,43.638,-0.014993,0.22064,4.9771,2.1811,0.83269,0.22522,1.3267,0.11399,0.22064,245.61,1.4861,5.9771,0.22064,0.10116,22.263,1.3727,0.22162,0.081381,0.2943,0.2994,1.2283,48.408,0.80897,3.5119,-0.032086,0.10266,30.613,11.923,11.852,0.19818,2.1811,,0.83269,0.090863,1.4438,0.022342,0.10161,50.04,27.777,1.3343,2.4419,24.488,0.19362,0.088772,3.2225,0.16631,0.083871,1.8068,1.8068,1211.9,0.090863,0.21316,0.90098,0,16.395,13.14,27.831,13.115,4.7326,0
0.7983,0,1,,126.54,-1.0581,0.90144,,3.7459,1,0.90144,,0.24065,0.90144,0,,,0.90144,0.24065,0,2.3584,0.90144,0.21312,0.35879,-0.24021,,,,1.6624,-0.20556,0.24065,0,,,0.90122,3.7463,,1,0.24059,,0,0.24065,22.41,22.41,,,0,0.90144,0.24065,,0,0,,,45.96,0.24059,0.7983,0.75938,0,,16.288,0,,,1
0.023968,0.36217,0.40037,2.379,-77.048,0,0.023968,1.7611,0.96961,0.63783,0.02941,0.082552,0.18458,0.023968,738.65,0.49415,2.7611,0.023968,0.02472,189.42,1.1472,0,0.02472,0.066731,0.61208,0.49415,0,1.2945,3.8967,0.34871,0.052589,164.58,2.2178,1.7779,0.056826,0.96961,29.568,0.64417,0.058607,0.089135,0.077888,0,250.27,60.85,0.047633,0.64587,285.23,-0.155,-0.15986,1.9071,0.29034,0.4509,2.0622,2.0827,3156.4,0.3359,0.037578,0.66155,0.009943,1.9269,5.9984,109.3,3.3395,3.135,0
-0.018087,0.62071,0.36342,1.5995,23.044,-0.66497,-0.018087,0.61107,2.5821,0.37929,0.019372,-0.029835,-0.003032,-0.018087,-28942,-0.012611,1.6111,-0.018087,-0.007005,27.792,1.023,0.015817,-0.007005,0.068026,0.18446,-0.012611,0.42226,11.971,4.7933,0.22851,-0.000876,86.601,4.2147,4.1164,0.027046,2.5821,244.49,0.38246,0.010474,0.057065,0.79345,0.006126,132.18,104.38,-0.091993,1.2752,28.086,0.005559,0.002153,1.5622,0.60622,0.23726,12.494,12.598,22582,0.010474,-0.047685,1.007,0.008336,13.133,3.4967,85.694,4.2594,85.054,0
0.045638,0.60127,0.2284,1.412,13.554,0.051836,0.045638,0.66314,3.1168,0.39873,0.050518,0.082324,0.34313,0.045638,205.2,1.7787,1.6631,0.045638,0.014642,29.152,0.85328,0,0.014642,0.21671,0.36103,1.7787,0,1.0514,4.3779,0.16186,0.032566,710.22,0.51393,0.47384,0.007266,3.1168,33.844,0.4145,0.002331,0.18774,0.019575,0,79.479,50.326,0.18333,0.96295,318.93,-1.0239,-0.32849,1.3019,0.55437,1.9458,1.8355,1.9081,5452.4,0.90859,0.11446,0.0989,0.039559,12.52,7.2527,64.919,5.6223,14.348,0
-0.19797,0.30788,0.77057,10.712,15.989,-0.22395,-0.19797,2.248,5.1316,0.69211,-0.070808,-2.4952,-0.03072,-0.19797,-712.84,-0.51204,3.248,-0.19797,-0.038578,38.492,0.98078,-0.073836,-0.038578,-0.16031,-0.015265,-0.51204,-0.58066,5.1345,1.8493,0.049302,-0.038578,5.5632,65.61,16.907,-0.073807,5.1316,1.3509,0.92065,-0.014383,0.69169,-0.30621,-0.014388,56.549,18.057,-0.36581,3.8914,37.946,-0.11416,-0.022246,2.7605,0.079339,0.015242,4.6117,6.1345,54.467,-0.014383,-0.28603,1.0386,0.33021,9.4825,20.214,5.6432,64.68,34.193,0
0.008,0.48575,0.12521,1.2988,-48.312,0,0.010387,1.0587,1.4166,0.51425,0.05261,0.02479,0.028008,0.010387,4468.6,0.081682,2.0587,0.010387,0.007332,76.797,1.1638,0.052515,0.005647,0.14817,0.22638,0.076769,1.2437,0.27469,4.4216,0.34209,0.014604,113.18,3.225,2.7817,0.065395,1.4166,5.2751,0.56091,0.046163,0.013591,0.19793,0.037071,138.75,61.951,0.026841,0.58745,80.514,0.023225,0.016395,1.1203,0.41898,0.31008,1.1282,1.2306,3305.5,0.046163,0.015557,0.99273,0.090732,4.7528,5.8918,107.95,3.3811,3.1079,0
0.16382,0.20033,0.55697,3.7839,75.218,0.35478,0.20435,3.5856,1.199,0.71833,0.20435,1.0214,0.19208,0.20435,306.72,1.19,4.9917,0.20435,0.16464,79.204,1.4217,0.18972,0.13198,0.44233,0.71833,0.98772,1.8327,2.2924,4.9649,0.085003,0.16464,70.542,5.1742,0.94704,0.18972,1.2651,1849.1,0.71859,0.15286,0.86613,0.029432,0.15286,171.67,92.463,0.60823,2.4377,94.962,0.15567,0.12542,3.7789,0.20007,0.19327,2.9565,2.9576,51377,0.16594,0.22805,0.83406,0.000367,4.6084,3.9475,58.836,6.2037,5.1085,0
0.13568,0.61699,-0.2165,0.64729,-91.553,0.38425,0.072137,0.60791,1.0518,0.37507,0.072137,0.11752,0.065165,0.072137,2302,0.15856,1.6208,0.072137,0.048052,33.388,1.0768,0.076328,0.090379,0.3319,0.37507,0.26154,0.53476,-0.35923,4.7075,0.39307,0.048052,156.97,2.3253,0.12371,0.076328,1.5225,82.089,0.37824,0.050844,0.048107,0.19883,0.050844,89.422,56.035,0.98804,0.42357,35.116,0.050638,0.033731,0.64396,0.61382,0.43005,0.62234,0.6276,-11040,0.049226,0.36174,0.95077,0.008444,10.932,6.5138,149.24,2.4457,2.4909,0
0.86509,1.4785,-0.66687,0.54896,-60.043,-1.5601,0.86509,-0.32364,4.9903,-0.47851,0.86509,0.58511,0.17336,0.86509,623.81,0.58511,0.67636,0.86509,0.17336,24.116,,1.2321,0.17336,1.6696,-0.69491,0.58511,3.3574,-3.5404,2.3637,0.21643,0.1742,111.33,4.0566,4.0566,-0.92768,7.2335,,-0.47851,-0.1859,0.27206,0.040001,0.2469,29.944,5.828,2.6238,0.49507,20.065,1.2321,0.2469,0.54896,1.4785,0.24651,-2.5404,-2.5404,-154.08,0.028621,-1.8079,0.68167,0,15.135,62.629,108.14,3.3752,26.494,1
0.001663,0.76303,0.19953,1.2615,-4.665,0,0.0039,0.31056,1.8894,0.23697,0.010868,0.005111,0.005796,0.0039,25432,0.014352,1.3106,0.0039,0.002064,40.405,2.5405,0.010362,0.00088,0.040666,0.21948,0.01142,1.4869,5.3293,3.4563,0.39474,0.005752,148.22,2.4626,2.4626,0.010362,1.8894,,0.23697,0.005484,0.041737,1.4607,0.005484,179.8,139.39,0.007949,0.98738,0.005484,0.00331,0.001752,1.2615,0.76303,0.40608,6.3293,6.3293,570.57,0.005484,0.007016,0.99794,0,9.0336,2.6185,147.4,2.4762,50.465,0
-0.073499,1.2068,-0.29342,0.75687,-172.04,-0.23983,-0.073499,-0.17139,0.9639,-0.20683,-0.073499,-0.060902,-0.02366,-0.073499,-9440.1,-0.038665,0.82861,-0.073499,-0.037267,122.74,1.1814,-0.067412,-0.037267,-0.23983,-0.20683,-0.038665,-0.32947,-3.3888,4.3466,0.59928,-0.037267,215.29,1.6954,-0.055858,-0.067412,1.9862,,-0.20683,-0.034181,0.027623,-0.97786,-0.034181,162.88,40.143,-0.11083,0.20735,118.3,-0.094249,-0.047789,0.75687,1.2068,0.58983,-2.3888,-2.3888,-6517.8,-0.037456,0.35535,1.0375,0,2.9739,9.0926,223.35,1.6342,22.777,0
0.88974,1.6361,-0.63614,0.6112,-66.562,-5.5428,0.88974,-0.38883,4.3314,-0.63617,0.89093,0.54381,0.20542,0.88974,671.19,0.54381,0.6112,0.88974,0.20542,0,1.3419,0.8909,0.20542,2.0241,-2.4955,0.54381,748.69,,1.4296,0.35474,0.20542,173.57,2.1028,2.1028,0.8909,4.3314,,-0.63617,0.20568,0.060888,0.061217,0.20568,75.873,75.873,,0.6112,0,0.8909,0.20568,0.6112,1.6361,0.47555,,,-17.107,0.20568,-1.3986,0.79458,0,,4.8107,137.87,2.6474,,0
-0.12397,0.2591,0.12841,1.5045,11.432,-1.7148,-0.12397,2.8596,2.4488,0.7409,-0.10238,-0.48706,0.01288,-0.12397,2998.3,0.12174,3.8596,-0.12397,-0.050627,6.3066,0.70493,-0.10241,-0.050627,-0.17289,0.14534,0.12174,-4.7431,0.20811,2.6282,0.094845,-0.050567,36.783,9.9232,9.7485,-0.077025,2.4488,,0.7409,-0.031455,0.14801,0.16263,-0.04182,51.465,45.158,-2.9301,1.3383,6.1143,-0.25792,-0.10533,1.478,0.25454,0.10077,1.2007,1.2007,54.551,-0.031455,-0.16733,1.0505,0,57.876,8.0827,37.94,9.6206,3.9685,0
0.054474,0.41355,0.094801,1.2342,-55.793,0,0.055444,1.4181,1.0806,0.58645,0.068101,0.13698,0.081104,0.055444,1722.3,0.21193,2.4181,0.055444,0.051307,80.166,1.1023,0.045327,0.05041,-0.18022,0.52784,0.20959,3.581,0.18943,3.9644,0.38074,0.060923,139.6,2.6146,2.5589,0.02238,1.0806,41.223,0.59281,0.020711,0.04591,0.17781,0.041946,162.46,82.29,0.22952,0.64783,81.861,0.013128,0.012148,1.208,0.40475,0.38247,1.1719,1.1846,873.38,0.020711,0.092887,0.95088,0.010846,4.5531,4.4355,136.71,2.6699,2.1593,0
0.099094,0.36524,0.15242,1.946,-23.964,0.11806,0.10291,1.5854,1.1389,0.57905,0.10291,0.63874,0.15424,0.10291,909.6,0.40128,2.7379,0.10291,0.1083,69.799,1.9171,0.12015,0.10429,0.12945,0.57905,0.39083,1.4401,0.22203,4.8973,0.32582,0.1083,70.484,5.1785,0.32896,0.12015,0.95855,0.64579,0.78317,0.12644,0.49025,0.073308,0.12644,90.095,20.295,0.54534,0.81819,79.494,0.076496,0.080505,0.85842,0.16111,0.19311,0.84351,1.1409,12032,0.12196,0.17113,0.87804,0.35252,5.2293,17.984,61.888,5.8977,1.3842,0
0.028041,0.50706,0.27578,1.5791,-40.619,0.002247,0.028041,0.97214,2.2851,0.49294,0.082659,0.058881,0.012271,0.028041,6600.3,0.0553,1.9721,0.028041,0.012271,25.001,1.2749,0.10236,0.012271,0.19221,0.41269,0.0553,1.8741,1.1121,4.1168,0.20233,0.018401,85.724,4.6011,4.3213,0.11367,2.2987,20.954,0.52136,0.049745,0.86348,0.16512,0.044794,54.435,29.433,0.17915,1.2504,26.073,0,0,1.4831,0.47623,0.23486,1.9877,2.1023,3608.6,0.11265,0.056885,0.97697,0.057651,14.599,12.401,76.067,4.7984,9.2146,0
0.22965,0.2482,0.35543,2.4583,52.587,0,0.22965,3.029,1.1407,0.7518,0.22965,0.94222,0.20237,0.22965,392.43,0.93011,4.029,0.22965,0.20132,64.161,0.85735,0,0.20132,0.76471,0.64966,0.93011,,0.88672,4.8939,0.16324,0.40264,116.1,3.1439,3.0873,0.003986,1.1407,,0.7518,0.003495,0.43137,6.8865,0,158.07,93.912,1.1453,1.6356,95.516,-0.001201,-0.001053,2.414,0.24373,0.31808,1.8756,1.8756,27838,0.32827,0.30547,0.70785,0,5.6888,3.8866,77.988,4.6802,2.8459,0
0.053802,0.82263,0.035727,1.0727,-41.176,0,0.053802,0.21561,1.525,0.17737,0.11095,0.10948,0.082209,0.053802,2395.1,0.1524,1.2156,0.053802,0.035281,44.838,1.1883,0.11084,0.035281,0.10415,0.044695,0.1524,1.9395,0.075559,4.2167,0.51769,0.05706,123.24,2.9617,1.7693,0.069484,1.525,1.2974,0.4393,0.045564,0.081093,0.15033,0.072684,116.64,71.801,0.2872,0.69151,46.978,0.039276,0.025755,0.64083,0.49144,0.33765,0.37512,0.92909,588.44,0.045564,0.30334,0.96567,1.4768,8.1404,5.0835,117.63,3.1031,3.2252,0
0.10233,0.20878,0.49072,3.5066,236.79,0.392,0.12133,3.7755,1.1613,0.78827,0.12133,0.61977,0.22343,0.12133,411.69,0.8866,4.7897,0.12133,0.14645,24.688,0.92229,0.11078,0.12351,0.46821,0.78827,0.79556,1.5529,1.5653,4.8747,-0.30525,0.14645,100.17,3.6439,0.53061,0.11078,0.85344,48.455,0.80128,0.13372,2.3961,0.039323,0.13372,95.784,71.096,1.8261,3.2204,28.671,0.04701,0.056743,3.2881,0.19577,0.27443,2.5143,2.5558,36772,0.13892,0.12981,0.86108,0.016506,14.785,5.1339,86.252,4.2318,2.6426,0
0.033012,0.61639,0.18035,1.351,-23.749,0,0.041514,0.62236,0.73211,0.38361,0.074501,0.080788,0.089127,0.041514,3447.9,0.10586,1.6224,0.041514,0.056704,107.16,2.1714,0.064241,0.045091,0.062343,0.13866,0.092067,1.9474,0.58979,4.4945,0.75046,0.07996,284.56,1.2827,1.0693,0.072992,0.73211,6.4239,0.45822,0.099701,0.1446,0.23354,0.087748,309.06,201.91,0.15359,0.93271,119.02,0.040504,0.055325,1.1263,0.51386,0.77962,1.2545,1.4985,5632,0.099701,0.086055,0.94429,0.19449,3.4063,1.8078,256.19,1.4247,2.3942,0
0.044607,0.77276,-0.12216,0.76915,-17.136,0.10262,0.044607,0.28787,1.0183,0.22246,0.044607,0.084299,0.024967,0.044607,2855.2,0.12784,1.2941,0.044607,0.011274,5.0025,1.1564,0.067141,0.011274,0.10262,0.22246,0.12784,0.17281,-0.206,4.289,0.18999,0.011274,49.711,7.3425,0.086885,0.067141,3.9616,1.4481,0.46606,0.016969,0.051038,0.20941,0.016969,35.054,30.052,0.82259,0.66667,5.0943,0.012962,0.003276,0.52668,0.52916,0.13619,0.37514,0.78594,-2376.1,0.018019,0.20052,0.98198,1.0951,72.963,12.146,48.815,7.4772,6.6722,0
0.10657,0.64406,0.073383,1.2519,-79.196,0,0.10657,0.55266,1.1477,0.35594,0.10721,0.36584,0.11428,0.10657,1792.3,0.20365,1.5527,0.10657,0.092854,57.43,1.23,0.001336,0.092854,0.11169,0.35356,0.20365,2.0811,0.11551,4.3329,0.54998,0.20434,158.07,2.3092,1.0444,0.15784,1.1477,0.68006,0.62665,0.13752,0.16546,0.8281,0.001164,100.65,43.219,0.59014,0.63199,97.99,-0.023253,-0.02026,0.56623,0.2913,0.43306,0.56026,0.98636,1579.3,0.41392,0.2994,0.60399,0.76054,6.3556,8.4453,92.64,3.94,1.8065,0
0.024733,0.54326,0.1834,1.8501,-37.72,0.070536,0.024733,0.58053,1.0201,0.31538,0.024733,0.11464,0.13899,0.024733,2273.1,0.16057,1.8407,0.024733,0.039409,130.8,0.98137,0.038613,0.039409,0.070536,0.31538,0.16057,0.62764,0.30523,4.4867,0.83622,0.039409,128,2.8516,0.071076,0.038613,0.66541,0.53199,0.6429,0.061525,0.1616,0.17664,0.061525,211.86,81.059,0.10997,0.80764,133.43,-0.023887,-0.038061,0.73471,0.21574,0.35067,0.52488,1.07,5624.5,0.019749,0.078423,0.98025,1.0385,2.7906,4.5029,125.47,2.9091,1.0445,0
0.076635,0.11244,0.51791,5.6145,50.283,0,0.076635,7.8936,2.6567,0.88756,0.076635,0.6828,0.057753,0.076635,267.48,1.3646,8.8936,0.076635,0.028846,25.664,1.1093,0,0.028846,0.30638,0.87522,1.3646,,1.4003,3.6075,-0.033392,0.066908,17.959,20.324,20.287,0.012306,2.6567,,0.88756,0.004632,1.9992,0.048803,0,55.747,30.083,0.41025,3.9501,29.889,-0.076798,-0.028907,5.6043,0.11224,0.049202,2.3998,2.3998,2097.8,0.14138,0.086344,0.86381,0,14.222,12.133,15.42,23.671,7.1832,0
0.10104,0.67624,0.13054,1.195,-18.735,0,0.124,0.47877,2.7409,0.32376,0.19981,0.18523,0.062613,0.124,1438.3,0.25378,1.4788,0.124,0.04524,34.121,1.0237,0.19365,0.036865,0.49879,0.19751,0.21984,2.5543,0.6526,3.8988,0.20121,0.04524,93.071,3.9217,3.8822,0.11558,2.7409,,0.32376,0.04217,0.199,0.093429,0.070651,88.79,54.669,0.39436,0.81226,35.623,0.14603,0.053278,1.183,0.66943,0.25499,1.6185,1.6185,1034,0.04217,0.31209,0.95625,0,10.697,6.6765,89.146,4.0944,13.702,0
0.15864,0.39587,0.18181,1.5775,16.745,0.33754,0.15953,1.4776,1.1422,0.58494,0.15953,0.50675,0.13716,0.15953,646.92,0.56421,2.5261,0.15953,0.097963,25.859,1.2533,0.20242,0.097415,0.33978,0.58494,0.56196,1.4198,0.36119,5.8049,0.22212,0.097963,80.594,4.5289,0.51132,0.20242,1.6682,4.7031,0.666,0.1243,0.11829,0.048884,0.1243,102.96,77.105,1.375,1.211,29.537,0.13859,0.085106,1.2545,0.31481,0.22081,1.162,1.3231,116020,0.1245,0.27121,0.8755,0.13858,14.115,4.7338,70.56,5.1729,3.2351,0
0.070309,0.46533,0.14836,1.9733,42,0.096596,0.070309,1.149,1.0955,0.53467,0.074603,0.46126,0.11298,0.070309,1372.3,0.26598,2.149,0.070309,0.064178,9.5685,1.211,0.074176,0.064178,0.22376,0.16691,0.26598,17.275,0.21218,3.8567,0.31537,0.068046,53.708,6.7961,2.2262,0.059612,1.0955,1.7925,0.68645,0.054414,0.8191,0.12153,0.067708,58.616,49.047,2.4482,1.7849,10.119,0.020716,0.01891,0.6464,0.15243,0.14714,0.76467,0.98175,1066.5,0.054414,0.1315,0.93673,0.28388,38.146,7.4418,50.785,7.1871,1.5668,0
-0.045386,0.10193,0.25861,3.5373,49.832,0.008168,-0.044949,8.773,0.99479,0.8942,-0.044949,-0.44099,0.033072,-0.044949,878.89,0.4153,9.811,-0.044949,-0.035119,23.862,0.92914,-0.044532,-0.03546,0.041516,0.8942,0.411,-0.34612,0.40443,4.1725,-0.009014,-0.035119,28.916,12.623,-0.4369,-0.044532,1.2882,,0.8942,-0.034793,1.2007,0.078393,-0.034793,67.916,44.053,-0.5424,2.7163,23.738,-0.13181,-0.10298,3.5373,0.10193,0.079221,1.3984,1.3984,3847.2,-0.005235,-0.050756,1.0052,0,15.296,8.2854,29.067,12.557,2.0016,0
-0.097916,0.38566,0.10055,1.2782,-28.461,-0.058104,-0.10019,1.5165,0.90814,0.58487,-0.10019,-0.27719,-0.037817,-0.10019,-3349.8,-0.10896,2.5929,-0.10019,-0.09016,58.847,0.87511,-0.089754,-0.088116,-0.063001,0.58487,-0.10307,-0.73352,0.18689,4.3372,0.34014,-0.09016,107.82,3.3854,-0.23273,-0.089754,1.1553,11.675,0.60909,-0.080772,0.058739,-0.40138,-0.080772,144.78,85.929,-0.54654,0.78252,53.442,-0.14792,-0.13312,1.1979,0.36144,0.29539,1.0871,1.1321,2185.8,-0.10115,-0.16741,1.1011,0.041421,6.2025,4.2477,118.72,3.0744,2.0654,0
0.14505,0.24192,0.55232,3.9073,87.92,0,0.14505,3.1336,1.8025,0.75808,0.15389,0.76353,0.080473,0.14505,608.75,0.59959,4.1336,0.14505,0.080473,31.536,0.98143,0.19058,0.080473,0.36961,0.4385,0.59959,21.557,2.1433,4.8197,0.081885,0.084873,65.123,8.5297,6.6983,0.21237,1.8126,137.41,0.76235,0.11782,0.50088,0.042313,0.10573,131.04,99.507,0.93139,3.0875,35.08,0,0,3.0684,0.18998,0.17842,2.9417,2.9583,36463,0.40928,0.19134,0.89887,0.005631,11.574,3.6681,38.469,9.4881,6.9947,0
-0.23187,0.52602,-0.31601,0.30925,-46.156,-0.23187,-0.23192,0.80051,0.93524,0.42109,-0.23192,-0.50695,-0.066353,-0.23192,-1051.8,-0.34703,1.9011,-0.23192,-0.084302,7.1142,0.91543,-0.1884,-0.084282,-0.23192,0.42109,-0.34692,,-0.3681,4.8596,0.19,-0.084302,56.766,6.4299,-0.35816,-0.1884,2.7676,1.2821,0.48962,-0.068482,0.009845,-0.1244,-0.068482,18.173,11.059,-4.3241,0.19205,6.6535,-0.23778,-0.086431,0.26896,0.45749,0.15552,0.49049,0.57031,-22872,-0.069245,-0.55064,1.0692,0.16275,51.306,33.005,60.697,6.0135,3.2046,1
-0.36586,0.65181,0.34819,1.5342,-15.934,0,-0.36586,0.53417,6.8715,0.34818,-0.36586,-0.5613,-0.053243,-0.36586,-650.28,-0.5613,1.5342,-0.36586,-0.053243,31.075,0.5386,0,-0.053243,-0.32397,-0.36416,-0.5613,,,1.8463,0.083115,-0.10649,39.865,9.1558,9.1558,0.000028,6.8715,,0.34818,0.000004,0.16568,,0,47.381,16.307,-0.62538,0.63666,35.78,0,0,1.5342,0.65181,0.10922,,,24.44,0.13151,-1.0508,0.86849,0,11.746,22.384,34.622,10.542,,0
0.085232,0.41149,0.29309,1.7214,34.79,0.23937,0.10781,1.3331,1.0482,0.54857,0.10781,0.26535,0.073287,0.10781,1222.1,0.29867,2.4302,0.10781,0.064288,4.4156,1.2872,0.10867,0.050824,0.30615,0.54857,0.24381,0.67919,0.97496,4.7425,0.14996,0.064288,92.689,3.9379,0.26408,0.10867,1.7372,130.47,0.55378,0.064798,0.68832,0.10931,0.064798,91.354,86.938,4.2012,1.6715,4.6283,0.093574,0.055799,1.6996,0.40629,0.25394,1.8248,1.8421,16201,0.045957,0.15537,0.95404,0.009488,82.661,4.1984,88.429,4.1276,5.5785,0
0.003043,0.89743,0.01197,1.0133,-6.9349,0,0.003842,0.11429,4.6427,0.10257,0.12505,0.004281,0.008625,0.003842,8180.2,0.04462,1.1143,0.003842,0.000828,7.2504,1.2018,0.12024,0.000655,0.26422,0.077114,0.04373,0.99198,0.13212,3.2932,0.17892,0.000828,72.389,5.0422,5.0422,0.11768,4.6427,,0.10257,0.025346,0.081307,0.19122,0.025898,65.759,58.508,0.032993,0.91057,7.4389,0.084035,0.0181,1.0133,0.89743,0.19833,1.1321,1.1321,23.513,0.025346,0.029665,0.99918,0,50.342,6.2384,70.554,5.1733,51.245,0
0.13856,0.15931,0.71233,5.4714,114.98,0,0.17199,5.2772,1.3326,0.84069,0.20939,1.0796,0.14122,0.17199,308.99,1.1813,6.2772,0.17199,0.12907,93.592,1.0922,0.16693,0.10398,0.59994,0.8358,0.97143,4.4636,5.5494,4.0091,-0.11816,0.12909,49.621,7.3558,7.3558,0.16073,1.3326,,0.84069,0.12062,1.9981,0.028998,0.12527,151.56,57.968,0.40551,3.3266,106.43,0.15074,0.11312,5.4714,0.15931,0.13595,6.5494,6.5494,7273.5,0.12062,0.16482,0.8765,0,3.8999,6.2966,43.636,8.3647,10.381,0
0.005236,0.45751,-0.009158,0.9716,-103.49,0.014908,0.004735,0.35707,1.0456,0.16336,0.004735,0.014685,0.058719,0.004735,4146.5,0.088026,2.1858,0.004735,0.006904,89.545,1.2734,0.034838,0.007634,0.010422,0.16336,0.08912,0.53113,-0.013336,5.6749,0.61245,0.006904,179.44,2.0341,0.076147,0.034838,0.70281,1.074,0.29841,0.050795,0.11905,0.21373,0.050795,146.31,56.762,0.031118,0.44981,93.631,-0.000699,-0.00102,0.6848,0.32246,0.49162,0.23789,0.43456,-4331.8,0.043635,0.032051,0.95636,0.82667,4.0762,6.4303,171.61,2.1269,0.99876,0
0.037907,1.0613,-0.46682,0.56015,-199.72,-0.39782,0.051487,-0.057788,1.2073,-0.061332,0.21154,0.048512,0.091502,0.051487,3506.8,0.10408,0.94221,0.051487,0.042648,61.003,1.3315,0.017011,0.031399,-0.11573,-0.27289,0.091289,0.10628,-1.1513,3.6141,0.8787,0.053244,306.42,1.1912,1.1912,-0.056959,1.2073,,-0.061332,-0.04718,0.000505,0.46555,0.01409,179.58,118.58,0.18787,0.37004,58.254,-0.04197,-0.034764,0.56015,1.0613,0.83951,-0.15125,-0.15125,-1919.8,-0.04718,-0.61806,0.96541,0,5.9833,3.0782,320.88,1.1375,2.9773,0
0.076269,0.26588,0.17227,1.6479,6.0892,0.26587,0.095958,2.5931,1.0774,0.68945,0.095958,0.36091,0.090861,0.095958,709.84,0.5142,3.7611,0.095958,0.063774,35.148,0.99339,0.097223,0.050688,0.32965,0.68945,0.44015,0.69615,0.30661,6.1698,0.14081,0.063774,69.488,5.2527,0.36567,0.097223,1.5198,,0.68945,0.064614,0.21986,0.063351,0.064614,92.106,56.958,0.52638,1.103,0.064614,0.056465,0.037527,1.6479,0.26588,0.19038,1.2271,1.2271,254700,0.071829,0.11062,0.92817,0,10.385,6.4082,64.497,5.6592,2.678,0
0.017654,0.22265,0.39249,4.1591,113.16,0,0.017654,3.4913,1.0569,0.77735,0.025583,0.1421,0.023611,0.017654,3256.7,0.11208,4.4913,0.017654,0.016704,42.569,1.0541,0.000384,0.016704,0.24781,0.65106,0.11208,0.04838,0.81214,5.2966,0.20833,0.04819,52.54,6.9471,3.8765,0.050618,1.0569,,0.77735,0.047894,0.02155,0.96584,0.000363,177.53,134.96,0.14322,3.167,52.127,-0.006917,-0.006545,2.3208,0.12424,0.14394,1.6085,1.6085,77695,0.18335,0.022711,0.82876,0,8.5743,2.7045,42.907,8.5069,2.1869,0
0.095075,0.33804,0.36748,2.3086,75.906,-0.001945,0.11813,1.9582,0.99621,0.66196,0.13971,0.42064,0.14326,0.11813,864.54,0.42219,2.9582,0.11813,0.11858,67.099,0.91365,0.13971,0.095437,0.19132,0.54449,0.354,6.4743,1.0449,3.1062,0.1469,0.1361,119.75,3.0479,2.5321,0.14027,0.99621,11.392,0.70279,0.1408,0.71485,0.068584,0.14024,163.98,96.88,0.51915,1.6564,78.095,0.11512,0.11555,1.9178,0.28083,0.32809,1.8822,1.9983,469.23,0.1408,0.14363,0.8815,0.061686,5.4397,3.7675,102.89,3.5474,2.8326,0
0.009576,0.30338,0.35654,2.3179,42.803,0.080101,0.013632,1.9589,1.0067,0.5943,0.013632,0.050391,0.035869,0.013632,1349.3,0.27051,3.2962,0.013632,0.005958,13.066,1.1696,0.010172,0.004186,0.10685,0.5943,0.25714,0.044755,0.95606,4.8635,0.051611,0.005958,43.447,8.4011,0.033528,0.010172,2.3207,16.595,0.62715,0.004446,0.73135,0.12689,0.004446,68.475,55.409,0.11692,2.0152,13.153,-0.058262,-0.025465,2.0669,0.27053,0.11903,1.5936,1.6817,26040,0.006628,0.016113,0.99337,0.055277,27.935,6.5874,43.159,8.4572,6.135,0
0.055417,0.32489,0.44329,2.3698,17.698,0.322,0.072937,1.9935,1.0287,0.64766,0.072937,0.22538,0.034638,0.072937,1054.2,0.34624,3.0779,0.072937,0.022458,31.683,1.0218,0.085884,0.017064,0.42141,0.64766,0.29232,0.27205,1.9017,4.9399,0.093735,0.022458,37.416,9.7551,0.26435,0.085884,3.2562,380.2,0.64893,0.026445,0.088405,0.085152,0.026445,82.977,51.294,0.19658,1.4987,32.594,0.046329,0.014265,2.3605,0.32362,0.10251,2.7785,2.784,38600,0.027936,0.085566,0.97206,0.00197,11.52,7.1159,36.371,10.035,13.933,0
0.11477,0.36829,0.48666,2.4825,48.87,0.5642,0.11477,1.7152,1.2945,0.63171,0.12121,0.34963,0.13085,0.11477,793.62,0.45992,2.7152,0.11477,0.088661,105.48,1.1121,0,0.088661,0.4475,0.62563,0.45992,0,2.6294,4.2163,0.19811,0.17732,138.76,2.6305,2.3446,0.010178,1.2945,,0.63171,0.007863,0.3492,0.22478,0,197.46,91.985,0.30681,1.343,158.12,-0.054615,-0.042192,2.2127,0.32826,0.38016,3.4131,3.4131,8008.6,0.33293,0.18168,0.68069,0,3.4605,3.968,92.56,3.9434,6.9939,0
0.13043,0.46354,0.36247,1.7819,47.945,0,0.16169,1.1573,2.886,0.53646,0.16185,0.34881,0.060529,0.16169,968.54,0.37685,2.1573,0.16169,0.056024,0,1.1877,0.16176,0.045194,0.48381,0.13043,0.30943,996,2.0833,2.0904,0.031007,0.05608,61.87,5.8994,5.8994,0.1514,2.886,,0.53646,0.052459,0.80695,0.088414,0.056049,57.159,57.159,,1.7819,0,0.14876,0.051545,1.7819,0.46354,0.16951,3.0833,3.0833,44.636,0.052459,0.24314,0.94418,0,,6.3857,58.625,6.226,16.587,0
0.18568,0.36833,0.47651,2.2937,76.107,0,0.23073,1.715,2.0932,0.63167,0.23485,0.62643,0.12079,0.23073,531.73,0.68644,2.715,0.23073,0.11023,14.979,1.3781,0.2346,0.088704,0.54392,0.62747,0.56413,56.959,3.071,4.0754,0.17287,0.11216,71.949,5.073,5.073,0.22468,2.0932,,0.63167,0.10734,0.018257,0.047828,0.11207,146.14,131.16,2.1614,2.0605,16.78,0.21249,0.10151,2.2937,0.36833,0.19712,4.071,4.071,5669,0.10734,0.29395,0.89034,0,24.367,2.7828,64.226,5.683,13.49,0
0.049366,0.77871,0.18437,1.239,11.385,0,0.049366,0.28417,2.2752,0.22129,0.09477,0.064,0.9,0.049366,138.81,2.6295,1.2842,0.049366,0.021698,38.172,1.8458,0,0.021698,0.12358,0.20421,2.6295,0,4.1624,3.4666,0.3248,0.048645,,0,0,0.00748,2.2752,,0.22129,0.003288,0.064,0.01299,0,145.4,107.23,0.20747,0.93055,,-1.9983,-0.8783,1.2273,0.77134,,4.996,4.996,539.81,1,0.22308,0.021774,0,9.5621,3.4039,123.74,2.9496,51.366,0
0.028829,0.65815,0.08642,1.2421,3.6725,-0.00787,0.028829,0.51941,1.802,0.34185,0.047169,0.08077,0.060537,0.028829,2202.1,0.16575,1.5194,0.028829,0.015998,13.523,1.403,0.046717,0.015998,-0.063884,0.020959,0.16575,2.5473,0.15525,3.9952,0.25672,0.021552,74.177,4.9206,2.6686,0.045729,1.802,1.2502,0.64307,0.025376,0.55498,0.17277,0.025925,49.677,36.154,0.4318,1.0551,13.875,-0.033544,-0.018614,0.67363,0.35693,0.20323,0.61412,1.1552,854.79,0.025376,0.084332,0.98402,0.88115,26.991,10.096,72.295,5.0488,3.2373,0
0.11827,0.43033,0.41653,1.9879,9.6319,0.29152,0.14822,1.1917,1.1015,0.51284,0.14822,0.35152,0.085396,0.14822,919.32,0.39703,2.3238,0.14822,0.074081,66.486,1.0621,0.1738,0.059113,0.36808,0.51284,0.32744,0.95688,2.5741,4.9929,0.20179,0.074081,84.733,4.3077,0.40387,0.1738,2.0516,54.557,0.52153,0.086868,0.072806,0.072022,0.086868,147.31,80.825,0.32453,1.1235,73.236,0.15116,0.075552,1.9477,0.42165,0.23214,3.1693,3.2229,40977,0.092174,0.23062,0.90783,0.016932,5.4899,4.5159,76.922,4.745,12.364,0
0.28385,0.067804,0.89637,14.22,105.03,0.27933,0.35258,13.748,3.3732,0.93219,0.35258,5.2,0.14049,0.35258,52.222,6.9893,14.748,0.35258,0.10452,3.0119,1.9941,0.35258,0.084148,1.5098,0.56318,5.9757,,25.022,2.1405,-0.13801,0.10452,8.2181,44.414,44.414,0.36174,3.3732,,0.93219,0.10724,8.2392,0.004769,0.10452,43.88,40.868,10.198,13.81,3.3737,0.23125,0.068556,14.22,0.067804,0.022515,26.022,26.022,123.89,0.10724,0.3045,0.89548,0,121.19,8.9312,7.3368,49.749,94.163,0
0.29728,0.54258,0.43161,1.7955,4.2512,0,0.33773,0.84305,6.7606,0.45742,0.39087,0.62245,0.051097,0.33773,573.3,0.63667,1.843,0.33773,0.049956,19.1,1.1737,0.36797,0.043973,0.51504,0.33851,0.56212,6.9242,16.725,2.4019,0.049036,0.050687,30.552,11.947,11.947,0.27838,6.7606,,0.45742,0.041177,0.39157,0.048141,0.05443,41.126,22.026,0.84033,1.1435,19.92,0.36026,0.053289,1.7955,0.54258,0.083703,17.725,17.725,108.9,0.041177,0.64991,0.95087,0,19.11,16.571,29.294,12.46,261.97,0
0.19736,0.42913,0.19601,1.527,-13.194,0,0.19736,1.3303,4.7963,0.57087,0.30882,0.53062,0.067539,0.19736,483.53,0.75487,2.3303,0.19736,0.041148,25.56,1.3025,0,0.041148,0.4724,0.50137,0.75487,0,0.45366,4.5334,0.065221,0.094616,34.418,10.605,9.1915,0.007255,4.7963,,0.57087,0.001513,0.31286,0.11301,0,34.365,8.8052,0.5876,0.62395,31.081,-0.12658,-0.026391,1.3235,0.37194,0.094295,1.3213,1.3213,6693.4,0.17762,0.34572,0.84593,0,14.28,41.453,28.305,12.895,11.101,0
0.11418,0.55042,0.44958,1.8168,72.594,0.28726,0.14094,0.81679,2.3704,0.44958,0.14094,0.25606,0.059458,0.14094,1425.5,0.25606,1.8168,0.14094,0.059458,0,1.1895,0.14094,0.048169,0.22153,0.40137,0.20745,,,1.095,0.013729,0.059458,90.112,4.0505,4.0505,0.14094,2.3704,,0.44958,0.059458,0.94088,0.13018,0.059458,74.237,74.237,,1.8168,0,0.14094,0.059458,1.8168,0.55042,0.24688,,,5.595,0.059458,0.25398,0.94054,0,,4.9167,84.754,4.3066,,0
-0.35515,1.2957,-1.1977,0.075599,-249.31,-0.04526,-0.35515,-0.22866,1.5154,-0.29627,-0.25996,-0.27411,-0.2037,-0.35515,-1532,-0.23826,0.7718,-0.35515,-0.23436,0,,-0.25996,-0.23436,-0.35515,-0.3404,-0.23826,-2.731,-1.3278,3.0542,0.85388,-0.17154,266.18,1.3738,1.3738,-0.26112,1.5199,,-0.29627,-0.17231,0.003488,-0.20228,-0.17154,22.504,22.504,,0.003488,0,-0.30642,-0.2022,0.075599,1.2957,0.72789,-0.32844,-0.32844,-1357,-0.17239,1.1988,1.1711,0,,16.22,312.07,1.1696,1.68,1
-0.022923,0.041173,0.87637,22.285,83.04,0,-0.022923,23.286,1.416,0.95877,-0.022627,-0.55674,0.033539,-0.022923,316.46,1.1534,24.288,-0.022923,-0.016189,142.92,0.74791,-0.023916,-0.016189,0.032928,0.31131,1.1534,-80.804,10.606,3.2769,-0.18673,-0.016189,10.377,35.458,35.458,-0.032489,1.4376,,0.95877,-0.022945,7.4562,0.029518,-0.016891,157.38,14.464,-0.041344,20.922,139.74,-0.094329,-0.066618,22.285,0.041173,0.028431,11.604,11.604,1658.1,-0.02277,-0.023908,1.0156,0,2.5539,25.235,10.613,34.39,17.137,1
0.039065,0.66565,-0.26587,0.60058,-73.816,0.29188,0.039065,0.50228,1.0298,0.33435,0.039065,0.058686,0.030824,0.039065,3757.6,0.097137,1.5023,0.039065,0.018622,23.19,1.0916,0.060577,0.018622,0.29188,0.33435,0.097137,0.2974,-0.44296,4.9785,0.31721,0.018622,119.28,3.06,0.091004,0.060577,2.1035,,0.33435,0.028878,0.020271,0.25396,0.028878,67.214,44.024,0.29311,0.40037,23.882,0.034982,0.016676,0.60058,0.66565,0.32679,0.55704,0.55704,-25303,0.028979,0.11684,0.97102,0,15.74,8.2909,115.82,3.1514,3.4949,0
0.12508,0.42201,0.17605,1.7834,-1.8888,0,0.15454,1.3696,1.5462,0.57799,0.17088,0.68766,0.11787,0.15454,845.2,0.43185,2.3696,0.15454,0.099948,42.402,1.1371,0.16397,0.080893,0.26409,0.56133,0.36204,10.035,0.29381,3.8372,0.25981,0.10892,58.468,6.2586,3.3329,0.14324,1.5774,1.2683,0.75236,0.092637,0.10662,0.073391,0.10604,88.955,46.552,0.69633,0.98411,46.613,0.13626,0.088125,0.9497,0.22473,0.15978,0.96458,1.2556,1210.1,0.092637,0.2164,0.90203,0.3017,8.608,7.8407,53.051,6.8801,2.5804,0
-0.02872,0.46467,0.19597,1.5438,18.318,0,-0.02872,1.1521,2.3691,0.53533,-0.015124,-0.079703,0.007428,-0.02872,9638.2,0.03787,2.1521,-0.02872,-0.012123,10.38,1.2389,-0.015675,-0.012123,,0.42993,0.03787,-1.1529,0.44167,3.6304,0.19425,-0.006384,54.954,6.6419,5.1506,-0.024237,2.3691,7.015,0.60503,-0.010231,0.037851,0.50548,-0.006617,83.607,73.227,-0.42628,1.3569,10.275,-0.061992,-0.026167,1.1972,0.36033,0.15056,1.2065,1.3636,836.68,-0.010231,-0.053649,1.0121,0.1302,35.164,4.9845,55.516,6.5746,5.3394,0
0.086154,0.76732,0.062688,1.0817,-80.233,0.07249,0.10849,0.30324,2.0006,0.23268,0.11982,0.14139,0.058677,0.10849,2385.9,0.15298,1.3032,0.10849,0.054229,85.518,1.0498,0.1182,0.043065,0.32195,0.2284,0.12388,10.434,0.36877,4.0674,0.36313,0.055278,150.38,2.4271,2.4271,0.13819,2.0006,,0.23268,0.069074,0.062418,0.20125,0.059081,142.69,57.177,0.18381,0.47084,91.863,0.1093,0.054632,1.0817,0.76732,0.41201,1.3688,1.3688,732.18,0.069074,0.37027,0.94598,0,4.2681,6.3837,140,2.6072,11.769,0
0.005475,0.21617,0.055379,1.2562,-31.507,0.022466,0.005475,3.626,0.9182,0.78383,0.005475,0.02533,0.059173,0.005475,2199.8,0.16592,4.626,0.005475,0.009033,66.418,1.2275,0.004882,0.009033,0.022466,0.78383,0.16592,0.073953,0.076023,4.682,0.3562,0.009033,119.52,3.0538,0.022584,0.004882,0.68337,,0.78383,0.008054,0.002113,0.20148,0.008054,163.24,96.824,0.049642,0.74594,60.985,-0.02551,-0.042086,1.2562,0.21617,0.32746,1.076,1.076,2663.2,-0.089083,0.006985,1.0891,0,5.4955,3.7697,130.17,2.804,0.8321,0
0.24049,0.15576,0.44611,4.5028,12.696,0.51571,0.24049,5.4203,1.0722,0.84424,0.24049,1.8883,0.094393,0.24049,175.83,2.0758,6.4203,0.24049,0.070211,34.767,1.3848,0.23827,0.070211,0.51571,0.84424,2.0758,0.74583,1.0459,4.4315,0.026044,0.070211,14.551,25.085,1.5298,0.23827,3.456,8.7052,0.87264,0.069563,0.60175,0.015947,0.069563,52.943,18.175,0.7371,1.941,37.276,0.15544,0.045381,3.6819,0.12736,0.039865,1.9793,2.0459,12049,0.067308,0.28486,0.93269,0.033636,10.498,20.082,13.571,26.895,8.0306,0
0.28812,0.15457,0.76361,5.9402,225.51,0,0.3558,5.4696,1.6364,0.84543,0.35657,2.3019,0.27562,0.3558,125.09,2.9178,6.4696,0.3558,0.21744,0,0.69593,0.35311,0.17607,2.5875,0.72962,2.4799,460.6,9.3323,2.6443,-0.046486,0.21744,43.915,8.3115,8.3115,0.35165,1.6364,,0.84543,0.2149,1.6118,0.011493,0.21579,149.24,149.24,,5.9402,0,0.25791,0.15761,5.9402,0.15457,0.12032,10.332,10.332,336.66,0.2149,0.34079,0.7836,0,,2.4458,34.478,10.587,19.998,0
0.15416,0.19042,0.69048,5.5689,76.412,0,0.19055,4.2517,1.6311,0.80958,0.19585,1.2609,0.13732,0.19055,310.31,1.1763,5.2517,0.19055,0.11683,81.447,1.0142,0.19042,0.094517,0.35248,0.45356,0.98516,35.928,4.3593,3.9058,0.031576,0.1182,44.147,10.173,8.0737,0.38157,1.7332,24.827,0.82882,0.23394,0.96753,0.028355,0.11675,155.61,74.168,0.42357,3.1606,86.411,0.157,0.096254,4.4198,0.15113,0.098302,5.1112,5.2327,5558.3,0.23394,0.19042,0.89006,0.023764,4.4814,4.9213,33.819,10.793,10.298,0
0.006548,0.63082,-0.26359,0.46817,-170.14,0.005027,0.009514,0.58523,0.75419,0.36918,0.046025,0.019196,0.021128,0.009514,14450,0.02526,1.5852,0.009514,0.012615,8.0292,1.1478,-0.006499,0.008682,-0.091831,0.17082,0.020558,-0.17799,-0.34324,5.8644,0.83642,0.012615,294.46,1.2447,0.97795,0.13982,0.75419,1.5937,0.50437,0.18539,0.014421,-269.99,-0.008617,108.84,100.81,0.39466,0.4347,9.8158,-0.012919,-0.01713,0.36784,0.49563,0.80341,0.48073,0.65676,0.46817,0.18539,0,0.80416,0.36619,45.459,3.6206,239.87,1.5217,0.98207,0
0.091115,0.43706,0.1591,2.2079,17.2,0,0.091115,1.288,1.7796,0.56294,0.099924,0.69175,0.09436,0.091115,949.97,0.38422,2.288,0.091115,0.051199,15.642,1.2375,0.09786,0.051199,0.27329,0.091115,0.38422,11.109,0.22434,3.9175,0.18837,0.05577,27.91,13.078,3.9413,0.05708,1.7796,1.3323,0.72398,0.032074,0.80496,0.083406,0.054988,37.9,22.258,1.1947,1.6289,16.16,0.021048,0.011827,0.6654,0.13172,0.076465,0.79379,1.0209,1315.7,0.032074,0.16186,0.95005,0.28606,23.335,16.398,27.015,13.511,2.5094,0
-0.13141,0.82954,0.12236,1.8743,15.477,0,-0.13141,0.20548,0.6777,0.17046,-0.054112,-0.93897,0.034616,-0.13141,12907,0.02828,1.2055,-0.13141,-0.1939,48.484,1.0074,-0.054204,-0.1939,-0.19244,-0.13141,0.02828,-0.70127,0.16587,3.431,1.2169,-0.095059,69.442,5.2562,0.88675,-0.057898,0.6777,0.25315,0.85102,-0.085433,0.08734,0.2747,-0.079983,134.69,86.208,-1.4597,1.2311,44.667,-0.20907,-0.3085,0.31621,0.13995,0.19025,0.23107,1.1536,330.12,-0.085433,-0.77092,1.191,3.9926,7.5283,4.2339,75.374,4.8425,0.91868,0
-0.040485,0.82816,0.090195,1.1565,-37.42,-0.012689,-0.048814,0.20535,1.0268,0.17007,-0.048814,-0.084689,0.011604,-0.048814,17189,0.021234,1.2075,-0.048814,-0.032212,56.774,1.1862,0.036547,-0.026715,-0.007492,0.17007,0.031292,0.24764,0.27052,4.8626,0.51315,-0.032212,142.56,2.5604,0.04413,0.036547,1.5189,1.7115,0.42183,0.024117,0.089374,0.26448,0.024117,148.15,91.374,-0.17175,0.74754,58.298,-0.029853,-0.0197,0.80491,0.5764,0.39057,0.51008,1.2652,6572.6,0.026139,-0.23805,0.97386,1.4804,6.429,3.9946,138.83,2.6291,4.5452,0
0.057092,0.37347,0.18122,1.522,-20.734,0.002268,0.081277,1.6776,1.2265,0.62653,0.10654,0.23413,0.10822,0.081277,1027,0.35541,2.6776,0.081277,0.066268,60.917,1.4226,0.10652,0.046549,0.12341,0.48223,0.29065,4.2163,0.38423,3.8812,0.28027,0.086001,114.7,3.256,3.0265,0.12181,1.2265,13.728,0.65011,0.099319,0.19271,0.078802,0.086849,137.33,76.411,0.27891,0.93236,66.101,0.055063,0.044894,1.4147,0.34714,0.30712,1.3284,1.3784,1.522,0.099319,0.091125,0.93429,0.037632,5.9917,4.7768,103.31,3.5331,2.6005,0
0.1175,0.016262,0.008843,1.5438,3.1485,0.30227,0.14675,60.493,1.1362,0.98374,0.14675,9.0243,0.17495,0.14675,27.681,13.186,61.493,0.14675,0.11973,0,1.2158,0.15762,0.095861,0.37688,0.98374,11.387,1.4611,0.009071,4.695,0.013268,0.11973,5.5022,66.337,9.6927,0.15762,1.2474,,0.98374,0.1286,0,0.002373,0.1286,7.476,7.476,,1.5438,0,0.089947,0.073385,1.5438,0.016262,0.015074,1.0091,1.0091,438.16,0.11986,0.11944,0.88014,0,,48.823,4.8427,75.371,1.2573,0
-0.081411,0.80232,-0.22131,0.72416,-46.83,-0.09407,-0.082095,-0.26831,0.99339,-0.21527,-0.082095,-0.10232,-0.021758,-0.082095,-4797.7,-0.076078,1.2464,-0.082095,-0.029263,17.468,0.98895,-0.040986,-0.029019,-0.094865,-0.21527,-0.075225,-0.14513,-0.5282,5.5693,0.27654,-0.029263,103.7,3.5199,-0.051084,-0.040986,2.8449,,-0.21527,-0.01461,0.044321,-1.3235,-0.01461,70.966,53.498,-0.60635,0.55681,17.353,-0.062042,-0.022115,0.72416,0.80232,0.2841,-0.51377,-0.51377,-82098,-0.006653,0.37818,1.0067,0,20.895,6.8227,104.39,3.4966,6.6955,0
0.032389,0.53032,-0.14226,0.69213,-151.81,-0.017497,0.032389,0.88567,0.74968,0.46968,0.044127,0.070096,0.13787,0.032389,1872.8,0.1949,1.8857,0.032389,0.043204,23.863,1.1321,0.001492,0.043204,0.073275,0.37482,0.1949,0.12708,-0.20914,5.4897,0.70419,0.081844,303.02,1.2045,1.0495,0.013263,0.74968,5.3102,0.52068,0.017692,0.034435,0.24395,0.00199,147.96,124.1,0.66084,0.58606,32.142,-0.069478,-0.092677,0.60306,0.46207,0.8302,0.69052,0.76549,-43933,0.25758,0.068959,0.82292,0.10858,15.296,2.9412,224.97,1.6224,1.1022,0
0.052318,0.056366,0.54562,10.68,438.2,0.13649,0.058164,10.853,1.0279,0.61173,0.058164,1.0319,0.18687,0.058164,260.91,1.399,17.741,0.058164,0.13784,60.675,0.94921,0.059565,0.12398,0.14969,0.61173,1.2953,1.451,1.3709,4.7352,-0.99046,0.13784,50.118,7.2828,1.0567,0.059565,0.5458,,0.61173,0.14116,8.4323,0.02309,0.14116,109.59,48.911,0.74585,9.4355,62.37,0.038873,0.092122,10.68,0.056366,0.13731,1.537,1.537,29652,0.027178,0.085524,0.97282,0,6.0157,7.4626,48.756,7.4863,1.0602,0
0.011402,0.040194,0.55641,14.843,44.594,0,0.011402,23.879,1.8394,0.95981,0.011402,0.28368,0.006199,0.011402,1286.6,0.28368,24.879,0.011402,0.006199,65.017,1.1253,0,0.006199,0.24699,0.50626,0.28368,,1.3793,2.0423,-0.033421,0.012398,8.0255,45.48,45.48,0,1.8394,,0.95981,0,2.5872,,0,97.752,32.735,0.034801,6.6915,65.421,0,0,14.843,0.040194,0.021988,2.3794,2.3794,61.339,0.006174,0.01188,0.99385,0,5.6139,11.15,7.9759,45.763,4.5598,0
0.026499,0.6298,0.14705,1.2337,-28.604,0,0.035867,0.58781,3.812,0.3702,0.085361,0.057007,0.020643,0.035867,2921.2,0.12495,1.5878,0.035867,0.009409,41.481,0.93752,0.085138,0.006951,0.18793,0.33593,0.11007,1.7202,0.65714,3.1641,0.14048,0.012698,62.201,5.8681,5.8622,0.12001,3.812,,0.3702,0.031481,0.15587,0.16406,0.022334,64.933,23.452,0.061166,0.54516,42.829,0.042313,0.0111,1.2325,0.62917,0.17041,1.6543,1.6543,214.56,0.031481,0.071579,0.99059,0,8.7992,15.564,60.243,6.0588,17.035,0
0.02877,0.58824,0.2189,1.4803,-56.074,0,0.02877,0.69998,0.98627,0.41176,0.055458,0.063129,0.052765,0.02877,4125.8,0.088468,1.7,0.02877,0.02917,139.9,1.0536,0.033903,0.02917,-0.022616,0.39751,0.088468,1.2703,0.67279,4.4813,0.59557,0.049946,177.42,2.3857,1.8483,0.048726,1.1427,,0.41176,0.049404,0.016371,0.34295,0.034375,246.91,107.01,0.076106,0.84585,126.9,0.010633,0.010781,1.1469,0.45573,0.41916,1.2655,1.2655,6631,0.049404,0.06987,0.95147,0,2.609,3.4109,168.66,2.1641,3.0313,1
0.29048,1.1727,-0.27793,0.4879,-99.265,0.49941,0.36824,-0.23934,1.4329,-0.28067,0.36824,0.6785,0.27989,0.36824,896.74,0.40703,0.85274,0.36824,0.21593,2.8976,1.1733,0.51225,0.17033,0.72743,-0.28067,0.34073,4.3041,-0.37803,4.3883,0.6282,0.21593,166.44,2.1929,0.43682,0.51225,1.7141,0.39884,0.3493,0.30037,0.19896,0.06205,0.30037,33.563,30.665,21.456,0.46296,4.152,0.40317,0.23641,0.2258,0.54272,0.45601,-0.38175,0.4751,-6795,0.30212,-1.035,0.69788,-2.2445,125.97,11.903,116.16,3.1423,2.3196,0
0.064092,0.54528,0.000514,1.001,-136.32,0.11396,0.084657,0.53907,1.0219,0.29394,0.084657,0.16416,0.16902,0.084657,1588,0.22985,1.8339,0.084657,0.11417,24.301,0.82076,0.12773,0.086433,0.15751,0.29394,0.19214,1.7602,0.001063,4.1895,0.72733,0.11417,259.39,1.4072,0.23425,0.12773,0.86485,15.778,0.32353,0.17226,0.41978,0.10645,0.17226,147.54,123.23,1.2982,0.90526,24.832,0.087057,0.1174,0.94668,0.51569,0.71064,0.60757,0.66873,7.96,0.021383,0.21804,0.97862,0.10066,15.02,2.9618,253.84,1.4379,1.5327,0
0.15875,0.38458,0.27317,1.7103,1.1551,0,0.19337,1.6003,3.9706,0.61542,0.21539,0.50282,0.058624,0.19337,603.04,0.60527,2.6003,0.19337,0.048701,23.096,0.95363,0.19003,0.039982,0.89722,0.17556,0.51525,8.629,0.79814,3.4184,0.076923,0.04894,36.975,9.8716,9.8716,0.17425,3.9706,,0.61542,0.043884,0.23146,0.055873,0.04786,52.281,29.185,0.63186,1.057,24.156,0.15063,0.037937,1.7103,0.38458,0.1013,1.7981,1.7981,715.78,0.043884,0.25796,0.9518,0,15.804,12.506,35.352,10.325,11.601,0
0.15054,0.18848,0.629,4.3372,119.66,0,0.18539,4.3055,1.6402,0.81152,0.19834,0.98358,0.14123,0.18539,296.99,1.229,5.3055,0.18539,0.11302,31.694,0.61732,0.14385,0.091776,0.90707,0.80427,1.0441,11.102,3.4464,3.8476,-0.16659,0.11349,45.734,7.9809,7.9809,0.13597,1.6402,,0.81152,0.082895,2.4601,0.033049,0.087701,78.73,47.036,1.0569,3.5815,34.559,0.097595,0.059501,4.3372,0.18848,0.1253,4.4464,4.4464,4428,0.082895,0.1855,0.89125,0,11.516,7.7599,41.943,8.7023,8.987,0
0.57517,0.015867,0.80122,51.497,372.02,0,0.57517,62.025,1.2684,0.98413,0.57517,36.25,0.48385,0.57517,9.4363,38.68,63.025,0.57517,0.45345,27.038,1.0936,0.5584,0.45345,1.7302,0.98342,38.68,,4.3802,4.1452,-0.42022,0.45345,8.0587,45.293,45.293,0.54978,1.2684,,0.98413,0.43344,34.875,0.000886,0.44023,75.891,48.853,6.1212,45.575,47.724,0.51984,0.40983,51.497,0.015867,0.022079,5.3802,5.3802,11192,0.43344,0.58444,0.55606,0,13.499,7.4715,4.5658,79.943,6.9344,0
0.13649,0.43999,0.28819,1.7341,23.517,0.21946,0.176,1.1751,1.1337,0.51702,0.176,0.44836,0.11341,0.176,663.18,0.55038,2.2728,0.176,0.082428,27.155,1.2228,0.14283,0.063922,0.28694,0.51702,0.46057,0.75835,0.90266,4.2935,0.16694,0.082428,76.073,4.798,0.32463,0.14283,2.1769,11.002,0.56446,0.066893,0.23983,0.069215,0.066893,100.27,73.118,0.8592,1.3295,30.785,0.076675,0.035909,1.5472,0.39255,0.20842,1.6194,1.768,5664.5,0.11791,0.26399,0.88209,0.091749,13.441,4.9919,67.103,5.4394,6.688,0
-0.94808,4.1332,-3.0637,0.24608,-947.64,-2.8869,-0.94808,-0.75805,3.1428,-3.1332,-0.92667,-0.23331,-0.2284,-0.94808,-2101.7,-0.17367,0.24195,-0.94808,-0.30167,64.627,1.8543,0,-0.30167,-2.8215,-3.835,-0.17367,0,,1.8527,1.3017,-0.60334,915.27,0.39879,0.39208,0.011651,3.1428,,-3.1332,0.003707,0.020124,0.59829,0,106.64,42.014,-1.7038,0.10915,125.33,-0.23027,-0.073271,0.24195,4.0637,2.5076,,,-218.26,0.48436,0.3026,0.53305,0,5.6478,8.6875,471.95,0.77338,,0
0.08926,0.32846,0.03069,1.116,4.7615,-0.001733,0.10724,2.0445,1.2719,0.67154,0.11338,0.40549,0.094875,0.10724,993.51,0.36738,3.0445,0.10724,0.084315,4.3619,0.92096,0.09815,0.070179,0.93401,0.65334,0.31265,15.974,0.043541,4.0823,0.1066,0.08837,82.029,4.4515,3.5843,0.095094,1.2907,4.3751,0.73553,0.074767,0.72967,0.098122,0.077169,29.324,24.962,5.8725,1.0586,4.7124,0.084719,0.066609,0.89862,0.26447,0.22464,0.95276,1.0435,370.91,0.074767,0.13292,0.91691,0.095286,83.679,14.622,75.896,4.8092,1.8045,0
0.036981,0.50022,0.10405,1.3041,-3.6739,0.052699,0.036981,0.76318,0.99595,0.38176,0.036981,0.10809,0.03609,0.036981,1896.5,0.19246,1.9991,0.036981,0.013863,16.226,1.1046,0.037514,0.013863,0.053795,0.38176,0.19246,0.14006,0.18788,3.9536,0.14395,0.013863,46.623,7.8287,0.074994,0.037514,2.724,2.0723,0.53984,0.014062,0.3753,0.16988,0.014062,43.48,27.254,0.31183,0.9575,16.161,-0.02178,-0.008165,0.89198,0.34214,0.12773,0.68932,0.97477,935.12,-0.004062,0.09687,1.0041,0.4141,22.494,13.393,46.812,7.7971,4.8169,0
0.025938,0.43777,0.050065,1.1252,-11.642,0,0.026015,1.2843,1.5133,0.56223,0.031362,0.065034,0.046241,0.026015,2283.4,0.15985,2.2843,0.026015,0.017191,20.549,0.52953,0.026573,0.01714,0.12616,0.071097,0.15968,4.9698,0.091043,3.7647,0.26921,0.020422,96.328,3.7891,3.4625,-0.002409,1.5133,,0.56223,-0.001592,0.10705,0.20688,0.017559,98.229,77.68,0.30444,0.91217,20.516,-0.01739,-0.011491,1.0282,0.40003,0.26391,1.0224,1.0224,291.26,-0.001592,0.046134,0.98322,0,17.762,4.6988,96.482,3.7831,2.752,0
-0.049341,0.53764,0.36133,1.6903,-3.8538,-0.034411,-0.048339,0.85074,1.012,0.45739,-0.048339,-0.09235,-0.009774,-0.048339,-10171,-0.035887,1.86,-0.048339,-0.024488,67.932,0.92091,-0.001355,-0.024996,-0.014951,0.45739,-0.037752,-0.006947,3.1355,4.4055,0.26201,-0.024488,97.943,3.7267,-0.00252,-0.001355,1.987,36.408,0.4716,-0.000686,0.066763,0.63837,-0.000686,157.13,89.202,-0.1343,0.98842,68.745,-0.030399,-0.0154,1.6456,0.52343,0.26834,3.9691,4.0924,9191.6,0.011817,-0.10788,0.98818,0.031068,5.373,4.0918,96.785,3.7712,17.129,0
0.13882,0.32313,0.66444,3.063,-5.0894,0,0.17329,2.0947,1.9386,0.67687,0.22201,0.53804,0.09275,0.17329,655.94,0.55645,3.0947,0.17329,0.089388,128.8,0.91716,0.19386,0.071609,0.50058,0.63442,0.44978,3.9787,49.27,3.3264,0.15611,0.097186,67.169,5.4341,5.4163,0.18845,1.9386,,0.67687,0.09721,0.079185,0.053754,0.099998,180.94,52.14,0.20293,0.93903,142.67,0.18734,0.096637,3.053,0.32207,0.18402,50.191,50.191,1408.7,0.09721,0.20509,0.91239,0,2.8339,7.0003,60.64,6.0192,143.75,0
0.005754,0.42358,0.22834,1.6067,-48.399,0,0.018851,1.3608,2.0211,0.57642,0.040385,0.050084,0.087934,0.018851,869.94,0.41957,2.3608,0.018851,0.009327,86.579,1.0351,0.040385,0.002847,0.39249,0.42741,0.38865,1.8755,0.57769,3.207,0.17356,0.017558,67.798,5.3836,4.7838,-0.005254,2.0211,,0.57642,-0.0026,0.19343,0.070861,0.019982,96.064,9.485,0.012001,0.33296,86.355,-0.11849,-0.058624,1.4277,0.37639,0.18575,1.4583,1.4583,367.78,-0.0026,0.009982,0.99092,0,4.2158,38.482,67.975,5.3696,5.1133,0
-0.10728,0.62908,0.13568,1.2157,2.5189,-0.13084,-0.10877,0.53849,0.97028,0.33876,-0.10877,-0.17291,-0.027675,-0.10877,-2671.5,-0.13663,1.5896,-0.10877,-0.035024,12.025,1.0707,-0.12096,-0.034542,-0.12917,0.33876,-0.13425,-0.3779,0.57677,4.8236,0.20191,-0.035024,71.737,5.0881,-0.19228,-0.12096,3.1387,,0.33876,-0.038948,0.020884,-0.21075,-0.038948,88.336,76.311,-1.0485,1.053,11.667,-0.14378,-0.046296,1.2157,0.62908,0.19654,1.44,1.44,9039.2,-0.030627,-0.31667,1.0306,0,30.354,4.7831,73.934,4.9369,13.202,0
0.098103,0.3502,0.29208,2.3803,42.623,0,0.098103,1.8555,1.286,0.6498,0.099928,0.46362,0.10625,0.098103,935.52,0.39016,2.8555,0.098103,0.076288,50.013,1.1849,0,0.076288,0.2565,0.6049,0.39016,0,0.58848,5.4481,0.26302,0.17121,78.315,4.6607,2.8162,0.00764,1.286,3.1779,0.75285,0.005941,0.073886,0.30297,0,138.53,88.512,0.55676,1.5476,65.213,-0.03853,-0.029962,1.4383,0.2116,0.21456,1.3092,1.5169,81955,0.23309,0.15097,0.76845,0.15858,7.2982,4.1237,60.061,6.0772,2.591,0
0.13141,0.57572,0.17417,1.306,-62.677,0.34196,0.16946,0.73,1.1466,0.42027,0.16946,0.29774,0.11524,0.16946,1049.6,0.34775,1.737,0.16946,0.097547,82.599,1.1497,0.20509,0.075647,0.43864,0.42027,0.28166,1.3537,0.67859,4.6617,0.2832,0.097547,137.12,2.6619,0.35624,0.20509,1.7493,53.365,0.42683,0.11806,0.21649,0.080258,0.11806,130.29,47.692,0.33428,0.61531,94.711,0.17435,0.10036,1.2911,0.56915,0.37567,1.6374,1.663,7991.8,0.12789,0.31269,0.87211,0.015615,4.4189,7.6533,119.58,3.0522,6.7682,0
0.011165,0.64104,-0.10522,0.83447,-46.475,0,0.019231,0.55997,3.0677,0.35896,0.021293,0.030253,0.015077,0.019231,5058.7,0.072153,1.56,0.019231,0.006269,33.721,1.2719,0.016958,0.00364,0.10024,0.35428,0.059569,8.2272,-0.2241,4.0286,0.20679,0.006737,76.079,4.7977,4.7576,0.017939,3.0677,,0.35896,0.005848,0.012974,0.48586,0.005528,62.133,28.412,0.039394,0.38862,33.92,-0.010063,-0.00328,0.8275,0.63568,0.20844,0.76449,0.76449,-1123.9,0.005848,0.031104,0.99379,0,10.824,12.847,75.634,4.8259,6.5334,0
0.19983,0.33871,0.91824,23.042,32.034,0,0.24716,1.9524,4.8863,0.66129,0.29749,5.9332,0.054306,0.24716,465.9,0.78343,2.9524,0.24716,0.050583,38.14,1.4128,0.29596,0.040895,0.43554,0.58711,0.64367,5.8812,22.897,3.3058,0.05843,0.050583,3.32,109.94,13.521,0.30649,4.8863,1.5143,0.95799,0.062723,1.3188,0.035939,0.060569,67.599,29.458,0.39136,10.786,40.693,0.27777,0.056845,2.834,0.041658,0.009096,16.49,23.888,1856.9,0.062723,0.30218,0.94944,0.44868,9.5699,12.39,3.1118,117.3,121.84,0
0.10083,0.39205,0.20198,1.5935,12.987,-0.1572,0.10317,1.5507,1.4162,0.60795,0.12655,0.3032,0.16464,0.10317,613.73,0.59473,2.5507,0.10317,0.072853,39.454,1.1547,0.10447,0.071201,-0.018539,-0.068189,0.58876,4.4702,0.44126,4.0412,0.20948,0.082077,89.899,4.0601,3.5241,0.034585,1.4162,22.305,0.62539,0.024421,0.29131,0.055738,0.07377,114.21,74.757,0.6587,1.1437,40.441,-0.025517,-0.018018,1.3831,0.34029,0.2463,1.3282,1.3663,2221,0.024421,0.16586,0.93302,0.028701,9.2514,4.8825,87.703,4.1618,3.0939,0
0.04755,0.22013,0.69722,4.2723,65.082,0,0.11928,3.5427,2.9148,0.77987,0.11967,0.55983,0.049866,0.11928,552.79,0.66029,4.5427,0.11928,0.040922,28.404,1.5218,0.086089,0.016313,0.43861,0.77522,0.33444,220.29,7.7714,4.032,0.026101,0.041056,30.225,12.076,11.688,0.34183,2.9148,,0.77987,0.11727,0.72284,0.065422,0.029535,94.703,66.299,0.20963,3.2078,32.177,0.06002,0.020591,4.1352,0.21307,0.082809,8.6927,8.6927,7505.6,0.11727,0.060972,0.96051,0,12.851,5.5053,26.681,13.68,32.489,0
0.072622,0.48192,-0.023652,0.92823,-67.704,0.1563,0.095729,1.0408,1.2148,0.50157,0.095729,0.29049,0.22622,0.095729,949.5,0.38441,2.075,0.095729,0.1169,36.999,1.0242,0.11585,0.088681,0.20527,0.50157,0.33647,1.7185,-0.034075,4.174,0.56869,0.1169,178.43,2.0456,0.24038,0.11585,0.84393,1.4626,0.65396,0.14146,0.059149,0.077147,0.14146,127.65,90.649,0.87483,0.67632,44.947,0.026317,0.032137,0.63472,0.32954,0.48885,0.72261,0.94215,-353.11,0.17682,0.14479,0.82318,0.30382,9.865,4.0265,146.88,2.485,1.1798,0
0.03336,0.72335,-0.14245,0.73187,-115.04,0.051266,0.032389,0.34937,1.0591,0.25272,0.032389,0.060966,0.073618,0.032389,3029,0.1205,1.3825,0.032389,0.027355,58.806,1.0889,0.073991,0.028175,0.048073,0.25272,0.12184,0.66187,-0.23306,4.3339,0.60996,0.027355,173.46,2.1043,0.10229,0.073991,1.2125,1.031,0.44481,0.062492,0.014443,0.18469,0.062492,117.5,58.689,0.17488,0.3728,62.283,0.019216,0.01623,0.53752,0.53126,0.47522,0.41348,0.72777,-3072.9,0.055826,0.13201,0.94417,0.76011,6.2069,6.2192,163.77,2.2287,1.9372,0
0.054316,0.26681,0.50147,2.8936,48.409,0.085603,0.064302,2.538,0.97322,0.67716,0.064302,0.24281,0.067414,0.064302,880.58,0.4145,3.7479,0.064302,0.039196,58.113,1.5408,0.06186,0.033109,0.10611,0.67716,0.37707,0.36697,2.1458,4.2694,0.12998,0.039196,57.342,6.3653,0.23185,0.06186,1.7659,253.48,0.67916,0.037707,0.27721,0.081107,0.037707,154.16,96.046,0.20795,1.9073,56.557,0.015567,0.009489,2.872,0.26482,0.1571,2.8975,2.906,9324,-0.027513,0.08021,1.0275,0.002943,6.2809,3.8003,58.92,6.1949,7.0197,0
0.10801,0.007238,0.8078,112.6,768.83,0,0.1353,137.15,0.49083,0.99276,0.13535,18.693,0.29143,0.1353,18.47,19.762,138.15,0.1353,0.27566,38.046,0.92411,0.12872,0.22005,0.38162,0.83737,15.991,2588.6,4.3674,2.5075,-1.3417,0.27576,7.3159,49.891,49.891,0.1297,0.49083,,0.99276,0.26425,92.244,0.001768,0.26225,109.57,71.528,2.1111,105.53,51.711,0.12098,0.24648,112.6,0.007238,0.020044,5.3674,5.3674,259.92,0.26425,0.1088,0.72801,0,9.5935,5.1029,5.3827,67.81,2.6536,0
-0.098989,0.15243,0.8026,18.979,72.14,0,-0.098989,5.5605,1.0208,0.84757,-0.095971,-2.2175,-0.09697,-0.098989,-562.04,-0.64941,6.5605,-0.098989,-0.09697,238.76,0.7572,0,-0.09697,-0.1531,0.79368,-0.64941,0,5.2538,2.9674,0.11577,-0.19394,24.213,15.074,4.4147,0.037812,1.0208,1.6652,0.95536,0.037041,0.76723,,0,290.69,51.93,-0.14824,4.0207,362.2,0,0,5.5583,0.04464,0.066338,5.5483,6.2538,744.61,0.34081,-0.11679,0.66215,0.12717,1.5287,7.0287,15.961,22.868,6.6823,0
0,0.48569,0.015337,1.0416,-31135,0.009616,0.003109,1.0589,0.71101,0.51431,0.034914,0.00843,0.027999,0.003109,8905,0.040988,2.0589,0.003109,0.004373,54.268,1.0973,0.008235,0,0.023739,0.30131,0.034587,0.25894,0.024903,5.5778,0.66866,0.004373,223.98,1.678,1.2741,0.011733,0.71101,2.3818,0.6312,0.016502,0.75495,0.64671,0.011583,54.268,0,0,0.75495,62.351,-0.008563,-0.012044,0.7909,0.3688,0.59596,0.8351,1.0249,5801,0.15472,0,0.91509,0.22729,6.7259,,189.32,1.9279,1.1545,0
0.068993,0.42869,0.24868,2.9462,36.906,0.24862,0.089982,1.285,1.1423,0.55088,0.089982,0.70419,0.17192,0.089982,948.85,0.38468,2.3327,0.089982,0.093806,63.642,1.0081,0.11837,0.071926,0.29342,0.55088,0.33572,1.4096,0.39883,5.1577,0.32512,0.093806,55.542,6.5716,0.27612,0.11837,0.99933,0.69525,0.85179,0.1234,0.93797,0.072914,0.1234,97.644,34.002,0.41251,1.6373,72.699,0.043443,0.045289,0.87816,0.12778,0.15217,0.88348,1.3661,35756,0.12458,0.12524,0.87542,0.54624,5.7352,10.735,48.622,7.5069,1.5384,0
0.17564,0.18526,0.65601,7.3616,258.75,0,0.22113,4.3977,0.90234,0.81474,0.22882,2.1444,0.25879,0.22113,289.58,1.2605,5.3977,0.22113,0.24506,66.384,1.149,0.2192,0.19465,0.52967,0.57471,1.0149,28.498,2.7236,4.0928,-0.23394,0.2503,54.237,6.7297,3.7459,0.20837,0.90234,7.2438,0.89688,0.23092,3.863,0.026666,0.24292,145.93,79.551,1.0702,5.7701,86.315,0.20681,0.2292,4.0976,0.10312,0.14859,3.3825,3.7236,8123.6,0.23092,0.21558,0.76133,0.10082,5.4983,4.5883,41.713,8.7503,3.7462,0
-0.015836,0.4398,0.5818,3.998,45.585,0,-0.015836,1.2737,2.1649,0.56019,0.0379,-0.081603,-0.004513,-0.015836,-16429,-0.022216,2.2737,-0.015836,-0.007315,50.743,1.152,0.007583,-0.007315,0.12505,0.35563,-0.022216,0.14112,2.5957,2.3892,0.053137,-0.007315,32.851,11.111,4.9026,0.008718,2.1649,,0.56019,0.004027,1.7177,1.0741,0.003503,74.608,23.865,-0.052617,2.4471,50.948,0.001518,0.000701,1.7641,0.19406,0.090002,2.4993,2.4993,142.55,0.004027,-0.028269,1.0072,0,7.1931,15.294,32.718,11.156,9.6585,0
0.097748,0.26898,0.2495,2.1536,32.172,0.41369,0.12359,2.2395,1.0794,0.60237,0.12359,0.57143,0.10802,0.12359,534.63,0.68272,3.7178,0.12359,0.072696,23.431,1.0968,0.13585,0.057496,0.51333,0.60237,0.58665,0.86252,0.46704,4.5901,0.12995,0.072696,50.122,7.2822,0.50505,0.13585,1.7207,6.7678,0.65506,0.079906,0.24522,0.045142,0.079906,88.615,65.184,0.89565,1.649,25.292,0.0758,0.044586,1.7317,0.21628,0.13732,1.1276,1.2262,9710,0.073579,0.16227,0.92642,0.087484,15.578,5.5996,46.434,7.8606,3.1824,0
0.027141,0.50255,0.19717,2.7608,199.65,0.000301,0.03252,0.98983,0.22693,0.49745,0.22387,0.29041,0.20744,0.03252,3896.6,0.093671,1.9898,0.03252,0.14331,148.19,1.1618,0.053453,0.1196,0.1193,0.36168,0.082967,0.27935,0.28541,4.8712,1.6621,0.25211,213.92,1.7912,0.39912,0.03586,0.22693,0.62049,0.84721,0.15802,1.1836,0.24632,0.23555,284.08,135.89,0.29459,1.9381,167.65,0.038899,0.17141,0.61516,0.11198,0.55827,0.72005,1.2263,2.7608,0.15802,0.05456,0.92338,0.70311,2.4631,2.686,180.11,2.0265,0.32848,0
0.80238,0.16309,0.77217,6.3423,7.5483,-0.071517,0.80238,5.1316,3.5643,0.83691,0.80238,5.5513,0.22512,0.80238,74.189,4.9199,6.1316,0.80238,0.22512,24.221,5.0707,0.004613,0.22512,0.75928,0.83148,4.9199,,9.2711,3.9641,0.030884,0.49066,22.156,16.474,14.6,0.032954,3.5643,,0.83691,0.009246,3.7272,1.1784,0.001294,38.707,14.485,3.3923,4.7059,36.257,0.004613,0.001294,5.6209,0.14454,0.060703,10.048,10.048,7109.2,0.33196,0.95874,0.67937,0,15.069,25.198,14.801,24.66,42.795,0
-0.14969,0.81848,-0.23432,0.6336,-100.18,0.30854,-0.14974,0.22177,1.2055,0.18152,-0.12394,-0.23414,-0.092994,-0.14974,-2664.8,-0.13697,1.2218,-0.14974,-0.12421,37.556,0.67184,-0.12536,-0.12416,-0.11478,0.16447,-0.13691,-4.8595,-0.39395,3.7684,0.67526,-0.10676,176.12,2.0725,1.6193,-0.11987,1.2055,1.6721,0.34967,-0.09943,0.006929,-0.31099,-0.10399,121.34,83.784,-1.2067,0.43964,34.159,-0.16299,-0.1352,0.49506,0.63952,0.48251,0.30517,0.58787,-1374.6,-0.09943,-0.82463,1.1228,0.92634,9.7189,4.3565,193.63,1.8851,2.0268,0
-1.2959,0.90551,0.094494,1.1044,6.1147,-0.22046,-1.2959,0.10439,1.3631,0.094526,-1.2212,-1.4311,-0.89378,-1.2959,-271.29,-1.3454,1.1044,-1.2959,-0.9507,0,0.58879,-1.2695,-0.9507,-4.0224,-1.5164,-1.3454,-17.006,,1.4919,0.63965,-0.9507,125.55,2.9073,2.9073,-1.2695,1.3631,,0.094526,-0.93131,0.093539,-0.025324,-0.93131,245.09,245.09,,1.1044,0,-1.347,-0.98823,1.1044,0.90551,0.34396,,,2.933,-0.93131,-13.709,1.9182,0,,1.4892,242.47,1.5053,,0
0.01718,0.27394,0.13407,1.4894,-0.84997,0.066241,0.021357,1.82,1.0031,0.49856,0.021357,0.077964,0.028181,0.021357,1413.1,0.25831,3.6505,0.021357,0.008506,20.256,0.99707,0.011473,0.006842,0.082289,0.49856,0.24306,0.045836,0.22647,4.5307,0.021883,0.008506,39.945,9.1376,0.041883,0.011473,2.5446,,0.49856,0.004569,0.80132,0.14794,0.004569,27.401,7.145,0.12329,0.98074,20.319,-0.037929,-0.015106,1.4894,0.27394,0.10944,0.84217,0.84217,4550.2,0.00308,0.03446,0.99692,0,18.019,51.085,39.822,9.1659,4.2414,0
0.29956,0.61356,0.74201,5.2002,48.173,-0.25432,0.29956,0.62984,1.9966,0.38644,0.29956,1.6957,0.20225,0.29956,554.59,0.65815,1.6298,0.29956,0.15004,102.32,1.1168,0,0.15004,0.58364,0.045236,0.65815,,9.123,3.768,0.27516,0.33713,44.573,8.1888,2.3578,0.004462,1.9966,0.82302,0.82263,0.002235,0.37869,0.19617,0,155.72,53.399,0.53524,2.0321,141.21,-0.10426,-0.052218,1.4973,0.17666,0.12212,4.7513,10.114,4349.3,0.27544,0.77516,0.73252,1.1287,3.5674,6.8353,32.296,11.302,24.548,0
0.55513,0.63577,0.26648,1.7143,-7.7869,0.005872,0.55513,0.5729,2.3947,0.36423,0.56809,1.488,0.2515,0.55513,385.32,0.94727,1.5729,0.55513,0.23182,43.574,1.3492,0.56318,0.23182,0.9315,0.22997,0.94727,43.425,0.73932,3.8604,0.25493,0.23723,73.929,4.9372,2.8972,0.5527,2.3947,39.129,0.37327,0.23081,0.1199,0.034724,0.23518,90.665,47.091,1.9418,0.94801,56.649,0.51606,0.2155,1.006,0.37308,0.20255,1.0105,1.0356,1932,0.23081,1.5241,0.76969,0.024816,8.3765,7.7509,56.866,6.4186,6.6437,0
0.006163,0.66204,0.17233,1.2603,23.604,0,0.007955,0.51048,2.0062,0.33796,0.021809,0.012015,0.009007,0.007955,13373,0.027294,1.5105,0.007955,0.003965,6.9777,0.77663,0.02171,0.003072,0.32448,0.23313,0.024587,1.567,1.0404,2.9795,0.32163,0.009416,117.81,3.0983,3.0983,-0.045031,2.0062,,0.33796,-0.022446,0.025607,0.69341,0.010822,148.72,141.74,0.16069,1.2024,6.8246,0.011595,0.00578,1.2603,0.66204,0.32276,2.0404,2.0404,164.39,-0.022446,0.018236,0.99616,0,52.309,2.5751,120.45,3.0303,12.112,0
0.12922,0.5304,0.17845,1.4314,-3.0911,0.24446,0.16472,0.69944,1.0559,0.37098,0.16472,0.39818,0.057003,0.16472,917.88,0.39766,1.8854,0.16472,0.044517,19.949,1.1313,0.20915,0.034922,0.31059,0.37098,0.33072,0.59683,0.43751,4.7868,0.14041,0.044517,43.087,8.4712,0.39433,0.20915,3.7148,3.3405,0.4877,0.056525,0.040542,0.06829,0.056525,56.756,36.808,0.63897,0.94252,21.063,0.16295,0.04404,1.1164,0.41368,0.11805,0.90956,1.1957,10922,0.052906,0.34831,0.94709,0.31463,18.297,9.9165,40.808,8.9444,9.0718,0
0.15178,0.20986,0.55083,4.9931,131.74,0,0.15178,3.7651,1.5888,0.79014,0.15429,1.1003,0.18278,0.15178,263.77,1.3838,4.7651,0.15178,0.095531,70.395,1.4694,0,0.095531,0.34725,0.78424,1.3838,0,1.7699,4.4766,0.042059,0.21562,63.632,5.7361,3.7705,0.042276,1.5888,21.572,0.80787,0.026609,1.0773,0.050465,0,124.1,53.701,0.49533,2.7718,141.35,-0.13861,-0.087246,3.2821,0.13795,0.17434,2.5388,2.5958,16507,0.50196,0.19209,0.51905,0.022433,5.185,6.7969,31.691,11.517,5.105,0
0.28581,0.70499,0.079411,1.1126,-67.473,0.65763,0.35437,0.35075,1.1922,0.24728,0.35437,0.50266,0.18568,0.35437,665.03,0.54885,1.4185,0.35437,0.17005,69.868,1.2085,0.342,0.13715,0.81567,0.24728,0.45159,1.9566,0.36833,4.2708,0.33155,0.17005,147.22,2.4793,0.48511,0.342,2.121,,0.24728,0.16412,0.022833,0.061881,0.16412,134.57,64.703,0.7165,0.54682,83.298,0.30944,0.14849,1.1126,0.70499,0.40333,1.1469,1.1469,1481.5,0.16122,1.1558,0.83878,0,5.2241,5.6411,123.48,2.9559,9.6657,0
-0.12084,0.66813,0.055996,1.1541,-21.365,-0.097068,-0.12169,0.4844,0.94133,0.32364,-0.12169,-0.33485,-0.040607,-0.12169,-3693.6,-0.09882,1.4967,-0.12169,-0.07484,33.557,1.305,-0.11346,-0.074321,-0.089445,0.32364,-0.097558,-0.65688,0.096445,4.788,0.40942,-0.07484,76.792,4.7531,-0.16982,-0.11346,1.6403,0.88577,0.62837,-0.069782,0.022433,-0.38003,-0.069782,92.318,58.761,-0.8084,0.74274,31.588,-0.16913,-0.10401,0.62772,0.36341,0.21039,0.55743,1.0823,3436.5,-0.062326,-0.37339,1.0623,0.94156,10.877,6.2116,81.578,4.4742,2.8005,0
0.28319,0.085579,0.51752,7.0474,65.132,0,0.28319,10.685,1.1357,0.91442,0.28636,3.3091,0.29451,0.28319,93.386,3.9085,11.685,0.28319,0.24935,119.13,1.2081,0.28379,0.24935,0.71686,0.78822,3.9085,89.618,1.3039,4.9805,-0.11025,0.24959,36.572,9.9803,9.9803,0.28164,1.1357,,0.91442,0.24798,2.4816,0.008513,0.24987,125.57,6.4393,0.76395,2.7157,158.42,0.2325,0.20471,7.0474,0.085579,0.1002,2.3039,2.3039,49482,0.24798,0.3097,0.752,0,3.0638,56.683,27.503,13.271,2.8616,0
-0.10974,0.24871,0.22606,1.9567,33.955,-0.4098,-0.10142,3.0207,0.87515,0.75129,-0.10142,-0.4292,-0.10983,-0.10142,-1441.7,-0.25317,4.0207,-0.10142,-0.1769,98.612,1.2291,-0.080843,-0.19142,-0.4272,0.75129,-0.28663,-1.2341,0.42046,4.8433,0.086862,-0.1769,131.66,2.7724,-0.32505,-0.080843,0.61251,24.747,0.76371,-0.14102,0.8969,-0.19288,-0.14102,159.44,60.824,-0.7085,1.3012,86.3,-0.11929,-0.20808,1.859,0.23629,0.3607,1.3973,1.4205,15757,-0.14267,-0.14607,1.1427,0.016537,3.7014,6.0009,150.44,2.4262,1.0663,0
-0.007617,0.69922,-0.026471,0.85091,-47.297,0,-0.007617,0.43016,0.6585,0.30078,0.025148,-0.042897,0.086251,-0.007617,4493.5,0.081228,1.4302,-0.007617,-0.011567,29.909,0.80484,0.025128,-0.011567,-0.022612,-0.096981,0.081228,0.76691,-0.031182,3.9208,1.0495,0.036919,88.097,4.1432,1.0521,-0.077133,0.6585,0.24465,0.69776,-0.11713,0.089449,0.2603,0.038159,74.94,45.031,-0.14115,0.54701,26.773,-0.039286,-0.059659,0.21607,0.17755,0.24136,0.3543,0.82194,-220.58,-0.11713,-0.025323,1.01,1.3199,12.204,8.1055,98.416,3.7087,0.77569,0
0.11285,0.59223,0.21647,1.6993,5.8216,0,0.11285,0.68852,2.1975,0.40777,0.14946,0.36454,0.091575,0.11285,1074.2,0.33979,1.6885,0.11285,0.051355,29.38,1.0994,0.14469,0.051355,0.44228,0.16662,0.33979,3.9529,0.45671,3.938,0.24958,0.064705,53.577,6.8126,3.561,0.088533,2.1975,1.2878,0.6789,0.040288,0.16375,0.084698,0.065845,78.953,49.573,0.638,1.1279,30.613,0.05631,0.025625,0.88822,0.30957,0.14679,0.86033,1.4324,1876.7,0.040288,0.27675,0.95016,0.66491,12.423,7.3628,51.419,7.0986,4.6364,0
0.083901,0.43251,0.25091,1.6376,-45.651,0,0.10343,1.3121,1.2896,0.56749,0.11133,0.26282,0.10731,0.10343,1140.8,0.31995,2.3121,0.10343,0.080202,113.47,1.6545,0.10125,0.06506,0.32434,0.56644,0.2748,12.818,0.70567,4.6943,0.31532,0.083165,117.51,3.1061,2.8262,0.067237,1.2896,6.5688,0.60456,0.052139,0.067248,0.10585,0.078513,174.91,61.442,0.20929,0.61888,119.71,0.066295,0.051407,1.49,0.39353,0.32195,1.596,1.7003,12411,0.052139,0.14785,0.92247,0.065334,3.2168,5.9405,111.38,3.277,3.6269,0
0,0,0.44915,,6792.3,0,0,,1.8258,0.54961,0,,0,0,,,,0,0,159.21,1.2141,0.093999,0,0,0.54961,,7.3579,1.7187,4.2576,-1.7666,0,0,,,0.093999,1.9864,,0.54961,0.403,,0,0.403,3286.3,3127.1,0,,290.68,0.093999,0.403,,0,0,2.1031,2.1031,8128.1,0.45229,0,0.54771,0,2.2926,0.11672,0,,0.89252,0
0.000894,0.46689,0.24325,1.6223,-5.5731,0.004878,0.006726,1.0234,0.99943,0.4778,0.006726,0.017206,0.020965,0.006726,1829.8,0.19948,2.1418,0.006726,0.001514,25.436,1.1311,0.005175,0.000201,0.025576,0.4778,0.18699,0.011641,0.66488,4.5645,0.092152,0.001514,32.098,11.371,0.011083,0.005175,4.5424,4.2706,0.5538,0.001165,0.15008,0.1676,0.001165,47.283,21.847,0.002889,0.83033,25.421,-0.081234,-0.018286,1.3582,0.39089,0.087941,1.306,1.5137,8924,-0.000568,0.001872,1.0006,0.15906,14.35,16.707,32.117,11.365,12.142,0
0.27223,0.17796,0.5132,7.4208,120.29,0,0.32645,4.6193,1.4765,0.82204,0.36415,4.0843,0.26663,0.32645,165,2.2121,5.6193,0.32645,0.2211,31.95,1.2898,0.3107,0.18438,0.88141,0.81869,1.9074,8.2413,1.2613,4.174,-0.014963,0.22126,24.607,14.833,6.6621,0.29089,1.4765,,0.82204,0.19702,2.6315,0.015697,0.21043,94.632,62.682,2.1064,5.8038,39.789,0.24348,0.16491,3.333,0.079928,0.067417,2.0204,2.0204,7660.8,0.19702,0.33116,0.78957,0,11.424,5.823,19.759,18.472,3.6288,0
0.16022,0.37871,0.17369,1.5162,7.1313,0,0.16022,1.6406,2.7509,0.62129,0.16121,0.47617,0.07485,0.16022,671.31,0.54371,2.6406,0.16022,0.058241,16.372,1.2872,0,0.058241,0.049085,0.16022,0.54371,0,0.35459,3.4235,0.13767,0.11648,50.124,7.282,6.4698,0.005378,2.7509,9.156,0.66353,0.001955,0.007922,0.27628,0,67.335,50.963,1.2984,1.1495,18.382,-0.045692,-0.01661,1.3471,0.33647,0.13732,1.2684,1.3546,460.53,0.10934,0.25788,0.89136,0.067989,22.294,7.1621,44.643,8.176,5.6159,0
0.066845,0.25061,0.42235,2.921,-14.81,0.23138,0.085571,2.8586,1.0461,0.71638,0.085571,0.38921,0.064007,0.085571,731.42,0.49903,3.9903,0.085571,0.043796,92.763,0.88614,0.088093,0.034212,0.29303,0.71638,0.42431,0.47166,1.1805,4.5188,0.10995,0.043796,42.966,8.4951,0.35152,0.088093,1.9636,4.7368,0.74713,0.045087,0.16729,0.064579,0.045087,113.1,20.338,0.13462,0.66246,97.041,0.048605,0.024876,2.5626,0.21986,0.11771,2.0022,2.0882,13948,0.044082,0.09331,0.95592,0.042922,3.9347,17.947,41.072,8.8868,5.4609,0
0.20422,0.38392,0.27054,1.815,30.581,0,0.20422,1.6047,1.3558,0.61608,0.20423,0.61522,0.16562,0.20422,624.04,0.5849,2.6047,0.20422,0.15063,52.269,1.1218,0,0.15063,,0.014375,0.5849,0,0.68059,5.1134,0.24212,0.30125,134.15,2.7208,2.3525,0.08471,1.3558,9.2472,0.66024,0.062479,0.17183,0.62943,0,146.84,94.572,1.0518,1.2301,78.465,-0.020332,-0.014996,1.5693,0.33195,0.36754,1.5499,1.6609,35124,0.33386,0.33149,0.67087,0.071675,6.9831,3.8595,89.365,4.0844,3.4108,0
0.08517,0.13431,0.33889,4.3762,61.199,0,0.10378,6.4455,1.2502,0.86569,0.11222,1.034,0.095264,0.10378,411.63,0.88673,7.4455,0.10378,0.083016,43.039,1.4853,0.1041,0.068127,0.76532,0.82498,0.74814,12.346,0.60438,3.846,0.051569,0.083016,32.39,11.269,8.4219,0.11902,1.2502,,0.86569,0.095206,0.71363,0.037492,0.08327,107.34,64.297,0.57776,2.9076,47.568,0.088789,0.071022,3.2706,0.10038,0.088739,1.5439,1.5439,2376.9,0.095206,0.098384,0.91762,0,8.4807,5.6768,29.306,12.455,2.2295,0
-0.31065,0.95431,-0.4139,0.5641,-261.94,-0.31065,-0.31065,0.000263,0.82748,0.000251,-0.31065,-0.32717,-0.23823,-0.31065,-1459.4,-0.2501,1.0479,-0.31065,-0.31007,150.9,0.93666,-0.24427,-0.31007,-0.31065,0.000251,-0.2501,,-0.89132,4.2019,0.94615,-0.31007,286.25,1.2751,-0.25596,-0.24427,1.0535,25.408,0.00503,-0.24381,0.007217,-0.1821,-0.24381,192.64,41.739,-0.74999,0.12788,124.87,-0.31625,-0.31566,0.56127,0.94953,0.78424,0.000541,0.010832,-6588.5,-0.20849,-1236.3,1.2085,19.017,2.4188,8.7448,345.93,1.0551,2.1575,1
0.10053,0.92506,-0.35809,0.40265,-70.358,0.16319,0.12715,0.056019,1.0667,0.051821,0.12715,0.2121,0.07218,0.12715,1973,0.185,1.081,0.12715,0.053628,8.9365,1.4176,0.15757,0.042401,0.21077,0.051821,0.15622,0.70891,-0.47203,4.5725,0.35439,0.053628,98.444,3.7077,0.17033,0.15757,2.3841,0.56305,0.37741,0.066457,0.15757,0.15089,0.066457,22.617,13.68,1.7318,0.30581,9.5329,0.11358,0.047904,0.26093,0.59947,0.26971,0.068309,0.49749,-13381,0.062556,1.9399,0.93744,6.283,40.844,26.68,92.285,3.9551,3.1253,0
0.028609,0.497,0.10918,1.3021,12.393,-0.11713,0.029454,0.98095,1.0414,0.48753,0.029454,0.081494,0.063627,0.029454,2282.2,0.15993,2.0121,0.029454,0.023577,15.501,1.8797,0.053948,0.022901,-0.11425,0.48753,0.15823,0.44972,0.20623,4.7774,0.39207,0.023577,109.97,3.3191,0.10855,0.053948,1.2642,3.0799,0.6231,0.043184,0.06573,0.15714,0.043184,130.56,115.06,0.53923,1.1553,16.143,0.003916,0.003135,0.94689,0.36142,0.30129,0.92091,1.177,6539.8,0.039751,0.058682,0.96025,0.27808,23.546,3.1724,105.6,3.4565,2.3598,0
0.57032,0.77503,0.22093,1.2851,20.445,0,0.57032,0.29027,4.3871,0.22497,0.57193,0.73587,0.13274,0.57032,485.78,0.75137,1.2903,0.57032,0.13,0,0.74113,0.55421,0.13,2.0094,0.20395,0.75137,345.48,54.659,2.8536,0.084877,0.13037,74.106,4.9254,4.9254,0.56974,4.3871,,0.22497,0.12987,0.52577,0.045625,0.12633,48.96,48.96,,1.2851,0,0.5422,0.12359,1.2851,0.77503,0.20303,55.659,55.659,157.69,0.12987,2.5351,0.8706,0,,7.455,64.482,5.6605,1085.4,0
0.31729,0.42652,0.36382,1.8564,8.5321,0,-0.058251,1.3446,1.1919,0.57348,-0.034219,-0.13713,-0.037735,-0.058251,-3461.5,-0.10545,2.3446,-0.058251,-0.048874,102.45,0.92723,-0.058919,0.26621,-0.16646,0.31729,0.77503,-2.4517,1.7212,3.5673,0.27982,-0.048362,124.26,2.9374,2.9255,-0.055937,1.1919,,0.57348,-0.046932,0.219,-0.31149,-0.049434,213.02,110.57,0.94844,1.0689,97.858,-0.072196,-0.060574,1.849,0.4248,0.34044,2.7131,2.7131,1343.5,-0.046932,0.55327,1.0478,0,3.5627,3.3011,130.09,2.8057,5.6386,0
-0.24738,0.58628,0.1847,1.315,-68.603,0,-0.24738,0.70566,1.8616,0.41372,-0.23969,-0.42194,-0.10148,-0.24738,-1132.7,-0.32223,1.7057,-0.24738,-0.13288,111.31,1.2865,-0.23969,-0.13288,-0.48514,0.19973,-0.32223,-31.187,0.80651,3.2353,0.25173,-0.12875,103.46,3.5279,3.5279,-0.2067,1.8616,,0.41372,-0.11103,0.20068,-0.10783,-0.12875,128.09,16.786,-0.43574,0.34671,100.18,-0.29815,-0.16016,1.315,0.58628,0.28346,1.8065,1.8065,317.56,-0.11103,-0.59794,1.1329,0,3.2792,21.745,114.95,3.1753,8.129,0
0.021227,0.17495,0.62539,6.2799,155.39,0,0.021258,4.716,1.1604,0.82505,0.023361,0.17947,0.082604,0.021258,666.17,0.54791,5.716,0.021258,0.018319,50.577,1.2888,0.00089,0.018292,0.00065,0.76058,0.54773,0.42314,2.4414,3.88,-0.15131,0.020131,37.753,9.6681,6.5457,0.015264,1.1604,12.225,0.87274,0.013154,2.9806,0.077252,0.000767,122.92,72.345,0.13201,4.9224,51.251,-0.073709,-0.063518,4.2518,0.11845,0.10343,3.2209,3.407,4743.6,0.013154,0.025728,0.98214,0.057804,7.2168,5.0452,37.256,9.797,4.5301,0
0.014304,0.49108,0.44685,1.9232,53.031,0,0.029347,1.0363,2.8686,0.50892,0.029491,0.060629,0.019774,0.029347,3160,0.11551,2.0363,0.029347,0.01023,2.906,1.3033,0.029487,0.004986,0.23592,0.41829,0.084872,205.94,6.4669,2.7417,0.16369,0.01026,62.084,5.8791,5.7949,0.022839,2.8686,,0.50892,0.007962,0.062733,0.28788,0.010279,114.58,111.68,0.6263,1.876,2.9293,0.002112,0.000736,1.8956,0.48405,0.17009,7.3651,7.3651,246.54,0.007962,0.028107,0.9898,0,125.6,3.2684,61.59,5.9263,41.515,0
-0.051465,0.90463,-0.56854,0.27253,-72.373,-0.77105,-0.051465,0.10543,3.3133,0.095374,0.039917,-0.065852,-0.001398,-0.051465,-71265,-0.005122,1.1054,-0.051465,-0.015533,16.302,1.0012,0.039775,-0.015533,-0.11433,-0.104,-0.005122,0.43526,-0.7224,2.147,0.25434,-0.01179,79.739,4.6204,3.9916,-0.26417,3.651,,0.095374,-0.07973,0.079259,0.34818,0.012005,16.639,0.33766,-0.34778,0.26861,14.958,-0.007057,-0.00213,0.23544,0.78152,0.21643,0.12118,0.12118,-79.76,-0.079708,-0.53961,0.98903,0,22.39,1081,86.095,4.2395,4.2099,1
0.36147,0.2559,0.56276,9.7593,205.98,-0.32597,0.51634,2.907,0.59282,0.74391,0.5215,8.0367,0.91185,0.51634,172.79,2.1124,3.9077,0.51634,0.87098,108.58,0.72427,0.51841,0.60975,0.4229,0.5475,1.5072,100.33,1.5095,3.7239,-0.21313,0.87232,34.225,10.868,2.7286,-0.092366,1.2198,,0.74391,-0.15581,5.9615,0.015719,0.87448,150.23,41.653,2.0498,8.7063,92.181,0.49418,0.83361,2.4502,0.064247,0.092011,1.9954,1.9954,2979.8,-0.15578,0.48591,0.57244,0,3.3617,8.7628,39.557,9.2272,1.5902,1
0.17576,0.52992,0.14242,1.6299,64.038,0,0.21904,0.88708,0.99499,0.47008,0.2466,0.96884,0.27284,0.21904,712.5,0.51228,1.8871,0.21904,0.22014,5.5702,1.1055,0.24538,0.17665,0.50792,0.43973,0.43061,8.9015,0.22553,4.2959,0.5172,0.24664,111.79,3.2652,1.393,0.25679,0.99499,1.2243,0.75867,0.25809,0.090941,0.059313,0.24662,127.64,122.07,11.575,1.5628,7.5079,0.19295,0.19392,0.69539,0.22608,0.30626,0.74439,1.2014,2815.2,0.25809,0.37389,0.78039,0.61391,65.527,2.9901,82.936,4.401,1.5756,0
0.076549,0.62864,0.10848,1.2273,-6.203,0,0.093999,0.59073,1.4375,0.37136,0.12704,0.19695,0.092843,0.093999,1719.3,0.2123,1.5907,0.093999,0.065392,33.152,1.3228,0.12513,0.053252,0.24343,0.35718,0.18454,3.7875,0.26186,4.8483,0.38373,0.076257,130.56,2.7957,2.1225,0.10317,1.4375,3.373,0.50631,0.071773,0.1619,0.12732,0.087047,129.11,95.961,0.5863,0.95372,35.715,0.085667,0.059596,0.93178,0.47728,0.3577,0.89647,1.2222,7649.3,0.071773,0.20613,0.93571,0.3634,11.01,3.8036,121.19,3.0118,3.4701,0
-0.2966,3.0807,-2.2051,0.28422,-626.31,-2.0423,-0.2966,-0.6754,1.0818,-2.0807,-0.26239,-0.096277,-0.24777,-0.2966,-4194.9,-0.087011,0.3246,-0.2966,-0.27416,33.027,0.92744,-0.26242,-0.27416,-0.097598,-2.327,-0.087011,-7.6715,-17.724,3.275,2.8376,-0.25955,830.92,0.43927,0.43927,-0.27142,1.0818,,-2.0807,-0.25089,0.004072,-0.43908,-0.24257,291.18,258.15,-3.0299,0.25244,26.403,-0.29097,-0.26896,0.28422,3.0807,2.2765,-16.724,-16.724,-4154.1,-0.25089,0.14255,1.2661,0,11.052,1.4139,1039.4,0.35117,8.6954,0
0.07085,0.20669,0.56011,3.7098,27.273,0.11869,0.08853,3.8381,1.0852,0.79331,0.08853,0.42831,0.18977,0.08853,155.83,2.3423,4.8381,0.08853,0.034702,58.768,1.173,0.16834,0.027772,0.1495,0.79331,2.2567,0.7161,2.4018,4.3072,-0.008874,0.034702,32.093,11.373,0.81443,0.16834,2.5652,,0.79331,0.065986,1.1155,0.01205,0.065986,76.722,17.953,0.17249,1.7226,63.777,-0.22727,-0.089085,3.7098,0.20669,0.087926,3.4018,3.4018,11363,0.078537,0.08931,0.92146,0,6.2108,20.33,29.573,12.342,10.94,0
0.11704,0.26569,0.5406,3.2335,45.28,-0.019836,0.14605,2.763,2.0068,0.7341,0.14822,0.60339,0.084992,0.14605,568.56,0.64197,3.7638,0.14605,0.072777,54.52,0.99394,0.14404,0.058322,0.56196,0.71857,0.53279,66.331,2.4872,4.5491,0.12269,0.073783,47.484,7.7214,7.0344,0.14626,2.0068,87.275,0.73964,0.072883,0.12141,0.052542,0.071777,137,82.483,0.39045,1.995,58.542,0.11953,0.059561,2.9458,0.24205,0.12951,3.3775,3.403,3.2335,0.072883,0.15943,0.92554,0.007537,6.6947,4.4251,44.023,8.291,9.233,0
0.024305,0.62379,0.28907,1.7799,19.972,-0.052801,0.036183,0.60255,2.9506,0.37586,0.12718,0.097612,0.019132,0.036183,4033.4,0.090493,1.6031,0.036183,0.012263,13.846,1.115,0.12671,0.008237,0.16118,-0.0287,0.071452,1.3924,0.85018,3.4612,0.13936,0.013184,48.163,7.6178,4.5268,0.14134,2.951,2.1654,0.62886,0.047902,0.63185,0.14147,0.042944,52.642,38.796,0.21715,0.9338,14.543,0.10644,0.036075,1.0576,0.37068,0.13195,1.1054,1.8495,836,0.047932,0.064664,0.95687,0.67309,26.362,9.4082,45.855,7.9599,8.6777,1
0.12824,0.2728,0.31216,2.1443,20.606,0.46547,0.12824,2.6657,0.62496,0.7272,0.13475,0.47009,0.2743,0.12824,580.83,0.62841,3.6657,0.12824,0.20519,166.16,1.132,0.12042,0.20519,0.41997,0.59371,0.62841,18.482,0.75211,4.0803,0.15586,0.20519,196.95,1.8532,1.8532,0.1194,0.62496,,0.7272,0.19105,0.64729,0.055579,0.19268,238.51,72.345,0.45074,1.1014,205.4,0.07723,0.12358,2.1443,0.2728,0.53959,1.7521,1.7521,3755.5,0.19105,0.17635,0.79982,0,2.1967,5.0453,159.32,2.2909,1.5058,0
0.039117,0.20408,0.65074,5.878,79.566,0,0.049033,3.8999,1.6961,0.79592,0.04974,0.36756,0.03996,0.049033,1099.1,0.3321,4.8999,0.049033,0.02891,60.499,1.0136,0.043591,0.023064,0.14924,0.77309,0.28351,61.654,3.0146,3.2213,-0.089756,0.029326,29.353,12.435,8.1282,0.037233,1.6961,,0.79592,0.021953,2.7244,0.10914,0.025701,90.536,30.037,0.13915,3.7707,61.857,0.024848,0.01465,3.8422,0.1334,0.080419,3.6872,3.6872,1083.3,0.021953,0.049148,0.97153,0,6.0332,12.152,28.709,12.714,7.8572,0
0.093174,0.4618,0.23524,2.1683,6.9201,0.21086,0.097697,1.1035,1.1506,0.5096,0.097697,0.48521,0.19188,0.097697,1044.9,0.34933,2.1654,0.097697,0.11621,94.912,1.1346,0.10659,0.11083,0.21292,0.5096,0.33953,1.4587,0.41752,5.8579,0.48009,0.11621,100.58,3.6289,0.2308,0.10659,0.8544,0.83688,0.77005,0.12678,0.30784,0.0892,0.12678,162.63,67.722,0.4262,1.0826,109.21,0.042962,0.051101,0.94539,0.20135,0.27557,0.90448,1.3668,169610,0.1309,0.18284,0.8691,0.5111,3.8457,5.3897,87.416,4.1755,1.4922,0
0.044484,0.66555,0.014631,1.0436,-20.171,0,0.055262,0.50253,1.7657,0.33445,0.087222,0.16451,0.052657,0.055262,2612.8,0.1397,1.5025,0.055262,0.031298,21.233,1.4062,0.07212,0.025194,0.19551,0.30377,0.1235,2.2566,0.022528,3.8141,0.34691,0.039992,71.91,5.0758,2.5618,0.060684,1.7657,0.8617,0.62205,0.034368,0.17367,0.20199,0.040845,60.404,39.171,0.43308,0.73777,21.989,0.034406,0.019486,0.5267,0.33591,0.19701,0.51497,0.9578,95.367,0.034368,0.133,0.96917,0.8599,17.19,9.3182,69.439,5.2564,2.7187,0
0.063619,0.29652,0.16526,1.5573,-7.4151,0.007819,0.081089,2.252,1.1028,0.66777,0.081089,0.27347,0.16692,0.081089,790.27,0.46187,3.3725,0.081089,0.098837,79.209,1.3218,0.077571,0.077542,0.01573,0.66777,0.40295,1.0427,0.30704,4.8399,0.17409,0.098837,145.48,2.5089,0.26161,0.077571,0.83032,,0.66777,0.094548,0.52298,0.073059,0.094548,136.45,57.238,0.35732,0.95688,87.356,0.021709,0.02646,1.5573,0.29652,0.39859,1.2407,1.2407,11430,0.093258,0.095271,0.90674,0,4.6081,6.3768,131.92,2.7669,1.5243,0
0.026114,0.36414,0.42822,2.176,-91.08,0,0.026114,1.7462,1.2952,0.63586,0.026114,0.071713,0.051052,0.026114,2010,0.18159,2.7462,0.026114,0.020161,187.23,1.0386,0,0.020161,-0.15822,0.53706,0.18159,,2.0624,2.7042,0.26993,0.040323,135.23,2.6991,2.6991,0.002638,1.2952,,0.63586,0.002037,0.046335,0.30337,0,218.54,31.303,0.039304,0.35139,246.74,-0.04001,-0.030891,2.176,0.36414,0.3705,3.0624,3.0624,216.72,0.24118,0.041068,0.76129,0,1.9494,11.66,102.62,3.557,6.238,0
-0.29113,1.0455,0.15342,2.186,62.612,-0.21509,-0.29256,-0.043497,0.37289,-0.045475,-0.25279,-2.2617,-0.63304,-0.29256,-1616.5,-0.22579,0.9565,-0.29256,-0.78457,17.691,0.50596,-0.26157,-0.78072,-0.52068,-0.3896,-0.22442,-6.577,0.2139,4.5686,2.6054,-0.68914,60.735,6.0097,0.74356,-0.40448,0.37289,0.30154,0.83234,-1.0847,0.64877,-0.16994,-0.70147,194.64,176.95,-16.108,2.0463,8.486,-0.31808,-0.85299,0.27047,0.12935,0.1664,-0.063403,1.1605,5681.8,-1.0847,6.402,1.4979,-19.303,20.632,2.0627,126.62,2.8827,0.51991,0
0.45157,0.33368,0.45421,2.9412,27.245,0.96768,0.55863,1.9969,1.1025,0.66632,0.55863,2.3875,0.16619,0.55863,201.27,1.8135,2.9969,0.55863,0.15342,19.846,1.2997,0.33682,0.12402,1.1916,0.66632,1.4926,1.0199,1.4567,3.7003,0.022949,0.15342,25.86,14.114,1.0094,0.33682,3.8872,4.9169,0.76602,0.092504,1.1109,0.02862,0.092504,42.93,23.084,2.281,2.0951,21.88,0.29033,0.079737,2.0624,0.23398,0.070849,2.137,2.4567,2277.9,0.092995,0.6777,0.907,0.14963,18.392,15.812,23.455,15.562,11.677,0
0.003285,0.71963,-0.36259,0.49615,-195.03,0,0.003285,0.38961,1.1055,0.28037,0.003392,0.004564,0.002971,0.003285,79966,0.004564,1.3896,0.003285,0.002971,77.451,1.8207,0.003195,0.002971,0.012727,0.037813,0.004564,29.81,-0.56394,3.491,0.6426,0.003068,238.29,1.5318,1.5318,0.003195,1.1055,,0.28037,0.00289,0.012846,7.5072,0.00289,114.83,37.38,0.014002,0.17017,77.676,0.003195,0.00289,0.49615,0.71963,0.65284,0.43606,0.43606,-1123.1,0.00289,0.011716,0.99703,0,4.7126,9.7645,237.6,1.5362,1.7194,0
0.029785,0.37857,0.18374,2.5813,-16.974,0.17879,0.033495,1.5525,1.0872,0.58773,0.033495,0.28826,0.11367,0.033495,926.65,0.39389,2.6415,0.033495,0.025533,64.808,1.1775,0.08477,0.022705,0.2189,0.58773,0.38409,0.70257,0.26247,5.3687,0.25352,0.025533,35.15,10.384,0.22392,0.08477,1.3184,0.25541,0.85011,0.064619,0.41525,0.062109,0.064619,70.029,5.2209,0.12787,0.57674,70.462,-0.030853,-0.023519,0.79229,0.1162,0.096302,0.83954,1.2143,42948,0.080245,0.050678,0.91975,0.44643,5.632,69.911,32.33,11.29,1.8739,0
0.028392,0.13051,0.44042,6.3412,82.187,0.003158,0.036741,6.6625,1.265,0.86949,0.04101,0.44558,0.099958,0.036741,376.73,0.96887,7.6625,0.036741,0.029045,50.085,1.1297,0.021507,0.022445,0.16456,0.20678,0.90489,5.0384,0.92306,4.4399,-0.049398,0.03242,24.176,15.097,9.5388,0.020091,1.265,8.4437,0.91086,0.015883,2.3783,0.039118,0.017002,94.287,44.202,0.16357,4.2361,50.893,-0.068194,-0.05391,4.0065,0.082456,0.066237,1.8224,1.9091,12128,0.015883,0.032654,0.97178,0.047577,7.2876,8.2576,23.792,15.341,2.6512,0
0.1952,0.34691,0.25283,1.8342,23.092,0,0.2453,1.8826,2.8139,0.65309,0.25702,0.80935,0.11961,0.2453,376.21,0.97019,2.8826,0.2453,0.087177,11.278,1.3371,0.2483,0.069371,0.39392,0.40212,0.82577,21.202,0.56932,4.7101,0.099207,0.089797,43.416,8.4071,7.3451,0.26577,2.8139,19.352,0.67732,0.09445,0.25091,0.034054,0.088242,62.246,50.969,2.2452,1.5473,12.454,0.15703,0.055807,1.6025,0.30309,0.11895,1.4706,1.5252,12970,0.09445,0.29889,0.91312,0.037107,32.365,7.1613,39.315,9.284,6.3363,0
0.047417,0.2097,0.25547,2.4975,5.7869,0,0.058955,3.7687,1.5337,0.7903,0.068385,0.34558,0.16283,0.058955,306.5,1.1909,4.7687,0.058955,0.038441,55.337,1.2236,0.068241,0.030917,0.11419,0.57328,1.1358,7.2373,0.44511,3.7088,0.13281,0.044407,42.423,8.6037,6.9994,0.065907,1.5337,4.9496,0.8294,0.042973,0.04939,0.026987,0.044495,99.393,44.056,0.20393,1.1345,57.822,-0.12253,-0.079892,2.0318,0.1706,0.11623,1.377,1.4451,1306.6,0.042973,0.059999,0.96162,0.049479,6.596,8.2848,40.6,8.9901,2.6722,0
0.52489,0.62351,0.32364,1.5538,15.511,-0.88099,0.52489,0.60381,5.0497,0.37649,0.62606,0.89808,0.11036,0.52489,408.37,0.89379,1.6038,0.52489,0.10394,8.7815,1.1301,0.48356,0.10394,0.67181,0.31882,0.89379,4.7797,3.5216,3.2391,0.071871,0.10396,45.469,8.0275,7.5246,0.35796,5.0497,,0.37649,0.070887,0.44825,0.040281,0.095761,46.702,37.921,4.3204,1.3459,9.4515,0.45116,0.089343,1.4564,0.58445,0.12457,4.0966,4.0966,561.22,0.070887,1.3942,0.90135,0,41.565,9.6253,42.245,8.64,54.946,0
0.37221,0.70548,0.16015,1.2569,-27.845,0,0.37221,0.41748,2.5232,0.29452,0.3754,0.59714,0.17266,0.37221,591.04,0.61755,1.4175,0.37221,0.14751,41.696,1.7138,0,0.14751,0.62209,0.21414,0.61755,0,0.73959,4.0102,0.27642,0.29502,125.91,2.8989,2.5613,0.009671,2.5232,23.042,0.31602,0.003833,0.02366,0.37055,0,111.2,69.503,1.2913,0.7945,58.225,-0.063461,-0.025151,1.1105,0.62332,0.34496,1.3602,1.4594,1639.6,0.28389,1.2637,0.71655,0.072973,8.7539,5.2516,90.166,4.0481,11.653,0
-0.038399,0.40896,0.3498,1.8553,-1.9204,0.013068,-0.039948,1.3805,0.9667,0.56458,-0.039948,-0.097683,-0.004671,-0.039948,-14732,-0.024776,2.4452,-0.039948,-0.018415,57.685,0.88457,-0.034432,-0.0177,0.02775,0.56458,-0.020987,-0.15343,1.45,4.6208,0.16963,-0.018415,66.516,5.4874,-0.084195,-0.034432,2.2424,,0.56458,-0.015872,0.14604,-2.9125,-0.015872,117.61,59.927,-0.112,1.017,55.764,-0.064248,-0.029616,1.8553,0.40896,0.18224,2.3402,2.3402,14608,-0.034444,-0.068014,1.0344,0,6.3275,6.0907,68.807,5.3047,8.9924,0
0.015984,0.40361,0.40684,2.0095,27.189,0,0.025579,1.4776,5.2591,0.59639,0.025579,0.063472,0.025961,0.025579,1079,0.33827,2.4776,0.025579,0.004864,1.044,1.0931,0.025579,0.003039,0.089817,0.52727,0.31449,,2.1394,2.8594,0.062217,0.004864,28.122,12.979,12.96,0.028412,5.2591,,0.59639,0.005403,0.20231,0.098542,0.004864,50.547,49.503,1.0626,1.9722,1.0497,-0.08537,-0.016233,2.0065,0.403,0.077046,3.1362,3.1362,294.3,0.005403,0.026802,0.99514,0,349.6,7.3733,27.97,13.05,27.656,0
0.085054,0.35217,0.64165,2.8236,141.4,0,0.085054,1.8396,1.0904,0.64783,0.14159,0.24173,0.078,0.085054,1511.3,0.24152,2.8396,0.085054,0.078,79,1.1254,0.062201,0.078,-0.13422,0.39623,0.24152,1.1001,98.193,2.4566,0.31828,0.083929,173.33,2.9288,2.9262,0.060034,1.1721,,0.64783,0.055055,0.016983,0.18873,0.057042,330.55,251.55,0.36038,0.68775,83.595,0.062201,0.057042,2.8211,0.35185,0.34144,99.139,99.139,183.62,0.32053,0.13129,0.63225,0,4.6202,1.451,117.78,3.0991,166.87,1
-0.011985,0.62043,0.034719,1.056,-28.503,0.025592,-0.017294,0.45105,0.99458,0.27984,-0.017294,-0.027875,0.011934,-0.017294,11029,0.033093,1.6118,-0.017294,-0.010052,34.392,1.3686,-0.00332,-0.006966,0.041734,0.27984,0.041651,-0.019192,0.10068,4.743,0.35201,-0.010052,130.91,2.7881,-0.005351,-0.00332,1.7358,,0.27984,-0.00193,0.034465,0.59113,-0.00193,134.46,100.06,-0.073933,0.79468,34.205,-0.041146,-0.023916,1.056,0.62043,0.35866,0.81147,0.81147,1921.2,-0.005448,-0.042828,1.0054,0,10.613,3.6477,131.63,2.773,4.9889,0
0.036828,0.65579,-0.05408,0.88321,-31.483,0.036828,0.047663,0.38117,1.0277,0.24997,0.047663,0.10293,0.038417,0.047663,2273.5,0.16054,1.5249,0.047663,0.017391,22.83,1.0597,0.065181,0.013438,0.047663,0.24997,0.14402,,-0.091504,4.7203,0.23691,0.017391,63.38,5.7589,0.099393,0.065181,2.7575,1.2327,0.44269,0.023784,0.019862,0.17557,0.023784,53.246,30.416,0.21484,0.51304,23.462,0.00756,0.002759,0.62365,0.46307,0.17364,0.42295,0.74904,-2840,0.026931,0.14733,0.97307,0.77101,15.988,12,61.673,5.9183,4.6371,1
0.06016,0.43728,0.30265,1.8106,77.663,0.31973,0.079084,1.2869,1.1324,0.56272,0.079084,0.21183,0.11113,0.079084,1236.1,0.29529,2.2869,0.079084,0.068062,28.306,1.1043,0.14371,0.051775,0.40139,0.56272,0.25201,1.4006,0.93408,5.2276,0.2415,0.068062,132.81,2.7483,0.32866,0.14371,1.1781,9.1642,0.62665,0.12368,0.42492,0.074198,0.12368,162.51,134.21,0.66763,1.5693,32.054,0.093674,0.080618,1.5459,0.37335,0.36386,1.7368,1.9341,51112,0.11694,0.10691,0.88306,0.11361,12.895,2.7196,117.28,3.1122,3.5862,0
0.066045,0.10877,0.53531,5.9828,58.885,0,0.084958,8.194,1.6951,0.89123,0.086519,0.79082,0.087185,0.084958,268.63,1.3587,9.194,0.084958,0.05012,59.101,0.90169,0.079375,0.038962,0.4129,0.82707,1.1849,50.853,1.4984,3.9367,-0.086444,0.050218,24.275,15.036,14.851,0.079742,1.6951,,0.89123,0.047043,2.4406,0.025496,0.046826,81.942,22.841,0.24063,3.428,62.018,0.016546,0.009761,5.9093,0.10743,0.066506,2.4946,2.4946,4627.2,0.047043,0.074105,0.95055,0,6.1759,15.98,23.133,15.778,4.7447,0
0.30744,0.31017,0.20849,1.8115,7.5333,0,0.30744,2.224,1.5053,0.68983,0.31413,1.1967,0.3008,0.30744,250.02,1.4599,3.224,0.30744,0.20423,42.865,1.2113,0.30464,0.20423,1.1284,0.64446,1.4599,45.507,0.38998,3.8228,0.19662,0.20682,76.346,4.7809,3.9598,0.27712,1.5053,,0.68983,0.18409,0.090459,0.022975,0.20237,107.21,64.343,1.7391,1.1234,52.536,0.15927,0.1058,1.5004,0.2569,0.20917,1.2903,1.2903,1386.3,0.18409,0.44567,0.80143,0,8.5152,5.6727,62.291,5.8596,2.8158,0
0.004839,0.5681,0.032018,1.1305,-55.474,-0.014749,0.006413,0.63028,1.0779,0.35806,0.006413,0.026135,2340.2,0.15597,1.7603,0.006413,0.006359,55.125,1.1664,0.047767,1.1664,-0.024649,0.35806,0.1532,0.51052,0.044309,4.9314,0.56102,0.006359,95.728,3.8129,0.084083,0.047767,1.0257,0.38764,0.68077,0.047363,0.055014,0.14371,0.047363,95.511,40.386,0.031767,0.50976,59.419,-0.034427,-0.034136,0.48831,0.24539,0.26227,0.49552,0.94212,2733.9,0.072267,0.013514,0.92773,0.90126,6.6213,9.0377,88.81,4.1099,1.3957,0,0,0
0.10046,0.5042,0.28382,1.5629,-9.8168,0.10046,0.13181,0.95036,1.0452,0.47917,0.13181,0.26142,0.041564,0.13181,1193.2,0.3059,1.9833,0.13181,0.03552,35.329,1.2116,0.15591,0.027071,0.13181,0.47917,0.24372,,1.3389,3.9146,0.1276,0.03552,51.833,7.0419,0.30922,0.15591,3.7203,,0.47917,0.042015,0.10222,0.092949,0.042015,72.44,37.111,0.27968,0.85054,36.925,0.13348,0.035971,1.5629,0.5042,0.14201,2.2605,2.2605,2331.4,0.043212,0.20965,0.95679,0,10.331,9.8353,49.593,7.3599,17.506,1
-0.01351,0.44051,0.11767,1.2685,-3.6076,0,-0.01351,1.2701,1.1366,0.55949,0.000388,-0.030824,-0.011117,-0.01351,-12725,-0.028684,2.2701,-0.01351,-0.011886,40.609,1.0343,0,-0.011886,-0.003998,0.5295,-0.028684,0,0.265,4.426,0.38254,-0.02257,149.22,2.446,2.4336,0.007815,1.1366,192.78,0.56172,0.006876,0.017509,16.798,0,176.07,135.46,-0.10683,0.97996,43.054,-0.000874,-0.000769,1.2621,0.43828,0.40883,1.26,1.265,3138.5,0.056789,-0.024146,0.99899,0.003982,8.9881,2.6944,140.75,2.5933,2.5596,0
0.005421,0.42376,0.037372,1.1271,-307.41,0,0.005421,1.3599,0.7683,0.57624,0.005421,0.018433,0.007056,0.005421,28531,0.012793,2.3599,0.005421,0.007056,74.538,1.1326,0.003444,0.007056,-0.007402,0.52463,0.012793,,0.055902,4.906,0.53943,0.024944,624.78,0.58421,0.40545,0.024351,0.7683,1.9225,0.66705,0.031695,0.12411,4.1017,0.004482,140.13,65.594,0.034552,0.59359,333.31,0.003444,0.004482,0.78222,0.2941,1.7117,0.86196,0.99778,3009.9,0.77637,0.009408,0.25,0.15758,4.8968,5.5646,139.72,2.6124,1.1492,0
0.077196,0.40125,0.28155,1.7017,-6.5094,0.18422,0.10349,1.4039,1.0553,0.56332,0.10349,0.25793,0.049914,0.10349,1021.6,0.35728,2.4922,0.10349,0.036034,41.462,1.1737,0.098087,0.026878,0.24601,0.56332,0.29174,0.36041,0.88763,4.2265,0.093069,0.036034,53.813,6.7828,0.24446,0.098087,2.8912,,0.56332,0.034152,0.34326,0.095626,0.034152,69.27,27.808,0.23661,0.8886,43.755,0.058222,0.020272,1.7017,0.40125,0.14743,1.7759,1.7759,4743.4,0.052415,0.13704,0.94758,0,8.8032,13.126,50.992,7.1579,9.0546,0
0.015824,0.051845,0.221,5.4651,13.916,-0.17233,0.012172,15.697,1.0426,0.81383,0.012172,0.24593,0.082296,0.012172,401.89,0.90822,19.288,0.012172,0.021274,116.11,1.2002,0.012447,0.027657,-0.18003,0.81383,0.97866,0.22681,0.30294,4.6219,0.071225,0.021274,32.92,11.088,0.24007,0.012447,0.58677,37.647,0.81618,0.021754,0.61059,0.035989,0.021754,153.28,37.169,0.086943,1.7878,121.05,-0.022468,-0.039268,5.2173,0.049494,0.090191,1.1156,1.1188,9252.8,0.04087,0.019444,0.95913,0.002888,3.1437,9.8199,31.574,11.56,0.78431,0
0.000423,0.94046,-0.42327,0.50347,-170.28,0.044239,0.004541,0.063304,1.1825,0.059535,0.06419,0.005327,0.038236,0.004541,7591.8,0.048078,1.0633,0.004541,0.00384,26.201,1.1053,0.062765,0.000358,0.084815,0.044662,0.043699,1.0522,-0.74151,4.568,0.79219,0.013689,276.22,1.3214,1.1977,0.05611,1.1825,4.05,0.14455,0.047449,0.010651,0.30307,0.053076,129.67,103.47,0.004984,0.40389,27.506,0.02209,0.018681,0.45635,0.85245,0.75677,0.1043,0.25323,-15653,0.047449,0.007106,0.99619,1.4279,13.931,3.5277,263.12,1.3872,2.0717,0
0.066911,0.56644,0.023246,1.041,-16.561,0.22388,0.066911,0.76541,1.0188,0.43356,0.066911,0.11813,0.023532,0.066911,1952.9,0.1869,1.7654,0.066911,0.014873,17.924,1.0066,0.080528,0.014873,0.22388,0.43356,0.1869,0.18236,0.056654,4.6012,0.12253,0.014873,46.82,7.7958,0.14216,0.080528,4.5068,,0.43356,0.017899,0.033296,0.15586,0.017899,46.311,28.387,0.30286,0.65101,18.261,0.041569,0.00924,1.041,0.56644,0.12827,1.0567,1.0567,927.98,0.018474,0.15433,0.98153,0,20.364,12.858,45.955,7.9425,10.965,0
0.006592,0.30954,0.25986,1.8709,8.5504,0.023314,0.00867,1.8796,0.98433,0.58181,0.00867,0.029056,0.022078,0.00867,1600.7,0.22802,3.2306,0.00867,0.002712,20.96,1.0972,-0.004063,0.002062,0.03009,0.58181,0.22131,-0.01251,0.58825,4.1433,0.06276,0.002712,33.534,10.885,-0.013127,-0.004063,3.2746,33.609,0.59296,-0.001271,0.36699,0.17592,-0.001271,51.234,30.274,0.035907,1.2556,20.632,-0.065975,-0.020637,1.8035,0.29839,0.091873,1.3171,1.3423,3614.1,-0.015924,0.01133,1.0159,0.01916,17.414,12.057,34.068,10.714,7.2369,0
-0.05502,0.81037,0.02281,1.0393,-105.43,-0.05502,-0.067794,0.11855,0.98277,0.096073,-0.067794,-0.11677,-0.011757,-0.067794,-16062,-0.022724,1.234,-0.067794,-0.043285,109.34,1.2999,-0.062974,-0.035129,-0.067794,0.096073,-0.006961,,0.057512,4.2904,0.51512,-0.043285,132.97,2.745,-0.07771,-0.062974,1.601,0.58403,0.32587,-0.040208,0.016332,-1.9597,-0.040208,138.41,29.067,-0.11727,0.23117,107.45,-0.11235,-0.071735,0.74458,0.58057,0.3643,0.24223,0.82163,445.13,-0.017533,-0.57269,1.0175,2.3919,3.3382,12.557,135.3,2.6977,3.949,1
0.051073,0.27834,0.37414,2.3442,17.14,0.10002,0.066637,2.5635,1.0497,0.71353,0.066637,0.23941,0.076198,0.066637,860.05,0.42439,3.5927,0.066637,0.042984,40.175,1.1774,0.075358,0.032945,0.13067,0.71353,0.36848,0.51028,1.0766,5.2594,0.1496,0.042984,68.793,5.3058,0.27074,0.075358,1.5575,,0.71353,0.04861,0.65411,0.072141,0.04861,110.76,70.58,0.29931,1.7311,42.173,0.023869,0.015397,2.3442,0.27834,0.18847,2.0532,2.0532,67985,0.047379,0.071578,0.95262,0,9.0852,5.1714,65.534,5.5697,4.4609,0
-0.030915,0.10776,0.39631,4.6778,53.068,0.034674,-0.030915,7.5708,0.9778,0.81581,-0.030915,-0.28689,0.011223,-0.030915,1604.1,0.22755,9.2801,-0.030915,-0.01415,11.823,0.98443,-0.039786,-0.01415,0.051166,0.81581,0.22755,-0.17806,0.79912,4.4371,-0.071764,-0.01415,17.602,20.736,-0.36922,-0.039786,2.2117,,0.81581,-0.01821,2.4952,0.22639,-0.01821,39.291,27.468,-0.43681,4.021,11.561,-0.095221,-0.043582,4.6778,0.10776,0.048225,1.645,1.645,10842,-0.022705,-0.037895,1.0227,0,30.871,13.288,18.002,20.276,4.4056,0
0.005343,0.23966,0.26287,3.2089,110.93,0.076238,0.012734,3.1657,1.0121,0.75868,0.012734,0.107,0.076468,0.012734,1601.5,0.22791,4.1726,0.012734,0.017826,26.832,1.0412,0.012397,0.00748,0.10884,0.75868,0.19708,0.17566,0.42528,4.5659,0.1124,0.017826,61.548,5.9304,0.051729,0.012397,0.73201,2.73,0.87933,0.017356,1.3879,0.14514,0.017356,110.74,83.907,0.10175,2.7676,27.156,-0.029491,-0.041286,1.5935,0.11901,0.16862,1.2274,1.4226,9674.1,0.011957,0.007043,0.98804,0.15902,13.603,4.35,60.812,6.0021,1.1556,0
-0.16743,0.64851,0.060182,1.1111,0.80667,0.085919,-0.15472,0.53053,1.0241,0.34406,-0.15472,-0.28573,-0.000459,-0.15472,-217910,-0.001675,1.542,-0.15472,-0.065386,7.9227,0.98693,-0.16459,-0.070758,0.16147,0.34406,-0.021274,-0.7123,0.15109,4.2955,0.17315,-0.065386,85.536,4.2672,-0.25379,-0.16459,2.4125,5.1418,0.45108,-0.069555,0.44837,-1.947,-0.069555,55.358,47.435,-3.2598,1.0163,8.1134,-0.31822,-0.13448,0.92777,0.54149,0.23435,0.86375,1.1324,1188.4,0.02351,-0.48664,0.97649,0.31107,46.07,7.6947,83.525,4.3699,5.9404,0
0.11527,0.69837,-0.22188,0.63023,-84.503,0,0.11527,0.4319,2.8274,0.30163,0.15806,0.19211,0.095139,0.11527,947.62,0.38518,1.4319,0.11527,0.04077,24.756,1.0664,0,0.04077,-0.12716,0.16409,0.38518,0,-0.35681,3.7506,0.24429,0.08154,112.49,3.2446,2.7878,0.075111,2.8274,1.9573,0.39686,0.026566,0.024886,0.15144,0,46.891,22.135,0.60111,0.31064,35.952,-0.15372,-0.054369,0.54149,0.60004,0.3082,0.48506,0.6382,-1249.3,0.31142,0.38217,0.70372,0.31571,14.744,16.49,77.461,4.712,4.5468,0
0.28403,0.488,0.26988,1.6939,266.47,-0.20806,0.31562,1.0492,0.052331,0.512,0.32109,0.81147,6.1494,0.31562,553.5,0.65944,2.0492,0.31562,6.0311,753.63,0.24505,0.32108,5.4276,0.24875,0.12152,0.59472,58.701,0.79101,3.6105,9.1987,6.1342,634.86,0.57493,0.45823,-0.17129,0.052331,,0.512,-3.2731,0.019299,0.049704,6.1355,4542.8,3789.1,2.6287,1.4161,176.37,0.31489,6.0172,1.35,0.38894,1.7393,1.5007,1.5007,1100.6,-3.2731,0.55475,0.47324,0,0.48432,0.096328,2712.8,0.13455,0.15338,0
0.13287,0.61193,0.3996,1.6656,95.74,0,0.15942,0.63418,1.1832,0.38807,0.20121,0.26553,0.13647,0.15942,1383.2,0.26388,1.6342,0.15942,0.13473,31.279,0.86832,0.14238,0.11229,0.56869,0.37373,0.22048,3.4069,,3.5424,0.16471,0.15162,208.2,1.7531,1.7201,0.13066,1.1832,77.946,0.3996,0.11042,0.72594,0.14123,0.12033,174.03,142.75,1.3103,1.4967,35.162,0.14033,0.1186,1.6342,0.6004,0.57041,,,1393.2,0.11042,0.34238,0.87285,0.029707,11.669,2.557,185.21,1.9707,,0
0.3973,0.59491,0.3958,1.7746,36.934,0,0.3973,0.68092,3.0098,0.40509,0.39804,0.77751,0.14196,0.3973,508.23,0.71818,1.6809,0.3973,0.132,15.31,1.6138,0.3896,0.132,0.66642,0.3973,0.71818,525.62,4.2465,4.1502,0.11108,0.13225,70.962,5.1436,4.418,0.38142,3.0098,72.566,0.41584,0.12673,0.51581,0.047265,0.12945,78.004,62.695,3.1471,1.5275,17.532,0.35965,0.1195,1.5242,0.51099,0.19442,4.3462,4.4616,5592.9,0.12673,0.98078,0.86873,0.026553,23.841,5.8219,61.969,5.89,32.292,0
0.088671,0.82691,-0.19798,0.67115,-57.814,0.001228,0.10978,0.20925,2.8532,0.17303,0.14915,0.18234,0.038475,0.10978,2749.4,0.13276,1.2093,0.10978,0.038475,31.007,1.1817,0.15212,0.031078,0.22499,0.16749,0.10723,3.864,-0.33226,4.178,0.28495,0.050077,87.38,4.6046,3.3525,0.13214,2.9258,0.72178,0.39703,0.046314,0.031088,0.1812,0.053316,49.296,18.289,0.36583,0.43369,31.914,0.15212,0.053316,0.48864,0.60204,0.21717,0.29038,0.6663,-2983,0.11859,0.51247,0.87703,1.2946,11.771,19.958,77.018,4.7392,4.7883,1
0.38307,0.42681,0.53474,2.2529,-5.206,0,0.40465,1.343,5.3091,0.57319,0.43142,0.94807,0.080826,0.40465,363.04,1.0054,2.343,0.40465,0.076217,40.189,1.1326,0.4314,0.072154,0.24327,0.46792,0.95486,16.114,13.907,2.6767,0.038626,0.08126,32.354,11.281,11.281,0.49409,5.3091,,0.57319,0.093065,0.56508,0.031208,0.081257,49.525,9.3358,0.6553,0.88324,44.313,0.40693,0.076648,2.2529,0.42681,0.088641,14.907,14.907,253.99,0.093065,0.66832,0.92395,0,9.082,39.097,29.343,12.439,138.07,0
0.13631,0.064465,0.5767,10.191,171.32,0.37864,0.16956,12.873,1.1066,0.82984,0.16956,2.7022,0.20153,0.16956,102.22,3.5706,15.512,0.16956,0.14846,18.212,0.8756,0.15284,0.11934,0.46887,0.82984,3.0548,1.4808,1.5995,4.7606,-0.23133,0.14846,22.189,16.45,2.3709,0.15284,1.218,339.1,0.83155,0.13382,6.1523,0.009929,0.13382,80.983,62.77,2.3918,9.2826,20.153,0.09222,0.080743,9.9193,0.062747,0.060792,2.3016,2.3063,33232,0.096295,0.16426,0.90371,0.00207,20.041,5.8148,20.052,18.202,3.1677,0
0.12479,0.54504,0.028495,1.0816,-21.42,0.19342,0.13554,0.83471,1.05,0.45496,0.13554,0.38821,0.10518,0.13554,1112.6,0.32806,1.8347,0.13554,0.07973,25.989,2.4486,0.17178,0.07341,0.18614,0.45496,0.30834,1.0611,0.045785,4.6653,0.31563,0.07973,78.715,4.637,0.31516,0.17178,1.8029,1.3097,0.65087,0.10105,0.027809,0.083327,0.10105,78.997,53.008,1.031,0.73493,27.29,0.12851,0.075595,0.69283,0.34913,0.21566,0.731,1.0458,1318.6,0.047662,0.27429,0.95234,0.43063,14.044,6.8858,74.963,4.8691,2.7313,0
0.032243,0.68512,0.48197,1.9388,47.829,0.27739,0.066396,0.45959,2.5693,0.31488,0.068141,0.12934,0.027535,0.066396,3534.7,0.10326,1.4596,0.066396,0.025842,20.933,1.271,0.062269,0.012549,0.35133,0.30963,0.05341,35.681,103.26,3.9791,0.17693,0.026521,74.27,4.9145,3.6825,0.04637,2.5693,,0.31488,0.018048,0.44908,0.34281,0.024236,108.65,87.714,0.21881,1.6518,21.318,0.057919,0.022543,1.4528,0.51337,0.20348,67.459,67.459,4592.8,0.018048,0.1024,0.97454,0,17.437,4.1612,72.93,5.0048,550.44,0
0.026474,0.35883,0.47461,2.8054,79.81,-0.061996,0.026474,1.7868,1.5562,0.64117,0.037078,0.10071,0.027922,0.026474,3014.2,0.12109,2.7868,0.026474,0.017012,25.054,1,0.036987,0.017012,-0.035522,-0.032999,0.12109,3.4879,1.808,4.0129,0.22671,0.0238,63.048,5.7892,4.2412,0.034321,1.5562,9.2117,0.70963,0.022054,0.15287,0.22164,0.023767,163.55,138.49,0.24783,2.399,25.619,0.020008,0.012857,2.0552,0.26288,0.17273,2.4425,2.7033,4889.3,0.022054,0.04129,0.98407,0.10678,14.568,2.6355,61.658,5.9198,5.9283,0
0.03443,0.3744,0.17403,1.5577,0.5984,0.11647,0.043425,1.6709,1.0312,0.6256,0.043425,0.13916,0.040195,0.043425,1958.1,0.18641,2.6709,0.043425,0.025009,33.675,1.2496,0.05332,0.019829,0.14674,0.6256,0.16238,0.31667,0.33864,5.2734,0.20029,0.025009,67.642,5.396,0.14241,0.05332,1.7716,5.226,0.68795,0.030708,0.12089,0.15447,0.030708,94.25,60.575,0.21492,1.0443,34.726,0.026953,0.015523,1.2983,0.31205,0.18532,1.2173,1.3386,32659,0.03026,0.055035,0.96974,0.099678,10.839,6.0256,65.596,5.5644,3.3786,0
0,0.24735,0.46977,3.0284,7.5342,-0.15083,-0.15083,3.0429,1.4037,0.75265,-0.14832,-0.65127,-0.074568,-0.15083,-862.52,-0.42318,4.0429,-0.15083,-0.10745,111.1,1.0942,-0.1515,0,-0.71184,0.38122,0.1866,-60.464,1.573,3.2772,0.15444,-0.1074,54.642,6.6799,6.2543,-0.14329,1.4037,,0.75265,-0.10208,0.1799,-0.078263,-0.10793,171.54,60.44,0,1.1836,100.81,-0.19766,-0.14081,2.8355,0.23159,0.1497,2.5202,2.5202,889.4,-0.10208,0,1.1039,0,3.2854,6.039,60.219,6.0612,4.7002,0
-0.04462,0.23077,0.76923,4.3333,41.92,-1.4406,-0.027201,3.3333,6.8138,0.76923,-0.007055,-0.11787,0.062773,-0.027201,196.93,1.8535,4.3333,-0.027201,-0.003992,0,1.3317,-0.007091,-0.006548,-0.80687,-1.049,1.778,-0.35199,,1.4393,-0.025906,-0.003992,12.18,29.968,29.968,-0.10186,6.8138,,0.76923,-0.014949,1.8382,0.017177,-0.001041,30.844,30.844,,4.3333,0,-0.46202,-0.067806,4.3333,0.23077,0.033369,,,21.153,-0.014949,-0.058006,1.0039,0,,11.834,12.362,29.526,,0
0.097328,0.34809,0.46753,6.6264,79.018,0.02823,0.097328,1.8728,1.3283,0.65191,0.099874,1.1713,0.091951,0.097328,1040.3,0.35088,2.8728,0.097328,0.073274,66.443,1.3052,0.000007,0.073274,0.1332,0.61592,0.35088,0.002688,1.0404,5.1646,0.19382,0.1646,29.773,12.259,2.9266,0.073519,1.3283,2.3989,0.78065,0.05535,1.1821,0.46759,0.000005,124.32,57.875,0.40253,3.7166,86.633,-0.024801,-0.018672,1.5819,0.083096,0.08157,1.4507,1.7372,68299,0.23305,0.1493,0.77822,0.19748,5.4934,6.3067,22.834,15.985,2.9558,0
0.025046,0.54417,0.2678,1.8929,11.119,0,0.031273,0.83768,1.1171,0.45583,0.07046,0.10427,0.069595,0.031273,2554.8,0.14287,1.8377,0.031273,0.027995,71.29,0.36467,0.060973,0.022421,0.22237,0.34747,0.13143,1.5559,0.61949,3.6641,0.45352,0.049797,103.81,3.5162,1.938,0.062503,1.1171,1.4311,0.70008,0.055952,0.18679,0.16882,0.054582,167.19,95.903,0.11479,1.1654,75.515,0.014502,0.012982,1.0433,0.29992,0.2844,1.0545,1.6195,1235.6,0.055952,0.054945,0.97236,0.53581,5.12,3.8059,97.998,3.7246,2.5842,0
-0.69891,3.1835,-1.9821,0.2589,-269.88,-1.6512,-0.69891,-0.68586,1.4112,-2.1834,-0.65075,-0.26132,-0.4697,-0.69891,-1753,-0.20821,0.31412,-0.69891,-0.49527,70.27,1.3311,-0.65075,-0.49527,-0.91132,-2.1877,-0.20821,-13.513,-6.4447,2.9542,2.2471,-0.46114,322.88,1.1401,0.95781,-1.6123,2.3989,,-2.1834,-1.1425,0.006498,-0.17264,-0.46114,174.61,104.34,-2.5726,0.10808,32.521,-0.68683,-0.48671,0.21751,2.6746,0.87715,-7.0992,-7.0992,-1783.8,-1.1425,0.3201,1.2711,0,5.1943,3.4983,691.78,0.52763,4.5883,1
-1.7114,4.8114,-4.2286,0.054313,-377.75,-2.2743,-1.88,-0.79216,1.9429,-3.8114,-1.8086,-0.42045,-0.94559,-1.88,-955.93,-0.38183,0.20784,-1.88,-0.96765,5.3676,0.75724,-1.8286,-0.88088,-2.5943,-3.9543,-0.34679,-25.6,-5.5849,2.5441,2.4765,-0.93088,473.65,0.91693,0.85214,-1.5029,2.2914,,-3.8114,-0.77353,0,-0.089813,-0.94118,45.625,40.257,-59.9,0.00639,3.0265,-1.8714,-0.96324,0.050475,4.4714,1.2977,-5.034,-5.034,-1480,-0.77353,0.44903,1.7893,0,68,9.0667,840.04,0.4345,2.566,1
0.60996,0.34185,0.41115,2.2027,5.3536,0.9742,0.70051,1.8797,1.5217,0.64259,0.70051,2.0491,0.38619,0.70051,169.31,2.1559,2.9252,0.70051,0.36707,28.165,1.2916,0.64381,0.31963,1.0873,0.64259,1.891,5.1337,1.6646,4.3334,0.081331,0.36707,99.496,3.6685,1.8833,0.64381,1.9669,,0.64259,0.33737,1.265,0.016521,0.33737,61.314,33.149,4.1422,1.772,42.858,0.60733,0.31825,2.2027,0.34185,0.27259,2.6016,2.6016,8858.5,0.34284,0.94922,0.65716,0,12.959,11.011,65.384,5.5824,7.7262,0
-0.012264,0.25468,0.47991,13.068,27.928,-0.069182,-0.012264,2.9266,0.99545,0.74532,-0.012264,-0.30842,0.055425,-0.012264,1830.2,0.19943,3.9266,-0.012264,-0.013384,164.06,1.0229,-0.0034,-0.013384,-0.069182,0.74532,0.19943,-0.036936,0.99914,4.7812,0.25862,-0.013384,15.767,23.149,-0.013351,-0.0034,0.92342,0.5016,0.96023,-0.00371,0.48285,0.14036,-0.00371,199.35,35.29,-0.029777,2.7108,163.31,-0.066454,-0.07252,2.0405,0.039766,0.043198,1.5517,1.9991,28994,-0.004566,-0.016455,1.0046,0.28834,2.2249,10.343,15.839,23.044,1.9078,0
0.011781,0.63232,-0.50076,0.16615,-2503.7,-0.32779,0.011781,0.5815,0.091511,0.36769,0.011781,0.019617,0.30862,0.011781,8172.1,0.044664,1.5815,0.011781,0.12874,0,0.69119,0.011781,0.12874,-0.075207,-0.31601,0.044664,,-0.55627,2.978,6.1218,0.12874,2476.4,0.14739,0.13998,0.002998,0.10029,3.208,0.3988,0.032759,0.12061,0.74631,0.12874,109.08,109.08,,0.16615,0,-0.004681,-0.051149,0.1578,0.60054,6.7848,0.40845,0.443,-476.08,0.032759,0.032039,0.88254,0.08459,,3.3462,2395.3,0.15238,0.10165,1
0.017273,0.64308,0.21456,1.3336,-104.75,0.065446,0.017273,0.55501,1.4882,0.35692,0.041768,0.026859,0.017874,0.017273,8824.5,0.041362,1.555,0.017273,0.011607,156.13,0.90974,0.028591,0.011607,0.23884,0.083617,0.041362,1.1672,1.5073,2.4664,0.41714,0.015229,160.81,2.2698,2.2698,0.028506,1.4882,,0.35692,0.019155,0.03469,0.56534,0.019212,204.88,48.752,0.027134,0.34378,159.18,0.019264,0.012945,1.3336,0.64308,0.44057,2.5073,2.5073,62.806,0.019155,0.048394,0.9885,0,2.3378,7.4869,157.73,2.3141,10.454,0
0.11839,0.73289,-0.14296,0.76959,-55.832,0,0.11839,0.36446,2.9557,0.26711,0.13961,0.1908,0.076656,0.11839,1180.6,0.30915,1.3645,0.11839,0.040053,33.196,1.2027,0.13961,0.040053,0.32323,0.25459,0.30915,6.5783,-0.27362,3.245,0.2381,0.047222,80.081,4.5579,3.8587,0.12771,2.9557,1.8564,0.37953,0.043206,0.063141,0.098587,0.047234,54.129,20.933,0.4404,0.33635,34.695,0.031421,0.010631,0.65154,0.62047,0.2194,0.51122,0.72638,-251.31,0.043206,0.44322,0.96011,0.42088,10.995,17.436,76.621,4.7637,5.657,0
-0.016124,0.59589,0.11762,1.2005,-571.09,-0.012211,-0.015773,0.67815,0.23515,0.40411,-0.010335,-0.02689,0.16063,-0.015773,5758.2,0.063388,1.6781,-0.015773,-0.067079,656.75,0.86229,-0.013812,-0.068569,-0.022628,0.37417,0.0628,-2.5396,0.39766,3.6999,2.1903,-0.067061,858.56,0.42513,0.4185,-0.014232,0.23515,,0.40411,-0.060521,0.14665,0.49991,-0.058739,959.56,302.81,-0.038108,0.47922,619.27,-0.067358,-0.28645,1.1818,0.5866,2.3522,1.3662,1.3662,589.43,-0.060521,-0.0399,1.0653,0,0.55577,1.2054,910.52,0.40087,0.79501,0
0.10649,0.60802,0.36524,1.6007,24.411,0.42502,0.13205,0.46286,1.0308,0.28143,0.13205,0.21718,0.031074,0.13205,1658.1,0.22013,1.6447,0.13205,0.030657,6.9422,1.367,0.12777,0.024723,0.53135,0.28143,0.1781,0.30579,13.657,4.1437,0.13125,0.030657,53.111,6.8724,0.21015,0.12777,4.3147,,0.28143,0.029665,0.070353,0.15428,0.029665,78.849,71.906,1.2999,1.466,7.1562,0.12598,0.029248,1.6007,0.60802,0.14551,10.524,10.524,5084.6,0.029898,0.37839,0.9701,0,52.577,5.0761,51.523,7.0842,161.06,0
0.089495,0.51413,0.30029,1.5841,-6.6717,0,0.11211,0.94504,4.6488,0.48587,0.13649,0.21805,0.027076,0.11211,1490.8,0.24483,1.945,0.11211,0.024115,29.757,0.78103,0.12616,0.019251,0.32934,0.46248,0.20085,5.1738,1.6181,3.6309,0.10739,0.025606,41.5,8.7952,8.7952,0.12698,4.6488,,0.48587,0.027314,0.038374,0.12248,0.027137,62.395,32.637,0.23613,0.8469,30.593,0.11239,0.024176,1.5841,0.51413,0.1137,2.6181,2.6181,1283.7,0.027314,0.1842,0.976,0,12.266,11.183,40.366,9.0422,25.05,0
0.002247,0.35811,0.11918,1.8198,-50.26,0.014668,0.006626,1.6922,1.0059,0.606,0.006626,0.045576,0.091808,0.006626,3148.5,0.11593,2.7925,0.006626,0.014652,118.36,0.89829,0.033943,0.004969,0.023296,0.606,0.1037,0.75506,0.16205,4.2131,0.75033,0.014652,118.03,3.0923,0.094786,0.033943,0.48785,0.55434,0.81873,0.075065,0.33882,0.17104,0.075065,173.79,55.428,0.015324,0.81117,119.05,-0.000945,-0.002091,0.73876,0.14538,0.32338,0.82399,1.1132,1946.6,0.005844,0.003708,0.99416,0.35104,3.0838,6.5851,117.35,3.1105,0.61485,0
-0.22619,1.2099,-1.1662,0.03611,-2957.9,0,-0.22619,-0.17351,0.1421,-0.20993,-0.1529,-0.18695,-0.51488,-0.22619,-6036.1,-0.06047,0.82649,-0.22619,-1.5918,0,,-0.15287,-1.5918,-0.22619,-0.22619,-0.06047,-2.0857,-1.2195,2.4877,8.329,-1.076,1497.2,0.24379,0.24379,-0.15287,0.1421,,-0.20993,-1.0758,0.021779,247.95,-1.0758,44.539,44.539,,0.021779,0,-0.3059,-2.1527,0.03611,1.2099,4.1019,-0.21952,-0.21952,-358.49,-1.0758,1.0775,2.0758,0,,8.1951,3107.8,0.11744,0.14859,1
0.009437,0.28029,0.2409,1.9586,-1.4515,0,0.012014,2.5678,2.6735,0.71971,0.012016,0.047806,0.018332,0.012014,2087.4,0.17486,3.5678,0.012014,0.004494,33.807,0.97727,0.005455,0.00353,0.035839,0.64169,0.16566,2345.1,0.4744,3.6748,0.043614,0.004495,32.455,11.246,10.083,-0.15271,2.6735,,0.71971,-0.057121,0.66936,0.22009,0.00204,44.233,10.426,0.038109,0.97324,31.981,-0.031542,-0.011798,1.756,0.25129,0.088917,1.4173,1.4173,1139.3,-0.057121,0.013112,0.99579,0,10.796,35.01,34.308,10.639,5.2648,0
-0.24855,0.73298,0.026407,1.0507,-208.13,0,-0.27523,0.36417,1.02,0.26693,-0.13159,-0.52816,-0.26983,-0.27523,-972.07,-0.37549,1.3643,-0.27523,-0.26983,114.58,0.83058,-0.13569,-0.24368,0.22616,0.072442,-0.33909,-0.94472,0.058371,4.0496,0.71862,-0.24367,312.93,1.1795,0.83852,-0.13471,1.02,4.8896,0.31342,-0.13207,0.11813,-0.18006,-0.13304,173.9,59.317,-0.77626,0.43623,190.15,-0.13569,-0.13304,0.74696,0.5211,0.84784,0.59002,0.69278,296,0.40409,-0.93115,0.7434,0.17417,3.1856,6.1534,186.47,1.9574,2.2546,1
0.086094,0.41647,0.55981,3.6812,17.254,0,0.10699,1.4012,1.4154,0.58354,0.13382,0.51243,0.087802,0.10699,1223.2,0.2984,2.4012,0.10699,0.07559,126.17,1.0868,0.12549,0.060826,0.31861,0.46184,0.24823,4.6775,2.4192,3.8093,0.25757,0.087354,59.161,6.1696,3.0931,0.12725,1.4154,1.3451,0.79121,0.089904,0.29475,0.097233,0.088659,182.33,56.164,0.17597,1.3379,138.63,0.1082,0.076448,1.8455,0.20879,0.16208,2.5217,3.4192,3608.6,0.089904,0.14754,0.92531,0.35589,2.8929,6.4988,53.842,6.7791,6.1166,0
-0.054321,0.56823,-0.047489,0.87997,512.13,-0.0148,-0.053041,0.75984,1.2027,0.43177,-0.037268,-0.13406,-0.013418,-0.053041,-12852,-0.028399,1.7598,-0.053041,-0.044101,21.204,1.1872,-0.065077,-0.045166,-0.03405,0.20685,-0.030653,-4.1259,-0.072853,5.0912,0.46476,-0.044101,135.31,2.7164,1.8914,-0.065385,1.2027,1.6125,0.60435,-0.054365,0.023436,-0.6723,-0.054109,102.85,81.644,-0.77749,0.70338,23.728,-0.10198,-0.084793,0.61271,0.39565,0.36813,0.66238,0.92715,-5859,0.11257,-0.12581,0.90674,0.39972,17.214,4.4706,120.07,3.0398,1.8451,0
0.00263,0.059649,0.38095,7.3866,34.138,0,0.003248,15.765,1.2788,0.94035,0.003248,0.054446,0.03657,0.003248,465.53,0.78405,16.765,0.003248,0.00254,75.381,1.0868,0.003173,0.002057,-0.19018,0.78437,0.77369,,0.68101,2.5059,-0.019853,0.00254,17.067,21.386,21.386,0.003173,1.2788,,0.94035,0.002481,1.4256,0.042583,0.002481,101.48,26.102,0.009958,2.9588,75.569,-0.040347,-0.03155,7.3866,0.059649,0.046759,1.681,1.681,122.11,0.002479,0.002797,0.99746,0,4.842,13.983,17.025,21.439,2.2861,0
0.075351,0.30821,-0.026616,0.8981,-21.29,0.048123,0.085533,1.6897,0.98643,0.52079,0.085533,0.32747,0.10948,0.085533,726.74,0.50224,3.2446,0.085533,0.060495,12.548,1.1154,0.097431,0.053294,0.058305,0.52079,0.4692,0.67975,-0.034773,4.5936,0.19408,0.060495,66.513,5.4876,0.31612,0.097431,1.5792,3.9557,0.5678,0.068911,0.15027,0.060788,0.068911,50.425,37.877,1.5503,0.71201,12.377,0.02817,0.019924,0.7611,0.26119,0.18223,0.68039,0.74182,-1044.1,-0.013756,0.14469,1.0138,0.090275,29.089,9.6365,67.428,5.4132,1.8472,0
0.003588,0.7801,0.080966,1.139,-36.223,0.003588,0.013073,0.2755,0.98149,0.21492,0.013073,0.022446,0.026333,0.013073,4951.4,0.073717,1.2819,0.013073,0.005986,49.908,0.7388,0.041053,0.001643,0.013073,0.21492,0.061558,,0.24054,4.9936,0.35624,0.005986,95.544,3.8202,0.052626,0.041053,2.3138,1.8455,0.41259,0.018799,0.006714,0.30001,0.018799,110.22,60.317,0.012017,0.62633,48.984,-0.00338,-0.001548,0.8504,0.58243,0.26176,0.6385,1.2257,7978.5,-0.018859,0.016696,1.0189,0.91975,7.3135,6.0514,97.346,3.7495,6.488,1
0.085659,0.28314,0.48309,2.7062,-4.5713,0.18313,0.10766,2.1267,1.0215,0.60217,0.10766,0.38023,0.059843,0.10766,641.01,0.56941,3.5318,0.10766,0.03996,43.494,1.2228,0.094664,0.031794,0.23038,0.60217,0.49171,0.35893,2.0666,4.6094,0.093601,0.03996,39.185,9.3148,0.33433,0.094664,2.7572,,0.60217,0.035137,0.79759,0.062799,0.035137,73.213,29.719,0.26682,1.5723,44.429,0.041098,0.015255,2.7062,0.28314,0.10736,2.576,2.576,19652,0.02105,0.14225,0.97895,0,8.392,12.282,38.36,9.5151,11.525,0
0.088463,0.38621,0.21858,2.715,28.879,0,0.11184,1.5893,1.8574,0.61379,0.11614,0.87749,0.099014,0.11184,766.5,0.47619,2.5893,0.11184,0.060212,15.521,1.1381,0.11083,0.047627,0.20834,0.60484,0.41567,25.748,0.33424,4.0504,0.20166,0.062529,26.545,13.75,4.5377,0.10492,1.8574,2.3569,0.7271,0.056489,0.12896,0.070384,0.059672,64.769,49.249,1.12,2.0953,16.45,0.038764,0.02087,0.89598,0.12745,0.072727,0.93857,1.1118,2455,0.056489,0.14412,0.94045,0.1846,23.517,7.4114,25.046,14.573,2.8402,0
-0.32964,0.5812,0.14778,1.3064,-36.325,0,-0.32484,0.72057,1.7261,0.4188,-0.16477,-0.6734,-0.16503,-0.32484,-744.71,-0.49013,1.7206,-0.32484,-0.18819,71.68,0.91121,-0.19742,-0.19097,-0.48587,0.22918,-0.49839,-1.2334,0.3996,4.9323,0.33371,-0.17574,123.04,4.0777,3.3844,-0.12885,1.8022,8.7691,0.452,-0.074648,0.017494,-0.12304,-0.11438,131.47,59.79,-0.97245,0.60364,62.901,-0.2374,-0.13753,1.0842,0.48238,0.24523,1.1324,1.2222,1.3064,0.17099,-0.78711,0.94498,0.079289,5.0921,6.1047,102,3.5783,4.6672,1
-0.049278,0.51093,0.34972,1.6845,8.1117,-0.081409,-0.025902,0.9572,6.7157,0.48907,0.1209,-0.050696,0.003042,-0.025902,9128.4,0.039985,1.9572,-0.025902,-0.003857,10.763,1.1835,0.081265,-0.007338,0.044621,0.33271,-0.005766,0.55359,2.5097,2.5048,0.058123,-0.003857,27.813,13.123,13.123,0.010554,6.7157,,0.48907,0.001572,0.23924,0.13348,0.012101,40.133,29.37,-0.24884,1.2969,10.78,0.034934,0.005202,1.6845,0.51093,0.0762,3.5096,3.5096,111.83,0.001572,-0.10076,1.0038,0,33.912,12.428,27.769,13.144,48.194,0
0.20312,0.3638,0.51102,2.4047,40.415,0.52625,0.25269,1.2162,1.0538,0.44245,0.25269,0.69458,0.055704,0.25269,509.18,0.71684,2.7487,0.25269,0.053974,0.54631,1.0617,0.23203,0.043385,0.65818,0.44245,0.58057,0.52227,4.0824,4.3657,0.05157,0.053974,29.889,12.212,0.63779,0.23203,4.7067,,0.44245,0.049561,0.35328,0.049809,0.049561,58.184,57.637,28.986,2.3854,0.57569,0.22393,0.047831,2.4047,0.3638,0.081887,3.5347,3.5347,11862,0.051041,0.45907,0.94896,0,668.12,6.3327,28.363,12.869,37.402,0
0.064954,0.64433,0.044856,1.0795,-13.175,0.13648,0.086125,0.50537,1.0586,0.32563,0.086125,0.15258,0.064946,0.086125,1591.9,0.22928,1.552,0.086125,0.037862,18.552,1.2825,0.11525,0.028555,0.16883,0.32563,0.19642,0.53638,0.11481,4.3521,0.27535,0.037862,95.884,3.8067,0.17887,0.11525,2.3135,6.1804,0.40551,0.050667,0.041841,0.11978,0.050667,93.981,75.429,0.5618,0.87464,19.64,0.053644,0.023583,0.94564,0.56445,0.2627,0.83346,1.0379,1009.1,0.05539,0.19948,0.94461,0.24531,19.674,4.839,90.573,4.0299,5.8222,0
0.093988,0.11228,0.51127,5.5534,91.53,0.45823,0.093988,7.8796,1.0712,0.88474,0.093988,0.83706,0.10015,0.093988,334.47,1.0913,8.9061,0.093988,0.07682,66.691,1.1484,0.091274,0.07682,0.45823,0.88474,1.0913,0.79913,1.3581,4.5074,0.037743,0.07682,35.882,10.172,0.81289,0.091274,1.2372,,0.88474,0.074601,0.62949,0.030809,0.074601,164.94,98.245,0.42044,3.5624,71.439,0.06273,0.051272,5.5534,0.11228,0.098307,2.3502,2.3502,16444,0.066465,0.10623,0.93353,0,5.473,3.7152,33.497,10.896,3.25,0
0.029359,0.91174,0.48822,11.081,100.3,0.077574,0.029359,0.09564,1.1029,0.087198,0.029359,0.6062,0.12697,0.029359,4585.9,0.079593,1.0968,0.029359,0.051367,227.21,1.0363,0.060349,0.051367,0.077574,0.087198,0.079593,1.1646,1.0537,4.2345,1.5453,0.051367,34.112,10.7,0.066191,0.060349,0.58971,0.20951,0.9505,0.10559,0.59068,0.28945,0.10559,324.45,97.239,0.08252,3.7347,250.59,0.01714,0.029989,0.58861,0.048431,0.093458,0.18819,2.0514,8376.9,0.093327,0.33669,0.90667,9.9005,1.6065,3.7536,30.929,11.801,1.2335,0
0.067913,0.10677,0.43344,6.2019,118.66,0.16618,0.084053,8.3096,1.0933,0.88717,0.084053,1.0088,0.1508,0.084053,291.82,1.2508,9.3664,0.084053,0.09492,74.912,0.80742,0.082349,0.076693,0.20249,0.88717,1.0996,1.0167,0.89696,4.2216,-0.023007,0.09492,37.548,9.7209,0.77131,0.082349,0.90361,14.292,0.91061,0.092996,1.5382,0.026625,0.092996,160.18,85.264,0.37368,4.0207,81.898,0.032864,0.037113,4.8402,0.083324,0.10287,1.8359,1.8844,7219.6,0.085299,0.07655,0.9147,0.026422,4.8724,4.2808,34.345,10.627,1.8325,0
0.010734,0.29066,0.26231,1.9025,0.42614,-0.006196,0.014973,2.4199,1.0392,0.70337,0.014973,0.051513,0.040324,0.014973,2023.7,0.18036,3.4404,0.014973,0.011517,71.651,1.0397,0.026216,0.008256,0.011203,0.70337,0.16578,0.20955,0.58679,4.4478,0.21996,0.011517,84.8,4.3042,0.090194,0.026216,1.3058,,0.70337,0.020165,0.035656,0.15009,0.020165,152.34,80.688,0.042059,1.0244,74.457,-0.011236,-0.008642,1.9025,0.29066,0.23233,1.5734,1.5734,7354.8,0.037687,0.015261,0.96231,0,5.0941,4.5236,81.604,4.4728,2.9083,0
-0.069876,1.0566,-0.053994,0.9256,-58.467,-0.2005,-0.069876,-0.05359,2.391,-0.056624,-0.067564,-0.09628,-0.018638,-0.069876,-8654.5,-0.042175,0.94641,-0.069876,-0.029225,49.08,1.0278,0,-0.029225,-0.40743,-0.27038,-0.042175,0,-0.1645,3.8876,0.44135,-0.057799,113.25,3.223,2.2138,0.002407,2.391,1.1483,0.2484,0.001007,0.002285,1.3914,0,102.3,53.218,-0.21734,0.48262,50.168,-0.025313,-0.010587,0.63577,0.72576,0.31027,-0.17251,0.75677,-416.79,0.021684,1.234,0.98272,-5.3868,7.4368,6.8586,110.79,3.2944,7.2843,0
0.17908,0.3859,0.39835,3.7891,34.994,0.26945,0.17908,1.5779,1.1254,0.60892,0.17908,1.2539,0.12221,0.17908,556.47,0.65592,2.5913,0.17908,0.086461,38.741,1.1181,0.1962,0.086461,0.26945,0.60892,0.65592,1.0661,0.86822,4.2583,0.077154,0.086461,28.327,12.885,0.50843,0.1962,2.0882,1.322,0.85199,0.094727,1.6307,0.046948,0.094727,54.324,15.583,0.81459,2.2498,43.602,0.12216,0.058981,1.4024,0.14283,0.077607,1.3271,1.8569,7220.8,0.11147,0.2941,0.88853,0.39919,9.4214,23.424,25.169,14.502,4.5143,0
0.027334,0.60963,-0.05166,0.81512,-40.645,0.13519,0.033927,0.59894,1.0166,0.36513,0.033927,0.12142,0.047585,0.033927,4044,0.090257,1.6403,0.033927,0.02934,22.958,1.0525,0.040195,0.023639,0.16719,0.36513,0.079442,0.35337,-0.066896,4.458,0.51001,0.02934,89.662,4.0708,0.065934,0.040195,1.2064,0.46949,0.69535,0.034761,0.077096,0.327,0.034761,65.094,42.136,0.37582,0.55482,23.339,0.019099,0.016517,0.3736,0.27942,0.24565,0.47283,0.90043,-1483.1,0.016303,0.07486,0.9837,0.90436,15.898,8.6624,88.201,4.1383,1.4974,0
0.062932,0.15,0.081498,1.6377,-25.842,0,0.062932,5.6666,1.1736,0.85,0.062932,0.49242,0.15553,0.062932,299.96,1.2168,6.6666,0.062932,0.053623,38.685,1.1786,0,0.053623,0.22561,0.83812,1.2168,,0.10307,3.6241,0.11826,0.12314,61.263,5.9579,5.0762,0.01624,1.1736,4.467,0.86901,0.013837,0.11267,0.041808,0,60.615,21.93,0.50594,0.66441,59.626,-0.1196,-0.1019,1.3953,0.1278,0.16784,1.075,1.099,342.99,0.35121,0.074037,0.64994,0.022364,9.4351,16.644,39.747,9.183,1.4843,0
0.082794,0.68015,-0.072244,0.81779,-84.185,0.037598,0.082949,0.47022,1.124,0.31982,0.082949,0.20921,0.11222,0.082949,2057.6,0.17739,1.4703,0.082949,0.077153,47.845,1.2651,0.11998,0.077009,0.03822,0.31982,0.17716,1.2544,-0.10691,4.6778,0.62036,0.077153,151.3,2.4124,0.1764,0.11998,1.0864,0.64627,0.60347,0.1116,0.037515,0.14181,0.1116,105.03,57.186,0.58748,0.46235,53.779,0.082278,0.076529,0.47673,0.39649,0.41452,0.47328,0.89304,-3440.2,0.11033,0.25888,0.88967,0.88693,7.6288,6.3827,134.61,2.7116,1.591,0
0.057688,0.098864,0.26268,5.118,85.861,0,0.073527,9.1149,0.68114,0.90114,0.077422,1.1526,0.1987,0.073527,266.62,1.369,10.115,0.073527,0.10795,72.2,1.1402,0.073801,0.084694,0.11265,0.55914,1.2088,18.945,0.39001,4.466,0.05019,0.10796,38.916,9.3791,6.0516,0.082848,0.68114,,0.90114,0.12163,1.0139,0.0243,0.10835,140.29,68.089,0.42816,3.0058,82.198,0.011983,0.017593,3.3023,0.063789,0.10662,1.3379,1.3379,7680.9,0.12163,0.064017,0.89334,0,5.0554,5.3607,34.183,10.678,1.0113,0
0.07624,0.10866,0.81971,8.6561,237.03,0,0.095187,8.2028,1.3703,0.89134,0.095187,0.88905,0.10917,0.095187,265.12,1.3767,9.2027,0.095187,0.069462,0,0.62168,0.09514,0.055636,,0.55859,1.2024,,11.194,2.1768,-0.22206,0.069462,30.646,11.91,11.735,0.095154,1.3703,,0.89134,0.069438,4.0061,0.02422,0.069428,132.61,132.61,,8.6561,0,0.040729,0.029722,8.5289,0.10707,0.083961,12.173,12.173,123.17,0.069438,0.085534,0.93055,0,,2.7524,28.518,12.799,18.714,0
0.020427,0.12929,0.51891,5.0136,94.821,0.17787,0.025155,6.4482,1.0041,0.83368,0.025155,0.19456,0.051492,0.025155,609.34,0.599,7.7346,0.025155,0.016725,23.671,1.0668,0.008314,0.013581,0.21633,0.83368,0.56243,0.055509,1.475,4.4341,-0.15627,0.016725,31.505,11.585,0.064309,0.008314,1.5247,,0.83368,0.005528,3.1321,0.070137,0.005528,59.034,35.363,0.20942,4.2592,23.768,-0.043975,-0.029238,5.0136,0.12929,0.086316,2.3697,2.3697,14098,0.004093,0.024502,0.99591,0,15.42,10.322,31.376,11.633,4.2752,0
-5.112,0.86999,0.76328,5.2509,25.249,0,-5.112,0.14943,5.7932,0.13001,-5.1067,-28.47,-0.83861,-5.112,-65.363,-5.5842,1.1494,-5.112,-0.88243,0,0.43557,-5.1068,-0.88243,-4.5181,-2.8077,-5.5842,-946.24,13.353,2.983,0.063084,-0.88228,6.7298,61.829,12.761,-3.9453,5.9947,,0.13001,-0.68103,2.8235,-0.005976,-0.88153,27.461,27.461,,2.8235,0,-5.3607,-0.92534,1.0837,0.17956,0.016174,2.2743,2.2743,734.01,-0.68103,-39.322,1.8519,0,,13.292,11.313,32.264,101.35,1
0.005597,0.93099,0.069643,1.0781,-75.643,0,0.018485,0.074121,3.0231,0.069007,0.083762,0.020737,0.013091,0.018485,8586.3,0.042509,1.0741,0.018485,0.006115,80.049,1.5137,0.063443,0.001852,1.1206,0.048585,0.028666,0.97191,1.7871,3.3889,0.3077,0.016525,109.69,3.3772,3.2336,0.056908,3.0231,61.063,0.073887,0.018825,0.039888,0.36711,0.020986,111.74,31.691,0.008442,0.33435,80.385,0.042353,0.01401,1.0323,0.89139,0.2961,1.7707,1.896,170.51,0.018825,0.08111,1.0174,0.070728,4.5597,11.518,107.62,3.3914,77.574,1
0.14356,0.24789,0.49924,4.2307,77.959,0.34196,0.18185,3.0114,1.1128,0.7465,0.18185,1.1768,0.12825,0.18185,458.6,0.79589,4.034,0.18185,0.11821,47.823,1.4344,0.1562,0.093323,0.42622,0.7465,0.64145,1.13,1.4419,4.6602,-0.006883,0.11821,40.803,8.9455,0.63013,0.1562,1.5665,4.8438,0.83986,0.10154,1.6835,0.047479,0.10154,93.392,45.57,0.71227,2.9264,53.219,0.14075,0.091498,2.6373,0.15453,0.11179,2.1561,2.4257,22830,0.1014,0.19231,0.8986,0.12506,7.6323,8.0097,36.665,9.9549,4.4431,0
-0.33647,1.2956,-0.005585,0.98686,-113.45,-0.48218,-0.33166,-0.22813,1.1606,-0.29555,-0.17177,-0.7801,-0.24034,-0.33166,-1695.2,-0.21531,0.77187,-0.33166,-0.28575,66.086,0.94085,-0.2036,-0.2899,-0.98786,-0.81865,-0.21903,-1.2734,-0.009621,3.844,1.0777,-0.22893,196.96,1.9266,0.63223,0.37279,1.1606,0.37588,0.26159,0.32119,0.14273,-0.2862,-0.17542,112.86,46.775,-1.6011,0.49258,93.644,-0.25631,-0.22083,0.32385,0.42515,0.51905,-0.50919,0.45068,0.98686,0.32119,1.1385,0.79713,-1.8851,5.5231,7.8034,133.7,2.73,1.9996,0
0.11706,0.097257,0.1788,3.5766,81.145,0.016033,0.14441,9.282,0.72736,0.90274,0.14532,2.081,0.24294,0.14441,200.89,1.8169,10.282,0.14441,0.19854,25.502,1.0486,0.14126,0.16093,0.47494,0.90007,1.5357,154.35,0.23783,4.3513,0.04373,0.19979,42.333,8.622,6.152,0.12904,0.72736,177.38,0.90386,0.17741,0.9489,0.018679,0.19421,91.505,66.003,2.3034,2.8443,31.002,0.10896,0.1498,2.552,0.069395,0.11598,1.2008,1.2023,4014.6,0.17741,0.12967,0.80584,0.001233,14.313,5.5301,34.823,10.482,0.96749,0
0.21342,0.59578,0.33372,1.7419,-14.969,0,0.21342,0.67846,1.922,0.40422,0.26599,0.47447,0.1302,0.21342,869.02,0.42002,1.6785,0.21342,0.11104,74.051,0.96998,0.23416,0.11104,0.71385,0.21342,0.42002,4.4542,1.5416,3.8135,0.29787,0.11839,96.51,3.782,2.8553,0.22087,1.922,3.491,0.51696,0.11492,0.080595,0.073286,0.12183,141.91,67.859,0.54731,0.87502,83.666,0.19734,0.10267,1.3151,0.4498,0.26441,1.8672,2.388,2172.1,0.11492,0.52797,0.89223,0.27892,4.929,5.3788,85.419,4.273,8.8785,0
0.18451,0.24395,0.7462,4.0588,44.666,0,0.22668,3.0992,1.1483,0.75605,0.24022,0.92921,0.20068,0.22668,386.4,0.94462,4.0992,0.22668,0.19741,17.986,0.90134,0.17866,0.16069,0.41788,0.74295,0.77177,13.2,75.736,3.5819,0.030801,0.2092,91.689,3.9808,3.9808,0.17715,1.1483,,0.75605,0.15427,3.1899,0.044577,0.15559,67.38,49.394,3.2609,3.8269,21.267,0.1749,0.15232,4.0588,0.24395,0.2512,76.736,76.736,2849.3,0.15427,0.24405,0.81287,0,20.293,7.3896,77.544,4.707,116.54,0
-0.053736,0.15563,0.040433,1.3098,-64.22,-0.080529,-0.053736,5.4255,0.53222,0.84437,-0.045836,-0.41176,0.003435,-0.053736,31070,0.011748,6.4255,-0.053736,-0.10096,86.957,1.0888,-0.050204,-0.10096,-0.12881,-0.12613,0.011748,-6.355,0.048769,4.6443,0.28142,-0.089061,83.002,4.3975,3.6875,-0.041655,0.53222,7.1278,0.85056,-0.078267,0.09155,0.96784,-0.094328,109.03,22.076,-0.42379,0.33822,80.645,-0.10577,-0.19873,1.0983,0.1305,0.2274,1.0185,1.0259,1782.3,-0.078267,-0.06364,1.1,0.007334,4.1975,16.534,89.498,4.0783,0.64196,0
0.13949,0.20419,0.11707,1.5777,-2.1443,0.28742,0.1402,3.8975,1.1284,0.79581,0.1402,0.69185,0.19901,0.1402,441.5,0.82673,4.8975,0.1402,0.16529,52.141,1.2707,0.098981,0.16445,0.28537,0.79581,0.82324,1.3168,0.17209,5.5016,0.20494,0.16529,98.399,3.7094,0.48476,0.098981,0.89348,129.13,0.79735,0.11669,0.15078,0.052615,0.11669,124.43,72.287,1.1512,0.97976,58.837,0.070376,0.082968,1.5658,0.20265,0.26959,1.1698,1.1721,37157,0.11381,0.17528,0.88619,0.001932,7.0003,5.0493,87.2,4.1858,1.2469,0
0.29544,0.16166,0.59484,4.9669,67.275,0.72769,0.29544,5.1587,1.1002,0.83395,0.29544,1.9702,0.12381,0.29544,161.87,2.2549,6.1859,0.29544,0.10034,13.204,1.0881,0.29223,0.10034,0.72769,0.83395,2.2549,1.092,2.3308,4.2524,-0.089624,0.10034,20.453,17.846,1.8077,0.29223,2.98,54.527,0.84565,0.099254,2.8455,0.01471,0.099254,39.435,26.231,2.7738,4.2566,14.528,0.22315,0.075791,4.6072,0.14995,0.056036,3.2677,3.3135,10636,0.091109,0.35427,0.90889,0.014036,27.643,13.915,18.59,19.635,11.537,0
0.10315,0.31323,0.49375,2.5763,48.382,0.22101,0.12616,2.0828,1.0415,0.65241,0.12616,0.40277,0.069345,0.12616,799.62,0.45646,3.1925,0.12616,0.061188,38.983,1.7335,0.087905,0.050025,0.25021,0.65241,0.38298,0.44405,2.5581,5.3319,0.017137,0.061188,57.754,6.32,0.28064,0.087905,2.1134,,0.65241,0.042634,0.91831,0.098336,0.042634,91.935,52.952,0.46839,1.8733,40.602,0.071087,0.034477,2.5763,0.31323,0.15823,3.38,3.38,106030,0.039888,0.1581,0.96011,0,9.3631,6.893,55.45,6.5825,10.682,0
0.039955,0.74199,0.46494,3.5624,17.301,0,0.07339,0.34774,1.7273,0.25801,0.16331,0.40448,0.072007,0.07339,2177.4,0.16763,1.3477,0.07339,0.042488,80.004,1.0434,0.16331,0.023131,0.29293,0.21177,0.12257,1.8162,1.3148,3.879,0.41252,0.062441,42.253,8.6385,2.1124,0.15993,1.7273,0.48692,0.80795,0.092588,0.23636,0.11541,0.094544,127.53,47.521,0.10553,1.4758,88.167,0.11232,0.065025,0.87115,0.18144,0.11576,0.72965,2.2848,3518.9,0.092588,0.15486,0.95796,2.1314,4.5623,7.6808,38.341,9.5199,4.8847,0
0.1507,0.073647,0.84515,12.491,174.86,0.63894,0.18705,12.578,1.0739,0.92635,0.2028,2.5432,0.18388,0.18705,136.13,2.6813,13.578,0.18705,0.17418,141.9,1.0462,0.18942,0.14033,0.58331,0.78963,2.1876,12.027,10.396,4.0084,-0.19361,0.17418,30.341,12.03,12.014,0.18912,1.0739,,0.92635,0.17611,3.8683,0.012285,0.17638,215.55,73.643,0.36094,6.8143,172.24,0.17901,0.16669,12.474,0.073549,0.083127,11.394,11.394,8617.3,0.17611,0.16268,0.82821,0,2.5721,4.9563,24.998,14.601,13.209,0
0.096522,0.48723,0.4232,2.1642,120.73,-0.041639,0.10644,1.0524,1.2173,0.51277,0.1599,0.29279,0.11358,0.10644,1286.3,0.28377,2.0524,0.10644,0.087436,20.512,1.0095,0.15307,0.079292,0.2515,0.35773,0.26342,2.8631,1.9843,3.8149,0.29172,0.11018,122.5,3.015,2.2495,0.13415,1.2173,7.1024,0.61391,0.1102,0.36951,0.087838,0.12575,195.62,175.11,1.411,1.976,22.781,0.12125,0.099607,1.6147,0.36352,0.33167,2.4043,2.8784,2.1642,0.1102,0.18824,0.91525,0.19723,17.795,2.0845,109,3.3486,5.7076,0
0.065924,0.30132,0.42739,5.8133,58.368,0.034174,0.074827,1.3247,1.0386,0.39917,0.074827,0.8427,0.16536,0.074827,586.12,0.62274,3.3188,0.074827,0.065944,73.112,1.2932,0.090096,0.058098,0.048741,0.39917,0.59319,0.82468,0.88338,4.3481,0.16285,0.065944,29.666,12.304,0.29901,0.090096,1.1918,1.3594,0.61169,0.0794,1.777,0.048821,0.0794,115.28,42.172,0.29004,3.2535,75.938,-0.022717,-0.02002,1.7131,0.088794,0.081277,0.82504,1.2643,9526.1,0.037209,0.16515,0.96279,0.53241,4.9923,8.6551,28.562,12.779,2.3453,0
0.11163,0.4952,0.051618,1.1042,-98.109,0.20002,0.14296,0.67373,1.118,0.33363,0.14296,0.28869,0.10699,0.14296,1157.2,0.31541,2.0194,0.14296,0.097926,36.202,0.93907,0.14703,0.076464,0.25352,0.33363,0.25214,1.126,0.1139,5.9227,0.27907,0.097926,138.42,2.6369,0.29692,0.14703,1.5223,,0.33363,0.10072,0.70049,0.10158,0.10072,49.989,13.787,0.77094,0.81184,40.473,0.1338,0.091653,1.1042,0.4952,0.37923,0.73618,0.73618,43197,0.10553,0.33459,0.89447,0,10.082,26.474,123.81,2.9481,3.2213,0
0.063329,0.70099,0.0139,1.0285,-32.964,0.14031,0.090429,0.38519,1.088,0.27001,0.090429,0.18567,0.11058,0.090429,1605.2,0.22739,1.4265,0.090429,0.062734,21.913,1.117,0.12001,0.043933,0.17922,0.27001,0.18873,0.90584,0.027852,5.2387,0.42522,0.062734,134.18,2.7202,0.1712,0.12001,1.4794,1.9369,0.48396,0.083257,0.26776,0.12195,0.083257,93.824,71.911,0.7318,0.85086,23.841,0.051044,0.035411,0.71462,0.48704,0.36762,0.54105,0.96975,2408.1,0.080889,0.23454,0.91911,0.79237,16.657,5.0757,123.33,2.9596,2.8884,0
-0.021399,0.65332,-0.21677,0.51489,-115.7,0.038393,-0.061401,0.46148,0.9803,0.30149,-0.061401,-0.13741,-0.003858,-0.061401,-56078,-0.006509,1.5306,-0.061401,-0.055709,37.915,0.98922,-0.025162,-0.019415,0.019338,0.30149,0.05472,-0.2238,-0.28155,4.2634,0.58982,-0.055709,145.07,2.5161,-0.038514,-0.025162,1.1152,0.55984,0.50796,-0.02283,0.033451,0.67151,-0.02283,71.244,33.329,-0.18691,0.25868,37.168,-0.08231,-0.074681,0.35217,0.44685,0.39744,0.39159,0.65975,-3975.2,-0.020099,-0.070977,1.0201,0.68482,9.6269,10.951,147.98,2.4665,1.4315,0
0.0055,0.39782,0.094258,1.2369,-13.188,-0.017301,0.03074,1.0716,1.0702,0.42632,0.03074,0.077272,0.033312,0.03074,1840.7,0.19829,2.5137,0.03074,0.012981,26.047,1.0918,0.04993,0.002323,0.025621,0.42632,0.13485,0.22564,0.18557,4.6439,0.1227,0.012981,65.621,5.5623,0.12551,0.04993,2.4085,,0.42632,0.021085,0.28111,0.13336,0.021085,58.61,32.563,0.032547,0.81215,27.875,0.001786,0.000754,1.2369,0.39782,0.17978,0.83934,0.83934,4151.7,0.06556,0.012901,0.93444,0,14.013,11.209,61.319,5.9525,4.6622,0
0.00349,0.31899,0.36243,6.0895,147.31,0,0.00349,2.1349,0.64577,0.68101,0.003623,0.049009,0.14009,0.00349,1287.1,0.28359,3.1349,0.00349,0.005404,101.47,0.99058,0,0.005404,0.087404,0.56716,0.28359,0,0.63993,4.3202,0.38408,0.013965,59.105,6.1755,1.3786,0.029192,0.64577,1.155,0.90102,0.045204,1.5377,0.12226,0,183.21,81.736,0.01944,3.5684,149.01,-0.086974,-0.13468,1.3594,0.071212,0.16193,1.2024,1.5909,7576.4,0.31901,0.005125,0.71018,0.32307,3.5971,4.4656,40.25,9.0684,1.1402,0
0.22083,0.080555,0.44349,11.889,143.86,0,0.27507,11.414,1.2692,0.91945,0.27507,6.7539,0.26414,0.27507,87.703,4.1618,12.414,0.27507,0.21672,15.091,1.1175,0.2467,0.17399,0.59103,0.66022,3.4884,,0.85984,3.949,-0.24918,0.21672,14.525,25.128,12.705,0.2458,1.2692,,0.91945,0.19366,9.8926,0.00875,0.19437,23.384,8.2933,4.2082,10.601,18.715,0.18652,0.14695,6.011,0.040728,0.039796,1.7826,1.7826,3943.5,0.19366,0.24018,0.79128,0,24.187,44.012,11.712,31.164,2.4608,0
-0.20293,1.1114,-0.47165,0.47198,-138.29,-0.93038,-0.1871,-0.10032,1.55,-0.1115,-0.15739,-0.20946,-0.12071,-0.1871,-2168.2,-0.16834,0.89975,-0.1871,-0.12071,59.001,0.88907,-0.14402,-0.13092,-0.42578,-1.0429,-0.18259,-3.3209,-0.81558,3.9339,0.716,-0.10056,219.8,2.1269,1.7094,-0.32157,1.756,4.6146,-0.074434,-0.20747,0.010297,-0.25724,-0.092917,97.11,38.109,-0.80994,0.2908,48.137,-0.14402,-0.092917,0.37932,0.89324,0.47017,-0.1928,-0.12871,-4051,0.043041,1.8201,0.86074,-0.33242,6.1863,9.5777,210.34,1.7353,2.6803,1
0.038999,0.64394,0.15229,1.5173,-41.183,0,0.052357,0.55293,1.1448,0.35606,0.095737,0.17785,0.070057,0.052357,2930.6,0.12455,1.5529,0.052357,0.045734,81.235,1.235,0.09568,0.034066,0.13756,0.1913,0.1038,2.2056,0.27523,3.7832,0.5589,0.080151,102.69,3.5543,1.6249,0.098481,1.1448,0.56941,0.69305,0.086024,0.061539,0.17377,0.083576,136.64,55.403,0.15306,0.65182,88.881,0.067834,0.059253,0.69366,0.29439,0.28135,0.64349,1.2525,924.37,0.086023,0.10953,0.95429,0.94646,4.4931,6.5881,93.859,3.8888,2.069,0
0.35347,0.62483,0.11729,1.1884,-17.22,0,0.35347,0.60044,5.0917,0.37517,0.38018,0.56781,0.076625,0.35347,584.54,0.62442,1.6004,0.35347,0.069419,23.216,1.1099,0.38014,0.069419,0.53034,0.30153,0.62442,14.229,0.45074,3.3633,0.10763,0.074297,48.053,7.5958,7.5676,0.36331,5.0917,,0.37517,0.071353,0.152,0.049967,0.074658,46.249,23.033,1.0914,0.66815,25,0.34345,0.067452,1.184,0.62251,0.13165,1.4418,1.4418,270.73,0.071353,0.94214,0.93084,0,15.722,15.847,44.624,8.1794,19.568,0
0.061758,0.5013,0.1876,1.5642,24.074,0.1594,0.077828,0.99369,1.0741,0.49814,0.077828,0.23407,0.076112,0.077828,1814.1,0.2012,1.9948,0.077828,0.058731,24.223,1.2087,0.085518,0.046604,0.20318,0.49814,0.16914,0.69318,0.39091,4.2884,0.34215,0.058731,98.372,3.7104,0.17059,0.085518,1.3356,2.5601,0.66694,0.064534,0.20028,0.15183,0.064534,124.91,100.69,0.70225,1.2997,26.019,0.062485,0.047152,1.0375,0.3325,0.26951,1.038,1.3897,3644,0.069023,0.12398,0.93098,0.33887,15.069,3.625,91.582,3.9855,2.7613,0
-0.37439,1.1909,-0.24201,0.79679,-41.151,-0.58136,-0.3743,-0.1809,0.92258,-0.21543,-0.3743,-0.31429,-0.11374,-0.3743,-1211.4,-0.30132,0.83968,-0.3743,-0.11864,16.67,1.1391,-0.27594,-0.11867,-0.57042,-0.21543,-0.30139,-0.80692,-4.7379,4.2534,0.24694,-0.11864,127.11,2.8715,-0.2317,-0.27594,3.2178,,-0.21543,-0.087463,0.34837,-0.15031,-0.087463,61.783,45.113,-2.5984,0.6758,15.379,-0.2914,-0.092363,0.79679,1.1909,0.34825,-4.2176,-4.2176,-4337.1,-0.083915,1.7378,1.0839,0,21.896,8.0907,137.78,2.6492,61.765,0
-0.17638,1.0488,-0.39296,0.6023,-211.04,-0.31236,-0.17638,-0.046553,0.6313,-0.048826,-0.10159,-0.1785,0.015165,-0.17638,39987,0.009128,0.95345,-0.17638,-0.27939,0.033575,1.4316,-0.10205,-0.27939,-0.34026,-0.48874,0.009128,-1.3646,-0.97058,4.3579,1.2788,-0.25546,417.01,0.87527,0.82458,-0.23354,0.6313,,-0.048826,-0.36994,0.24946,0.41671,-0.16166,201.57,201.54,-3037.3,0.60225,0.024508,-0.28801,-0.45621,0.56742,0.98809,1.1425,-0.1206,-0.1206,-8959.4,-0.36994,3.6123,1.215,0,10871,1.8111,571.28,0.63891,1.5593,0
0.065679,0.59539,-0.12783,0.6608,-71.11,0.13463,0.079639,0.67706,1.0673,0.40311,0.079639,0.21133,0.079404,0.079639,1879.9,0.19416,1.6796,0.079639,0.054704,21.73,0.99799,0.10466,0.045115,0.18232,0.40311,0.17071,0.76725,-0.17022,4.1115,0.38483,0.054704,100.84,3.6195,0.17578,0.10466,1.5112,0.74294,0.62164,0.071888,0.22015,0.1392,0.071888,41.635,19.905,0.75778,0.43082,23.193,0.068696,0.047187,0.41826,0.37686,0.27628,0.53678,0.82778,-1652.3,0.063052,0.16293,0.93695,0.54211,16.797,18.337,94.484,3.8631,1.9386,0
0.13672,0.12557,0.7435,8.4547,200.78,-0.2073,0.13672,6.9635,1.3786,0.87443,0.13672,1.3708,0.10811,0.13672,307.53,1.1869,7.9635,0.13672,0.099171,73.115,0.97483,0,0.099171,0.23963,0.86718,1.1869,,4.7429,3.9722,-0.11366,0.19834,43.063,8.4759,6.732,0.010194,1.3786,92.974,0.88053,0.007395,2.8576,0.33975,0,147.8,74.682,0.49508,5.6858,119.23,-0.01232,-0.008937,6.7151,0.099737,0.11798,5.5781,5.617,6974.6,0.3868,0.15635,0.61568,0.006975,4.9921,4.8874,26.406,13.822,8.7943,0
0,0.69319,0.12846,1.1937,16.642,0.16472,0.078003,0.44261,1.8126,0.30681,0.1132,0.11764,0.055705,0.078003,2505.8,0.14566,1.4426,0.078003,0.043033,10.21,1.9992,0.11684,0,0.22032,0.16967,0.033137,3.3198,0.61619,4.9723,0.37185,0.043033,141.94,2.5714,2.4597,0.11307,1.8126,,0.30681,0.062379,0.028904,0.16526,0.064461,155.52,145.31,0,1.1173,10.855,0.093874,0.051789,1.1419,0.66306,0.38889,1.4716,1.4716,12052,0.05938,0,0.95798,0,35.749,2.5118,133.52,2.7338,8.6946,0
-0.051925,0.51078,0.13606,1.2886,-125.03,-0.16652,-0.051925,0.95779,0.98126,0.48922,-0.032859,-0.11013,-0.036893,-0.051925,-5149.9,-0.070876,1.9578,-0.051925,-0.052917,182.23,1.0275,-0.032956,-0.052917,-0.16629,-0.21845,-0.070876,-1.7285,0.34667,3.8744,0.51516,-0.033735,165.67,2.2031,2.0336,-0.057455,0.98126,,0.48922,-0.058552,0.014267,-0.98799,-0.033586,223.48,41.255,-0.10599,0.24951,172.15,-0.04868,-0.04961,1.1894,0.47147,0.4539,1.2465,1.2465,1019,-0.058552,-0.10614,1.0422,0,2.003,8.8475,175.37,2.0813,2.5002,0
0.11538,0.19027,0.57397,4.8466,63.358,0,0.14342,4.2556,1.8064,0.80973,0.15287,0.96116,0.14215,0.14342,270.47,1.3495,5.2556,0.14342,0.079394,58.932,1.2137,0.13533,0.063871,0.26707,0.68511,1.2021,14.32,2.0735,3.2141,0.012273,0.080906,32.325,11.291,8.8549,0.12156,1.8064,10.51,0.85079,0.067293,1.1651,0.025504,0.074915,111,52.067,0.39559,2.892,63.184,0.021965,0.01216,3.8008,0.14921,0.088562,2.9251,3.0735,939.61,0.067293,0.14249,0.92201,0.050708,6.1936,7.0102,30.15,12.106,6.5257,0
0.008741,0.38676,0.17531,2.7677,68.957,0,0.008741,1.5856,0.51991,0.61324,0.01055,0.088143,0.025487,0.008741,10653,0.034262,2.5856,0.008741,0.016813,71.177,0.9987,0,0.016813,0.044112,0.11916,0.034262,0,0.24163,3.9497,0.70783,0.033626,95.121,3.8372,0.98393,0.004537,0.51991,0.60715,0.89834,0.008726,0.20819,2.8586,0,178.2,107.03,0.086219,1.7454,97.244,-0.00451,-0.008674,0.7097,0.099172,0.26061,0.84524,1.2382,1561.2,0.26806,0.014254,0.74756,0.4649,5.1281,3.4104,69.623,5.2425,0.71661,0
0.005762,0.00558,0.98799,178.05,3483.1,0.26306,0.020592,178.08,0.24038,0.99374,0.020592,3.6902,3.8971,0.020592,98.475,3.7065,179.2,0.020592,3.88,20.857,0.001222,-0.016801,1.0857,0.30802,0.99374,1.0489,-7.6099,153.67,3.8192,-23.06,3.88,92.253,3.9565,-3.0109,-0.016801,0.044839,,0.99374,-3.1657,161.81,-0.010979,-3.1657,6234.2,6213.3,19,178,5.0137,-0.016892,-3.1829,178.05,0.00558,0.25275,154.56,154.56,6515.5,-3.16,0.005799,4.16,0,17.5,0.058745,383.77,0.95109,0.82547,0
0.024661,0.59215,-0.15163,0.70914,-44.617,0.081161,0.042584,0.63906,1.035,0.37842,0.042584,0.081685,0.068294,0.042584,1861.3,0.1961,1.6888,0.042584,0.025045,8.6586,1.1396,0.085296,0.014504,0.11998,0.37842,0.16583,0.51922,-0.24056,4.0838,0.34784,0.025045,115.83,3.1512,0.14404,0.085296,1.7324,4.6496,0.44925,0.050165,0.006212,0.12257,0.050165,78.665,70.006,0.6114,0.63177,8.9618,0.01176,0.006917,0.62431,0.52131,0.31734,0.60037,0.71275,-1839.1,0.033838,0.065167,0.96616,0.18719,42.155,5.2138,111.91,3.2616,2.6975,0
0.088178,0.60688,0.011252,1.0215,-33.269,0,0.088178,0.64777,2.3119,0.39312,0.10452,0.16885,0.069695,0.088178,1374.8,0.2655,1.6478,0.088178,0.038142,32.048,1.0575,0.10436,0.038142,0.42104,0,0.2655,6.388,0.02412,4.0638,0.25256,0.042082,85.475,4.2702,3.6745,0.08186,2.3119,29.57,0.4043,0.035409,0.05859,0.11409,0.045143,79.395,47.347,0.43441,0.63285,33.224,0.031417,0.013589,0.87904,0.52222,0.23418,0.84265,0.86661,130.34,0.035409,0.2243,0.96226,0.02843,11.389,7.709,82.449,4.427,4.9555,0
0.01695,0.49107,-0.040045,0.91833,-23.692,0,0.01695,1.0364,2.5589,0.50893,0.031387,0.03457,0.023345,0.01695,3000.4,0.12165,2.0364,0.01695,0.006624,17.622,1.3335,0.030078,0.006624,-0.11534,0.44979,0.12165,2.0835,-0.072844,3.6083,0.18979,0.012193,70.353,5.1881,5.18,0.015202,2.5589,,0.50893,0.005941,0.013056,0.22464,0.011754,63.31,45.688,0.1372,0.66635,17.727,-0.012711,-0.004967,0.9169,0.4903,0.19275,0.92577,0.92577,-162.49,0.005941,0.033305,0.99356,0,20.713,7.9889,69.935,5.2191,4.6548,0
0.005686,0.81194,-0.098251,0.86542,-64.729,-0.35349,0.005686,0.10415,0.99788,0.084566,0.005686,0.007789,0.025314,0.005686,4470,0.081656,1.2316,0.005686,0.002171,48.218,0.98979,0.035897,0.002171,-0.35349,0.084566,0.081656,0.13677,-0.26684,3.893,0.30113,0.002171,101.53,3.5952,0.044211,0.035897,2.751,3.4902,0.16645,0.013706,0.05484,0.27659,0.013706,82.469,34.251,0.016434,0.39149,48.116,-0.024718,-0.009437,0.77814,0.73005,0.27815,0.22968,0.45208,-767.88,-0.002123,0.067239,1.0021,0.96833,7.5698,10.657,101.74,3.5876,7.1134,0
0.067349,0.16793,0.17133,2.2116,27.918,0,0.067349,4.9547,1.141,0.83207,0.072144,0.47627,0.12664,0.067349,424.18,0.86048,5.9547,0.067349,0.059025,29.488,1.2102,0.069306,0.059025,0.16899,0.45137,0.86048,14.454,0.24929,4.322,0.10466,0.061887,48.109,7.5869,6.3886,0.068171,1.141,9.4232,0.85547,0.059745,0.35673,0.038221,0.06074,83.903,54.415,0.7306,1.5597,31.362,-0.007848,-0.006878,1.8623,0.14141,0.13181,1.2107,1.2447,3595.8,0.059745,0.080942,0.94132,0.028129,12.378,6.7077,45.235,8.069,1.6602,0
0.06781,0.50601,0.11367,1.2299,-60.554,0.15186,0.08618,0.86366,1.0613,0.43702,0.08618,0.17427,0.079417,0.08618,1352.8,0.26981,1.9762,0.08618,0.050129,56.59,1.2062,0.099557,0.039444,0.1864,0.43702,0.23351,0.61461,0.2901,4.8524,0.29385,0.050129,111.43,3.2756,0.19675,0.099557,1.7369,29.709,0.44852,0.05791,0.22641,0.11098,0.05791,105.35,48.763,0.25441,0.69086,60.06,0.049207,0.028623,1.2019,0.49451,0.30528,1.1154,1.1447,8090.8,0.057769,0.15516,0.94223,0.026313,6.4499,7.4851,104.99,3.4765,4.3876,0
0.12484,0.58204,0.081062,1.1501,-36.735,0.35509,0.12484,0.58305,1.063,0.33936,0.12484,0.23114,0.093287,0.12484,1366.5,0.26711,1.7181,0.12484,0.074908,45.672,0.78849,0.16939,0.074908,0.35509,0.33936,0.26711,1.0804,0.21397,4.4497,0.33227,0.074908,125.74,2.9027,0.29102,0.16939,1.8085,9.8375,0.38131,0.10164,0.10679,0.09567,0.10164,123.41,77.74,0.59865,0.76399,48.55,0.13876,0.083261,1.0672,0.5401,0.3445,0.89579,1.0065,2283.1,0.059281,0.36786,0.94072,0.1236,7.9918,4.6952,118.29,3.0857,4.3991,0
0.039711,0.56299,0.063264,1.1591,-28.718,0.060346,0.049546,0.47863,1.0506,0.26947,0.049546,0.12462,0.055073,0.049546,2332.9,0.15646,1.7762,0.049546,0.030978,39.817,1.2719,0.073154,0.024829,0.073464,0.26947,0.13899,0.48053,0.11734,4.3993,0.34381,0.030978,95.324,3.8291,0.12994,0.073154,1.6374,1.7313,0.43488,0.045739,0.050954,0.16572,0.045739,100.55,60.729,0.2276,0.72028,41.832,0.034616,0.021643,0.81857,0.39758,0.26116,0.49979,0.80659,1586.6,0.048167,0.14737,0.95183,0.61385,9.1668,6.0103,90.732,4.0228,2.9665,0
-0.1129,0.33642,0.059935,1.1782,-49.684,0,-0.1129,1.9725,1.589,0.66358,-0.1129,-0.3356,-0.063695,-0.1129,-1213.2,-0.30085,2.9725,-0.1129,-0.071053,52.007,0.87868,0,-0.071053,-0.10996,0.43877,-0.30085,,0.099289,3.4534,0.20657,-0.14211,94.977,3.843,3.843,0.012154,1.589,,0.66358,0.007649,0.05506,0.95911,0,86.79,34.783,-0.49867,0.50517,63.918,-0.011692,-0.007358,1.1782,0.33642,0.26021,1.0993,1.0993,170.25,0.18636,-0.17014,0.81364,0,7.0183,10.494,77.278,4.7232,2.6323,0
0.037332,0.65013,-0.033608,0.87358,-73.376,0,0.037332,0.53815,0.77877,0.34987,0.037368,0.14042,0.12605,0.037332,2417.4,0.15099,1.5382,0.037332,0.047937,29.695,1.1506,0,0.047937,0.13249,0.34889,0.15099,0,-0.043775,4.7061,0.83102,0.078757,177.57,2.0555,0.84056,0.004137,0.77877,0.44455,0.72979,0.005312,0.018724,0.35625,0,106.52,76.824,0.58922,0.63527,42.318,-0.06083,-0.078111,0.35723,0.26586,0.4865,0.45571,0.95055,-1708.2,0.29829,0.1067,0.70734,1.0859,12.292,4.7511,124.6,2.9293,1.0143,0
0.13851,0.10563,0.65544,7.2048,278.42,0,0.13851,8.4667,1.2746,0.89437,0.13877,1.3112,0.16637,0.13851,181.82,2.0074,9.4667,0.13851,0.10867,34.041,0.97066,0,0.10867,0.42144,0.66469,2.0074,0,2.7432,3.7354,-0.23013,0.24284,50.316,7.2541,7.2541,0.000002,1.2746,,0.89437,0.000002,3.7845,0.047877,0,103.46,69.421,1.1651,6.0795,56.624,-0.073545,-0.057701,7.2048,0.10563,0.13785,3.7432,3.7432,3564.3,0.39881,0.15486,0.61089,0,10.722,5.2577,30.25,12.066,5.3346,0
-0.072798,0.21415,-0.016821,0.92146,-47.062,0.3606,-0.072798,3.6695,1.3406,0.78585,-0.070294,-0.33993,-0.018765,-0.072798,-3107.2,-0.11747,4.6695,-0.072798,-0.054303,20.298,0.91402,-0.070519,-0.054303,0.14848,0.5889,-0.11747,-28.161,-0.020956,3.4838,0.15975,-0.054128,55.43,6.5849,6.5849,-0.069587,1.3406,,0.78585,-0.051908,0.40508,-0.31204,-0.052603,30.108,9.8105,-0.97649,0.57334,19.296,-0.11816,-0.088141,0.92146,0.21415,0.15186,0.97904,0.97904,-51.246,-0.051908,-0.092637,1.0542,0,17.982,37.205,58.307,6.2599,1.6702,0
0.29963,0.19807,0.70145,4.5708,80.026,0,0.29963,4.0487,2.8062,0.80193,0.29963,1.5253,0.1105,0.29963,233.15,1.5655,5.0487,0.29963,0.10677,18.543,0.87841,0.29963,0.10677,1.8834,0.3717,1.5655,,6.8699,3.2865,0.070223,0.10677,28.478,12.817,12.712,0.28842,2.8062,,0.80193,0.10278,0.012892,0.021292,0.10677,116.46,97.915,2.1018,3.845,20.667,0.28918,0.10305,4.5332,0.19644,0.078022,7.854,7.854,1356.6,0.10278,0.37364,0.89365,0,19.684,3.7277,25.551,14.285,27.484,0
0.22489,0.5101,0.101,1.198,-9.3618,0.82706,0.27826,0.74313,1.155,0.37907,0.27826,0.5455,0.13064,0.27826,573.16,0.63682,1.9604,0.27826,0.1119,22.246,1.0026,0.31908,0.09044,1.0232,0.37907,0.5322,1.4821,0.25969,5.7762,0.12049,0.1119,86.481,4.2206,0.62552,0.31908,2.4956,,0.37907,0.12832,0.42089,0.045863,0.12832,58.185,35.939,1.4839,0.90088,25.694,0.27249,0.10958,1.198,0.5101,0.23693,0.97471,0.97471,60327,0.1342,0.59327,0.8658,0,16.407,10.156,74.875,4.8748,6.394,0
0.007061,0.87912,-0.024971,0.96729,-63.913,0.018154,0.14746,0.1375,1.7813,0.12088,0.17804,0.19319,0.089965,0.14746,2002.3,0.18229,1.1375,0.14746,0.082784,25.009,1.279,0.17804,0.003964,0.28293,0.1086,0.022584,5.822,-0.09543,3.6098,0.49352,0.082784,173.77,2.1004,1.8237,0.17804,1.7813,5.3214,0.23669,0.09995,0.17731,0.15356,0.09995,123.56,98.548,0.057853,0.80739,27.787,0.16525,0.092768,0.83986,0.76331,0.47609,0.46197,0.90457,-101.68,0.09995,0.058413,0.91722,0.95806,14.595,3.7038,156.41,2.3337,6.8076,0
0.017587,0.80759,0.16145,1.2006,-18.158,0,0.017587,0.23825,2.0277,0.19241,0.082567,0.021856,0.014624,0.017587,9940.6,0.036718,1.2383,0.017587,0.008673,47.085,0.96597,0.078869,0.008673,-0.20804,0.017694,0.036718,1.2137,4.7654,3.7694,0.23253,0.012609,140.39,2.5999,2.5904,-0.064315,2.0277,,0.19241,-0.031718,0.42363,0.29603,0.038896,112.55,65.461,0.067235,0.87557,45.638,0.066802,0.032945,1.1963,0.80467,0.38464,5.6791,5.6791,949.5,-0.031718,0.091404,0.99207,0,7.7519,5.5758,144.85,2.5199,59.849,0
0.1176,0.21269,0.31999,3.3457,56.576,0.24958,0.14367,3.6772,1.137,0.78212,0.14367,1.0532,0.17111,0.14367,371.28,0.9831,4.7016,0.14367,0.11757,45.125,0.946,0.15127,0.096236,0.32062,0.78212,0.86054,1.4075,0.58864,4.5021,0.005467,0.11757,46.327,7.8788,0.71121,0.15127,1.2333,4.0024,0.8584,0.12378,1.5856,0.032269,0.12378,71.714,26.589,0.77842,2.2382,51.309,0.085842,0.070245,2.1458,0.13641,0.12692,1.4388,1.5791,10169,0.12052,0.15037,0.87948,0.097533,8.0886,13.727,40.743,8.9585,2.248,0
0.047983,0.4335,-0.12527,0.71103,-52.714,0.25402,0.062587,1.2376,1.0615,0.5365,0.062587,0.14438,0.060138,0.062587,2101,0.17372,2.3068,0.062587,0.049979,12.816,0.91044,0.079034,0.038317,0.32206,0.5365,0.14004,0.66992,-0.18108,5.0068,0.30527,0.049979,134.12,2.7214,0.18232,0.079034,1.2815,,0.5365,0.063113,0.12197,0.15533,0.063113,74.429,61.614,1.0913,0.6096,13.604,0.066312,0.052953,0.71103,0.4335,0.36745,0.77555,0.77555,-12724,0.057911,0.089437,0.94209,0,28.481,5.924,126.35,2.8887,1.8102,0
0.035113,0.58133,0.14543,1.3141,-26.53,0.11535,0.043847,0.71054,1.0545,0.41306,0.043847,0.094708,0.044628,0.043847,3074.1,0.11873,1.7202,0.043847,0.02835,50.461,1.1585,0.075529,0.022703,0.1419,0.41306,0.10371,0.51497,0.37138,5.6395,0.37353,0.02835,115.22,3.1679,0.12992,0.075529,1.5547,3.3337,0.53142,0.048834,0.089549,0.18978,0.048834,133.8,83.335,0.16422,0.85227,53.213,0.050352,0.032556,1.0466,0.46297,0.31566,1.0548,1.357,63407,0.051712,0.085008,0.94829,0.28654,7.2332,4.3799,109.26,3.3407,3.9495,0
0.035458,0.55419,0.20109,1.4015,-12.776,-0.006288,0.046923,0.56055,1.037,0.31065,0.046923,0.09368,0.086877,0.046923,1658.3,0.2201,1.8045,0.046923,0.03342,62.811,1.2791,0.058507,0.025254,0.005716,0.31065,0.19941,0.43214,0.67476,4.2477,0.39159,0.03342,135.03,2.703,0.10557,0.058507,1.4286,8.6375,0.36395,0.041671,0.018468,0.13641,0.041671,180.09,117.28,0.14676,0.91911,65.136,-0.016548,-0.011786,1.2667,0.50089,0.36996,1.0424,1.2212,3557.4,0.0357,0.11414,0.9643,0.17157,5.8111,3.1123,130.21,2.8031,4.7112,0
0.008431,0.69088,0.17363,1.4718,11.344,0,0.009783,0.44743,2.065,0.30912,0.074546,0.026586,0.027984,0.009783,4363.8,0.083642,1.4474,0.009783,0.004738,18.574,1.1331,0.057987,0.004083,0.027799,0.24759,0.081685,0.89537,0.37877,4.2638,0.32819,0.019346,66.861,5.4591,2.9077,0.056159,2.065,1.4778,0.60451,0.027196,0.054107,0.21728,0.028081,92.212,73.638,0.080228,1.1863,19.093,0.009983,0.004834,0.78394,0.36798,0.18318,0.67435,1.3187,3187.1,0.027196,0.027273,0.99531,0.95557,19.651,4.9567,65.043,5.6117,4.5048,0
0.00553,0.50069,0.1754,1.3816,-22.178,0.00553,0.012309,0.92934,1.0255,0.46532,0.012309,0.026782,0.034617,0.012309,6118.8,0.059652,1.9972,0.012309,0.014267,39.98,0.84338,0.021853,0.006409,0.012309,0.46532,0.046111,,0.48057,4.9939,0.55599,0.014267,199.4,1.8305,0.043646,0.021853,0.89237,13.16,0.50639,0.025329,0.3321,0.41767,0.025329,204.07,164.09,0.05851,1.176,40.999,0.004295,0.004978,1.2683,0.45962,0.54629,1.2749,1.3874,17295,0.024849,0.011883,0.97515,0.088268,9.1296,2.2244,194.44,1.8772,2.3639,1
0.21461,0.075541,0.85767,12.354,-185.46,0,0.21461,12.238,2.1015,0.92446,0.21991,2.8409,0.71152,0.21461,18.44,19.794,13.238,0.21461,0.10212,31.049,1.0722,0,0.10212,0.67011,0.77825,19.794,0,12.842,4.0913,-0.04513,0.23165,,0,0,0.056186,2.1015,,0.92446,0.026736,2.509,0.001966,0,129.17,98.118,1.2005,9.9873,,-1.2806,-0.60939,12.354,0.075541,,13.842,13.842,10582,1,0.23214,0.004096,0,11.755,3.72,13.12,27.819,31.466,0
0.13333,0.028554,0.64429,24.951,189.95,0,0.16622,34.022,0.67019,0.97145,0.16622,6.1793,0.30287,0.16622,51.345,7.1088,35.022,0.16622,0.24802,208.44,1.1817,0.14644,0.19895,0.23204,0.25326,5.957,,1.9595,3.1438,-0.25478,0.24802,18.724,19.494,18.365,0.1458,0.67019,,0.97145,0.21755,7.5682,0.005195,0.21851,254.67,46.229,0.34838,10.724,266.39,0.10968,0.16366,23.506,0.0269,0.051297,2.9544,2.9544,897.1,0.21755,0.13725,0.7595,0,1.7511,7.8954,14.65,24.914,2.0382,0
0.12587,0.33732,0.098647,1.4974,-1.9884,0.087546,0.15541,1.9645,1.139,0.66268,0.15541,0.7836,0.14341,0.15541,589.85,0.61881,2.9645,0.15541,0.10677,14.816,1.276,0.16638,0.086476,0.1131,0.66268,0.53123,1.302,0.14032,6.1823,0.21157,0.10677,56.648,6.4433,0.49324,0.16638,1.4705,1.7116,0.80167,0.11431,0.38162,0.050477,0.11431,55.491,40.675,2.1303,1.1995,16.876,0.11306,0.077672,0.88041,0.19833,0.1552,0.94262,1.1403,150110,0.12205,0.18995,0.87795,0.20974,24.635,8.9736,49.734,7.339,2.0705,0
-0.15864,0.32291,-0.076513,0.74672,-70.001,0,-0.15864,2.0969,1.3023,0.67709,-0.15809,-0.52513,-0.10174,-0.15864,-889.56,-0.41032,3.0969,-0.15864,-0.12181,36.076,0.94433,0,-0.12181,-0.6933,0.63888,-0.41032,0,-0.098801,4.1202,0.24226,-0.24363,99.721,3.6602,3.4243,0.012899,1.3023,,0.67709,0.009905,0.040022,0.41168,0,59.834,23.758,-1.2324,0.32063,42.491,-0.026145,-0.020076,0.6986,0.30209,0.27321,0.87432,0.87432,-1009.2,0.15096,-0.23429,0.8464,0,10.117,15.363,84.667,4.311,1.6817,0
0.026393,0.87172,-0.20206,0.67986,-209.05,0,0.026393,0.14716,1.1413,0.12828,0.026393,0.041816,0.20913,0.026393,1333.1,0.2738,1.1472,0.026393,0.023125,44.605,0.9286,0,0.023125,0.074888,0.089473,0.2738,,-0.35394,3.9296,0.76359,0.052199,285.5,1.2785,0.92567,0.013772,1.1413,1.2044,0.36876,0.012067,0.006343,0.13688,0,135.95,91.349,0.18923,0.45889,63.088,-0.21229,-0.186,0.49226,0.63117,0.78219,0.22471,0.64593,-1718.1,0.29297,0.20574,0.70836,1.8746,8.1829,3.9957,201.86,1.8082,1.9991,0
0.03174,0.74254,-0.058501,0.87821,-32.421,0,0.03174,0.34673,2.1865,0.25746,0.054219,0.066081,0.024263,0.03174,5108.7,0.071447,1.3467,0.03174,0.014516,14.204,1.2297,0.028558,0.014516,0.066352,0.17466,0.071447,1.2704,-0.10118,4.0952,0.32943,0.024797,82.601,4.4188,2.8584,0.064032,2.1865,1.3823,0.50107,0.029285,0.14134,0.49632,0.013061,59.084,44.88,0.37304,0.70106,14.632,0.007246,0.003314,0.56809,0.48033,0.2263,0.4453,0.86664,-728.45,0.029285,0.12328,0.98568,0.94621,25.698,8.1328,80.182,4.5521,3.7818,0
0.007122,0.40944,0.19571,1.8087,-138.98,0,0.014888,1.4424,0.49149,0.59056,0.044719,0.06152,0.064637,0.014888,4704.2,0.07759,2.4424,0.014888,0.030292,267.52,0.71481,0.035313,0.014491,0.13871,0.51658,0.058623,1.1838,0.34805,3.4531,0.81506,0.053558,191,1.911,1.1295,0.029014,0.50719,0.46274,0.758,0.059032,0.067543,0.26149,0.071849,312.92,45.4,0.019772,0.32016,284.3,0.018433,0.037504,1.069,0.242,0.52328,1.0503,1.348,555.49,0.059032,0.01206,0.97065,0.28352,1.3644,8.0397,179.72,2.0309,0.87407,0
0.79823,0,1,,126.55,-1.0582,0.90137,,3.7459,1,0.90137,,0.24063,0.90137,0,,,0.90137,0.24063,0,2.3584,0.90137,0.2131,0.35878,-0.24024,,,,1.6624,-0.20559,0.24063,0,,,0.90115,3.7459,,1,0.24057,,0,0.24063,22.402,22.402,,,0,0.90137,0.24063,,0,0,,,45.959,0.24057,0.79823,0.75939,0,,16.293,0,,,0
0.42489,0.22591,0.67382,4.1465,4.5849,0.34242,0.52576,3.4265,2.5285,0.77409,0.53249,2.4551,0.21277,0.52576,153.27,2.3815,4.4265,0.52576,0.20793,93.503,1.5841,0.51467,0.16804,0.93787,0.76731,1.9349,76.531,6.0146,3.8675,0.078986,0.21059,38.758,9.4175,8.9272,0.51175,2.5285,,0.77409,0.20239,0.12492,0.014292,0.20355,124.32,30.817,0.65596,1.1218,117.23,0.50244,0.19871,3.9306,0.21415,0.10618,6.9096,6.9096,4966.9,0.20239,0.54889,0.79469,0,3.9036,11.844,30.913,11.807,22.57,0
0.53831,0.24453,0.72955,3.9835,113.49,0,0.67594,3.0901,3.0023,0.75562,0.72849,2.7643,0.22906,0.67594,129.78,2.8124,4.0895,0.67594,0.22514,0,0.85172,0.68776,0.1793,2.5177,0.73122,2.2496,13.089,28.034,3.4188,-0.16846,0.22514,39.459,9.4681,9.4681,0.73999,3.0441,,0.75562,0.24648,3.0821,0.011652,0.22908,26.797,26.797,,3.0821,0,0.67599,0.22516,3.9835,0.24453,0.10811,29.036,29.036,1913.6,0.2466,0.71241,0.76055,0,,13.621,29.728,12.278,115.37,1
0.072827,0.42117,0.16423,1.4337,-9.046,0.17235,0.081165,1.3291,1.09,0.55978,0.081165,0.21433,0.14626,0.081165,1038.8,0.35135,2.3744,0.081165,0.080222,66.077,1.0041,0.05769,0.07198,0.22332,0.55978,0.33155,0.62153,0.35929,4.0931,0.40698,0.080222,148.91,2.4511,0.13698,0.05769,1.0918,8.4689,0.60226,0.05702,0.031962,0.11122,0.05702,191.49,125.42,0.39761,0.94999,72.027,-0.009122,-0.009016,1.2891,0.37869,0.40798,1.2247,1.3176,2034.9,0.082597,0.1301,0.9174,0.075885,5.5238,2.9103,136.61,2.6718,2.2135,0
0.000132,0.70429,-0.090072,0.85755,-82.098,0,0.000132,0.41986,1.399,0.29571,0.025677,0.000209,0.012649,0.000132,14527,0.025125,1.4199,0.000132,0.000094,57.382,1.0706,0.025585,0.000094,0.041535,0.030205,0.025125,1.0016,-0.19676,3.877,0.49677,0.001012,161.68,2.2575,2.0267,-0.028455,1.399,21.913,0.31041,-0.02034,0.032974,0.54408,0.018289,136.03,78.648,0.0006,0.50972,56.238,0.008021,0.005734,0.76988,0.6323,0.44296,0.64596,0.67809,-678.51,-0.02034,0.000446,0.99991,0.049738,6.3609,4.6409,164.97,2.2125,3.056,0
0.018118,0.74347,0.16523,1.2319,-44.71,0,0.018118,0.34504,2.701,0.25653,0.24343,0.025431,0.006708,0.018118,14978,0.02437,1.345,0.018118,0.006708,63.681,1.0084,0,0.006708,0.065641,0.22832,0.02437,0,1.3506,3.2485,0.21297,0.018144,101.1,3.6103,3.4596,0.043783,2.701,15.682,0.28245,0.01621,0.255,,0,94.053,30.373,0.038449,0.57048,66.871,0,0,1.1805,0.71244,0.27699,2.0969,2.3088,292.81,0.047716,0.070628,1.0985,0.10103,5.7317,12.017,96.276,3.7912,22.078,0
-0.12017,0.10926,0.43179,5.7612,50.902,-0.011849,-0.12017,8.1526,2.5698,0.89076,-0.11817,-1.3251,-0.007185,-0.12017,-2159.7,-0.169,9.1525,-0.12017,-0.046763,7.0371,0.92923,-0.11826,-0.046763,-0.13202,0.78227,-0.169,-59.138,0.90418,2.6722,-0.042947,-0.045985,12.109,30.148,25.023,-0.16427,2.6164,25.494,0.90931,-0.063924,2.5325,-0.22005,-0.046018,41.588,34.551,-2.4255,3.0788,6.6144,-0.21997,-0.085596,4.7819,0.090689,0.03317,1.8653,1.9041,202.97,-0.063742,-0.13491,1.045,0.020825,51.868,10.564,12.881,28.337,5.3813,1
0.066905,0.14054,0.85317,7.0708,55.551,0,0.08406,6.1156,4.6813,0.85946,0.08406,0.59814,0.019182,0.08406,571.24,0.63897,7.1156,0.08406,0.017956,6.8348,0.9271,0.083812,0.014292,0.43032,0.74989,0.5169,,135.5,2.6593,-0.008637,0.017956,11.168,32.682,32.682,0.08834,4.6813,,0.85946,0.018871,1.6979,0.052312,0.017904,58.873,52.038,0.76323,6.4471,6.9663,0.078075,0.016678,7.0708,0.14054,0.030598,136.5,136.5,389.3,0.018871,0.077845,0.98204,0,53.403,7.0141,10.957,33.311,743.51,0
0.13717,0.23605,0.38413,2.6273,59.177,0.44147,0.17112,3.1864,1.1172,0.75215,0.17112,0.72491,0.16389,0.17112,344.58,1.0593,4.2363,0.17112,0.11216,40.245,1.2328,0.16518,0.089908,0.55069,0.75215,0.91545,1.2096,1.0114,4.6782,0.050961,0.11216,63.092,5.7852,0.69976,0.16518,1.5458,,0.75215,0.10827,0.68928,0.031792,0.10827,109.45,69.202,0.81543,1.9147,44.961,0.086256,0.056537,2.6273,0.23605,0.17285,1.9803,1.9803,18309,0.1049,0.18237,0.8951,0,9.0696,5.2744,56.474,6.4632,4.0168,0
0.000448,0.16053,0.83014,6.1711,-12.59,0,0.000448,5.2292,2.5386,0.83947,0.062209,0.002793,0.000177,0.000448,130680,0.002793,6.2292,0.000448,0.000177,126.13,1.1555,0,0.000177,0.11502,0.80061,0.002793,0,89.038,3.1095,0.055418,0.002512,35.799,10.196,10.196,0.000059,2.5386,,0.83947,0.000023,0.18702,,0,138.12,11.997,0.000511,0.70679,195.62,0,0,6.1711,0.16053,0.098079,90.038,90.038,1068.3,0.35523,0.000534,0.6691,0,2.8939,30.424,23.082,15.813,272.28,0
0.11503,0.10643,0.58223,7.4714,288.84,0,0.14219,8.3956,0.85835,0.89357,0.15153,1.5804,0.227,0.14219,199.38,1.8307,9.3956,0.14219,0.16566,11.152,1.053,0.12854,0.13401,0.48654,0.88605,1.5755,13.757,1.7762,3.8231,-0.031475,0.17654,44.109,8.2749,6.9949,0.11385,0.85835,39.238,0.91003,0.13264,1.4934,0.01958,0.14975,228.71,217.56,4.3863,7.1799,12.857,0.075881,0.088404,6.3157,0.08997,0.12085,2.726,2.7762,3874.6,0.13264,0.12873,0.84307,0.018424,32.73,1.6777,38.259,9.5403,2.6185,0
0.19713,0.12411,0.49394,7.9087,49.746,0.63774,0.19713,7.0577,2.167,0.87589,0.2107,2.7573,0.14651,0.19713,142.68,2.5582,8.0577,0.19713,0.09097,37.494,0.84022,0.19995,0.09097,0.58732,0.83488,2.5582,14.738,1.1366,3.6748,-0.009214,0.097231,13.207,27.636,15.921,0.19115,2.167,6.5164,0.9285,0.08821,2.224,0.012915,0.09227,68.457,30.962,0.88558,4.7951,41.122,0.079599,0.036732,4.5561,0.071495,0.036184,2.0156,2.1366,2336.1,0.08821,0.22507,0.90984,0.060064,9.7348,11.788,12.042,30.31,4.9866,0
0.21063,0.69745,0.15205,1.218,-41.494,0,0.21063,0.4338,3.4303,0.30255,0.21474,0.302,0.065705,0.21063,1129.5,0.32316,1.4338,0.21063,0.061402,46.849,1.2196,0,0.061402,0.53686,0.21063,0.32316,0,1.0102,3.3322,0.19774,0.1228,88.817,4.1096,4.1096,0.008213,3.4303,,0.30255,0.002394,0.0854,1.5748,0,84.052,37.203,0.47838,0.58671,56.069,-0.014763,-0.004304,1.218,0.69745,0.24333,2.0102,2.0102,326.74,0.16445,0.69616,0.83675,0,7.791,9.811,74.211,4.9184,22.792,0
-0.038495,0.88367,-0.069962,0.86912,-12.956,-0.000743,-0.038495,0.13156,3.0719,0.11625,-0.020008,-0.072017,0.003791,-0.038495,27694,0.01318,1.1316,-0.038495,-0.012531,4.7003,1.1886,-0.022737,-0.012531,0.012639,0.10274,0.01318,-1.2299,-0.13068,4.1269,0.28252,-0.007111,62.627,5.8357,3.53,-0.043512,3.0994,1.9882,0.33002,-0.014164,0.031316,1.0748,-0.007402,53.211,48.511,-0.97312,0.10532,4.6288,-0.072879,-0.023724,0.52573,0.53453,0.17136,0.21715,0.61646,-937,-0.014146,-0.33113,1.0064,1.8388,77.654,7.5241,63.513,5.7469,5.7381,1
0.43585,0.18208,0.76064,5.1775,190.97,0,0.43585,4.4921,1.6523,0.81792,0.43585,2.3937,0.26379,0.43585,152.48,2.3937,5.4921,0.43585,0.26379,41.309,1.5223,0,0.26379,0.81008,0.79533,2.3937,,13.28,3.3663,-0.14981,0.59011,63.669,5.7328,5.7328,0.002652,1.6523,,0.81792,0.001605,2.4688,,0,108.95,67.644,2.3308,4.1505,65.388,0,0,5.1775,0.18208,0.17444,14.28,14.28,1768,0.36825,0.53287,0.64363,0,8.8358,5.3959,40.223,9.0744,28.848,0
0.025915,0.51034,0.18005,1.412,-6.835,0.14641,0.031856,0.75034,1.0226,0.38293,0.031856,0.072904,0.040278,0.031856,2181.2,0.16734,1.9595,0.031856,0.015024,35.964,1.3729,0.039032,0.012222,0.18429,0.38293,0.1557,0.18824,0.47009,5.027,0.2204,0.015024,76.917,4.7454,0.076482,0.039032,2.1402,5.5605,0.45632,0.018409,0.12021,0.18124,0.018409,97.172,61.208,0.12405,0.93393,36.775,-0.014512,-0.006845,1.209,0.43695,0.21073,0.99981,1.1914,19158,0.022056,0.067675,0.97794,0.19165,10.149,5.9632,75.22,4.8524,5.5359,0
0.010054,0.79506,0.046815,1.0604,-4.8226,-0.010235,0.012987,0.25777,3.3724,0.20494,0.020311,0.016745,0.020284,0.012987,4242.3,0.086039,1.2578,0.012987,0.003851,9.5091,1.0135,0.020197,0.002981,0.030881,0.17381,0.082349,2.7579,0.26363,3.5068,0.2272,0.004624,84.524,4.3183,4.2126,0.023075,3.3724,37.757,0.22439,0.006842,0.041191,0.35048,0.005989,85.555,76.045,0.11443,0.94708,9.5746,-0.035222,-0.010444,1.0344,0.77561,0.23157,1.1541,1.2636,150.39,0.006842,0.049057,0.99615,0.09493,38.384,4.7998,83.945,4.3481,18.991,0
-0.003625,0.18917,0.58476,5.5542,38.84,0,-0.003625,4.2862,2.0887,0.81083,0.00144,-0.028233,0.011025,-0.003625,2998.4,0.12173,5.2862,-0.003625,-0.001736,63.216,1.0225,0.001434,-0.001736,-0.23397,0.49614,0.12173,0.28311,2.0386,3.0524,0.085423,-0.000466,22.385,16.305,11.067,-0.004879,2.0887,,0.81083,-0.002336,0.083683,0.2245,0.000687,122.74,59.528,-0.010021,2.7368,63.069,-0.025219,-0.012074,3.7699,0.1284,0.061329,2.8267,2.8267,659.76,-0.002336,-0.004471,1.0017,0,5.7738,6.1315,22.438,16.267,7.2817,0
0.18052,0.2846,0.46023,2.6894,55.052,0.52464,0.22463,2.3619,1.117,0.6722,0.22463,0.82459,0.15081,0.22463,356.59,1.0236,3.5137,0.22463,0.11629,38.081,1.007,0.2318,0.093454,0.6569,0.6722,0.86859,1.3405,1.7214,4.3074,0.079238,0.11629,57.501,6.3478,0.81449,0.2318,1.9632,43.612,0.68438,0.12,0.49919,0.031348,0.12,112.74,74.662,0.89574,1.9496,42.538,0.16513,0.085484,2.5743,0.27242,0.15754,2.5143,2.5599,9340,0.10478,0.26855,0.89522,0.018117,9.5849,4.8887,51.476,7.0907,7.2252,0
0.13919,0.85977,-0.089372,0.8131,-88.937,0.14101,0.13901,0.1631,1.7058,0.14023,0.16037,0.2907,0.1214,0.13901,1515.4,0.24086,1.1631,0.13901,0.081493,23.764,0.98604,0.15973,0.0816,0.49033,0.12818,0.24107,7.4791,-0.14623,6.3286,0.50403,0.081493,190.61,1.915,1.0651,0.79007,1.7058,0.72792,0.52181,0.46317,0.018776,0.1258,0.093643,81.277,57.514,1.2533,0.58086,44.267,0.091659,0.053734,0.45223,0.47819,0.52221,0.22944,0.85377,0.8131,0.46317,0,0.53327,2.7211,15.36,6.3463,102.32,3.5672,2.791,0
0.035958,0.64246,0.043541,1.1114,-25.696,0.084666,0.042947,0.53642,1.0001,0.34463,0.042947,0.10988,0.026592,0.042947,3548.7,0.10286,1.5565,0.042947,0.017283,31.897,1.1809,0.040958,0.01447,0.097962,0.34463,0.091977,0.16483,0.076981,4.5973,0.2386,0.017283,57.412,6.3576,0.063752,0.040958,2.5418,0.86333,0.59625,0.016482,0.13214,0.32956,0.016482,56.218,24.321,0.16558,0.55578,31.899,0.017824,0.007173,0.67613,0.39085,0.15729,0.60931,1.0542,1722.7,0.000059,0.10434,0.99994,0.7301,11.443,15.008,57.409,6.3579,4.3935,0
0.003728,0.17569,0.093283,1.531,-418.72,0.18761,0.00188,4.6918,1.1199,0.8243,0.00188,0.010698,0.043566,0.00188,14436,0.025284,5.6919,0.00188,0.018433,691.28,0.56742,0.011041,0.036559,0.21204,0.8243,0.035804,1.2127,0.12761,3.7337,1.6946,0.018433,704.33,0.51822,0.062843,0.011041,0.10403,,0.8243,0.10828,0.034112,0.4246,0.10828,941.4,250.11,0.019303,0.4318,774.17,0.008478,0.083149,1.531,0.17569,1.9297,1.1276,1.1276,505.25,0.10707,0.004522,0.89293,0,0.528,1.4593,628.92,0.58036,0.13948,0
0.15547,0.36517,0.38366,2.1511,41.73,0,0.1944,1.7385,1.5896,0.63483,0.23155,0.58327,0.13503,0.1944,621.01,0.58775,2.7385,0.1944,0.1223,51.349,1.2719,0.22513,0.097805,0.39922,0.61161,0.48113,6.0614,1.3555,4.2362,0.087413,0.12433,90.039,4.0538,3.7,0.23843,1.5896,33.055,0.64976,0.15,0.69603,0.04961,0.14163,111.36,60.013,0.69523,1.4802,60.41,0.2049,0.12891,1.9634,0.3333,0.24668,2.2429,2.2956,6609.6,0.15,0.24489,0.87916,0.02351,7.1083,6.0821,76.534,4.7691,5.6159,0
0.077855,0.37585,0.225,1.6912,-78.23,-0.030612,0.10486,1.6607,0.72354,0.62415,0.12375,0.32216,0.19369,0.10486,978.88,0.37288,2.6607,0.10486,0.14493,166.93,0.97817,0.12106,0.1076,0.1793,0.50584,0.30102,6.4109,0.50054,4.9232,0.45877,0.16281,190.06,1.9204,1.6632,0.098445,0.72354,5.3924,0.66488,0.13606,0.20333,0.080132,0.16732,244.32,77.393,0.23529,0.67466,193.21,0.085779,0.11856,1.4647,0.3255,0.52072,1.3885,1.4791,18854,0.13606,0.12474,0.86017,0.065247,2.1866,4.7162,164.2,2.2229,1.6096,0
-0.024818,0.71357,0.011494,1.0171,-50.63,0.026313,-0.026041,0.33538,1.0071,0.23932,-0.026041,-0.038678,0.000346,-0.026041,488390,0.000747,1.4014,-0.026041,-0.016883,41.188,1.3114,0.007945,-0.01609,0.038966,0.23932,0.002462,0.051874,0.036464,4.4546,0.45981,-0.016883,160.44,2.2749,0.011135,0.007945,1.57,12.674,0.27961,0.005151,0.079354,0.67961,0.005151,149.4,108.21,-0.14258,0.75854,41.479,-0.018629,-0.012077,0.95964,0.67328,0.43957,0.75919,0.88702,327.4,0.007014,-0.1037,0.99299,0.16838,8.8617,3.3731,159.32,2.291,4.8932,0
0.040134,0.52011,0.19671,1.4359,30.843,0.064901,0.051244,0.88118,0.9373,0.45831,0.059752,0.11355,0.089716,0.051244,2257.5,0.16168,1.9227,0.051244,0.054672,13.766,1.3291,0.052651,0.042819,0,0.45148,0.14032,6.1881,0.55882,5.4212,0.5549,0.054672,202.21,1.811,1.5714,0.12271,0.9373,8.9029,0.52712,0.13092,0.20914,0.20278,0.056172,215.59,201.82,1.1354,1.3575,15.787,0.019804,0.021128,1.2459,0.45129,0.55219,1.302,1.4975,1.4359,0.13092,0,0.86905,0.15015,26.515,1.8085,175.74,2.0769,2.6628,0
0.11632,0.07947,0.68711,9.6461,110.07,0.27516,0.14232,10.779,1.1691,0.85661,0.14232,1.7909,0.15593,0.14232,166.77,2.1887,12.583,0.14232,0.12759,108.32,1.7292,0.1397,0.10427,0.34232,0.85661,1.8614,1.4641,2.9436,4.8413,-0.04877,0.12759,30.401,12.006,1.7578,0.1397,1.1651,,0.85661,0.12523,2.6158,0.015252,0.12523,182.81,74.494,0.35137,5.4805,126.64,0.10808,0.096894,9.6461,0.07947,0.083291,3.6698,3.6698,47673,0.14465,0.13579,0.85535,0,3.3697,4.8997,26.004,14.037,4.7788,0
-0.033655,0.28247,0.47933,2.6969,47.347,0.1396,-0.032367,2.5088,0.98554,0.70865,-0.032367,-0.11459,0.013589,-0.032367,3767,0.096895,3.5402,-0.032367,-0.01607,39.297,1.1906,-0.038796,-0.016709,0.18372,0.70865,0.092333,-0.18983,2.0122,4.508,0.11394,-0.01607,50.448,7.2352,-0.13735,-0.038796,2.0297,,0.70865,-0.019262,0.19296,0.44349,-0.019262,128.17,88.876,-0.1552,1.9292,38.729,-0.098533,-0.04892,2.6969,0.28247,0.13821,2.9749,2.9749,15438,-0.014674,-0.047492,1.0147,0,9.2882,4.1069,51.188,7.1306,8.4555,0
0.17738,0.31231,0.65374,3.0933,81.775,0,0.21542,2.202,1.5318,0.68769,0.23671,0.68977,0.15371,0.21542,484.14,0.75391,3.202,0.21542,0.14063,84.03,1.1051,0.22669,0.1158,0.6183,0.65965,0.6321,10.649,19.256,3.8744,-0.025338,0.14063,86.481,4.2206,4.2206,0.21368,1.5318,,0.68769,0.1395,1.1442,0.042195,0.14799,145.04,61.013,0.50299,1.9641,97.652,0.20665,0.13491,3.0933,0.31231,0.23693,20.256,20.256,4895.2,0.1395,0.25793,0.8665,0,4.3437,5.9823,74.417,4.9048,45.12,0
-0.47252,0.32293,0.65568,3.0304,400.88,-0.29535,-0.43291,2.004,0.64742,0.64715,-0.43291,-1.3405,-1.0027,-0.43291,-293.24,-1.2447,3.0966,-0.43291,-1.0799,0,0.077432,-0.46527,-1.1787,-0.21067,0.64715,-1.3674,-7.5143,30.655,3.5643,0.004613,-1.0799,190.37,1.9173,-1.4408,-0.46527,0.5329,,0.64715,-1.1607,0.99631,-0.024445,-1.1607,598.1,598.1,,3.0304,0,-0.49621,-1.2378,3.0304,0.32293,0.52155,30.256,30.256,2404.2,-0.54459,-0.73015,1.5446,0,,0.61027,294.04,1.2413,18.742,0
-0.009816,0.25739,0.51162,3.2837,31.708,0,-0.010046,2.8851,1.8808,0.74261,0.014759,-0.04484,0.002809,-0.010046,17784,0.020524,3.8851,-0.010046,-0.005341,66.914,0.87187,0.013035,-0.005219,,0.43594,0.021418,0.52548,1.9354,4.5133,0.13212,-0.005097,43.726,8.3475,7.2657,0.010646,1.8808,270.31,0.74405,0.00566,0.055152,0.3025,0.00693,140.37,73.455,-0.028468,1.7446,67.295,-0.002294,-0.00122,2.8581,0.22403,0.1198,2.8092,2.8147,16683,0.00566,-0.013218,1.0053,0.001947,5.4547,4.9691,43.478,8.395,7.1148,0
0.11359,0.38437,0.42406,3.4418,48.993,0.37787,0.14227,1.5529,1.1253,0.59687,0.14227,0.81924,0.18706,0.14227,673.77,0.54173,2.6017,0.14227,0.12782,92.327,1.074,0.15085,0.10205,0.46922,0.59687,0.46711,1.525,1.0541,5.0518,0.2817,0.12782,64.081,5.6959,0.39247,0.15085,1.1616,1.5005,0.80757,0.13552,0.50471,0.058287,0.13552,167.26,74.93,0.40344,1.8205,103.89,0.084904,0.076276,1.5551,0.17367,0.17556,1.4837,2.0075,47779,0.11134,0.19031,0.88866,0.35301,3.9533,4.8712,56.946,6.4096,2.7671,0
0.010477,0.38376,0.38924,2.0799,-71.721,0,0.010477,1.6058,1.194,0.61624,0.023743,0.029066,0.043163,0.010477,2717.9,0.13429,2.6058,0.010477,0.008775,187.42,1.0447,0.021892,0.008775,0.021051,0.010477,0.13429,1.6503,1.5551,4.0364,0.31724,0.014277,111.93,3.2611,3.063,0.018521,1.194,161.39,0.61709,0.015512,0.019792,0.2032,0.018336,227,39.578,0.017089,0.37897,190.38,-0.019167,-0.016053,1.9536,0.36045,0.30665,2.4619,2.4653,4232.3,0.015512,0.017001,0.99138,0.001374,1.9475,9.2223,110.19,3.3125,4.77,0
0.006096,0.019958,0.052872,3.6492,60.411,0.1597,0.007844,49.103,0.95636,0.97999,0.007844,0.39301,0.17582,0.007844,928.73,0.39301,50.105,0.007844,0.17582,0,0.92238,-0.002231,0.13666,0.19717,0.97999,0.30546,-0.47824,0.057025,5.3962,0.3555,0.17582,156.17,2.3372,-0.11177,-0.002231,0.05563,,0.97999,-0.050006,2.4624,-0.29413,-0.050006,193.8,193.8,,3.6492,0,-0.002231,-0.050006,3.6492,0.019958,0.42786,1.057,1.057,13165,-0.045628,0.006221,1.0456,0,,1.8834,163.29,2.2352,0.048115,0
0.10639,0.5088,0.51465,2.3339,80.785,-0.23595,0.10639,0.96541,2.2743,0.4912,0.10644,0.27575,0.062355,0.10639,1309.5,0.27873,1.9654,0.10639,0.046779,2.5607,1.1892,0.10587,0.046779,0.36549,0.10598,0.27873,2290.3,5.1711,2.1133,0.10594,0.046799,64.588,5.6512,4.2853,0.093947,2.2743,7.1925,0.61418,0.041308,0.73927,0.12003,0.046552,98.74,96.179,6.6678,2.2926,2.6711,0.070449,0.030976,1.7698,0.38582,0.17695,4.9354,6.1711,66.8,0.041311,0.21659,0.95347,0.25036,142.54,3.795,61.92,5.8947,22.852,0
0.042056,0.48317,-0.089307,0.78049,-112.43,0.23412,0.047507,1.0697,0.58138,0.51683,0.13068,0.11677,0.10342,0.047507,2933.2,0.12444,2.0697,0.047507,0.081713,32.509,2.0905,0.097267,0.072337,0.085718,0.25862,0.11316,1.1695,-0.13086,5.9587,0.83107,0.081713,299.71,1.2764,1.0748,0.085916,0.58138,3.4818,0.59315,0.14778,0.023861,0.14657,0.1673,193.26,160.75,0.81218,0.65321,36.395,0.084648,0.1456,0.6572,0.40685,0.78345,0.7573,0.86914,0.78049,0.14778,0.081373,0.8537,0.14768,11.228,2.2706,255.42,1.429,0.85189,0
0.1533,0.076586,0.4825,7.3,126.05,0,0.1533,12.057,1.1958,0.92341,0.15359,2.0016,0.14894,0.1533,156.96,2.3254,13.057,0.1533,0.1282,25.231,1.275,0.14846,0.1282,0.27165,0.1533,2.3254,504.65,1.0943,3.8571,-0.074164,0.12845,26.733,13.653,13.653,0.15009,1.1958,,0.92341,0.12552,2.7113,0.014734,0.12416,107.27,82.043,1.8546,6.2208,28.853,0.12366,0.10341,7.3,0.076586,0.073242,2.0943,2.0943,3472.1,0.12552,0.16601,0.87249,0,14.466,4.4489,23.378,15.613,2.712,0
-0.078706,1.1571,-0.13714,0.36618,-190.02,-0.098616,-0.078706,-0.13576,0.24937,-0.15709,-0.03463,-0.36375,-0.29159,-0.078706,-5808.2,-0.062842,0.86424,-0.078706,-0.31562,23.245,1.4476,-0.039948,-0.31562,-0.12965,-0.17714,-0.062842,-0.90634,-0.14894,3.5429,4.5007,-0.30226,266.31,1.3706,0.2563,-0.047193,0.24937,0.070516,0.74132,-0.18925,0.16223,-1.1359,-0.16019,64.592,41.347,-4.956,0.29279,19.546,-0.045939,-0.18422,0.068476,0.21638,0.72961,-0.1706,0.80511,-478.73,-0.18925,0.50104,1.2982,-5.7192,15.702,8.8277,316.71,1.1525,0.27083,0
0.067856,0.37028,0.1185,1.3854,-20.063,0.043067,0.082789,1.2595,1.0924,0.46638,0.082789,0.26925,0.1305,0.082789,875.28,0.41701,2.7006,0.082789,0.069968,53.655,1.0731,0.096233,0.057347,0.082487,0.46638,0.37668,0.88845,0.20644,5.2061,0.29494,0.069968,103.61,3.5227,0.25989,0.096233,1.2178,4.0129,0.52919,0.08133,0.07234,0.072525,0.08133,124.54,70.887,0.39012,0.81971,58.613,0.024609,0.020798,1.1504,0.30748,0.28387,0.81247,0.92189,19045,0.08459,0.14549,0.91541,0.13467,6.8028,5.149,94.849,3.8482,2.0613,0
0.10286,1.5506,-0.49907,0.64189,-22.213,-1.0535,0.10286,-0.35508,8.6471,-0.55057,0.11144,0.073811,0.015993,0.10286,4092.5,0.089187,0.64492,0.10286,0.011896,2.1969,1.5119,0.11042,0.011896,-0.93235,-0.59266,0.089187,12.878,-4.7329,3.0748,0.17901,0.012887,55.54,6.5718,5.9066,-0.51153,8.6471,,-0.55057,-0.059157,0.010412,0.35439,0.012769,37.147,34.95,1.9764,0.60454,2.0742,0.074991,0.008672,0.57692,1.3936,0.15217,-5.2213,-5.2213,-592.94,-0.059157,-0.18683,0.98898,0,166.14,10.443,58.826,6.2047,82.003,0
0.098348,0.16024,0.28846,2.8002,121.26,0.1115,0.12077,5.2407,0.90547,0.83976,0.12077,0.75368,0.16454,0.12077,392.56,0.92979,6.2407,0.12077,0.13338,10.067,0.80516,0.1009,0.10862,0.55234,0.82453,0.78987,,0.52323,3.5164,0.003033,0.13338,72.165,5.0579,5.0579,0.095003,0.90547,,0.83976,0.10492,0.98286,0.041368,0.11143,117.39,107.32,3.938,2.6443,11.247,0.072676,0.080264,2.8002,0.16024,0.19771,1.5232,1.5232,947.2,0.10492,0.11711,0.87034,0,36.256,3.4011,64.593,5.6507,1.6424,0
0.06435,0.17973,0.4842,4.7391,85.12,0,0.21659,4.564,1.4535,0.82027,0.21771,1.6725,0.18191,0.21659,248.1,1.4712,5.564,0.21659,0.14901,35.971,1.0293,0.21757,0.044272,0.40899,0.73836,0.62411,194.51,1.2534,3.7724,0.054331,0.14908,33.896,10.768,7.7587,0.059043,1.4535,,0.82027,0.040621,0.95221,0.022574,0.14968,123.15,87.175,0.44923,3.6329,37.494,0.16975,0.11679,3.4146,0.1295,0.092866,2.1234,2.1234,2867,0.040621,0.07845,0.86879,0,10.147,4.187,32.519,11.224,3.7626,0
-0.019564,0.86443,-0.11698,0.86468,-89.269,0,-0.019495,0.15683,1.9516,0.13557,-0.007002,-0.022553,-0.004031,-0.019495,-40107,-0.009101,1.1568,-0.019495,-0.00999,50.969,0.9867,-0.007011,-0.010025,-0.033282,0.11179,-0.00918,-0.56116,-0.46319,3.1802,0.43544,-0.009912,159.21,2.2926,2.2926,-0.030221,1.9516,,0.13557,-0.015485,0.13152,6.2401,-0.003592,118.53,67.563,-0.071789,0.54942,50.192,-0.018639,-0.009551,0.86468,0.86443,0.43618,0.5368,0.5368,-177.13,-0.015486,-0.14431,1.0099,0,7.1613,5.4024,161.67,2.2576,7.7277,0
0.098062,0.20694,0.60976,3.9466,74.863,0.18474,0.12426,3.6906,1.1656,0.76372,0.12426,0.60045,0.17191,0.12426,488.72,0.74684,4.8324,0.12426,0.13822,41.467,1.1576,0.12824,0.10908,0.20568,0.76372,0.62027,1.6627,3.3264,5.5591,0.12887,0.13822,97.931,3.7271,0.61971,0.12824,0.93541,,0.76372,0.14265,2.1486,0.042914,0.14265,151.07,109.6,0.96014,3.453,48.334,0.097947,0.10895,3.9466,0.20694,0.2683,4.1664,4.1664,220940,0.14206,0.1284,0.85794,0,8.8021,3.3303,84.018,4.3443,4.9043,0
0.019116,0.55685,-0.20328,0.56593,-59.719,0,0.019116,0.79581,2.0933,0.44315,0.053782,0.040819,0.035765,0.019116,2714.9,0.13445,1.7958,0.019116,0.009132,22.126,1.3828,0.053775,0.009132,,0.4234,0.13445,1.5513,-0.27659,4.344,0.26574,0.025009,83.048,4.395,3.6962,0.034997,2.0933,2.8158,0.49221,0.016719,0.005561,0.16947,0.02569,45.759,23.634,0.15065,0.29498,22.502,-0.001975,-0.000943,0.47595,0.46832,0.22753,0.60295,0.6697,-4488.7,0.016719,0.043137,0.99131,0.11071,16.497,15.444,81.66,4.4698,2.8481,0
0.087493,0.31804,0.35994,2.1423,30.516,0.31276,0.087493,2.1012,1.0437,0.66827,0.087493,0.27766,0.065728,0.087493,918.27,0.39748,3.1443,0.087493,0.045491,37.08,1.0733,0.085784,0.045491,0.31276,0.66827,0.39748,0.46551,1.1077,4.808,0.14981,0.045491,62.413,5.8481,0.26973,0.085784,1.9461,163.76,0.6712,0.044602,0.13189,0.083846,0.044602,120.22,83.142,0.4478,1.5222,38.7,0.046862,0.024366,2.1226,0.31511,0.171,2.0565,2.0655,23130,0.041862,0.13092,0.95814,0.004383,9.8435,4.3901,59.8,6.1036,5.9187,0
87.459,-430.87,-6.459,0.44818,8.0767,543.25,-517.48,-0.78876,65.607,339.85,-19.131,-44.21,-7.8656,-517.48,304.76,1.1977,-0.002321,-517.48,-7.8876,618.46,0.3048,-19.279,1.3331,-37.836,127.92,-0.20633,-0.038685,-0.019005,1.7853,-6.5675,-7.8876,75.343,5.479,-0.14884,-14.148,65.607,-0.82801,467.77,-0.21564,-9.0686,0.80524,-0.29385,619.73,1.2769,0.78676,-9.049,632.69,-20.721,-0.31584,-0.012175,11.705,0.18252,1,1.3764,-394,0.13568,0.25734,8.5735,0.37639,0.59018,285.86,65.12,5.605,0.19304,0
0.14635,0.59038,0.2849,2.8116,55.716,0,0.14635,0.69382,1.7261,0.40962,0.18724,0.93057,0.10222,0.14635,1221.2,0.29888,1.6938,0.14635,0.084784,10.12,1.3526,0.18701,0.084784,0.27993,0.14635,0.29888,0.084784,0.51072,3.5016,0.32949,0.10847,38.088,9.583,2.5527,0.21906,1.7261,0.91347,0.84128,0.12691,0.19125,0.090641,0.10834,87.138,77.018,3.058,2.5073,11.59,0.1569,0.090897,0.74895,0.15727,0.10435,0.7343,1.5081,904.21,0.12691,0.35728,0.91548,1.0538,36.069,4.7391,33.255,10.976,3.0944,0
0.06689,0.39058,0.10926,1.2797,-12.107,0,0.082988,1.5603,1.5131,0.60942,0.085667,0.21247,0.064618,0.082988,1458.1,0.25033,2.5603,0.082988,0.054847,37.463,1.0549,0.083286,0.044208,0.28411,0.39503,0.20911,31.094,0.21844,3.8449,0.20164,0.054947,99.882,3.6543,3.6543,0.085789,1.5131,,0.60942,0.056698,0.22258,0.13276,0.055044,99.603,62.14,0.43071,0.88211,39.715,0.068502,0.045273,1.2797,0.39058,0.27365,1.2184,1.2184,764.44,0.056698,0.10976,0.94563,0,9.7429,5.8738,94.219,3.874,3.0252,0
0.14618,0.53685,0.44328,1.8284,30.756,0,0.1811,0.86272,2.9594,0.46315,0.19787,0.33843,0.063122,0.1811,1049,0.34796,1.8627,0.1811,0.061195,24.888,1.1827,0.19702,0.049397,0.42589,0.42543,0.28292,11.746,20.519,4.0254,0.17886,0.061397,70.594,5.1704,5.1537,0.1926,2.9594,,0.46315,0.065082,0.02457,0.088275,0.066574,119.05,94.164,0.72443,1.4513,26.621,0.19131,0.064647,1.8225,0.53511,0.19341,21.438,21.438,4700.3,0.065082,0.31563,0.9392,0,14.666,3.8762,66,5.5303,136.98,0
0.039021,0.092094,0.28253,8.0506,164.03,0,0.039021,9.8584,0.59484,0.90791,0.040525,0.97378,0.22517,0.039021,250.96,1.4544,10.858,0.039021,0.065598,41.755,0.86119,0.040347,0.065598,0.13949,0.040822,1.4544,26.817,0.41707,4.4148,0.11161,0.067908,26.12,13.974,6.0803,0.034885,0.59484,4.9368,0.95947,0.058646,0.70607,0.022694,0.067827,180.59,138.83,0.57342,6.3524,44.356,-0.054574,-0.091745,3.5029,0.040071,0.071561,1.3403,1.4164,7343.3,0.058646,0.042979,0.9353,0.056792,8.7414,2.6291,24.588,14.845,0.87812,0
0.037841,0.16704,0.30711,2.8458,37.306,0.1519,0.050671,4.5706,1.0296,0.76348,0.050671,0.30453,0.060743,0.050671,622.31,0.58652,5.9865,0.050671,0.031415,33.744,1.1095,0.040832,0.023461,0.20171,0.76348,0.50972,0.26066,0.58332,4.1107,0.002512,0.031415,38.769,9.4147,0.24444,0.040832,1.6256,497.15,0.76413,0.025315,0.98302,0.062311,0.025315,70.139,36.395,0.25378,1.9496,34.744,-0.006472,-0.004012,2.8346,0.16639,0.10622,1.4501,1.4514,3963,0.028778,0.049564,0.97122,0.000855,10.817,10.029,37.653,9.6937,3.0635,0
0.19718,0.23174,0.43625,2.9451,52.742,0.52497,0.24772,2.3389,1.1112,0.542,0.24772,1.1045,0.12513,0.24772,283.2,1.2888,4.3152,0.24772,0.10379,18.817,1.1191,0.25968,0.082609,0.65614,0.542,1.0707,1.2089,1.2851,4.3235,0.026653,0.10379,38.112,9.577,1.1206,0.25968,2.461,72.144,0.54945,0.1088,0.77619,0.024527,0.1088,74.389,55.571,1.6024,2.3964,20.91,0.20873,0.087449,2.8504,0.22429,0.10442,1.5966,1.6186,9188,0.10007,0.36379,0.89993,0.013746,19.397,6.5681,34.298,10.642,7.0313,0
0.054539,0.12293,0.08327,1.6774,55.139,0.10564,0.070101,6.2944,1.1282,0.77377,0.070101,0.57026,0.15101,0.070101,577.13,0.63244,8.1347,0.070101,0.13616,8.8724,1.2744,0.056015,0.10593,0.13712,0.77377,0.50585,1.2275,0.1049,4.1896,0.088329,0.13616,98.325,3.7122,0.45567,0.056015,0.53415,,0.77377,0.1088,0.6466,0.063486,0.1088,89.834,80.962,4.3579,1.5756,10.01,0.048371,0.093952,1.6774,0.12293,0.26938,0.97476,0.97476,1288.5,0.11364,0.070485,0.88636,0,41.139,4.5083,87.151,4.1881,0.64858,0
-0.0201,0.33929,0.50066,2.4756,37.753,0,-0.0201,1.9473,2.3081,0.66071,-0.017009,-0.059241,0.009646,-0.0201,5562.6,0.065617,2.9473,-0.0201,-0.008708,26.846,1.2644,-0.020816,-0.008708,0.028452,0.63882,0.065617,-6.7357,3.1282,3.3586,0.049706,-0.00737,52.738,6.921,6.921,-0.040102,2.3081,,0.66071,-0.017374,0.92443,0.52489,-0.009019,83.229,56.382,-0.1184,1.9753,26.388,-0.063179,-0.027373,2.4756,0.33929,0.14449,4.1282,4.1282,1143.3,-0.017374,-0.030421,1.0086,0,13.596,6.4737,53.654,6.8028,14.421,0
0.14388,0.36584,0.26372,2.05,20.014,0.3929,0.13253,1.6888,1.2076,0.61781,0.17741,0.52765,0.12678,0.13253,872.13,0.41851,2.7335,0.13253,0.10974,35.3,1.861,0.17631,0.11915,0.3096,0.61657,0.44955,3.9288,0.54363,6.1966,0.14856,0.10974,100.15,3.6446,2.5022,0.15966,1.2076,3.4717,0.73248,0.13221,1.3025,0.061936,0.146,56.746,21.446,1.232,1.585,46.568,0.15573,0.12896,1.4074,0.25117,0.27438,1.2735,1.5099,414730,0.24197,0.23289,0.79519,0.18561,10.34,17.019,75.915,4.808,2.4894,0
-1.029,0.43746,0.34474,1.788,3.8408,0.000196,-1.029,1.2858,5.6333,0.56249,-1.0289,-2.3523,-0.18103,-1.029,-156.58,-2.3311,2.2859,-1.029,-0.18267,17.734,,-1.029,-0.18267,-1.029,0.27199,-2.3311,-10510,1.5828,2.3102,0.053349,-0.18265,23.965,15.23,15.23,-1.0293,5.6337,,0.56249,-0.18271,0.31312,-0.0143,-0.18266,41.806,24.072,-3.7596,1.1624,14.994,-1.0382,-0.1843,1.788,0.43746,0.065659,2.5826,2.5826,70.42,-0.18272,-1.8294,1.1827,0,20.582,15.163,28.344,12.877,25.865,1
-0.37047,1.2992,-0.67777,0.47802,-207.02,-0.47654,-0.37047,-0.23037,0.95927,-0.29929,-0.36334,-0.28532,-0.34321,-0.37047,-1440.3,-0.25342,0.76973,-0.37047,-0.3862,30.175,,-0.36765,-0.3862,-0.37047,-0.32287,-0.25342,-51.529,-1.7845,3.1535,1.353,-0.37881,356.33,1.048,1.0474,-0.37081,0.99746,,-0.29929,-0.38656,0.002299,-0.13267,-0.38326,235.03,204.86,-4.6715,0.063375,21.272,-0.40889,-0.42625,0.47776,1.2985,0.9542,-0.788,-0.788,-965.15,-0.38653,1.2378,1.3642,0,12.096,1.7817,494.06,0.73878,2.5257,1
-0.23491,0.8957,-0.32658,0.53057,-224.6,-0.38394,-0.23491,0.11447,0.89363,0.10253,-0.23491,-0.33766,-0.20859,-0.23491,-1558.1,-0.23426,1.1165,-0.23491,-0.23353,27.109,2.6923,-0.12339,-0.23353,-0.38394,0.10253,-0.23426,-1.0961,-0.51766,4.8443,0.88613,-0.23353,225.59,1.618,-0.13775,-0.12339,1.0224,1.4721,0.30253,-0.12266,0.41635,-0.29957,-0.12266,28.834,1.7252,-3.1443,0.42318,24.225,-0.14847,-0.1476,0.4121,0.6957,0.61805,0.16252,0.47953,-22821,-0.11903,-2.2911,1.119,1.9506,13.464,211.57,252.44,1.4459,1.5944,0
0.2099,0.44621,0.35825,1.8029,-7.4924,0.28195,0.2577,0.94426,1.149,0.42134,0.2577,0.57752,0.12362,0.2577,582.25,0.62688,2.2411,0.2577,0.11389,33.005,1.3831,0.28958,0.092764,0.3617,0.42134,0.51977,1.4704,1.832,5.907,0.10701,0.11389,82.7,4.4135,0.64898,0.28958,2.2937,,0.42134,0.12798,0.89252,0.047078,0.12798,65.525,32.52,1.0259,1.3443,37.921,0.26756,0.11825,1.8029,0.44621,0.22658,2.1547,2.1547,289170,0.12966,0.49818,0.87034,0,11.059,11.224,71.978,5.071,11.571,0
0.041859,0.74947,0.19825,1.3136,-56.585,0.065136,0.05912,0.33427,1.7768,0.25053,0.16399,0.093517,0.049018,0.05912,3140.9,0.11621,1.3343,0.05912,0.033273,46.877,0.94188,0.10963,0.023559,-0.17905,0.18757,0.093178,1.0454,1.1692,3.555,0.40363,0.033273,136.93,2.6656,2.2485,0.091634,1.7768,5.6058,0.35796,0.051572,0.41578,0.18155,0.061703,116.6,69.72,0.18344,0.95264,49.426,0.081658,0.045958,1.108,0.63218,0.37515,1.4775,2.111,711.64,0.051572,0.16708,0.96806,0.42882,7.7863,5.2352,129.87,2.8106,10.479,0
0.06669,0.20427,0.56008,3.7418,54.912,0.24328,0.082403,3.5424,1.0144,0.72361,0.082403,0.4034,0.036141,0.082403,632.42,0.57715,4.8955,0.082403,0.025261,8.3437,0.9676,0.064838,0.020444,0.29692,0.72361,0.50023,0.20162,2.3767,4.4411,-0.10271,0.025261,23.185,15.743,0.31741,0.064838,3.2992,,0.72361,0.019876,2.6423,0.066937,0.019876,25.132,16.788,0.89434,3.3768,8.4638,0.029347,0.008996,3.7418,0.20427,0.063521,3.0707,3.0707,15465,0.014185,0.092164,0.98581,0,43.746,21.741,22.856,15.969,13.843,0
-0.017666,1.0393,-0.04947,0.91377,-58.03,-0.2755,-0.019094,-0.037816,1.4349,-0.039302,0.016291,-0.033281,0.002746,-0.019094,96283,0.003791,0.96218,-0.019094,-0.013307,43.864,1.1814,0.016151,-0.012312,-0.10207,-0.28793,0.005164,0.45645,-0.10398,4.2818,0.70088,0.008618,148.21,2.4628,1.3595,0.021956,1.4349,0.77088,0.41706,0.015302,0.062354,0.8841,0.011256,124.26,80.391,-0.10245,0.61321,44.546,-0.006882,-0.004796,0.50441,0.5737,0.40605,-0.082609,0.8766,-946.61,0.015302,0.4495,1.0133,-11.612,8.3211,4.5403,145.94,2.501,3.0159,0
0.19545,0.072191,0.6181,9.9174,76.543,0,0.19545,12.852,1.6864,0.92781,0.19545,2.8197,0.27118,0.19545,57.62,6.3347,13.852,0.19545,0.1159,98.469,1.1375,0,0.1159,0.55143,0.89715,6.3347,,1.9774,5.2916,-0.046696,0.26073,24.728,14.761,14.173,0.009733,1.6864,,0.92781,0.005772,2.1963,0.00919,0,115.84,17.367,0.42961,3.3539,162.3,-0.26186,-0.15528,9.5222,0.069314,0.067747,2.9682,2.9682,120980,0.39329,0.21066,0.62547,0,3.7068,21.016,15.003,24.329,5.3949,0
0.093309,0.36261,0.097742,1.4187,-39.21,0.35287,0.11394,1.5335,1.0792,0.55607,0.12197,0.48812,0.14095,0.11394,870.06,0.41951,2.7578,0.11394,0.10557,44.662,2.8069,0.11753,0.08646,0.1968,0.49126,0.36263,14.625,0.14614,6.6943,0.336,0.10557,101.51,3.7478,2.4125,0.23991,1.0792,1.5412,0.68527,0.2223,0.22682,0.077624,0.1089,94.096,49.434,0.70659,0.853,55.098,0.079346,0.073522,0.91327,0.23342,0.26682,0.8314,1.0246,1.4187,0.2223,0,0.80956,0.23233,8.1725,7.3836,78.945,4.6235,1.6136,0
0.16681,0.56972,0.30095,2.2008,57.988,0.27636,0.2136,0.59971,1.1876,0.34167,0.2136,0.85227,0.19108,0.2136,755.89,0.48287,1.7552,0.2136,0.14836,21.435,1.3183,0.22641,0.11586,0.32133,0.34167,0.40074,1.8677,0.67113,4.8204,0.2902,0.14836,75.463,4.8368,0.3974,0.22641,1.4544,1.4636,0.66076,0.15726,0.73002,0.065057,0.15726,93.453,72.019,1.973,1.8635,25.457,0.16491,0.11454,0.96815,0.25063,0.20675,0.76193,1.4735,19902,0.158,0.48822,0.842,0.93394,17.028,5.0681,63.54,5.7444,3.2106,0
-0.079408,0.61322,-0.22434,0.55021,-101.45,0.15691,-0.084691,0.60039,0.98333,0.36817,-0.084691,-0.1698,-0.040986,-0.084691,-5180.1,-0.070461,1.6307,-0.084691,-0.080335,21.239,0.77375,-0.017807,-0.075323,0.21705,0.36817,-0.061845,-0.1661,-0.3092,4.7539,0.55116,-0.080335,169.81,2.1495,-0.029039,-0.017807,1.0633,1.8619,0.48261,-0.016891,0.073996,0.85152,-0.016891,82.237,60.997,-1.2944,0.42722,20.885,-0.05929,-0.056241,0.44753,0.49877,0.46523,0.50742,0.66515,-12729,-0.016954,-0.21568,1.017,0.31084,17.185,5.9839,172.69,2.1136,1.453,0
-0.058142,0.2252,0.58185,3.5837,-4.1234,-0.016211,-0.07087,3.4258,0.9762,0.77148,-0.07087,-0.3147,-0.028762,-0.07087,-1743.4,-0.20936,4.4406,-0.07087,-0.043233,132.44,0.9618,-0.062459,-0.035469,-0.01787,0.77148,-0.15284,-0.37196,3.0155,4.321,0.1007,-0.043233,48.95,7.4566,-0.27735,-0.062459,1.6461,,0.77148,-0.038102,0.29371,-0.19113,-0.038102,164.97,32.534,-0.097751,0.94252,129.29,-0.086181,-0.052574,3.5837,0.2252,0.13411,3.9983,3.9983,12183,-0.024381,-0.075363,1.0244,0,2.756,11.219,50.143,7.2792,8.4955,0
0.51424,0.28472,0.29212,2.4565,44.89,0,0.51424,2.5122,1.9209,0.71528,0.52724,2.5641,0.30821,0.51424,175.54,2.0793,3.5122,0.51424,0.26771,20.797,1.1299,0.51693,0.26771,1.3799,0.51424,2.0793,39.78,0.57579,3.7098,0.14225,0.27357,52.776,6.9161,4.8716,0.53383,1.9209,6.5679,0.77362,0.27791,0.15403,0.015959,0.26911,87.746,66.949,4.6984,1.9108,28.801,0.43914,0.22862,1.7303,0.20055,0.14459,1.4099,1.5249,1497.5,0.27791,0.71894,0.73389,0.081573,17.55,5.4519,38.109,9.5778,3.7863,0
0.016032,0.00791,0.050838,7.4273,138.37,0.092864,0.019979,125.22,1.0835,0.99045,0.019979,2.5259,0.54496,0.019979,18.299,19.946,126.43,0.019979,0.069012,0,1.0051,0.021378,0.055376,0.11481,0.99045,19.447,0.80005,0.054012,3.8403,-0.14987,0.069012,10.805,33.782,2.7027,0.021378,0.29047,,0.99045,0.073842,6.6238,0.001634,0.073842,8.0128,8.0128,,7.4273,0,-0.11641,-0.4021,7.4273,0.00791,0.029602,1.0523,1.0523,351.96,0.07704,0.016186,0.92296,0,,45.552,9.9723,36.601,0.30758,0
0.045092,0.43293,0.18418,1.9001,-6.7637,0.20115,0.069263,1.2884,1.0816,0.5578,0.069263,0.33849,0.086981,0.069263,1421.6,0.25674,2.3098,0.069263,0.054201,58.196,1.2423,0.098016,0.035286,0.25166,0.5578,0.20091,0.82957,0.30134,4.4027,0.32594,0.054201,63.212,5.7742,0.2264,0.098016,1.3042,0.81053,0.78611,0.076702,0.089212,0.10173,0.076702,105.84,47.641,0.22131,0.90436,62.942,0.056127,0.043922,0.89807,0.20462,0.17318,0.91263,1.2862,4655,0.075406,0.080838,0.92459,0.4093,6.2719,7.6614,58.445,6.2451,2.0908,0
0.007093,0.80361,-0.053175,0.90879,-95.65,0,0.008571,0.24439,1.532,0.19639,0.06071,0.014702,0.024016,0.008571,7972.2,0.045784,1.2444,0.008571,0.005595,78.105,1.0627,0.060269,0.00463,0.052379,0.086118,0.043944,1.1559,-0.11309,4.8038,0.52125,0.021189,142.83,2.5555,1.8539,0.042186,1.532,1.666,0.31763,0.027536,0.021255,0.30271,0.03934,123.28,45.171,0.021636,0.34646,80.317,0.032047,0.020919,0.65929,0.58299,0.39132,0.41769,0.67555,-3384.6,0.027536,0.036116,0.99451,0.61735,4.6732,8.0805,138.9,2.6278,3.2583,0
0.11811,0.36287,0.091953,1.2665,4.9774,0.26485,0.13869,1.6165,1.0397,0.58659,0.13869,0.40199,0.12777,0.13869,692.59,0.52701,2.7558,0.13869,0.092661,16.687,1.0393,0.13985,0.078917,0.29638,0.58659,0.47032,0.97146,0.16331,4.6521,0.23736,0.092661,87.47,4.1728,0.3854,0.13985,1.601,20.612,0.60447,0.093441,0.034714,0.062005,0.093441,103.64,86.951,1.7262,1.0682,17.348,0.0873,0.058329,1.2041,0.34499,0.23965,1.0418,1.0736,4127.2,0.038144,0.20136,0.96186,0.03048,21.874,4.1977,84.134,4.3383,2.6582,0
0.15081,0.52424,0.19509,1.4356,-68.704,0,0.15081,0.90737,1.0848,0.47568,0.15081,0.33673,0.13903,0.15081,1268.8,0.28768,1.9075,0.15081,0.13903,132.78,,0.17477,0.13903,0.15081,0.15081,0.28768,5.0293,0.54654,4.1469,0.47738,0.16097,175.68,2.3346,1.9945,0.039537,1.2312,,0.47568,0.036446,0.014329,0.099986,0.16111,214.18,81.407,0.38218,0.8954,137.75,0.17477,0.16111,1.2265,0.44788,0.42835,1.3326,1.3326,2736,0.14218,0.31704,0.75614,0,2.749,4.4836,150.7,2.4221,3.039,1
0.087745,0.039307,0.33397,9.4964,141.89,0.21813,0.10959,24.025,1.1626,0.94434,0.10959,2.788,0.21819,0.10959,91.636,3.9832,25.441,0.10959,0.15272,55.365,1.0185,0.10218,0.12228,0.25382,0.94434,3.4275,1.6554,0.53288,4.4925,-0.14531,0.15272,23.245,15.703,2.5994,0.10218,0.729,,0.94434,0.14239,3.6621,0.008664,0.14239,116.65,61.288,0.80616,6.7274,64.365,0.055197,0.076923,9.4964,0.039307,0.063684,1.5068,1.5068,10379,0.13984,0.092917,0.86016,0,6.5927,5.9555,19.994,18.255,1.145,0
0.22202,0.21896,0.7544,4.4454,100.63,0.53751,0.22202,3.567,1.6868,0.78104,0.23384,1.014,0.14083,0.22202,336.45,1.0848,4.567,0.22202,0.13163,75.176,1.0043,0.22461,0.13163,0.65209,0.75953,1.0848,19.01,28.315,3.6674,-0.060873,0.13163,54.671,6.6763,6.6763,0.22491,1.6868,,0.78104,0.13334,1.4812,0.030395,0.13316,140.44,65.267,0.63908,2.8587,86.742,0.20909,0.12396,4.4454,0.21896,0.14978,29.315,29.315,3507.3,0.13334,0.28427,0.86917,0,4.8553,5.5924,47.381,7.7035,63.309,0
0.080241,0.87173,0.52163,2.6564,9.3786,-0.15083,0.10107,0.14715,2.9912,0.12827,0.14724,0.32095,0.066939,0.10107,1589.1,0.22969,1.1471,0.10107,0.03379,54.11,1.0754,0.11105,0.026826,-0.021555,-0.034041,0.2058,2.4051,3.1913,3.5052,0.28961,0.049202,39.479,9.2454,3.3399,0.079662,2.9912,0.7226,0.6723,0.026632,0.03293,0.13824,0.037125,100.81,46.705,0.18096,1.2483,55.59,0.01189,0.003975,0.95964,0.31492,0.10816,0.78476,4.1131,1669.5,0.026632,0.62556,0.96757,4.2413,6.7456,7.8151,38.428,9.4984,18.3,0
-0.28705,1.8,-0.94244,0.47641,-1011,-0.61501,-0.28705,-0.44443,0.63759,-0.79995,-0.12761,-0.15947,-0.44658,-0.28705,-2307.3,-0.15819,0.55557,-0.28705,-0.4502,428.86,0.84983,0,-0.4502,-0.53579,-0.90206,-0.15819,0,-6.6143,4.1813,2.7921,-0.9004,1065.4,0.3426,0.3426,0.10596,0.63759,,-0.79995,0.16618,0.029694,25.998,0,460.3,31.439,-0.38316,0.060205,443.41,-0.002308,-0.00362,0.47641,1.8,2.9188,-5.6143,-5.6143,-14307,0.032821,0.35883,1.2175,0,0.85109,11.61,1030.4,0.35423,4.4748,0
0.011698,0.51203,0.013899,1.0327,-488.77,0,0.011698,0.95301,0.57283,0.48797,0.018452,0.027484,0.10902,0.011698,2992.7,0.12196,1.953,0.011698,0.020421,61.212,1.1656,0,0.020421,0.05785,0.22362,0.12196,0,0.024798,4.6363,0.88546,0.052001,775.85,0.47045,0.39107,0.003968,0.57283,5.8509,0.54667,0.006928,0.29509,0.3363,0,200.03,138.82,0.12177,0.80695,175.11,-0.050751,-0.088596,0.8584,0.42563,2.1256,0.87064,0.97538,601.58,0.65044,0.023973,0.36228,0.1203,5.9629,2.6293,271.2,1.3459,1.022,0
0.095188,0.56587,0.14289,1.3081,-10.275,0.23443,0.12216,0.5856,1.1257,0.33137,0.12216,0.26338,0.11431,0.12216,1357.7,0.26884,1.7672,0.12216,0.09179,45.514,2.3065,0.15377,0.071523,0.29665,0.33137,0.22117,1.3005,0.36332,4.7391,0.38739,0.09179,143.19,2.5491,0.27173,0.15377,1.3736,4.3188,0.43343,0.11554,0.12963,0.10126,0.11554,149.9,104.39,0.57358,0.95027,51.233,0.1238,0.093019,1.0722,0.46382,0.3923,0.84256,1.102,7836.9,0.11163,0.28725,0.88837,0.30798,8.0196,3.4965,127.2,2.8694,3.3839,0
0.038435,0.77086,0.09685,1.5561,24.734,0.00121,0.048266,0.29725,0.72573,0.22914,0.079695,0.27714,0.14932,0.048266,2596.5,0.14058,1.2973,0.048266,0.066508,21.135,1.434,0.079168,0.052961,0.097907,0.19092,0.12782,2.519,0.13285,3.98,1.0257,0.10805,94.836,3.8488,0.86954,0.055436,0.72573,0.50564,0.682,0.076386,0.22627,0.18451,0.10909,116.48,95.347,0.91464,1.3148,22.883,0.01907,0.026276,0.35157,0.17416,0.25982,0.31432,0.93554,924.81,0.076386,0.16774,0.93569,1.9764,17.27,3.8281,87.592,4.1671,0.99552,0
-0.40892,1.5975,-1.1731,0.26563,-128.21,-1.2274,-0.41627,-0.44097,0.92319,-0.70444,-0.41627,-0.26058,-0.090838,-0.41627,-1650.8,-0.22111,0.62599,-0.41627,-0.10705,28.543,1.308,-0.4161,-0.10516,-1.2212,-0.70444,-0.21651,-0.9879,-2.0379,3.7614,0.41055,-0.10705,138.43,2.6366,-0.26047,-0.4161,3.8929,,-0.70444,-0.10701,0.00089,-0.14876,-0.10701,39.697,11.154,-1.3448,0.075275,26.351,-0.47915,-0.12322,0.26563,1.5975,0.37927,-1.2237,-1.2237,-6772.8,-0.083205,0.58049,1.0832,0,12.788,32.723,149.95,2.4341,6.7547,0
0.049566,0.3065,0.40229,2.3369,25.654,0.20103,0.063949,1.882,1.0117,0.57684,0.063949,0.21252,0.034909,0.063949,977.5,0.3734,3.2626,0.063949,0.019506,19.201,1.2032,0.05962,0.015119,0.22215,0.57684,0.32647,0.18398,1.3554,4.3501,0.008575,0.019506,33.893,10.769,0.19452,0.05962,3.3126,94.855,0.58244,0.018185,0.9335,0.091507,0.018185,47.016,27.816,0.2874,1.7638,19.425,0.009122,0.002782,2.2943,0.3009,0.092856,1.9435,1.9624,9008.2,0.011569,0.085926,0.98843,0.0097,19.01,13.122,33.5,10.895,11.046,0
0.010476,0.44826,-0.045179,0.83865,-19.21,0.14256,0.014165,1.0349,1.0059,0.4639,0.014165,0.050589,0.037881,0.014165,1807.5,0.20193,2.2308,0.014165,0.005928,11.315,1.0597,0.036911,0.004384,0.15202,0.4639,0.1937,0.15539,-0.059044,4.3594,0.1832,0.005928,43.026,8.4833,0.082342,0.036911,2.4191,0.95548,0.63215,0.015447,0.049755,0.13012,0.015447,33.742,22.428,0.14143,0.57412,11.382,-0.039443,-0.016506,0.52388,0.28001,0.11788,0.60627,0.82616,-1033.6,0.005914,0.022583,0.99409,0.36269,32.259,16.275,42.771,8.5338,3.1229,0
0.094742,0.82022,0.041526,1.0519,-111.17,0,0.085433,0.21919,2.0522,0.17978,0.093965,0.10671,0.04576,0.085433,3188,0.11449,1.2192,0.085433,0.041631,112.6,1.3293,0.093392,0.046167,0.26357,0.17892,0.12584,10.946,0.26299,4.5432,0.39444,0.045579,148.5,2.4579,2.399,0.084459,2.0522,10.64,0.19943,0.041156,0.030301,0.2684,0.045509,145.46,32.865,0.14966,0.26111,117.43,0.084918,0.04138,1.0267,0.80057,0.40686,1.1386,1.263,1450.4,0.041156,0.52699,0.95859,0.10928,3.2416,11.106,142.39,2.5634,12.997,0
0.36242,0.25232,0.53218,3.7529,104.42,0,0.45168,2.9632,1.8932,0.74768,0.45278,2.3365,0.26887,0.45168,180.93,2.0174,3.9632,0.45168,0.23857,20.241,1.7021,0.41384,0.19143,0.73497,0.71272,1.6637,375.39,1.9387,4.2817,-0.083931,0.23916,46.671,7.9002,6.0527,0.38141,1.98,,0.74768,0.20146,2.1316,0.01785,0.21859,60.427,40.186,3.4521,3.2098,25.092,0.35649,0.1883,2.8753,0.19331,0.12658,2.7237,2.7237,10180,0.20146,0.48473,0.77188,0,18.033,9.0828,37.269,9.7936,6.8969,0
0.1478,0.51775,-0.005723,0.97817,-40.917,0.36902,0.1478,0.89131,1.2305,0.46148,0.1478,0.5637,0.2644,0.1478,737.17,0.49514,1.9314,0.1478,0.15243,26.571,1.0513,0.16802,0.15243,0.36902,0.46148,0.49514,2.1323,-0.007697,4.5704,0.52556,0.15243,121.45,3.0054,0.32453,0.16802,0.98172,0.72737,0.71704,0.17329,0.034634,0.061544,0.17329,93.128,66.557,2.094,0.70897,32.694,0.059464,0.061328,0.49535,0.26219,0.33273,0.62066,0.96437,-212.85,0.18729,0.32027,0.81271,0.55378,13.737,5.484,98.7,3.6981,1.3041,0
0.19699,0.31047,0.48079,5.301,129.49,0.077263,0.19699,2.2209,1.4128,0.68953,0.21906,1.7622,0.19769,0.19699,405.73,0.89961,3.2209,0.19699,0.13943,21.021,1.119,0.21736,0.13943,0.56043,0.50224,0.89961,9.8504,1.1801,4.5057,0.095634,0.14388,34.326,10.633,3.8285,0.22418,1.4128,2.8523,0.86875,0.15868,1.5819,0.034534,0.15385,107.41,86.386,2.421,4.5732,24.985,0.13505,0.095586,1.9086,0.11178,0.094044,1.6924,2.1323,15403,0.15868,0.28569,0.86089,0.25993,17.364,4.2252,28.879,12.639,3.4677,0
0.030256,0.70836,-0.082943,0.83273,-21.592,0.11706,0.030256,0.41141,1.0085,0.29143,0.030256,0.061017,0.021126,0.030256,2623.9,0.13911,1.4117,0.030256,0.006487,14.58,1.2438,0.047703,0.006487,0.11706,0.29143,0.13911,0.10315,-0.14128,4.2253,0.14207,0.006487,39.135,9.3267,0.067343,0.047703,4.6739,1.0664,0.50392,0.010228,0.10028,0.20079,0.010228,28.422,13.842,0.16239,0.45699,14.705,-0.020578,-0.004412,0.58293,0.49587,0.10722,0.4964,0.85836,-1393.5,0.00845,0.10382,0.99155,0.72916,25.033,26.369,38.804,9.4062,7.9448,0
0.048735,0.11456,0.30644,3.7368,8.9279,0,0.060791,7.7292,1.7439,0.88544,0.08079,0.54292,0.0785,0.060791,305.44,1.195,8.7292,0.060791,0.034859,52.974,1.1494,0.06197,0.027946,0.1364,0.089581,1.0898,3.0986,0.5269,3.4255,0.050121,0.035976,24.139,15.169,14.826,0.050786,1.7792,,0.88544,0.029122,0.35956,0.027656,0.035535,79.147,26.173,0.19255,1.4764,54.392,-0.014135,-0.008106,3.6524,0.11197,0.065926,1.5224,1.5224,816.28,0.029122,0.055041,0.96583,0,6.8902,13.945,23.436,15.575,2.9985,0
0.024484,0.62907,0.049817,1.132,-9.4521,0.029264,0.029885,0.24376,1.0259,0.15334,0.029885,0.079161,0.031224,0.029885,3016.2,0.12101,1.5897,0.029885,0.012258,16.37,1.1764,0.055859,0.010043,0.045215,0.15334,0.11243,0.23506,0.086993,4.7984,0.25233,0.012258,57.985,6.2947,0.088796,0.055859,2.4719,1.2642,0.40488,0.022912,0.041169,0.20257,0.022912,61.652,45.282,0.22392,0.84232,16.794,0.00962,0.003946,0.67933,0.37753,0.15886,0.26777,0.70703,3131.8,0.025252,0.15967,0.97475,1.6404,22.296,8.0606,56.521,6.4578,4.2573,0
0.058257,0.19693,0.35014,2.787,78.987,0.13748,0.069909,3.9327,0.92931,0.77447,0.069909,0.35679,0.10599,0.069909,495.01,0.73735,5.0779,0.069909,0.05103,7.908,1.1999,0.053114,0.042524,0.17223,0.77447,0.67818,0.36029,0.77135,3.9868,-0.042986,0.05103,48.513,7.5237,0.26971,0.053114,1.5529,520.16,0.77546,0.03877,1.3747,0.050419,0.03877,73.728,65.82,1.9627,2.6355,7.349,-0.022185,-0.016194,2.7729,0.19594,0.13291,1.7061,1.7083,3396.4,-0.076067,0.075222,1.0761,0.001282,46.156,5.5454,52.204,6.9918,3.018,0
0.22197,0.24793,0.5552,3.8647,55.722,0.43028,0.22197,3.0334,1.4451,0.75207,0.22616,1.1453,0.16769,0.22197,373.42,0.97744,4.0334,0.22197,0.1536,91.158,1.0629,0.22261,0.1536,0.60501,0.74982,0.97744,53.096,2.2119,4.4264,0.14517,0.1565,57.773,6.3178,4.9385,0.22072,1.4451,7.1698,0.8062,0.15273,0.23762,0.034012,0.15404,177.54,86.386,0.615,2.0024,107.59,0.20224,0.13994,3.021,0.1938,0.15828,2.9963,3.2119,14819,0.15273,0.29514,0.84704,0.071971,4.004,4.2252,48.949,7.4567,5.7575,0
0.10469,0.31222,0.43155,2.5397,42.084,0,0.10469,2.2029,1.1309,0.68778,0.17539,0.37352,0.097995,0.10469,1028.3,0.35496,3.2029,0.10469,0.092573,98.916,1.3077,0.13075,0.092573,0.093824,0.56775,0.35496,1.8494,1.4976,3.2335,0.2427,0.1132,103.64,3.522,3.1617,0.14376,1.1309,,0.68778,0.12712,0.17172,0.076028,0.11562,214.21,115.29,0.3416,1.4462,113.32,0.12462,0.1102,2.2799,0.28028,0.28393,2.3867,2.3867,738.81,0.12712,0.15222,0.91108,0,3.69,3.1658,90.461,4.0349,3.9244,0
0.16967,0.33095,0.13473,3.3294,36.983,0.44265,0.16967,2.0216,1.2216,0.66905,0.19823,2.9334,0.14445,0.16967,684.53,0.53321,3.0216,0.16967,0.13888,12.723,1.2711,0,0.13888,0.26197,0.63418,0.53321,0,0.16687,3.7585,0.19316,0.30611,24.709,14.772,2.5816,0.017145,1.2216,0.59741,0.92012,0.014034,1.73,1.6227,0,27.641,14.918,3.9845,2.5932,18.191,-0.006798,-0.005565,0.58188,0.05784,0.067697,0.82862,1.1396,772.71,0.30063,0.2536,0.7239,0.37526,28.689,24.467,17.281,21.121,1.513,0
0.084853,0.38888,0.097196,1.371,-40.556,0.095517,0.10486,1.5715,1.0798,0.61112,0.13898,0.40023,0.13175,0.10486,997.7,0.36584,2.5715,0.10486,0.097108,47.998,1.4817,0.12699,0.078581,0.21765,0.20392,0.3144,3.7219,0.15168,5.3738,0.36013,0.097108,113.66,3.3103,2.2302,0.23848,1.0798,1.7117,0.73801,0.22085,0.17468,0.078848,0.1176,105.94,57.946,0.59757,0.829,59.761,0.089581,0.082959,0.92366,0.26199,0.30209,0.95367,1.1517,1.371,0.22085,0.13885,0.81587,0.20762,7.6045,6.299,88.559,4.1215,1.6851,0
0.096618,0.082833,0.62049,8.4909,59.536,0.21414,0.11798,11.066,1.0447,0.91663,0.11798,1.4244,0.044959,0.11798,199.93,1.8256,12.073,0.11798,0.035077,25.768,1.3481,0.11987,0.028725,0.27159,0.91663,1.5677,0.3723,2.0915,4.1648,-0.029845,0.035077,9.3905,38.869,1.4471,0.11987,3.3665,,0.91663,0.035637,0.47448,0.017787,0.035637,72.057,46.289,0.40688,5.6242,26.92,0.086628,0.025755,8.4909,0.082833,0.025728,3.0897,3.0897,9068.7,0.042799,0.10541,0.9572,0,14.165,7.8852,8.9886,40.607,11.338,0
-0.00565,0.53246,0.093409,1.2306,-94.419,-0.039501,-0.004579,0.87809,1.0293,0.46754,-0.004579,-0.011306,0.07185,-0.004579,3542.9,0.10302,1.8781,-0.004579,-0.005998,128.62,1.1551,0.017275,-0.0074,-0.044195,0.46754,0.10101,0.23291,0.18624,5.0195,0.62899,-0.005998,199.32,1.8312,0.032443,0.017275,0.77014,1.8004,0.59497,0.022627,0.13718,0.22821,0.022627,211.73,83.113,-0.021001,0.56639,132.39,-0.042159,-0.055221,0.93612,0.40503,0.54608,0.93218,1.1862,9771,0.0285,-0.012084,0.9715,0.27254,2.8378,4.3916,193.64,1.8849,1.5222,0
0.035136,0.45054,0.30237,2.0015,20.901,0,0.044192,1.2196,1.612,0.54946,0.047411,0.14637,0.055334,0.044192,1843.5,0.19799,2.2196,0.044192,0.027414,47.817,0.98229,0.044688,0.021796,0.38937,0.54117,0.17789,13.884,0.76414,5.1386,0.27399,0.028812,71.263,5.1219,3.4324,0.065601,1.612,3.3787,0.66581,0.040694,0.042623,0.16743,0.027721,133.91,86.095,0.16638,1.302,49.845,-0.000321,-0.000199,1.3413,0.30193,0.19524,1.3886,1.6826,41606,0.040694,0.063947,0.97309,0.21176,7.6333,4.2395,68.363,5.3392,4.0739,0
0.041869,0.45212,0.10926,1.2808,-20.49,-0.032331,0.042904,1.1658,1.0192,0.52709,0.042904,0.11027,0.062769,0.042904,1581.3,0.23082,2.2118,0.042904,0.025806,40.57,1.2941,0.052515,0.025183,-0.021726,0.52709,0.22853,0.32192,0.21779,4.7678,0.26573,0.025806,87.056,4.1927,0.11615,0.052515,1.7034,4.9742,0.59012,0.031586,0.062,0.13042,0.031586,104.11,63.539,0.22657,0.80585,41.348,-0.008938,-0.005376,1.1022,0.38908,0.23851,1.0507,1.1763,6401.4,0.018812,0.079436,0.98119,0.11959,8.9967,5.7445,85.419,4.2731,3.3142,0
0.017789,0.28406,0.31754,3.121,32.112,-0.06179,0.02426,2.5204,2.5076,0.71594,0.024635,0.16204,0.046845,0.02426,882.62,0.41354,3.5204,0.02426,0.009675,13.01,0.99655,0.023866,0.007094,-0.012272,-0.061902,0.39076,63.656,0.59604,4.2022,0.088496,0.009819,21.715,16.808,8.8591,-0.008884,2.5076,,0.71594,-0.003543,0.49526,0.080876,0.009518,57.22,44.21,0.19902,2.524,12.964,-0.069343,-0.027653,1.6449,0.14971,0.059494,1.3439,1.3439,5058.8,-0.003543,0.024847,0.99049,0,28.055,8.2561,21.792,16.749,4.7069,0
0.085978,0.38223,0.16138,1.542,-88.154,0,0.10618,1.6162,0.91476,0.61777,0.11286,0.3566,0.12688,0.10618,1202,0.30366,2.6162,0.10618,0.11608,141.14,1.1705,0.1124,0.093989,0.18252,0.46493,0.2508,16.842,0.29838,3.2929,0.4119,0.12324,134.8,2.7076,2.1093,0.10852,0.91476,1.2769,0.70033,0.11863,0.027237,0.10419,0.12288,179.97,38.831,0.24307,0.35406,160.13,0.10252,0.11207,1.2012,0.29777,0.36933,1.1422,1.2949,316.76,0.11863,0.13917,0.88455,0.13365,2.5861,9.3998,118.81,3.072,1.6913,0
-0.15592,0.98114,-0.50497,0.25447,-167,-0.71187,-0.13513,-0.031348,0.92545,-0.030757,-0.13513,-0.1995,-0.084647,-0.13513,-3788.5,-0.096345,1.0192,-0.13513,-0.121,11.106,1.2389,-0.095525,-0.13962,-0.71281,-0.030757,-0.11754,-0.79162,-0.61013,3.8782,0.8199,-0.121,204.88,1.7816,-0.097361,-0.095525,1.1363,0.45547,0.27305,-0.085539,0.09968,-0.58725,-0.085539,34.267,23.16,-4.5884,0.2043,10.278,-0.13612,-0.12189,0.17567,0.67733,0.56131,-0.037162,0.32992,-3814.6,-0.080559,5.0693,1.0806,-9.8778,32.864,15.76,221.38,1.6487,1.3493,0
0.3117,0.28079,0.67328,3.3978,42.45,0.71547,0.40377,2.3574,1.121,0.66194,0.40377,1.438,0.096467,0.40377,249.24,1.4644,3.5613,0.40377,0.094721,18.536,1.5584,0.45822,0.073122,0.91905,0.66194,1.1365,1.205,14.661,4.1034,-0.004718,0.094721,26.953,13.542,1.6319,0.45822,4.2736,,0.66194,0.10749,1.1048,0.019825,0.10749,55.132,36.596,1.4399,2.6268,20.779,0.45078,0.10575,3.3978,0.28079,0.073844,14.414,14.414,8542.1,0.10795,0.47088,0.89205,0,19.691,9.9737,24.043,15.181,92.823,0
0.39784,0.25223,0.47296,2.8751,43.314,0.86032,0.40129,2.9348,1.2006,0.74023,0.40129,1.591,0.15562,0.40129,223.62,1.6322,3.9647,0.40129,0.1517,28.738,1.303,0.43871,0.15039,0.87222,0.74023,1.6185,1.991,1.7211,4.707,0.036307,0.1517,41.782,8.7359,1.7393,0.43871,2.708,,0.74023,0.16584,0.62246,0.018465,0.16584,78.397,49.659,1.9101,2.0494,34.502,0.42831,0.16191,2.8751,0.25223,0.11447,2.6936,2.6936,24090,0.16706,0.53746,0.83294,0,12.701,7.3502,34.802,10.488,9.6262,0
0.10377,0.55242,0.25265,1.5434,33.342,0,0.13854,0.8102,2.0386,0.44758,0.1445,0.29801,0.084784,0.13854,1166.6,0.31287,1.8102,0.13854,0.06796,14.701,1.7174,0.1445,0.050902,0.39492,0.39755,0.24992,24.258,0.89444,3.6018,0.20208,0.070721,91.408,3.9931,3.3604,0.18219,2.0386,,0.44758,0.089374,0.30599,0.10299,0.070882,103,88.303,1.2638,1.3668,16.144,0.1102,0.054058,1.2989,0.46489,0.25043,1.5846,1.5846,1010,0.089374,0.23184,0.93226,0,24.828,4.1335,83.238,4.385,7.2171,0
-0.44435,1.0204,-0.56828,0.44307,-384.42,0,-0.44435,-0.019982,0.51283,-0.020389,-0.44357,-0.43547,-0.42423,-0.44435,-1711.9,-0.21321,0.98002,-0.44435,-0.86646,150.06,0.61861,-0.44358,-0.86646,-1.0946,-0.293,-0.21321,-570.63,-1.0372,2.2677,1.7924,-0.86646,389.42,0.9373,0.9373,-0.44358,0.51283,,-0.020389,-0.86496,0.099147,-0.1569,-0.86496,249.78,99.71,-2.1075,0.23644,80.466,-0.67037,-1.3072,0.44307,1.0204,1.0669,-0.037214,-0.037214,-105.27,-0.86496,21.793,1.8665,0,2.4323,3.6606,726.25,0.50258,0.93601,0
0.27404,0.28996,0.1983,2.2511,110.46,0,0.27404,2.4488,0.97964,0.71004,0.28864,1.729,0.40434,0.27404,267.19,1.3661,3.4488,0.27404,0.27973,4.6721,1.8494,0.2879,0.27973,0.30935,0.50111,1.3661,19.719,0.30831,4.5722,0.17403,0.29419,83.898,4.3505,2.3781,0.29008,0.97964,2.628,0.84104,0.29611,0.82718,0.023576,0.29388,84.092,79.42,21.854,2.172,6.6375,0.16583,0.16927,1.2305,0.1585,0.22986,1.1039,1.3076,7405.8,0.29611,0.38595,0.72072,0.18449,78.124,4.5958,59.055,6.1807,1.5231,0
0.10059,0.19452,0.53136,3.7317,36.266,0.19715,0.11873,2.4425,1.0502,0.47511,0.11873,0.61039,0.075256,0.11873,443.18,0.8236,5.141,0.11873,0.055775,56.375,1.099,0.11289,0.047255,0.24195,0.47511,0.73035,0.55694,1.9384,3.9283,0.031557,0.055775,35.026,10.421,0.58038,0.11289,2.2058,,0.47511,0.053033,0.66772,0.041428,0.053033,102.19,45.815,0.30595,2.0414,59.204,0.071422,0.033551,3.7317,0.19452,0.095961,1.7332,1.7332,4505.2,0.047782,0.21173,0.95222,0,6.4745,7.9669,33.352,10.944,7.7655,0
0.1145,0.75473,-0.059788,0.91825,-45.09,-0.089573,0.13444,0.32498,2.5648,0.24527,0.13747,0.18383,0.069784,0.13444,1539.2,0.23714,1.325,0.13444,0.052417,33.811,1.7042,0.13599,0.044642,0.044864,0.024922,0.21072,44.812,-0.18202,3.4548,0.29286,0.0536,109.9,3.3211,3.2181,0.13599,2.5648,,0.24527,0.053021,0.006651,0.13935,0.053024,94.876,61.066,0.48193,0.59339,35.704,0.091453,0.035657,0.88977,0.73132,0.30111,0.74673,0.74673,-170.4,0.053021,0.46681,0.94763,0,10.795,5.9772,104.08,3.507,7.8084,0
0.086921,0.68474,-0.11124,0.79709,-87.914,0.14962,0.11149,0.44704,1.0628,0.30611,0.11149,0.20336,0.12719,0.11149,1343.4,0.2717,1.4604,0.11149,0.076225,51.009,1.1309,0.14733,0.059426,0.19368,0.30611,0.23581,1.0705,-0.19759,4.3659,0.46038,0.076225,145.4,2.5104,0.21516,0.14733,1.5361,1.704,0.4426,0.10073,0.024801,0.10146,0.10073,105.66,54.648,0.42523,0.42424,54.21,0.072783,0.04976,0.6382,0.54824,0.39834,0.5437,0.78615,-2583.4,0.059055,0.28396,0.94094,0.44592,7.1556,6.6791,136.81,2.6679,2.598,0
0.007223,0.63304,-0.097917,0.84532,-93.36,-0.1298,0.007223,0.57967,1.6743,0.36696,0.057523,0.011409,0.020958,0.007223,6584.8,0.055431,1.5797,0.007223,0.004314,72.001,1.033,0.002262,0.004314,-0.037752,-0.001844,0.055431,0.044975,-0.21063,3.6341,0.37798,0.008169,137.33,2.6578,2.6578,-0.008212,1.6743,,0.36696,-0.004905,0.001758,0.70035,0.001351,116.42,44.418,0.021869,0.32361,71.649,-0.025605,-0.015293,0.84532,0.63304,0.37626,0.78937,0.78937,-421.62,-0.004905,0.019682,0.99585,0,5.0694,8.2175,138.01,2.6448,3.6015,0
0.066274,0.66312,-0.17567,0.6967,-190.47,0.24193,0.066274,0.28923,1.0468,0.1918,0.066274,0.11443,0.12713,0.066274,1918.8,0.19022,1.508,0.066274,0.066794,106.84,1.2107,0.072119,0.066794,0.24193,0.1918,0.19022,0.76083,-0.2945,4.5674,0.64738,0.066794,223.02,1.6366,0.10876,0.072119,1.0303,1.347,0.27574,0.072684,0.04233,0.16518,0.072684,139.42,32.577,0.22819,0.19523,111.84,0.012256,0.012352,0.6085,0.57918,0.61101,0.32154,0.46227,-6487.6,0.044673,0.34555,0.95533,0.43767,3.4163,11.204,213.06,1.7132,1.6634,0
0.10227,0.35405,0.39557,2.3929,32.424,0,0.1294,1.8245,2.6866,0.64595,0.13039,0.45565,0.057591,0.1294,835.21,0.43701,2.8245,0.1294,0.048164,20.857,1.1629,0.12584,0.038067,0.40576,0.60087,0.36039,127.04,1.2345,3.8039,0.056303,0.048532,40.483,9.0161,7.232,0.12615,2.6866,7.5085,0.71601,0.046956,0.76239,0.078071,0.046839,62.91,42.053,0.66618,1.8523,21.884,0.10051,0.037413,1.9194,0.28399,0.11091,2.0158,2.2345,2518.2,0.046956,0.15832,0.95198,0.10846,17.5,8.6795,38.582,9.4603,8.3841,0
0.00911,1.1318,0.042193,1.1027,-17.049,-0.14557,0.023581,-0.11642,1.1928,-0.13176,0.12245,0.057402,0.059946,0.023581,5777.1,0.06318,0.88358,0.023581,0.019769,27.581,1.156,0.12245,0.007637,0.14191,-0.13646,0.050394,1.2385,0.077134,4.0269,0.9456,0.050865,140.73,2.5937,0.94144,0.12733,1.1928,0.5033,0.5892,0.10675,0.009922,0.22143,0.10265,137.37,109.79,0.10107,0.8833,30.877,0.074522,0.062476,0.40025,0.4108,0.38555,-0.24087,1.0771,448.87,0.10675,-0.069138,0.98023,-5.4718,13.234,3.3246,125.7,2.9037,2.1806,0
0.12443,0.71922,0.079442,1.232,0.34414,0,0.12443,0.39039,1.2728,0.28078,0.15148,0.36337,0.15904,0.12443,1296.9,0.28144,1.3904,0.12443,0.097763,21.837,1.0654,0.14371,0.097763,0.33922,0.19991,0.28144,5.3124,0.13741,4.4195,0.55151,0.11044,107.85,3.3844,1.6114,0.11384,1.2728,1.2392,0.55977,0.08944,0.057082,0.10814,0.11291,115.38,93.542,1.6341,1.0096,23.982,0.065723,0.051638,0.58658,0.34244,0.29548,0.48567,0.96825,2087.3,0.08944,0.44316,0.90511,0.99362,16.715,3.902,98.202,3.7168,2.2016,0
0.13487,0.19383,0.58308,4.0519,71.846,0.475,0.16936,2.7142,1.197,0.52611,0.16936,0.88644,0.21481,0.16936,344.17,1.0605,5.1591,0.16936,0.17698,25.453,1.0014,0.15371,0.14093,0.59621,0.52611,0.88257,1.9227,2.5816,5.458,0.1502,0.17698,87.227,4.1845,0.79303,0.15371,0.97892,254.94,0.52888,0.16063,2.1675,0.033554,0.16063,137.32,111.86,2.021,3.7026,30.467,0.11751,0.12279,3.9939,0.19106,0.23898,2.3294,2.3416,167370,0.16458,0.25635,0.83542,0.005274,14.34,3.2629,72.871,5.0088,4.237,0
-0.17461,0.44377,0.2683,2.7734,95.251,0,-0.17461,1.2532,0.7437,0.55615,-0.16001,-1.1541,-0.011757,-0.17461,-18526,-0.019703,2.2534,-0.17461,-0.23479,25.264,0.83592,-0.17264,-0.23479,-0.23767,-0.086748,-0.019703,-11.821,0.46227,4.0669,0.38266,-0.21634,58.311,6.4262,2.1909,-0.20324,0.81213,3.1324,0.67367,-0.27328,1.0751,-2.1844,-0.23213,126.11,100.84,-3.3921,1.4153,19.839,-0.33851,-0.45516,0.94553,0.15129,0.15976,0.9582,1.1607,3130,-0.2734,-0.31396,1.1972,0.21131,14.448,3.6195,74.254,4.9156,1.2813,1
0.02485,0.56905,0.32542,1.6953,30.039,0,0.029957,0.75731,2.512,0.43095,0.042765,0.064011,0.020065,0.029957,4120.8,0.088575,1.7573,0.029957,0.011925,15.169,1.2561,0.023652,0.009893,0.17419,0.28635,0.079601,1.8466,1.5752,3.4419,0.21977,0.016279,68.414,5.3351,4.3876,0.015231,2.512,7.1393,0.52746,0.006063,0.067027,0.43013,0.009416,110.73,95.556,0.23803,1.4723,15.262,0.003205,0.001276,1.3943,0.46799,0.18744,2.086,2.5531,900.2,0.006063,0.057664,0.98842,0.22395,24.062,3.8198,68,5.3677,12.159,0
-0.15457,0.77375,-0.044375,0.94073,-63.689,0,-0.15457,0.29252,2.3019,0.22634,-0.12026,-0.20644,-0.036913,-0.15457,-3323.8,-0.10981,1.2924,-0.15457,-0.067149,60.019,2.54,-0.12249,-0.067149,-0.0634,-0.086163,-0.10981,-3.5704,-0.15014,3.2041,0.31876,-0.052254,112.12,3.3133,3.2062,-0.13513,2.3601,13.07,0.25127,-0.058705,0.058364,-0.48767,-0.053212,104.76,44.741,-0.40836,0.56389,55.69,-0.19209,-0.083448,0.91034,0.74875,0.30182,0.76582,0.85017,-71,-0.058919,-0.68291,1.0512,0.11015,6.0814,8.158,118.73,3.0743,7.7884,1
0.028731,0.34479,0.39874,2.1565,75.559,-0.13757,0.00429,1.6809,1.0008,0.57954,0.00429,0.012442,0.015831,0.00429,4628.4,0.07886,2.9003,0.00429,0.002498,9.0636,1.2506,0.003738,0.016728,-0.16429,0.57954,0.14975,0.021781,1.5547,3.782,0.064606,0.002498,73.329,4.9776,0.010841,0.003738,1.7392,,0.57954,0.002176,0.68017,0.42553,0.002176,108.17,99.109,0.67366,2.0328,9.0706,-0.019162,-0.011157,2.1565,0.34479,0.2009,2.2597,2.2597,2414,0.000773,0.049576,0.99923,0,40.271,3.6828,73.272,4.9814,6.6968,0
0.12891,0.28419,-0.029004,0.77472,-20.672,0.14048,0.14429,2.4566,1.1461,0.69816,0.14429,1.1207,0.24576,0.14429,614.01,0.59446,3.5187,0.14429,0.20991,0.37822,1.4571,0.16746,0.18753,0.16015,0.69816,0.54034,2.7919,-0.032218,4.2689,0.33128,0.20991,78.347,4.6587,0.58924,0.16746,0.78186,0.63708,0.8536,0.2436,0.46427,0.048637,0.2436,21.223,20.845,180.98,0.76919,0.43347,0.14281,0.20775,0.35097,0.12875,0.21465,0.77551,0.94818,-538.7,0.12745,0.18465,0.87255,0.22265,965.03,17.51,68.362,5.3392,0.76358,0
0.052673,0.37281,0.24403,1.8578,18.933,0.2668,0.052673,1.6823,1.7201,0.62719,0.055302,0.18516,0.084012,0.052673,941.67,0.38761,2.6823,0.052673,0.030622,31.51,0.90241,0.052425,0.030622,0.30008,0.51289,0.38761,19.94,0.51755,3.6883,0.19896,0.030622,55.416,6.5865,5.0258,-0.15362,1.7201,,0.62719,-0.089311,0.11395,0.086145,0.030478,105.27,73.759,0.35472,1.3358,28.927,-0.039409,-0.022911,1.4176,0.28447,0.15183,1.3302,1.3302,1190.5,-0.08931,0.083983,0.97279,0,11.584,4.9485,60.366,6.0465,3.6481,0
0.074524,0.13458,0.36984,3.7481,110.98,0,0.093828,6.4305,1.0942,0.86542,0.097141,0.69719,0.15448,0.093828,290.59,1.256,7.4305,0.093828,0.085748,26.271,1.4189,0.094272,0.068106,0.31229,0.86087,1.1126,28.45,0.74629,4.0407,-0.021125,0.086816,49.14,7.4278,7.4278,0.094604,1.0942,,0.86542,0.086457,1.2171,0.026469,0.086153,113.62,87.351,0.94626,3.1629,28.757,0.019061,0.017419,3.7481,0.13458,0.13463,1.7463,1.7463,4061.9,0.086457,0.086113,0.9145,0,13.894,4.1785,44.892,8.1307,2.208,0
-0.10004,0.20498,0.53852,3.6271,-58.411,-0.10004,-0.077304,3.7237,0.51043,0.7633,-0.077304,-0.37712,-0.18274,-0.077304,-1479.2,-0.24676,4.8785,-0.077304,-0.27928,142.18,0.53077,-0.34741,-0.36144,-0.077304,0.7633,-0.3577,,2.0999,4.2644,0.72949,-0.27928,137.97,2.6454,-1.6948,-0.34741,0.82858,,0.7633,-1.2551,2.5242,-0.021015,-1.2551,298.14,155.96,-0.92785,3.1011,72.575,-0.37413,-1.3517,3.6271,0.20498,0.37801,2.9765,2.9765,9899,-0.95912,-0.13107,1.9591,0,2.5671,2.3404,270.31,1.3503,1.0793,1
-0.02853,0.75864,0.10119,3.7901,2337,-0.15035,-0.02853,0.31795,0.011616,0.24121,-0.004243,-0.78664,-2.2427,-0.02853,-10629,-0.034339,1.3182,-0.02853,-2.4561,111.96,,-0.005803,-2.4561,-0.02853,-0.024012,-0.034339,-0.23895,0.11731,3.8099,55.232,-0.36983,759.96,0.48029,0.022961,-0.005803,0.013176,0.18535,0.96359,-0.4996,3.2458,-7.6064,-0.4996,620.32,508.36,-8.007,3.344,74.662,-0.008282,-0.71299,0.18119,0.036268,2.0821,0.27963,1.1171,653.19,-0.4996,-0.11828,1.322,2.9949,3.26,0.71799,1139.6,0.32028,0.013466,1
0.001664,0.59204,-0.013274,0.97536,-83.585,0.059184,0.005674,0.68702,1.0252,0.40674,0.005674,0.010532,0.031425,0.005674,4127.1,0.08844,1.6891,0.005674,0.003406,76.691,1.0638,0.033918,0.000999,0.079368,0.40674,0.081666,0.20869,-0.027975,4.5043,0.34619,0.003406,121,3.0166,0.05729,0.033918,1.6762,3.2936,0.46,0.020356,0.034076,0.24148,0.020356,111.1,34.405,0.004754,0.32558,78.623,-0.012767,-0.007663,0.88762,0.53878,0.3315,0.85721,0.96945,-423.93,0.024575,0.004091,0.97542,0.13094,4.7594,10.609,118.03,3.0926,3.5115,0
0.005833,0.96814,0.014402,1.0149,-13.481,0.008224,0.005833,0.032906,2.7272,0.031857,0.005833,0.006025,0.002139,0.005833,60580,0.006025,1.0329,0.005833,0.002139,10.394,1.289,0,0.002139,0.021731,0.014056,0.006025,,0.82503,3.4485,0.35422,0.004779,129.92,2.8095,2.8095,0,2.7272,,0.031857,0,0.042041,,0,126.05,115.66,0.075109,0.93466,10.421,0,0,1.0149,0.96814,0.35593,1.825,1.825,40.451,0.002641,0.1831,0.99736,0,35.117,3.1558,129.57,2.817,156.24,0
0.16121,0.5776,0.39013,1.8879,15.392,0,0.19955,0.7313,2.2822,0.4224,0.21208,0.45416,0.08939,0.19955,1033.4,0.35319,1.7313,0.19955,0.087438,47.884,1.1472,0.1984,0.07064,0.28087,0.22579,0.28682,15.829,2.2883,4.3498,0.25177,0.09293,76.959,4.7428,3.6078,0.1983,2.2822,7.2339,0.49568,0.086891,0.011013,0.094915,0.086932,131.89,84.01,0.53846,1.2065,52.44,0.19394,0.084981,1.4361,0.43938,0.21085,2.4775,2.9074,8730.8,0.086891,0.38166,0.91312,0.17349,7.6226,4.3447,70.272,5.1941,13.386,0
0.53688,0.13723,0.6211,5.8794,298.7,0.57304,0.53688,6.287,1.1594,0.86277,0.53868,4.2178,0.48637,0.53688,88.829,4.109,7.287,0.53688,0.46308,35.447,1.0556,0.53551,0.46308,,0.86277,4.109,297.5,2.4685,3.8766,0.003126,0.4631,73.763,4.9483,4.5899,0.5295,1.1594,,0.86277,0.45671,1.1147,0.008132,0.4619,190.94,155.49,4.7683,4.9948,65.246,0.50851,0.43861,5.4535,0.12729,0.20209,3.429,3.429,4674.7,0.45671,0.62228,0.54073,0,10.297,2.3474,40.074,9.1081,4.6078,0
0.2663,0.4507,0.30878,1.6978,26.346,0.45145,0.33101,1.2188,1.4379,0.5493,0.33101,0.74803,0.20338,0.33101,463.41,0.78763,2.2188,0.33101,0.18965,41.789,1.4163,0.37065,0.15257,0.56263,0.5493,0.64405,3.0534,1.2416,5.1804,0.1506,0.18965,133.06,2.7432,0.8224,0.37065,1.7765,67.385,0.55749,0.21236,0.4739,0.037548,0.21236,113.26,71.468,1.3326,1.2462,60.087,0.34668,0.19863,1.667,0.44251,0.36454,2.2087,2.2416,46783,0.30452,0.4848,0.69548,0.014898,8.7344,5.1072,92.538,3.9443,7.0181,0
0.10672,0.23479,0.39639,2.6926,-21.044,0,0.1323,3.2591,2.6974,0.76521,0.14519,0.56491,0.057471,0.1323,552.83,0.66024,4.2591,0.1323,0.049048,73.621,1.3364,0.14508,0.039566,0.45586,0.75356,0.55132,11.253,1.073,3.6327,0.086805,0.053773,33.515,10.891,10.863,0.14682,2.6974,,0.76521,0.05443,0.003171,0.04664,0.053788,85.229,11.608,0.19616,0.36944,77.859,0.12236,0.045364,2.6857,0.2342,0.091822,2.0714,2.0714,1701.3,0.05443,0.13947,0.95096,0,4.9578,31.445,31.691,11.517,7.3017,0
-10.292,8.4419,-7.4419,0.11846,-92.123,-27.984,-10.292,-0.88154,22.07,-7.4419,-9.4531,-1.2191,-0.46534,-10.292,-300.02,-1.2166,0.11846,-10.292,-0.46631,3.6281,0.42439,-9.4531,-0.46631,-24.978,-23.515,-1.2166,-11.274,,1.1831,0.35293,-0.4654,101.71,3.5885,3.5885,-8.2235,22.07,,-7.4419,-0.3726,0.087418,-0.029835,-0.42831,4.3333,0.70522,-46.912,0.09247,2.6432,-9.4743,-0.42928,0.11846,8.4419,0.27867,,,-113.44,-0.3726,1.3829,1.4469,0,100.6,517.57,139.61,2.6144,,0
0.072137,0.27683,0.19306,1.7603,54.733,0,0.073834,2.6123,0.59195,0.72317,0.090597,0.29077,0.20495,0.073834,832.85,0.43825,3.6123,0.073834,0.12473,75.249,1.2091,0.089047,0.12186,0.21423,0.64835,0.43213,5.3121,0.3491,4.2399,0.33252,0.12932,182.4,2.0011,1.8355,0.083822,0.59195,,0.72317,0.1416,0.31893,0.067585,0.15043,225.67,150.42,0.5911,1.2797,87.662,0.041557,0.070204,1.6146,0.25392,0.49971,1.3077,1.3077,3354.5,0.1416,0.099752,0.87678,0,4.8505,2.4265,156.57,2.3313,1.0704,0
0.14529,0.48032,0.14574,1.9619,98.611,0,0.14583,1.0819,0.70106,0.51968,0.18857,0.96249,0.39152,0.14583,638.73,0.57145,2.0819,0.14583,0.20801,20.15,1.0645,0.18565,0.20724,0.35694,0.50532,0.57033,4.3439,0.20739,4.2245,0.46541,0.22259,107.2,3.4048,1.074,0.18519,0.70106,0.80047,0.84268,0.26416,1.0231,0.050941,0.26481,74.055,53.905,3.754,1.7065,27.384,0.056999,0.081304,0.61887,0.15151,0.2937,0.7395,1.1991,2443.8,0.26416,0.27957,0.79342,0.62154,18.114,6.7712,78.882,4.6271,0.9976,0
0.57373,0.20799,0.67519,4.3285,107.06,0,0.6148,3.8078,2.559,0.79201,0.64162,3.0308,0.24366,0.6148,121.76,2.9977,4.8078,0.6148,0.24025,7.6162,1.6001,0.43762,0.22421,1.3374,0.77541,2.8003,16.321,5.5364,3.479,-0.13282,0.24025,35.362,10.322,10.067,0.46515,2.559,,0.79201,0.18177,2.7092,0.015533,0.17102,46.851,39.235,10.745,4.0652,9.3081,0.42891,0.16761,4.2215,0.20285,0.096882,6.4943,6.4943,2034.6,0.18177,0.72441,0.77752,0,47.924,9.3029,28.934,12.615,20.983,0
0.13347,1.0855,0.19743,2.4305,79.253,-0.231,0.14684,-0.078773,1.0791,-0.085509,0.19419,1.0639,0.21126,0.14684,1738,0.21001,0.92123,0.14684,0.13607,0,0.42689,0.16193,0.12369,0.00987,-0.093431,0.1977,3.4199,0.29709,3.8001,0.89901,0.17995,55.287,6.602,0.8394,0.16795,1.0791,0.35404,0.86198,0.15564,0.94244,0.14887,0.15005,69.466,69.466,,2.4305,0,0.080796,0.074872,0.30902,0.13802,0.15147,-0.12867,1.2971,1246.1,0.15564,-1.5609,0.86804,-11.081,,5.2544,46.682,7.8189,1.6238,0
0.062417,0.44645,0.27164,1.9683,-21.005,0,0.07877,1.2399,1.0162,0.55355,0.10197,0.28079,0.11304,0.07877,1418.7,0.25729,2.2399,0.07877,0.077517,44.161,1.2521,0.094998,0.061423,0.29129,0.55162,0.22066,4.0943,0.60656,4.7443,0.37512,0.082151,111.44,3.2754,2.0582,0.097307,1.0162,4.8631,0.64181,0.095759,0.94628,0.11352,0.093486,102.98,58.822,0.50767,1.53,48.838,0.058903,0.057966,1.2368,0.28053,0.3053,1.2361,1.4332,15075,0.095759,0.11276,0.92348,0.15945,8.2652,6.2052,100.77,3.6223,2.2691,0
-1.2392,4.39,-3.0981,0.23175,-726.57,-3.7891,-1.2392,-0.77221,1.1245,-3.39,-1.055,-0.30729,-0.87684,-1.2392,-1625.1,-0.2246,0.22779,-1.2392,-1.102,0,0.64065,-1.055,-1.102,-2.4334,-5.0283,-0.2246,-5.7262,-47.365,2.3877,3.8828,-0.93819,761.39,0.47939,0.44037,-0.80877,1.1245,2.6157,-3.0327,-0.71925,0.078491,-0.18252,-0.9382,200.62,200.62,,0.23175,0,-1.3082,-1.1634,0.21289,4.0327,2.086,-51.827,-46.365,-756.42,-0.71925,0.36554,2.102,-0.1054,,1.8194,1309,0.27884,17.191,0
-0.44355,2.3631,-1.9174,0.17748,-522.04,-0.44355,-0.44355,-0.70122,0.76814,-1.6571,-0.44355,-0.19027,-0.37446,-0.44355,-1944.6,-0.1877,0.42317,-0.44355,-0.37446,98.054,0.806,-0.35622,-0.37446,-0.44355,-1.6571,-0.1877,,-3.2705,3.7855,1.9761,-0.37446,551.79,0.66149,-0.15074,-0.35622,1.4337,2.9888,-1.6251,-0.30073,0.009838,-0.2181,-0.30073,120.42,22.369,-1.3939,0.040978,75.319,-0.35622,-0.30073,0.17508,2.3311,1.5117,-2.8264,-2.7719,-11702,-0.30184,0.26768,1.3018,-0.019288,3.7225,16.317,718.34,0.50812,2.0204,1
0.13855,0.37179,0.35694,2.0961,-9.9482,0,0.17096,1.6897,1.2629,0.62821,0.17401,0.52498,0.19731,0.17096,544.59,0.67023,2.6897,0.17096,0.13537,105.3,1.0988,0.15442,0.10971,0.5668,0.62418,0.58306,50.598,1.1245,5.1905,0.21916,0.13779,107.73,3.3881,2.9676,0.1596,1.2629,7.7664,0.66918,0.12637,0.35605,0.05327,0.12227,163.77,58.47,0.38028,0.9773,120.53,0.076192,0.06033,1.8359,0.32565,0.29515,1.9792,2.1083,55348,0.12637,0.22055,0.86719,0.065231,3.4664,6.2425,94.117,3.8782,3.9788,0
0.28648,0.0527,0.46442,9.8124,112.14,0,0.35618,17.975,1.7205,0.9473,0.35618,6.7586,0.23632,0.35618,47.31,7.7151,18.975,0.35618,0.20702,8.1943,1.813,0.32557,0.16651,0.67765,0.90039,6.3927,86745,0.96176,3.0277,-0.21983,0.20702,13.795,26.459,26.459,0.32615,1.7205,,0.9473,0.18957,8.3121,0.004672,0.18923,16.774,8.5796,7.4169,9.0795,10.111,0.27516,0.15993,9.8124,0.0527,0.037795,1.9618,1.9618,494.96,0.18957,0.30242,0.7966,0,44.543,42.543,11.18,32.647,3.563,0
0.034599,0.12484,0.82262,7.5896,112.12,0,0.050697,7.0105,1.5262,0.87516,0.057418,0.40611,0.053844,0.050697,554.48,0.65828,8.0105,0.050697,0.033218,90.656,0.97807,0.054084,0.02267,0.14684,0.8177,0.52932,8.0467,15.655,2.9566,-0.048618,0.033413,31.692,11.517,11.517,0.088441,1.5262,,0.87516,0.057949,1.6391,0.048633,0.035437,177.65,86.997,0.091274,4.5531,96.232,0.022604,0.014811,7.5896,0.12484,0.086827,16.655,16.655,744.38,0.057949,0.039534,0.96703,0,4.0262,4.1955,29.856,12.226,29.045,0
0.040521,0.54846,0.26183,2.4103,43.15,0.083014,0.04946,0.81226,1.0963,0.44549,0.04946,0.26641,0.079027,0.04946,1730.9,0.21088,1.8233,0.04946,0.033795,26.55,1.1508,0.084388,0.027687,0.10981,0.44549,0.19458,0.63211,0.47388,4.3839,0.26419,0.033795,50.758,7.191,0.15386,0.084388,1.4659,0.93996,0.8083,0.057661,0.88936,0.11974,0.057661,70.423,43.873,0.38064,1.8369,29.105,0.01819,0.012429,0.81589,0.18565,0.13906,0.80629,1.4629,6337.8,0.087804,0.090957,0.9122,0.8144,13.748,8.3194,46.301,7.8832,2.6488,0
0.069001,0.23278,0.45436,2.9566,54.867,0,0.093743,3.2958,2.7555,0.76722,0.10488,0.40368,0.054717,0.093743,563.53,0.6477,4.2958,0.093743,0.03402,7.3368,1.3607,0.099833,0.025041,0.058258,0.7024,0.54142,8.9604,1.4497,3.4508,0.007654,0.03402,31.916,11.436,11.409,0.099785,2.7555,,0.76722,0.036213,0.92415,0.049466,0.03623,62.519,55.182,1.2458,2.7181,7.6125,0.0428,0.015533,2.9495,0.23222,0.087441,2.4479,2.4479,1282.9,0.036213,0.089937,0.96604,0,49.749,6.6145,30.76,11.866,8.792,0
0.12514,0.66879,-0.086949,0.86999,-58.177,203.15,0.15395,0.46213,1.0806,0.30907,0.15395,0.23019,0.1094,0.15395,1076,0.33923,1.4952,0.15395,0.074237,14.558,1.061,0.15525,0.060345,252.34,0.30907,0.29615,0.80902,-0.20793,2.8845,0.27005,0.074237,127.2,2.8694,0.23214,0.15525,2.0778,,0.30907,0.074867,0.35505,0.096363,0.074867,60.617,46.059,1.513,0.74632,15.731,0.08233,0.039702,0.86999,0.66879,0.34851,0.7391,0.7391,-66.64,0.074602,0.40489,0.9254,0,25.073,7.9246,117.72,3.1007,4.959,0
-0.14596,0.15811,0.21702,2.3726,61.313,-0.045535,-0.14596,5.3246,1.1183,0.84189,-0.14592,-0.92312,-0.082041,-0.14596,-629.01,-0.58028,6.3246,-0.14596,-0.13051,1.5553,0.44407,-0.1525,-0.13051,-0.068714,0.70136,-0.58028,-3815,0.3473,3.5054,0.070806,-0.13048,44.796,8.1481,8.1481,-0.16999,1.1183,,0.84189,-0.15201,0.51227,-0.053622,-0.13636,96,94.445,-30.63,2.3424,1.3501,-0.2067,-0.18483,2.3726,0.15811,0.12273,1.3473,1.3473,694.93,-0.15201,-0.17337,1.1273,0,234.69,3.8647,51.605,7.073,1.7897,0
-0.18205,0.80263,-0.047201,0.87303,-26.762,-0.10875,-0.22172,0.22419,0.94401,0.17994,-0.22172,-0.59642,-0.075808,-0.22172,-1668.5,-0.21876,1.2459,-0.22172,-0.095728,20.298,0.98928,-0.14085,-0.078602,-0.11769,0.17994,-0.16934,-0.57409,-0.069881,4.173,0.311,-0.095728,55.304,6.5998,-0.17549,-0.14085,2.3193,0.4543,0.61083,-0.060814,0.22941,-0.2786,-0.060814,37.706,17.408,-1.4134,0.52656,19.161,-0.18699,-0.080734,0.40436,0.37175,0.15152,0.2664,0.90432,-702.94,-0.059308,-1.0117,1.0593,2.3945,17.982,20.967,58.584,6.2303,3.429,0
0,0.30666,0.019431,1.2208,37.971,0,0.001114,2.2609,0.16934,0.69334,0.001114,0.01266,0.007183,0.001114,92023,0.003966,3.2609,0.001114,0.006578,2.885,1.0336,-0.001835,0,0.003056,0.69228,0.000334,,0.02177,3.9759,1.4257,0.006578,187.66,1.945,0.55807,-0.001795,0.16934,0.50842,0.90199,-0.010602,0.7419,-5.8985,-0.010838,90.83,87.945,0,1.2056,2.8548,-0.001938,-0.011443,0.35029,0.087989,0.51414,0.77678,1.0105,183.84,-0.010602,0,0.99354,0.30093,126.51,4.1503,189.65,1.9246,0.18972,0
0.13201,0.4601,0.39607,1.8813,42.175,-0.019504,0.16893,1.1734,2.3175,0.5399,0.17593,0.37587,0.083573,0.16893,867.06,0.42096,2.1734,0.16893,0.072891,22.806,1.7544,0.17593,0.056961,0.1697,0.5106,0.34072,25.126,2.5637,3.9541,0.1972,0.075912,75.768,4.8174,4.7057,0.15245,2.3175,,0.5399,0.065779,0.008005,0.076421,0.075912,132.6,109.79,0.91161,1.5591,24.412,0.15117,0.06523,1.8377,0.44944,0.20758,3.4947,3.4947,3563.2,0.065779,0.24451,0.92792,0,16.004,3.3245,70.784,5.1566,15.001,0
0.040013,0.95905,0.028029,1.0634,-105.88,0.043716,0.052174,0.018722,1.0311,0.017955,0.052174,0.11793,0.089831,0.052174,2640.7,0.13822,1.0427,0.052174,0.035356,102.66,1.1183,0.032295,0.027115,0.061909,0.017955,0.12554,0.22566,0.052929,5.0463,0.64008,0.035356,112.84,3.2348,0.033674,0.032295,1.5124,0.10727,0.53458,0.021885,0.055964,0.27981,0.021885,110.24,7.5827,0.096409,0.12526,105.85,-0.048093,-0.03259,0.49054,0.44242,0.30914,0.033907,1.0095,3117.9,0.030185,2.2285,0.96982,28.773,3.5555,48.136,109.43,3.3354,2.7866,0
-1.4582,2.7161,-2.0617,0.21278,-288.14,-1.2417,-1.4582,-0.63178,1.66,-1.7159,-1.3375,-0.55679,-0.83461,-1.4582,-715.57,-0.51008,0.36818,-1.4582,-0.87847,64.123,0.89152,-1.3448,-0.87847,-2.6379,-2.119,-0.51008,-11.137,-4.6567,3.9138,1.6357,-0.80579,328.2,1.1505,1.1094,-1.2526,1.6756,,-1.7159,-0.75459,0.000373,-0.071177,-0.81014,122.32,58.196,-5.0004,0.11172,36.544,-1.4176,-0.854,0.20517,2.619,0.89917,-3.8758,-3.8758,-16904,-0.75467,0.84981,1.7982,0,5.6922,6.2719,575.87,0.63382,3.7493,1
0.13563,0.46398,0.56646,2.3263,20.46,0,0.13563,1.1553,5.5344,0.53602,0.20938,0.31755,0.02495,0.13563,1226.5,0.2976,2.1553,0.13563,0.024506,16.112,0.80422,0.20406,0.024506,0.99523,0.13563,0.2976,2.7666,87.837,3.4848,0.079362,0.02451,29.277,12.467,11.476,0.20978,5.5344,,0.53602,0.037904,0.10405,0.074892,0.036871,62.595,46.483,0.55515,1.7543,16.747,0.2016,0.036427,2.1414,0.4271,0.080212,83.117,83.117,1729.7,0.037904,0.25302,0.97556,0,22.654,7.8523,28.168,12.958,858.18,0
0.23534,0.16824,0.12266,1.7303,5.8877,0.75426,0.23534,4.5187,1.0893,0.76025,0.23534,1.4013,0.1215,0.23534,195.16,1.8703,5.9437,0.23534,0.090871,11.627,1.0372,0.23425,0.090871,0.75426,0.76025,1.8703,0.98524,0.1729,4.2384,0.03537,0.090871,25.783,14.157,1.3923,0.23425,2.6156,695.59,0.76055,0.090449,0.47167,0.01764,0.090449,29.792,18.165,2.8527,1.2391,12.665,0.15492,0.059819,1.7273,0.16795,0.070638,1.0717,1.0721,2123.7,0.081954,0.30955,0.91805,0.000394,31.393,20.093,23.67,15.421,3.6507,0
0.18339,0.60992,0.23321,1.4219,17.579,0,0.22077,0.63956,2.6632,0.39008,0.22728,0.3994,0.096516,0.22077,866.07,0.42145,1.6396,0.22077,0.082895,16.356,1.1446,0.21084,0.068859,0.41505,0.26645,0.36016,32.41,1.0896,3.5611,0.11534,0.085338,97.228,3.7541,3.4022,0.58817,2.6632,13.135,0.44083,0.22085,0.57356,0.082271,0.079166,64.266,47.911,1.5367,1.206,20.992,0.17456,0.065545,1.2886,0.55276,0.26638,1.8225,2.0596,848.82,0.22085,0.47013,0.91802,0.1301,22.316,7.6184,75.756,4.8181,12.443,0
0.2259,0.73187,0.15665,1.214,17.65,0.001406,0.2259,0.36636,1.7976,0.26813,0.24078,0.30866,0.12884,0.2259,1153.4,0.31644,1.3664,0.2259,0.12567,15.686,1.3918,0.24078,0.12567,0.47173,0.084516,0.31644,16.177,1.4053,3.5959,0.39179,0.13395,171.44,2.129,2.129,0.23946,1.7976,,0.26813,0.13321,0.042206,0.098976,0.13395,174.14,158.46,2.9243,1.1085,18.096,0.23509,0.13078,1.214,0.73187,0.46971,2.4053,2.4053,617.79,0.13321,0.8425,0.87442,0,23.27,2.3035,148.61,2.4562,16.126,0
0.10066,0.20398,0.43885,3.1692,115.81,0.28479,0.12606,3.6772,1.164,0.75008,0.12606,0.62311,0.17998,0.12606,484.32,0.75363,4.9024,0.12606,0.14759,89.633,1.348,0.12347,0.11785,0.35547,0.75008,0.6291,1.6826,1.223,4.9665,0.22821,0.14759,100.63,3.6271,0.60529,0.12347,0.86665,258.05,0.75176,0.14455,0.054316,0.044373,0.14455,269.29,179.65,0.4799,2.1324,104.33,0.095804,0.11216,3.1432,0.20231,0.2757,2.0903,2.0949,40631,0.1409,0.1342,0.8591,0.002229,4.0722,2.0317,86.453,4.222,2.3803,0
-0.093794,0.90913,0.11546,1.2755,-164.55,0.06404,-0.10879,0.046347,0.90011,0.042135,-0.10879,-0.25956,-0.21122,-0.10879,-3096.2,-0.11789,1.1,-0.10879,-0.21441,2.6053,0.44839,-0.055272,-0.18485,0.067989,0.042135,-0.10139,-0.98048,0.24809,4.8022,1.7913,-0.21441,271.39,1.3449,-0.060797,-0.055272,0.54569,1.0837,0.53212,-0.10893,0.88031,-0.5571,-0.10893,119.14,116.54,-25.897,1.2668,2.3451,-0.056892,-0.11212,0.58804,0.41915,0.74353,0.090536,1.1434,7322.3,-0.11098,-2.226,1.111,11.629,140.1,3.1321,301.51,1.2106,1.0903,0
0.085121,0.28593,0.62907,3.2001,25.321,0,0.093283,2.4974,8.0537,0.71407,0.11105,0.32625,0.021016,0.093283,616.59,0.59197,3.4974,0.093283,0.011583,0,1.1119,0.11105,0.010569,0.085995,0.50492,0.56343,6.2494,7.4007,2.5024,0.013702,0.013789,13.134,27.791,27.791,0.10736,8.0537,,0.71407,0.013331,0.8781,0.050959,0.013789,30.09,30.09,,3.2001,0,0.035075,0.004355,3.2001,0.28593,0.035982,8.4007,8.4007,200.01,0.013331,0.11921,0.98842,0,,12.13,12.958,28.167,94.748,0
-0.15769,1.1577,-0.58453,0.059543,-593.31,-0.16382,-0.15769,-0.13619,0.33964,-0.15767,-0.085404,-0.25371,-0.17343,-0.15769,-7173.4,-0.050882,0.86381,-0.15769,-0.46429,11.946,0.51519,-0.08252,-0.46429,-0.02905,-0.32151,-0.050882,-1.1416,-0.60699,3.488,3.4013,-0.46429,492.96,0.74043,0.39752,-0.12056,0.33964,0.048294,0.37847,-0.35497,0.003941,2.3726,-0.24296,37.139,25.194,-14.186,0.041659,8.8164,-0.1813,-0.53382,0.031968,0.62153,1.3506,-0.16373,0.39301,-1798,-0.35497,1.0001,1.407,-3.4004,30.554,14.488,667.95,0.54645,0.35269,0
0.099486,0.59991,0.37489,1.6529,19.036,0.21084,0.12395,0.6669,1.0972,0.40009,0.12395,0.21587,0.082929,0.12395,1638.2,0.22281,1.6669,0.12395,0.076897,66.783,1.2422,0.13452,0.061722,0.2644,0.40009,0.18204,0.91571,7.3601,4.2136,0.37159,0.076897,142.66,2.5586,0.22424,0.13452,1.6118,25.411,0.42583,0.08346,0.006603,0.13673,0.08346,214.06,147.27,0.33734,1.1393,73.273,0.1248,0.077428,1.582,0.57417,0.39084,7.8547,8.3601,6131,0.088581,0.24866,0.91142,0.064344,5.4655,2.4784,130.02,2.8072,31.645,0
-0.038906,0.3387,0.003675,1.0109,-25.997,-0.042012,-0.039273,1.9525,1.1886,0.6613,-0.00895,-0.11612,-0.031777,-0.039273,-3273,-0.11152,2.9525,-0.039273,-0.033041,27.631,,-0.00895,-0.032733,-0.039273,0.28725,-0.11044,-0.29516,0.005584,4.0029,0.21417,-0.017052,105.93,3.5631,3.5579,0.023241,1.1961,,0.6613,0.019553,0.25054,-1.5158,-0.00753,78.963,51.332,-0.43239,0.51659,27.254,-0.010452,-0.008793,1.0094,0.3382,0.28065,1.0048,1.0048,37,0.019554,-0.058833,1.0075,0,13.21,7.1105,103.85,3.5145,1.8061,1
0.063529,0.11845,0.83007,8.0077,41.486,0,0.079323,7.4423,2.281,0.88155,0.079328,0.66967,0.03947,0.079323,480.23,0.76006,8.4423,0.079323,0.034776,92.172,1.3036,0.068845,0.027851,0.30911,0.87037,0.62671,13992,16.125,3.6504,-0.051344,0.034778,19.541,18.678,18.678,0.068502,2.281,,0.88155,0.030032,1.9915,0.049633,0.030182,114.03,21.861,0.11029,3.1448,95.026,0.058139,0.025488,8.0077,0.11845,0.053538,17.125,17.125,3711.5,0.030032,0.072065,0.96539,0,3.96,16.696,18.954,19.257,44.311,0
0.00182,1.0347,0.024421,1.027,-184.17,-0.049232,0.002508,-0.033655,1.4328,-0.034824,0.096594,0.002774,0.010954,0.002508,24064,0.015168,0.96642,0.002508,0.00175,187.66,,0.028114,0.00127,0.002508,-0.047412,0.014504,0.29881,0.34151,3.599,0.72183,0.00349,236.85,1.5548,1.3584,0.039585,1.5022,1.4692,0.09575,0.027628,0.00073,0.83511,0.019622,236.37,48.704,0.002471,0.81554,191.29,0.014927,0.010418,0.89732,0.90408,0.64318,-0.48699,1.339,97,0.027587,-0.05227,0.93574,-3.7496,1.945,7.4943,230.31,1.5848,20.037,1
0.16599,0.67258,0.10741,1.1597,-23.85,0.46145,0.16599,0.43339,0.99863,0.29149,0.16599,0.2468,0.079324,0.16599,1177.5,0.30998,1.4868,0.16599,0.063156,36.528,1.358,0.17691,0.063156,0.46145,0.29149,0.30998,0.67216,0.48823,4.1901,0.19584,0.063156,93.275,3.9132,0.26303,0.17691,2.8271,,0.29149,0.067308,0.2584,0.10078,0.067308,84.184,47.656,0.63107,0.76862,36.478,0.13441,0.05114,1.1597,0.67258,0.25555,1.3249,1.3249,1663.9,-0.001373,0.56946,1.0014,0,9.9923,7.659,93.403,3.9078,11.947,0
0.08465,0.21775,0.44508,6.0833,-833.01,0.08465,0.10242,3.5924,0.6098,0.78225,0.11645,1.1698,0.21974,0.10242,593.13,0.61538,4.5924,0.10242,0.16796,64.291,1.165,0.10161,0.13882,0.26168,0.73098,0.53375,7.2449,0.95233,5.2817,0.35708,0.16796,,0,0,0,0.6098,3.2661,0.91244,0,3.0222,0.054497,0.16663,160.43,96.138,0.7881,4.8566,,0.070039,0.11486,2.4461,0.087557,,1.6738,1.9523,6.0833,1,0,0.021578,0.16643,5.6773,3.7966,52.407,6.9647,1.3048,0
0.21696,0.53487,0.26647,1.9803,24.232,0,0.278,0.86963,1.626,0.46514,0.34869,1.0228,0.19734,0.278,608.42,0.59991,1.8696,0.278,0.17098,40.191,0.83032,0.29851,0.13343,0.43974,0.45298,0.48579,4.2228,0.57712,3.6142,0.26582,0.18056,73.94,4.9365,2.5086,0.28417,1.626,1.3657,0.72819,0.17477,0.37768,0.052226,0.18359,97.79,57.6,1.2118,1.3217,48.702,0.25564,0.15722,1.0064,0.27181,0.20257,1.0074,1.5771,1096.2,0.17477,0.46644,0.83563,0.56554,9.0817,6.3369,61.017,5.9819,3.5215,0
0.018314,0.38526,0.030841,1.1498,-25.564,0.016139,0.019545,1.5957,0.65931,0.61474,0.034474,0.094946,0.18323,0.019545,1164,0.31357,2.5957,0.019545,0.029645,41.542,1.0517,0.034317,0.027778,0.056596,0.10837,0.31038,2.2987,0.040405,3.9957,0.51925,0.044618,96.01,3.8017,2.0314,-0.12329,0.65931,,0.61474,-0.187,0.22876,0.094719,0.05205,104.97,63.425,0.24407,0.7853,34.997,-0.066944,-0.10154,0.61439,0.20586,0.26304,0.80537,0.80537,305.39,-0.187,0.029792,0.97613,0,8.7864,5.7548,113.96,3.2028,0.86376,0
0.05265,0.052591,0.94741,19.015,315.31,0,0.067396,18.015,0.98034,0.94741,0.074168,1.2815,0.06918,0.067396,283.04,1.2896,19.015,0.067396,0.068748,45.011,0.97846,0.045972,0.053706,0.2946,0.91213,1.0092,6.7892,,3.5316,-0.7523,0.068763,20.474,17.827,17.827,0.042786,0.98034,,0.94741,0.043644,15.132,0.037785,0.046894,76.024,31.012,0.43551,16.716,47.066,0.045549,0.046462,19.015,0.052591,0.056094,,,3222.4,0.043644,0.055573,0.93345,0,8.109,11.77,19.581,18.641,,0
0.31007,0.14146,0.67493,5.7711,16.659,0,0.38658,6.069,1.695,0.85854,0.38705,2.7328,0.24361,0.38658,125.04,2.919,7.069,0.38658,0.22807,17.849,1.2423,0.36919,0.18293,0.8271,0.74199,2.3782,799.15,3.676,3.6325,0.063176,0.22821,38.78,9.4121,9.4121,0.36358,1.695,,0.85854,0.2145,4.0012,0.011921,0.21781,53.913,36.064,3.7409,5.1852,22.722,0.34284,0.20226,5.7711,0.14146,0.10625,4.676,4.676,2895.6,0.2145,0.36117,0.7752,0,20.45,10.121,30.462,11.982,9.2321,0
-0.082886,1.3998,-0.531,0.62065,-125.99,-0.9653,-0.082886,-0.28559,1.7991,-0.39976,-0.066474,-0.059214,-0.026255,-0.082886,-10816,-0.033745,0.7144,-0.082886,-0.04607,27.22,1.0471,-0.078461,-0.04607,-0.072356,-0.93404,-0.033745,-4.7807,-4.0461,2.3136,0.72378,-0.04607,261.64,1.3951,1.3951,-0.15366,1.7991,,-0.39976,-0.085408,0.073864,-1.0899,-0.043611,155.28,128.06,-0.61776,0.5248,25.078,-0.11411,-0.063427,0.62065,1.3998,0.71681,-3.0461,-3.0461,-109.33,-0.085408,0.20734,1.0438,0,13.409,2.8503,283.98,1.2853,13.709,0
0.068469,0.34315,0.62068,2.8897,120.61,0.21757,0.10461,0.69716,1.0955,0.23923,0.10461,0.31849,0.067111,0.10461,1009.4,0.36159,2.9142,0.10461,0.056578,11.594,1.5113,0.092559,0.037032,0.3186,0.23923,0.25628,0.54842,12.199,4.1905,-0.06217,0.056578,71.031,5.1386,0.26973,0.092559,1.9017,60.535,0.25394,0.050062,1.404,0.1007,0.050062,96.333,84.739,1.1659,2.7109,12.701,0.073085,0.039528,2.7659,0.32844,0.1946,4.702,4.9911,9623.7,0.087165,0.2862,0.91283,0.061482,31.483,4.3073,64.839,5.6293,36.339,0
-0.056757,0.80413,0.066076,1.0822,-41.114,-0.056757,-0.046926,0.16728,1.0007,0.13451,-0.046926,-0.058357,-0.014655,-0.046926,-9022.3,-0.040455,1.2436,-0.046926,-0.02114,51.683,0.82021,0.000046,-0.025568,-0.046926,0.13451,-0.052681,,0.50909,4.2399,0.32258,-0.02114,132.31,2.7586,0.000057,0.000046,2.2417,,0.13451,0.000021,0.11381,1.8307,0.000021,128.04,76.356,-0.18057,0.69129,51.718,-0.014349,-0.006464,1.0822,0.80413,0.3625,1.0364,1.0364,1148,0.000674,-0.42195,0.99933,0,7.0623,4.7802,132.22,2.7605,17.103,1
0.012701,0.71943,0.39418,1.7608,22.517,0.061463,0.017769,0.39,1.0139,0.28057,0.017769,0.034297,0.010834,0.017769,7922.6,0.046071,1.39,0.017769,0.005808,24.197,1.1647,0.054918,0.004152,0.082124,0.28057,0.039026,0.18201,4.4932,4.7373,0.17925,0.005808,62.673,5.8239,0.076336,0.054918,3.104,3.5238,0.48191,0.017951,0.33705,0.33648,0.017951,88.005,63.808,0.062624,1.3694,24.534,0.039543,0.012925,1.2681,0.5181,0.17171,3.1982,5.4932,21526,0.013748,0.045269,0.98625,0.71757,15.084,5.7203,61.811,5.9051,34.874,0
0.066684,0.54351,0.36195,1.666,64.946,0,0.083981,0.8399,2.0221,0.45649,0.093891,0.15452,0.046927,0.083981,2090.6,0.17459,1.8399,0.083981,0.041532,1.4119,1.7371,0.09388,0.032978,0.099444,0.44783,0.14276,9.4737,3.8283,3.901,0.26877,0.044727,102.45,3.5627,3.5627,0.085732,2.0221,,0.45649,0.042398,0.012507,0.17289,0.046428,162.22,160.8,8.5251,1.6516,1.4745,0.082972,0.041033,1.666,0.54351,0.28069,4.8283,4.8283,2881.4,0.042398,0.14608,0.95871,0,258.51,2.2699,98.107,3.7204,21.387,0
0.3011,0.20059,0.74205,4.7048,48.679,0,0.3011,3.9853,1.9603,0.79941,0.3018,1.5033,0.16538,0.3011,225.83,1.6163,4.9853,0.3011,0.1536,95.918,1.3927,0.2989,0.1536,0.426,0.067897,1.6163,431.73,12.872,3.5082,-0.044881,0.15374,44.939,8.1221,8.1101,0.33354,1.9603,,0.79941,0.17014,1.4909,0.020764,0.15248,119.86,23.939,0.58449,2.1328,115.58,0.2758,0.14069,4.6979,0.2003,0.12312,13.867,13.867,2391.2,0.17014,0.37666,0.84724,0,3.8053,15.247,37.293,9.7873,34.004,0
0.21993,0.47974,0.2008,3.4793,34.436,0,0.27203,1.0844,2.2459,0.52026,0.32771,3.3587,0.18822,0.27203,414.24,0.88114,2.0844,0.27203,0.12112,2.7626,1.5194,0.31238,0.097924,0.38314,0.47923,0.77254,5.6104,0.27959,4.1004,0.18885,0.13167,15.004,24.326,4.1069,0.27566,2.2459,1.5603,0.68996,0.12274,0.80685,0.034533,0.13909,35.177,32.414,12.938,3.2694,3.1491,0.16169,0.071992,0.58739,0.080993,0.041108,0.72439,0.96068,2530.4,0.12274,0.42274,0.88933,0.3262,132.12,11.261,13.163,27.73,3.1271,0
0.12703,0.16719,0.39678,5.1648,135.26,0,0.15323,4.9812,1.0427,0.83281,0.1541,1.6084,0.21783,0.15323,268.67,1.3585,5.9812,0.15323,0.14696,29.668,1.334,0.1352,0.12183,0.22076,0.30449,1.2018,155.54,0.78115,4.1524,-0.10852,0.14732,38.508,9.4787,5.4013,0.13965,1.0427,,0.83281,0.13394,2.9479,0.026652,0.12966,73.934,44.267,1.4989,4.2752,34.256,0.061293,0.058784,2.9431,0.09527,0.1055,1.6396,1.6396,5635.6,0.13394,0.15254,0.86512,0,12.303,8.2455,33.35,10.945,2.0527,0
0.007179,0.80934,0.078481,1.0986,-24.306,0.060422,0.009322,0.22699,1.0153,0.18371,0.009322,0.011716,0.006651,0.009322,11076,0.032955,1.2356,0.009322,0.002325,31.248,1.2619,0.058556,0.00179,0.076453,0.18371,0.030306,0.14825,0.6238,5.1129,0.2017,0.002325,73.532,4.9638,0.072351,0.058556,4.0147,38.941,0.19734,0.014602,0.001425,0.35055,0.014602,79.463,48.215,0.02091,0.66717,31.726,0.041207,0.010275,1.0801,0.79571,0.20146,1.4602,1.5686,10178,0.015082,0.039077,0.98492,0.074208,11.681,7.5703,72.423,5.0399,31.875,0
0.010716,0.26915,0.2991,2.3036,17.843,-0.31061,0.000636,2.4937,1.0048,0.67118,0.000636,0.002772,0.012338,0.000636,5070.1,0.071991,3.7154,0.000636,0.000405,48.632,1.0082,0.008012,0.006823,-0.32069,0.67118,0.10944,0.051263,0.6344,3.623,0.13115,0.000405,53.582,6.812,0.029768,0.008012,1.5816,8.0407,0.71089,0.005102,0.33335,0.33076,0.005102,105.06,56.429,0.051212,1.3916,48.867,-0.010728,-0.006831,1.9637,0.22944,0.1468,1.4236,1.5079,1255.4,0.004806,0.015966,0.99519,0.059162,7.5053,6.4683,53.324,6.8449,3.3312,0
0.078072,0.68049,0.29916,1.4506,-12.366,0.15486,0.10815,0.41586,1.0746,0.28299,0.10815,0.16289,0.0485,0.10815,2174.3,0.16787,1.4695,0.10815,0.04592,56.315,1.0997,0.1334,0.033148,0.21692,0.28299,0.12366,0.60864,8.1093,4.1176,0.2588,0.04592,110.57,3.3011,0.19603,0.1334,2.4496,36.276,0.29952,0.056637,0.12316,0.1604,0.056637,136.58,80.265,0.21484,0.90325,60.517,0.12732,0.054057,1.4153,0.66395,0.30293,7.671,8.1191,3921.7,0.069442,0.27589,0.93056,0.05842,6.4814,4.5474,102.89,3.5474,63.846,0
0.42689,0.4646,0.48858,2.6303,55.011,0,0.52991,1.1524,3.2336,0.5354,0.54513,1.7681,0.17441,0.52991,300.69,1.2139,2.1524,0.52991,0.16387,4.8549,1.8156,0.53685,0.13202,0.827,0.51876,0.99215,35.271,2.3077,3.4865,0.023824,0.16387,38.078,9.5855,6.1832,0.3609,3.2336,4.5193,0.7003,0.11161,1.3326,0.027126,0.16602,43.899,39.045,9.9253,2.4868,5.4648,0.50278,0.15548,1.6967,0.2997,0.10432,2.5288,3.3077,1497.9,0.11161,0.79734,0.84506,0.30801,75.182,9.3483,33.829,10.79,15.273,0
0.005371,0.45119,0.35576,2.2981,-65.913,0,0.005371,1.2164,1.2066,0.54881,0.020056,0.019598,0.018855,0.005371,7238.8,0.050423,2.2164,0.005371,0.004452,157.58,1.1671,0,0.004452,0.031113,0.53505,0.050423,0,0.96104,3.9967,0.32707,0.010841,108.81,3.3546,2.0377,0.00201,1.2066,,0.54881,0.001666,0.20634,0.86538,0,173.42,15.842,0.010311,0.39742,206.8,-0.017379,-0.014404,1.3959,0.27407,0.2981,1.4826,1.4826,3530.4,0.23803,0.009787,0.77465,0,2.3163,23.04,82.907,4.4025,3.2594,0
0.13029,0.74884,0.11415,1.1529,-15.2,0,0.13029,0.3354,4.6819,0.25116,0.13841,0.1745,0.032789,0.13029,1780.4,0.20501,1.3354,0.13029,0.027829,23.304,1.4109,0.13307,0.027829,0.31611,0.13029,0.20501,16.392,0.82025,3.5833,0.15395,0.029036,59.867,6.0968,6.0793,0.12955,4.6819,,0.25116,0.02767,0.046249,0.15971,0.028422,64.418,41.114,0.43588,0.75255,23.967,0.10985,0.023461,1.1496,0.74668,0.16402,1.8047,1.8047,437.35,0.02767,0.51876,0.97238,0,15.663,8.8778,58.211,6.2703,33.642,0
0.11881,0.48405,0.043972,1.1536,-18.157,0.4026,0.11881,1.0659,1.1445,0.51595,0.11881,0.4151,0.2224,0.11881,693.66,0.52619,2.0659,0.11881,0.10374,26.399,0.98171,0.14373,0.10374,0.4026,0.51595,0.52619,1.4365,0.065648,4.2022,0.42231,0.10374,104.4,3.4961,0.29694,0.14373,1.1811,1.2503,0.71379,0.12551,0.018044,0.05691,0.12551,103.59,77.188,1.4343,0.86423,30.215,0.007835,0.006842,0.68213,0.28621,0.28603,0.77028,1.0656,700.49,0.12627,0.23027,0.87373,0.38345,13.826,4.7287,91.219,4.0014,1.7098,0
-0.057172,1.4796,-0.48194,0.67427,-17.18,-0.99151,-0.057172,-0.32413,11.088,-0.47958,-0.029912,-0.038641,-0.004305,-0.057172,-11313,-0.032263,0.67587,-0.057172,-0.005156,1.1416,1.1953,-0.038972,-0.005156,-0.15337,-1.0487,-0.032263,-1.4296,-204.55,1.9438,0.10142,-0.005143,48.534,7.5205,7.5205,-0.038972,11.088,,-0.47958,-0.003515,0.24935,-1.6698,-0.003515,20.696,19.554,-1.6485,0.65084,1.1376,-0.048408,-0.004366,0.67427,1.4796,0.13297,-203.55,-203.55,-42.342,-0.003515,0.11921,1.0052,0,319.72,18.666,48.705,7.4942,4706.2,0
0.18572,0.21575,0.61492,3.8502,29.097,0,0.18572,3.635,3.5914,0.78425,0.18998,0.86079,0.065575,0.18572,334.38,1.0916,4.635,0.18572,0.051711,35.288,1.1206,0.18959,0.051711,0.46991,0.001314,1.0916,44.444,3.6316,3.2374,0.047042,0.052253,23.639,15.44,15.44,0.26016,3.5914,,0.78425,0.072439,0.22844,0.030042,0.05279,79.413,44.125,0.53487,2.2408,38.044,0.1398,0.038926,3.8502,0.21575,0.064765,4.6316,4.6316,1062.2,0.072439,0.23681,0.9484,0,10.344,8.2719,21.927,16.646,21.21,0
-0.092303,0.68731,0.13958,1.3055,-1.9442,0,-0.092303,0.45495,5.2197,0.31269,0.054988,-0.20202,-0.01352,-0.092303,-3554.9,-0.10268,1.4549,-0.092303,-0.017683,11.663,1.1086,-0.022605,-0.017683,0.27507,0.15609,-0.10268,-0.15347,0.34589,3.1854,0.107,-0.013647,31.685,11.52,7.6578,-0.04355,5.2197,1.8648,0.54311,-0.008343,0.28427,-26.261,-0.004331,32.627,20.964,-0.55343,0.94046,11.566,-0.044337,-0.008494,0.86783,0.45689,0.086807,0.77488,1.3459,213.91,-0.008343,-0.29519,1.0173,0.73689,31.297,17.411,31.949,11.424,12.935,0
0.095397,0.40871,0.54067,5.9197,20.535,0.21283,0.12133,1.152,1.1335,0.47084,0.12133,1.1041,0.16612,0.12133,830.63,0.43942,2.4467,0.12133,0.11223,163.41,1.4392,0.15377,0.088238,0.24495,0.47084,0.37596,1.6122,1.5473,4.3575,0.35263,0.11223,42.058,8.6786,0.37623,0.15377,1.1249,0.55739,0.76965,0.14223,0.30065,0.063373,0.14223,208.48,45.074,0.19709,1.5155,185.23,0.095508,0.088341,1.5918,0.1099,0.11523,1.3474,2.2026,12315,0.1178,0.20261,0.8822,0.63463,2.2337,8.0977,37.103,9.8375,3.094,0
-0.029463,0.48287,0.11104,1.23,-43.976,-0.16782,-0.043106,0.74202,0.98767,0.3583,-0.043106,-0.089271,0.015555,-0.043106,7135.4,0.051153,2.0709,-0.043106,-0.027145,67.628,0.91706,-0.019705,-0.018554,-0.16687,0.3583,0.079408,-0.12256,0.27345,4.3382,0.28628,-0.027145,109.62,3.3297,-0.040809,-0.019705,1.6048,,0.3583,-0.012409,0.068749,0.33004,-0.012409,128.88,61.254,-0.10014,0.62064,66.794,-0.087512,-0.055109,1.23,0.48287,0.30033,0.88234,0.88234,2419.4,-0.012484,-0.082229,1.0125,0,5.3972,5.9588,110.99,3.2886,3.9105,0
0.081594,0.219,0.36554,2.6691,39.939,0.21546,0.1011,3.2234,1.0314,0.70593,0.1011,0.46162,0.071039,0.1011,481.2,0.75852,4.5661,0.1011,0.043233,17.221,1.2409,0.085285,0.034893,0.265,0.70593,0.66947,0.37617,0.87983,5.1165,-0.005064,0.043233,35.258,10.352,0.38942,0.085285,2.3723,,0.70593,0.036471,1.1038,0.047903,0.036471,53.506,36.286,0.73958,2.1653,17.762,0.020263,0.008665,2.6691,0.219,0.096598,1.6992,1.6992,47803,0.030467,0.11558,0.96953,0,21.196,10.059,34.184,10.678,5.6285,0
0.007987,0.71353,-0.40652,0.43027,-212.88,0.032222,0.016911,0.29102,1.0481,0.20765,0.016911,0.023701,0.095467,0.016911,2582.2,0.14135,1.4015,0.016911,0.016007,47.265,1.0776,0.049018,0.00756,0.050901,0.20765,0.12885,0.48629,-0.58661,5.668,0.63191,0.016007,258.37,1.4127,0.068698,0.049018,1.0648,,0.20765,0.046397,0.06869,0.17642,0.046397,89.134,41.869,0.058381,0.23854,49.539,-0.034931,-0.033063,0.43027,0.71353,0.70787,0.29965,0.29965,-189250,0.045908,0.038463,0.95409,0,7.7224,8.7176,246.51,1.4807,1.5245,0
0.099792,0.11789,0.74981,7.3601,100.03,0.28643,0.12691,7.0893,1.0698,0.83578,0.12691,1.0764,0.090122,0.12691,288.4,1.2656,8.4822,0.12691,0.076653,71.393,1.1053,0.10193,0.060276,0.36604,0.83578,1.0356,0.65861,5.6679,4.2976,-0.14638,0.076653,27.805,13.127,0.86458,0.10193,1.6822,,0.83578,0.061566,3.0739,0.031201,0.061566,111.41,40.013,0.30816,4.6133,76.373,0.079629,0.048097,7.3601,0.11789,0.076177,6.3177,6.3177,14880,0.065209,0.1194,0.93479,0,5.1126,9.1221,25.991,14.043,12.515,0
-0.21272,0.86537,-0.040962,0.94217,-149.11,-0.21272,-0.25955,0.10975,0.89562,0.094976,-0.25955,-0.36641,-0.16298,-0.25955,-1578.4,-0.23125,1.1556,-0.25955,-0.21139,148.87,0.74588,-0.07804,-0.17325,-0.25955,0.094976,-0.17713,,-0.12315,4.4126,0.70217,-0.21139,188.59,1.9354,-0.090181,-0.07804,1.2981,1.061,0.25199,-0.063558,0.006586,-1.5293,-0.063558,197.01,48.137,-0.42476,0.23519,133.33,-0.13748,-0.11197,0.77122,0.70836,0.51669,0.28555,0.75762,-1059.1,-0.11654,-2.2397,1.1165,1.6532,2.4518,7.5826,210.57,1.7334,3.6916,1
0.066245,0.41684,0.21944,1.6018,-3.7677,0.20995,0.084098,1.1181,1.0164,0.46606,0.084098,0.23063,0.052784,0.084098,892.1,0.40915,2.399,0.084098,0.026028,22.764,1.1515,0.084407,0.020502,0.25906,0.46606,0.36632,0.26552,0.52762,4.4843,0.099558,0.026028,41.867,8.718,0.20249,0.084407,3.2709,7.3286,0.51826,0.026123,0.39891,0.080209,0.026123,49.55,26.785,0.32874,1.0492,23.137,-0.002045,-0.000633,1.4012,0.36464,0.11471,1.1206,1.2461,6692.9,0.01614,0.14214,0.98386,0.11201,16.034,13.627,41.192,8.861,7.7686,0
0.037645,2.6461,-2.5645,0.03086,-9832.4,-1.7657,0.037645,-0.62209,0.18154,-1.6461,0.30071,0.014227,0.20737,0.037645,25656,0.014227,0.37791,0.037645,0.20737,0,0.96405,0.087632,0.20737,0.026151,-1.6641,0.014227,0.60776,-2.7926,3.6418,14.146,1.0016,10654,0.035489,0.035489,0.087912,0.27574,,-1.6461,0.48427,0.029665,1.0065,0.48272,6.3534,6.3534,,0.029665,0,0.087632,0.48272,0.03086,2.6461,28.178,-1.7925,-1.7925,-11240,0.50064,-0.022869,0.32979,0,,57.45,5320.3,0.068605,0.19768,1
0.016373,0.62183,0.12615,1.2314,-21.39,0.035402,0.022232,0.47474,0.95096,0.2952,0.022232,0.040782,0.023581,0.022232,4296.3,0.084956,1.6082,0.022232,0.009924,40.379,1.2768,0.029637,0.007308,0.054807,0.2952,0.075533,0.1258,0.38377,4.2829,0.25877,0.009924,84.463,4.3214,0.047661,0.029637,2.4278,5.5227,0.37188,0.013229,0.10747,0.33941,0.013229,99.826,59.447,0.066063,0.77678,38.399,-0.000959,-0.000428,1.0796,0.54515,0.23141,0.89808,1.1313,2419.8,-0.051571,0.055462,1.0516,0.25974,9.0394,6.1399,88.819,4.1095,6.8155,0
-0.33348,0.24559,0.31715,2.3684,-40.853,0,-0.33348,3.0721,0.98957,0.75448,-0.2731,-1.4389,-0.33699,-0.33348,-268.8,-1.3579,4.0719,-0.33348,-0.33699,149.3,1.0855,-0.31193,-0.33699,-0.28818,0.098825,-1.3579,-11.259,0.70306,2.2019,0.24335,-0.33699,213.8,5.7211,5.3991,-0.33549,1.0202,,0.75448,-0.33903,0.29168,-0.026244,-0.31522,177.53,28.225,-0.82384,2.0382,111.43,-0.31193,-0.31522,2.2351,0.23176,0.17479,1.6726,1.6726,50.48,0.60015,-0.442,0.38872,0,2.4447,12.932,85.486,4.2697,2.1937,1
0.061337,0.20603,0.7223,4.5057,164.56,0.16344,0.076727,3.5428,1.0366,0.72993,0.076727,0.3724,0.083979,0.076727,755,0.48344,4.8536,0.076727,0.06469,62.293,0.91091,0.050055,0.051714,0.23592,0.72993,0.40875,0.43749,10.079,4.2041,-0.23846,0.06469,65.728,5.5532,0.24295,0.050055,1.2928,,0.72993,0.042202,2.4084,0.092875,0.042202,132.98,70.69,0.30302,3.5233,64.575,0.027176,0.022913,4.5057,0.20603,0.18008,10.185,10.185,11557,0.035348,0.084031,0.96465,0,5.8595,5.1634,63.404,5.7567,16.55,0
0.11544,0.28094,0.6177,3.1987,114.52,0.37133,0.14631,2.525,1.072,0.70937,0.14631,0.5208,0.079736,0.14631,617.89,0.59072,3.5595,0.14631,0.070298,0.5968,1.1452,0.14499,0.055467,0.46755,0.70937,0.48084,0.74677,6.0941,4.6348,0.094169,0.070298,52.814,6.911,0.51609,0.14499,2.097,,0.70937,0.069663,0.31279,0.056103,0.069663,142.19,141.59,33.923,3.1866,0.63976,0.12535,0.060225,3.1987,0.28094,0.1447,6.9984,6.9984,26643,0.067147,0.16274,0.93285,0,611.6,2.5779,49.268,7.4084,20.534,0
0.1807,0.1537,0.54261,4.5303,91.271,0.41979,0.23046,4.7365,1.0889,0.728,0.23046,1.4994,0.13605,0.23046,175.76,2.0767,6.5062,0.23046,0.098234,0,1.0016,0.21165,0.077022,0.54531,0.728,1.7529,0.98237,1.7867,4.9087,0.056995,0.098234,26.038,14.018,1.3771,0.21165,2.4114,,0.728,0.090219,0.25278,0.016822,0.090219,102.29,102.29,,4.5303,0,0.12293,0.052399,4.5303,0.1537,0.071338,2.3971,2.3971,43976,0.081621,0.24821,0.91838,0,,3.5683,23.913,15.264,7.7249,0
0.079916,0.31846,0.60899,2.9123,60.434,0,0.10341,2.1401,2.2795,0.68154,0.12524,0.32471,0.052752,0.10341,966.67,0.37759,3.1401,0.10341,0.045365,40.079,1.0503,0.12503,0.035059,0.20835,0.64432,0.30382,5.7279,8.3938,3.4051,0.079348,0.045365,53.976,6.7622,6.7622,0.12594,2.2795,,0.68154,0.055251,0.43205,0.074826,0.05485,126.48,86.398,0.31929,2.1263,42.423,0.10819,0.047463,2.9123,0.31846,0.14788,9.3938,9.3938,1547.8,0.055251,0.11726,0.95464,0,9.1071,4.2246,50.994,7.1577,31.418,0
-0.1437,0.53887,0.048021,1.4664,-27.368,-0.17859,-0.1437,0.85572,0.39154,0.46113,-0.072569,-1.3956,-0.35145,-0.1437,-1429.4,-0.25536,1.8557,-0.1437,-0.36701,64.174,1.4312,0,-0.36701,-0.009553,0.3334,-0.25536,0,0.056561,5.6641,1.3366,-0.82581,126.1,2.8945,0.55306,0.026968,0.39154,0.19664,0.87889,0.068879,0.16428,2.9488,0,124.99,60.811,-2.0874,0.79782,84.308,-0.006092,-0.015558,0.28019,0.10297,0.34549,0.54313,1.0352,22156,0.23881,-0.31162,0.95353,0.90596,5.6877,6.0022,95.987,3.8026,0.46117,0
-0.21072,0.85794,0.023401,1.029,-36.054,0,-0.21072,0.16558,2.453,0.14206,-0.20818,-0.26079,-0.030841,-0.21072,-4139.2,-0.088181,1.1656,-0.21072,-0.0859,33.003,0.8224,0,-0.0859,-0.61751,0.042151,-0.088181,0,0.13879,3.3014,0.34677,-0.17567,135.02,2.7034,2.546,0.024859,2.453,,0.14206,0.010134,0.017498,0.21174,0,121.6,88.6,-0.95003,0.75445,37.063,-0.13506,-0.055059,0.96905,0.80799,0.36991,0.84252,0.84252,46.846,0.10956,-1.4833,0.89148,0,11.06,4.1196,120.22,3.036,14.549,0
0.13796,0.73386,0.25081,1.3431,-2.2871,0,0.13796,0.36266,1.7168,0.26614,0.1697,0.18874,0.082892,0.13796,1882.2,0.19392,1.3627,0.13796,0.080357,54.003,,0.16295,0.080357,0.24888,0.19372,0.19392,5.133,13.719,4.2193,0.18743,0.080411,171.94,2.1632,2.1547,0.16512,1.7509,1212,0.26674,0.096175,0.57307,0.14622,0.09491,119.67,65.666,0.54312,0.92057,58.634,0.15859,0.092375,1.3378,0.73096,0.46227,14.557,14.59,4156,0.096175,0.51837,0.90309,0.002256,6.7589,5.5584,155.4,2.3487,93.906,1
0.006096,0.88198,0.064991,1.0742,-3.8598,0,0.006096,0.13382,2.5478,0.11802,0.008975,0.006958,0.010163,0.006096,12432,0.029359,1.1338,0.006096,0.002393,11.196,1.0733,-0.002378,0.002393,-0.077358,0.064243,0.029359,-0.82617,1.1047,3.6568,0.33769,0.002851,124.4,2.9341,2.9149,-0.023077,2.5478,,0.11802,-0.009058,0.04087,1.6877,-0.000933,129.7,118.51,0.078007,0.98498,11.096,-0.022176,-0.008704,1.0671,0.87618,0.34082,2.0061,2.0061,294.87,-0.009058,0.051653,0.99765,0,32.601,3.0799,125.52,2.9078,43.306,0
0.12121,0.13853,0.41333,3.9838,133.4,0.24706,0.15053,5.2656,1.138,0.72942,0.15053,1.0867,0.2195,0.15053,240.7,1.5164,7.2188,0.15053,0.15729,46.227,1.1013,0.13105,0.12665,0.30885,0.72942,1.3047,1.5583,0.92232,4.5382,-0.10656,0.15729,60.124,6.0708,0.94599,0.13105,1.0063,,0.72942,0.13693,1.7547,0.023897,0.13693,117.77,71.539,0.99999,3.1088,52.607,0.071511,0.074722,3.9838,0.13853,0.16472,1.6277,1.6277,14271,0.12127,0.16617,0.87873,0,7.8958,5.1021,52.833,6.9086,2.1355,0
0.047256,0.11193,0.6802,7.077,429.8,0.24836,0.060101,7.658,1.0604,0.85716,0.060101,0.53695,0.138,0.060101,502.38,0.72654,8.9341,0.060101,0.10199,25.883,1.0172,0.031498,0.080192,0.30808,0.85716,0.61178,0.56682,3.2722,4.9263,-1.0198,0.10199,73.518,4.9648,0.28141,0.031498,0.62234,,0.85716,0.053452,6.3716,0.069803,0.053452,48.907,23.024,1.1309,6.7037,27.446,0.010278,0.017442,7.077,0.11193,0.20142,4.1235,4.1235,57399,0.056981,0.055131,0.94302,0,14.102,15.853,69.329,5.2647,2.8349,0
0.11907,0.13897,0.4616,4.3216,106.38,0.31169,0.14118,6.0192,1.132,0.83649,0.14118,1.0159,0.1874,0.14118,247.9,1.4724,7.1958,0.14118,0.1293,62.552,1.1103,0.12393,0.10905,0.38252,0.83649,1.3133,1.285,1.1556,4.9728,-0.069886,0.1293,52.591,6.9404,0.8918,0.12393,1.1426,,0.83649,0.11351,1.6081,0.024384,0.11351,126.06,63.506,0.63633,2.9751,70.812,0.060499,0.055409,4.3216,0.13897,0.14408,2.0942,2.0942,43358,0.11664,0.14234,0.88336,0,5.8351,5.7475,46.456,7.8568,2.7335,0
0.064357,0.49941,0.17795,1.3773,-16.622,0.12252,0.078237,0.98158,1.0408,0.49021,0.078237,0.16587,0.051462,0.078237,1403.9,0.25999,2.0024,0.078237,0.031009,40.176,1.0686,0.099982,0.025508,0.14966,0.49021,0.23219,0.41246,0.50792,4.5414,0.17676,0.031009,71.025,5.139,0.2002,0.099982,2.5394,13.416,0.51794,0.039628,0.13401,0.10832,0.039628,84.838,44.661,0.23174,0.7885,41.817,0.048379,0.019175,1.3008,0.47169,0.19459,1.3992,1.4783,6190.5,0.039234,0.13128,0.96077,0.056554,9.0849,8.1726,68.238,5.3489,7.2013,0
-0.2083,1.0137,0.060076,1.0708,-2.6971,-0.029251,-0.20708,-0.01347,6.7449,-0.013654,-0.16328,-0.2439,-0.02156,-0.20708,-2544.4,-0.14345,0.9865,-0.20708,-0.030702,5.7714,0.65207,-0.16691,-0.030883,0.015616,-0.23525,-0.14466,-3.8102,0.66012,3.42,0.14875,-0.025108,45.351,8.1841,6.8548,-0.08835,6.7851,19.892,0.026688,-0.013099,0.018142,-0.32106,-0.024746,48.364,42.593,-1.9532,0.14375,5.6021,-0.22857,-0.033889,0.89685,0.84905,0.12219,-0.15003,0.29325,158,-0.013135,15.256,1.0241,-2.9546,63.243,8.5696,45.947,7.944,74.113,1
0.060711,0.44388,0.26199,1.723,1.0477,0,0.060711,1.2529,2.0005,0.55612,0.073204,0.16754,0.030349,0.060711,2668.6,0.13678,2.2529,0.060711,0.030349,39.459,1.2142,0.08826,0.030349,0.13041,0.5496,0.13678,7.0649,0.69745,3.8843,0.18314,0.031457,416.18,5.3323,4.3531,0.07347,2.0225,5.1478,0.6354,0.036727,0.32457,0.16764,0.04412,92.46,53.001,0.28073,1.1262,40.852,0,0,1.4066,0.36237,1.1402,1.4805,1.6915,2007,0.84113,0.10917,0.96154,0.14255,9.25,6.8867,66.118,5.5205,5.3255,0
-0.040164,0.7184,-0.039542,0.90918,-69.436,-0.025626,-0.042413,0.11961,0.99507,0.085927,-0.042413,-0.097412,-0.008379,-0.042413,-35991,-0.010141,1.392,-0.042413,-0.048775,47.274,1.2042,0.005216,-0.046189,-0.02708,0.085927,-0.007011,0.059686,-0.065451,4.4576,0.80566,-0.048775,181.86,2.0071,0.00726,0.005216,0.88483,1.0008,0.36893,0.005998,0.063028,0.58545,0.005998,154.64,107.37,-0.35662,0.65051,47.041,-0.029911,-0.034398,0.55102,0.4354,0.49824,0.14223,0.61067,-1134.2,-0.004951,-0.46741,1.005,3.2936,7.721,3.3995,182.76,1.9972,1.4393,0
0.028119,0.66167,0.14586,1.3156,-69.02,-69.02,0.031786,0.51111,1.0559,0.33819,0.33819,0.068778,0.064939,0.031786,2550.8,0.14309,1.5113,0.031786,0.021801,99.51,1.0423,0.065044,0.019286,-0.071297,0.33819,0.13755,0.47105,0.37211,4.2885,0.44507,0.021801,122.16,2.9878,0.098302,0.065044,1.4793,1.0551,0.5377,0.044611,0.029835,0.17003,0.044611,148.76,49.249,0.070741,0.45551,105.07,0.002148,0.001473,0.91891,0.46215,0.33469,0.86275,1.3717,2834.5,0.052936,0.083147,0.94706,0.58995,3.668,7.4113,115.7,3.1548,3.7196,0
0.11143,0.5979,-0.16123,0.59246,-277.78,0,0.11237,0.67253,0.63915,0.4021,0.14358,0.28403,0.26058,0.11237,1310.3,0.27856,1.6725,0.11237,0.17581,98.101,1.6592,0.14087,0.17434,0.2257,0.36012,0.27699,4.5126,-0.21059,4.678,0.90482,0.20179,296.19,1.2323,0.8154,0.15163,0.63915,0.31386,0.60156,0.23723,0.052926,0.10218,0.2204,121.89,23.792,0.64866,0.15823,128.61,0.086684,0.13562,0.39202,0.39562,0.81147,0.5252,0.78572,-7681.2,0.23723,0.27712,0.8263,0.49603,3.7207,15.342,225.92,1.6156,0.83483,0
0.015167,0.56149,-0.029927,0.89989,-24.774,0.12941,0.023411,0.69182,1.0266,0.38845,0.023411,0.078318,0.068323,0.023411,1755.4,0.20793,1.781,0.023411,0.013701,14.989,1.0682,0.041661,0.008876,0.17029,0.38845,0.19324,0.2503,-0.040939,5.3541,0.32191,0.013701,65.552,5.5681,0.074197,0.041661,1.7226,0.75724,0.65102,0.02438,0.065043,0.13674,0.02438,53.305,38.317,0.21614,0.66514,15.388,-0.051678,-0.030242,0.47908,0.29892,0.17959,0.53139,0.89058,-6763.3,0.025949,0.039045,0.97405,0.67594,24.351,9.5259,63.851,5.7164,2.3376,0
0.21154,0.15876,0.79548,6.0688,82.522,0,0.25753,5.2988,1.9719,0.84124,0.26139,1.641,0.13636,0.25753,215.51,1.6937,6.2988,0.25753,0.1306,72.122,0.90893,0.23586,0.10728,0.69711,0.81653,1.404,61.025,16.716,3.3062,-0.15128,0.13256,33.04,11.047,10.92,0.23822,1.9719,,0.84124,0.12081,2.9828,0.021406,0.11961,89.644,17.522,0.54292,3.586,82.032,0.2245,0.11385,5.999,0.15694,0.090521,17.678,17.678,1609.9,0.12081,0.25147,0.87125,0,5.0609,20.831,29.049,12.565,41.438,0
0.1648,0.40587,-0.046004,0.88659,-47.545,0.26706,0.12731,1.3322,1.1266,0.54072,0.12731,0.31384,0.16141,0.12731,784.13,0.46548,2.4639,0.12731,0.10877,25.654,1.2807,0.1327,0.1408,0.25846,0.54072,0.55785,1.2773,-0.071841,5.823,0.31751,0.10877,142.51,2.5612,0.32697,0.1327,1.1887,1222.2,0.54094,0.11338,0.086393,0.068668,0.11338,101.22,75.569,2.0033,0.68379,28.901,0.071088,0.060736,0.88609,0.40564,0.39044,0.84439,0.84474,-30609,0.11236,0.30478,0.88764,0.00042,14.228,4.83,126.5,2.8854,1.8278,0
0.045024,0.98016,-0.069122,0.92896,-43.231,-0.028264,0.045024,0.020236,3.3268,0.019835,0.14464,0.046272,0.022872,0.045024,4701.9,0.077629,1.0202,0.045024,0.013534,31.636,1.1778,0.14426,0.013534,0.071015,0.01676,0.077629,1.4481,-0.71934,4.2112,0.23395,0.023504,117.94,3.0949,3.0723,0.3154,3.3268,,0.019835,0.094805,0.2079,0.18635,0.043362,76.978,45.342,0.15615,0.63263,34.949,0.11319,0.034024,0.9222,0.97303,0.32312,0.20642,0.20642,-1124,0.094805,2.2699,0.98653,0,11.538,8.0499,106.76,3.419,34.622,0
0.047585,0.86912,-0.15628,0.76226,-19.528,0.12274,0.047585,0.14882,1.012,0.12934,0.047585,0.072389,0.019991,0.047585,3169.6,0.11516,1.1506,0.047585,0.009505,6.3262,1.3998,0.064091,0.009505,0.12274,0.12934,0.11516,0.12955,-0.31323,4.4797,0.16175,0.009505,48.498,7.5261,0.073742,0.064091,5.0186,1.9563,0.34111,0.012802,0.12438,0.24507,0.012802,30.57,24.243,0.54838,0.63025,6.4019,0.011589,0.002315,0.57652,0.65735,0.13287,0.25924,0.68368,-4715.9,0.011825,0.3679,0.98817,1.6373,57.696,15.056,47.924,7.6162,10.034,0
0.12456,0.23431,0.7125,4.0409,50.369,0,0.12456,3.2678,1.4065,0.76569,0.12456,0.53161,0.15628,0.12456,389.1,0.93807,4.2678,0.12456,0.088563,152.14,1.2346,0,0.088563,0.07589,0.75387,0.93807,,13.396,3.6265,0.10756,0.18761,90.647,4.0266,4.0266,0.000793,1.4065,,0.76569,0.000564,0.38663,0.08201,0,222.2,70.06,0.21247,1.5388,226.8,-0.095236,-0.067713,4.0409,0.23431,0.24835,14.396,14.396,3015.1,0.32919,0.16268,0.6719,0,2.3991,5.2099,60.807,6.0026,26.443,0
0.07109,0.84293,-0.54011,0.35885,-154.29,-0.23401,0.07109,0.18634,1.5281,0.15707,0.12287,0.084389,0.080521,0.07109,2500.4,0.14597,1.1863,0.07109,0.046521,13.838,1.151,0.088486,0.046521,0.055508,-0.10458,0.14597,1.7088,-0.77413,4.8376,0.54367,0.046521,212.44,1.7181,1.7171,0.080745,1.5281,,0.15707,0.052839,0.014393,0.20007,0.057905,69.31,55.472,1.2271,0.29008,14.61,0.03653,0.023905,0.35863,0.84241,0.58202,0.22513,0.22513,-37161,0.052839,0.45259,0.95484,0,26.377,6.5799,201.21,1.814,2.1902,0
0.05447,0.73988,0.24431,1.3966,16.341,0,0.05447,0.35156,5.773,0.26012,0.058188,0.088415,0.95035,0.05447,49.223,7.4152,1.3516,0.05447,0.009435,29.378,1.4416,0,0.009435,0.18194,0.25828,7.4152,0,1.75,4.7358,0.12757,0.021436,1699.2,0.2148,0.17886,0.00439,5.773,3.2318,0.38257,0.00076,0.038336,0.00454,0,52.905,23.527,0.11723,0.64234,0.00076,-5.4319,-0.94091,1.1629,0.61607,4.6554,1.8631,2.7402,13298,0.97708,0.20941,0.025534,0.47075,12.424,15.514,38.951,9.3707,41.351,0
0.098415,0.31173,0.48799,2.5654,27.29,0.30197,0.12286,2.1916,1.0267,0.68318,0.12286,0.39412,0.040338,0.12286,690.15,0.52887,3.2079,0.12286,0.03006,16.871,1.1589,0.10981,0.024079,0.38142,0.68318,0.45046,0.27584,2.4366,4.0113,0.003213,0.03006,28.582,12.77,0.35225,0.10981,4.1066,,0.68318,0.026867,0.95945,0.067508,0.026867,44.709,27.838,0.52094,1.9594,17.321,0.067799,0.016588,2.5654,0.31173,0.078308,3.4112,3.4112,5008.6,0.025997,0.14405,0.974,0,21.635,13.112,27.839,13.111,20.407,0
0.23807,0.91537,-0.31899,0.6189,-78.523,-0.19348,0.30934,0.092461,2.7125,0.084636,0.35323,0.36957,0.15306,0.30934,804.75,0.45356,1.0925,0.30934,0.11404,20.473,1.3055,0.35323,0.087765,0.47708,0.044588,0.37569,8.0489,-0.66188,3.0964,0.30831,0.11841,130.06,2.8065,2.5663,0.36343,2.7125,,0.084636,0.13398,0.11614,0.066467,0.13022,56.627,36.154,1.5647,0.43713,23.64,0.2474,0.091206,0.56595,0.83704,0.35632,0.17561,0.17561,-398.26,0.13398,2.8128,0.88644,0,17.828,10.096,112.63,3.2406,5.6282,0
-0.020642,0.97021,0.30287,2.0242,4.7839,-0.055444,-0.023699,0.012002,1.0738,0.011645,-0.023699,-0.08014,0.007554,-0.023699,33352,0.010944,1.0307,-0.023699,-0.01686,69.445,1.1853,0.091061,-0.014685,-0.025366,0.011645,0.014095,0.69562,0.75451,5.1797,0.62976,-0.01686,82.454,4.4267,0.093857,0.091061,1.4186,0.49097,0.68613,0.064784,0.35002,0.25441,0.064784,128.56,59.115,-0.077186,1.1198,74.567,0.056744,0.040369,0.61697,0.29572,0.2259,0.02901,1.7093,45814,0.068692,-1.7726,0.93131,57.922,5.256,6.1745,76.79,4.7532,3.5017,0
0.022239,0.31278,0.40578,2.6548,31.13,0,0.029137,2.1971,2.0182,0.68722,0.035508,0.11882,0.058765,0.029137,962.61,0.37918,3.1971,0.029137,0.014437,42.222,1.0515,0.030448,0.011019,0.21247,0.50825,0.35712,4.7791,1.1627,3.628,0.12227,0.015554,45.216,8.0724,6.3287,0.038684,2.0182,,0.68722,0.019168,0.30544,0.086949,0.015087,104.19,61.969,0.09526,1.7027,43.048,-0.059013,-0.029241,2.0813,0.24521,0.12388,1.9691,1.9691,1723.1,0.019168,0.032361,0.98564,0,8.6447,5.8901,44.349,8.2302,5.7826,0
-0.016555,1.5265,-0.24289,0.80457,-250.22,-0.6915,-0.016555,-0.3449,0.46298,-0.52649,-0.016555,-0.01332,-0.035757,-0.016555,-33656,-0.010845,0.6551,-0.016555,-0.035757,71.282,1.1487,-0.016555,-0.035757,-0.66781,-0.70805,-0.010845,,,2.4399,1.9837,-0.035757,946.02,0.38582,0.31414,-0.016555,0.46298,3.2073,-0.24289,-0.035757,0.48925,-3.0736,-0.035757,308.97,237.69,-0.18309,0.73183,68.822,-0.016555,-0.035757,0.6551,1.2429,2.5918,,,-66.89,-0.035757,0.031444,1.0358,-0.53865,5.1205,1.5356,979.85,0.37251,,0
0.079368,0.62349,-0.056796,0.88806,-48.828,0.23637,0.097441,0.52996,1.0935,0.33043,0.097441,0.19206,0.10942,0.097441,1423.2,0.25646,1.6039,0.097441,0.06668,28.668,1.3173,0.13308,0.054312,0.29404,0.33043,0.22747,0.99588,-0.10337,5.0604,0.4063,0.06668,138.58,2.6339,0.21345,0.13308,1.47,2.8914,0.44656,0.09107,0.061023,0.10483,0.09107,104.81,76.138,0.69151,0.66184,31.349,0.070622,0.048328,0.72265,0.50736,0.37966,0.60139,0.81276,-6527,0.085532,0.2402,0.91447,0.35146,12.732,4.794,126.72,2.8803,2.6597,0
0.43369,0.11294,0.71722,7.3504,137.61,0.904,0.54199,7.2752,1.3504,0.82167,0.54199,4.7989,0.30841,0.54199,73.258,4.9824,8.8542,0.54199,0.29705,19.955,2.9169,0.46957,0.23769,1.126,0.82167,4.0235,3.4753,4.223,4.6085,-0.19711,0.29705,30.509,11.964,4.1577,0.46957,1.9115,,0.82167,0.25736,5.1488,0.007573,0.25736,49.743,29.788,4.3476,6.4672,26.947,0.44884,0.246,7.3504,0.11294,0.083587,4.838,4.838,29118,0.25946,0.52782,0.74054,0,18.291,12.253,22.593,16.155,10.743,0
0.017324,0.45963,0.36961,2.2427,-37.311,-0.026218,0.01516,1.1757,0.94185,0.54037,0.041426,0.050967,0.043992,0.01516,4048.9,0.090147,2.1757,0.01516,0.016095,177.86,1.2172,0.041394,0.018394,0.079933,-0.008894,0.094857,1.5759,1.1101,4.5339,0.48065,0.034451,120.33,3.0334,1.963,0.039615,0.94185,1.2953,0.70103,0.042061,0.028137,0.22641,0.043949,255.26,77.402,0.037747,0.69963,185.67,0.015119,0.016052,1.4513,0.29744,0.32967,1.623,2.1055,12637,0.042061,0.03206,0.98394,0.2973,2.0522,4.7157,115.27,3.1665,2.8289,0
-0.081725,0.31705,-0.11524,0.60628,-30.381,0,-0.081725,2.1565,1.7528,0.68373,-0.063322,-0.27921,-0.046626,-0.081725,-1416,-0.25777,3.1541,-0.081725,-0.046626,9.5057,1.0049,-0.19385,-0.046626,0.048395,0.64081,-0.25777,-7.6865,-0.13998,3.0663,0.17528,-0.041361,66.809,6.6931,6.1792,-0.2065,1.9028,6.2321,0.70488,-0.11781,0.04868,-0.054519,-0.11059,33.987,24.481,-1.7903,0.20463,8.5047,-0.19385,-0.11059,0.55972,0.2927,0.14941,0.83046,0.85614,-134.26,0.087659,-0.11953,0.84042,0.030934,38.398,14.909,60.952,5.9883,2.1289,1
0.082391,0.54653,0.074026,1.2428,-8.9921,0.39348,0.083055,0.8279,1.1246,0.45248,0.083055,0.2724,0.15104,0.083055,1518.6,0.24036,1.8297,0.083055,0.095495,37.666,1.0182,0.097314,0.094731,0.39567,0.45248,0.23914,1.2584,0.11919,5.962,0.61666,0.095495,143.9,2.5364,0.17806,0.097314,0.87588,1.1967,0.69411,0.11189,0.041269,0.12339,0.11189,153.74,116.08,0.91799,0.94842,42.361,0.049007,0.056347,0.69332,0.3049,0.39426,0.72854,1.1176,67824,0.11083,0.18209,0.88917,0.53403,9.6904,3.1445,127.96,2.8525,1.4004,0
0.29175,0,0.90259,,37.089,-0.30642,0.36006,,8.8885,1,0.36008,,0.050097,0.36006,0,,,0.36006,0.040508,0,1.2737,0.042453,0.032824,0.082593,-0.014652,,2092,9.2663,1.6927,-0.055243,0.040508,0,,,0.042453,8.8885,,1,0.004776,,0,0.004776,16.901,16.901,,,0,-0.042778,-0.004813,,0,0,10.266,10.266,44.478,0.004776,0.29175,0.96089,0,,21.597,0,,91.252,0
0.034288,0.36215,0.56779,2.7107,75.547,0,0.043506,1.7613,1.2178,0.63785,0.077645,0.13108,0.045297,0.043506,2396.3,0.15232,2.7613,0.043506,0.035726,97.582,0.83104,0.058279,0.028157,0.41917,0.51382,0.12686,1.7071,5.6615,3.8096,0.23255,0.049539,104.56,3.4907,3.1993,0.059123,1.2178,18.991,0.66808,0.048551,0.2425,0.17262,0.047857,245.55,147.96,0.10532,1.7298,102.56,0.046624,0.038287,2.4844,0.33192,0.28647,6.36,6.6615,3662.3,0.048551,0.053756,0.96534,0.047397,3.7405,2.4668,99.486,3.6689,12.142,0
0.067186,0.59928,0.28009,1.9918,55.28,0,0.078256,0.66866,1.4406,0.40072,0.086025,0.27712,0.078256,0.078256,1940.2,0.18812,1.6687,0.078256,0.054321,17.822,0.93755,0.061076,0.046636,0.2747,0.39002,0.16965,7.8611,0.64019,3.6695,0.30913,0.059714,74.433,4.9037,2.3107,0.055839,1.4406,4.767,0.50396,0.03876,0.55361,0.20904,0.042396,102.9,85.081,0.95513,1.7428,18.541,0.026594,0.01846,0.9386,0.28239,0.20393,0.9159,1.1519,1308.5,0.03876,0.16766,0.94828,0.25764,20.48,4.29,71.548,5.1015,3.2928,0
0.063068,0.37655,0.095478,1.3087,-21.671,0.060042,0.069549,1.6557,1.0764,0.62345,0.069549,0.22484,0.11893,0.069549,1286.3,0.28377,2.6557,0.069549,0.077408,58.287,1.2995,0.05108,0.070195,0.064926,0.62345,0.26656,0.61198,0.16042,4.6132,0.28145,0.077408,135.27,2.6983,0.13565,0.05108,0.94316,3.8877,0.69067,0.056852,0.39982,0.14007,0.056852,114.21,55.922,0.43957,0.84483,62.743,0.013776,0.015333,1.075,0.30933,0.37061,1.0475,1.1604,3918.3,0.071018,0.10116,0.92898,0.10782,6.2621,6.5269,125.66,2.9046,1.5095,0
0.11331,0.60577,0.23022,1.38,-9.5841,0,0.11331,0.65078,2.6825,0.39423,0.12056,0.18704,0.059081,0.11331,1395.1,0.26163,1.6508,0.11331,0.042239,39.462,0.92785,0.11779,0.042239,0.40019,0.27896,0.26163,16.236,1.4037,3.4695,0.22439,0.044368,86.434,4.2229,4.2229,0.12444,2.6825,,0.39423,0.046387,0.018049,0.12391,0.043908,112.26,72.799,0.39068,0.90127,41.382,0.072606,0.027066,1.38,0.60577,0.23681,2.4037,2.4037,678.67,0.046387,0.28742,0.95868,0,9.2493,5.0138,82.425,4.4283,16.356,0
0.080687,0.79697,0.084326,1.1112,-39.747,0,0.10156,0.25476,1.8309,0.20303,0.12131,0.13387,0.075112,0.10156,2115.3,0.17256,1.2548,0.10156,0.055472,53.888,1.6646,0.11694,0.04407,0.13552,0.090949,0.14636,5.9229,0.53707,4.2269,0.41,0.066256,159.93,2.2823,2.1726,0.099387,1.8309,20.447,0.23104,0.054284,0.062656,0.17375,0.06387,158.58,104.69,0.2985,0.75486,56.981,0.080979,0.04423,1.0577,0.75866,0.43816,1.2931,1.4715,1421.9,0.054284,0.39741,0.94523,0.13795,6.7733,3.4864,151.25,2.4133,11.661,0
0.007566,0.37977,-0.12799,0.66297,-109.2,-0.038086,0.008156,1.6332,1.0219,0.62023,0.008156,0.021477,0.046962,0.008156,2225.8,0.16398,2.6332,0.008156,0.006151,66.004,0.94781,0.023627,0.005705,-0.03716,0.62023,0.16243,0.18209,-0.17106,4.1399,0.28636,0.006151,106.82,3.4168,0.062215,0.023627,1.34,,0.62023,0.017818,0.024889,0.16059,0.017818,66.699,0.69574,0.031551,0.031545,67.452,-0.030492,-0.022994,0.66297,0.37977,0.29267,0.82894,0.82894,-1766.2,0.021467,0.012198,0.97853,0,5.53,524.62,104.53,3.4918,1.7723,0
0.031896,0.73265,-0.025372,0.96527,-18.733,0.13638,0.019965,0.35646,1.0155,0.26116,0.019965,0.027326,0.024665,0.019965,3751.8,0.097286,1.3649,0.019965,0.006909,15.102,0.77667,0.044783,0.011038,0.1168,0.26116,0.11357,0.15737,-0.086084,6.1693,0.25295,0.006909,93.713,3.8949,0.061125,0.044783,2.8912,290.06,0.26318,0.015497,0.002957,0.25066,0.015497,88.808,73.705,0.26676,0.80162,15.336,-0.006528,-0.002259,0.96261,0.73063,0.25675,0.88607,0.89292,-37470,0.015238,0.12213,0.98476,0.007732,24.168,4.9522,92.285,3.9551,9.8043,0
0.02422,0.62662,0.16088,1.2629,-62.642,0.038821,0.031623,0.59206,0.97612,0.37099,0.031623,0.051687,0.059192,0.031623,2350.3,0.1553,1.5959,0.031623,0.019235,95.704,1.1418,0.055018,0.014732,0.051466,0.37099,0.14348,0.32666,0.70781,4.5515,0.36262,0.019235,132.59,2.7528,0.087802,0.055018,1.7502,23.103,0.38578,0.033465,0.06848,0.17067,0.033465,162.25,66.547,0.056186,0.55839,93.419,-0.010671,-0.006491,1.2331,0.61183,0.36327,1.6322,1.6973,5727.9,-0.024464,0.065284,1.0245,0.039859,3.8138,5.4848,135.84,2.6871,7.2331,0
-0.086629,0.69076,0.31005,2.8616,35.978,-0.58772,-0.073612,0.44767,0.67268,0.30924,-0.009662,-0.44198,-0.035114,-0.073612,-10674,-0.034194,1.4477,-0.073612,-0.10943,132.52,1.2202,-0.012295,-0.12878,-0.10518,-0.58965,-0.053039,-0.19226,0.59237,4.9803,0.98412,-0.099697,86.178,4.2354,1.0212,-0.032738,0.67268,0.44936,0.82637,-0.048668,0.17469,0.61081,-0.018278,242.82,110.3,-0.35472,1.3952,126.37,-0.062287,-0.092595,0.68996,0.16655,0.2361,0.59082,1.5788,29631,-0.048668,-0.28014,1.104,1.6723,2.7544,3.309,90.372,4.0388,1.2852,0
0.11783,0.56339,0.58096,2.9395,50.658,0,0.11783,0.77496,2.4995,0.43661,0.11874,0.39339,0.048357,0.11783,1701.4,0.21453,1.775,0.11783,0.047143,41.271,1.303,0,0.047143,0.44673,0.41063,0.21453,0,4.861,4.2791,0.12515,0.10576,53.35,6.8417,3.6374,0.0203,2.4995,,0.43661,0.008122,0.87131,6.1886,0,90.467,49.196,0.41694,1.996,50.337,-0.003035,-0.001214,1.5628,0.29953,0.14616,3.6532,3.6532,11046,0.18011,0.26988,0.82488,0,8.844,7.4193,43.741,8.3446,20.914,0
-0.008621,0.86322,-0.3458,0.528,-109.54,0.014651,-0.020836,0.12914,1.0342,0.11148,-0.020836,-0.02844,0.028777,-0.020836,7595.4,0.048055,1.1585,-0.020836,-0.014454,14.431,1.4514,0.049849,-0.00598,0.001588,0.11148,0.062206,0.35763,-0.56394,5.185,0.59122,-0.014454,191.84,1.9026,0.057748,0.049849,1.4624,2.5255,0.24208,0.034581,0.018232,0.25301,0.034581,94.563,80.133,-0.15126,0.45021,14.924,-0.012469,-0.00865,0.44811,0.73262,0.52559,0.18181,0.39479,-52941,0.033028,-0.07733,0.96697,1.1715,25.293,4.5549,185.5,1.9676,2.3509,0
0.19169,0.18867,0.61359,4.2521,85.862,0,0.19169,4.3001,1.8089,0.81133,0.19599,1.016,0.11873,0.19169,320.64,1.1383,5.3001,0.19169,0.10597,39.92,0.98158,0.1863,0.10597,0.49151,0.19169,1.1383,43.268,3.1031,3.6859,0.005404,0.10835,42.236,8.642,8.642,0.17842,1.8089,,0.81133,0.098633,1.1197,0.030036,0.10299,119.25,79.329,0.96888,3.2035,44.288,0.16321,0.090222,4.2521,0.18867,0.11571,4.1031,4.1031,2976.8,0.098633,0.23626,0.89513,0,9.1433,4.6011,38.07,9.5876,9.1482,0
0.25192,0.045525,0.71232,16.647,64.984,0,0.31241,20.966,3.8173,0.95447,0.3331,6.8624,0.089792,0.31241,48.479,7.529,21.966,0.31241,0.081841,8.3001,1.3798,0.32832,0.065996,0.99676,0.25192,6.2004,15.869,2.9416,3.6103,-0.054662,0.086722,4.7537,76.783,76.783,0.32171,3.8173,,0.95447,0.084277,5.5833,0.004231,0.086008,48.159,39.859,2.9022,14.74,9.064,0.29797,0.078057,16.647,0.045525,0.013024,3.9416,3.9416,2904,0.084277,0.26394,0.91883,0,43.975,9.1573,4.353,83.849,15.764,0
0.1205,0.25012,0.79162,5.8368,33.449,0,0.14748,2.998,2.9384,0.74988,0.15949,0.9011,0.05554,0.14748,559.41,0.65247,3.998,0.14748,0.05019,62.772,1.0248,0.15186,0.04101,0.16495,0.61464,0.54463,12.647,17.704,3.46,0.036081,0.052574,21.291,17.143,11.217,0.13268,2.9384,,0.74988,0.045154,1.0457,0.049752,0.05168,97.403,34.631,0.23846,2.7492,65.74,0.13614,0.04633,3.8192,0.16367,0.058332,16.77,16.77,2283,0.045155,0.1607,0.95057,0,5.8147,10.54,20.33,17.954,65.716,0
0.068743,0.29897,0.15823,1.6431,21.741,0.15867,0.09242,2.0337,1.1017,0.60801,0.09242,0.37566,0.15574,0.09242,689.23,0.52958,3.3448,0.09242,0.090911,37.791,1.0953,0.092158,0.06762,0.21992,0.60801,0.45038,0.99873,0.26559,5.0031,0.24563,0.090911,97.315,3.7507,0.30825,0.092158,1.0268,5.6469,0.66096,0.090653,0.20522,0.062184,0.090653,127.01,89.223,0.65309,1.2153,41.635,0.02625,0.025822,1.3521,0.24602,0.26662,1.0206,1.1095,15938,0.092316,0.11306,0.90768,0.087083,9.6583,4.0909,88.332,4.1322,1.7064,0
0.021005,0.59405,0.000555,1.0025,-28.679,0.11452,0.028988,0.59571,1.0752,0.35388,0.028988,0.1298,0.1175,0.028988,2195.3,0.16626,1.6834,0.028988,0.034486,24.528,1.1736,0.057944,0.02499,0.14658,0.35388,0.15282,0.74118,0.000715,4.7659,0.6991,0.034486,104.27,3.5006,0.097541,0.057944,0.84579,0.45153,0.7246,0.068934,0.032218,0.15291,0.068934,94.09,69.562,0.37187,0.74955,26.373,-0.011835,-0.01408,0.37687,0.22332,0.28566,0.45596,0.93362,32.38,0.069948,0.059358,0.93005,1.0476,14.881,5.2471,96.974,3.7639,1.083,0
0.22259,0.53012,0.68346,4.1156,95.803,0,0.28955,0.88636,2.846,0.46988,0.28964,1.32,0.10759,0.28955,631.9,0.57763,1.8864,0.28955,0.10174,0,0.90464,0.26158,0.078211,0.59661,0.45506,0.45131,3197.4,7.0328,3.5281,0.13213,0.10177,30.975,11.784,4.876,0.26114,2.846,,0.46988,0.091757,0.70235,0.063509,0.09191,96.026,96.026,,4.1156,0,0.24492,0.086057,1.703,0.21936,0.084864,4.8351,4.8351,2305.7,0.091757,0.47372,0.89927,0,,3.8011,28.133,12.974,29.286,0
0.079071,0.27394,0.47991,2.7519,59.64,-0.06475,0.079113,2.297,1.0623,0.62924,0.079113,0.2888,0.078613,0.079113,827.7,0.44098,3.6504,0.079113,0.051483,58.118,1.2096,0.081573,0.051456,-0.051623,0.62924,0.44083,0.56389,1.9497,3.9823,0.1181,0.051483,69.119,5.2808,0.29778,0.081573,1.5631,,0.62924,0.053084,0.34658,0.073065,0.053084,156.51,98.39,0.32316,1.8587,61.737,0.039884,0.025954,2.7519,0.27394,0.18937,2.5563,2.5563,4607.6,0.058611,0.12566,0.94139,0,6.2803,3.7097,65.068,5.6095,6.2428,0
0.079509,0.45479,0.24867,1.614,-5.4722,0.21171,0.10315,1.1195,1.0488,0.50912,0.10315,0.25471,0.058313,0.10315,1432.4,0.25481,2.1988,0.10315,0.051906,50.692,1.9771,0.095917,0.040009,0.26203,0.50912,0.20282,0.50618,0.71799,4.6656,0.22475,0.051906,78.008,4.679,0.2109,0.095917,2.0227,7.5823,0.55892,0.048265,0.023285,0.13762,0.048265,118.32,67.63,0.28808,0.93252,53.163,0.083184,0.041858,1.4373,0.40498,0.21372,1.47,1.6138,11515,0.046486,0.15617,0.95351,0.097831,7.2003,5.397,74.381,4.9071,5.7379,0
-0.68257,0.35363,0.87718,8.1422,115.54,0,-0.68257,1.8278,2.1757,0.64637,-0.68091,-5.5576,-0.31181,-0.68257,-190.26,-1.9184,2.8278,-0.68257,-0.31373,0,0.21371,-0.68111,-0.31373,-2.5687,0.36307,-1.9184,-408.87,,2.2467,0.14237,-0.31373,16.376,22.288,7.7408,-0.56167,2.1757,,0.64637,-0.25816,0.35722,-0.017413,-0.31305,160.4,160.4,,8.1422,0,-0.68527,-0.31496,2.8278,0.12282,0.044867,,,154.81,-0.25816,-1.056,1.294,0,,2.2755,20.604,17.715,,0
0.062772,0.32034,0.16811,1.5248,27.554,0.18027,0.082093,2.0814,1.0494,0.66674,0.082093,0.25627,0.059825,0.082093,1249.6,0.2921,3.1217,0.082093,0.052486,12.437,1.1569,0.074948,0.040133,0.23335,0.66674,0.23179,0.50283,0.32864,4.3599,0.05312,0.052486,78.445,4.6529,0.23396,0.074948,1.5788,,0.66674,0.047917,0.74568,0.12186,0.047917,58.243,45.806,1.1778,1.3584,13.051,0.063469,0.040578,1.5248,0.32034,0.21492,1.3034,1.3034,3850.5,0.04705,0.094147,0.95295,0,29.348,7.9684,74.755,4.8826,3.0576,0
0.034918,0.38738,0.13543,1.3496,-2.1118,0.10894,0.044099,1.4779,1.0107,0.57252,0.044099,0.11384,0.028857,0.044099,1529.9,0.23857,2.5814,0.044099,0.01377,17.196,1.0708,0.043196,0.010903,0.12532,0.57252,0.21487,0.13632,0.28381,4.4712,0.095407,0.01377,44.623,8.1797,0.11151,0.043196,3.245,,0.57252,0.013488,0.21861,0.13917,0.013488,49.934,32.738,0.23142,0.96011,17.381,-0.005122,-0.001599,1.3496,0.38738,0.12225,1.1998,1.1998,4008,0.010591,0.060989,0.98941,0,21.225,11.149,44.15,8.2672,6.7113,0
0.26282,0.074409,0.80111,11.787,227.58,0,0.26282,12.439,1.3743,0.92559,0.27816,3.539,0.19887,0.26282,99.376,3.6729,13.439,0.26282,0.19124,25.941,0.89342,0.27369,0.19124,1.1106,0.92284,3.6729,17.84,6.4282,3.7062,-0.030115,0.2012,24.268,15.041,15.011,0.2573,1.3743,,0.92559,0.18723,1.6126,0.008728,0.19916,200.69,174.75,2.6909,10.472,31.916,0.26321,0.19153,11.764,0.074263,0.066487,7.4271,7.4271,4072.4,0.18723,0.28394,0.81202,0,14.071,2.0887,19.724,18.505,11.027,0
-0.059354,0.53324,-0.086572,0.8361,-106.67,0,-0.059354,0.87532,1.7539,0.46676,-0.059354,-0.11237,0.075188,-0.059354,1475.9,0.24731,1.8753,-0.059354,-0.03384,57.974,0.93984,0,-0.03384,-0.083805,0.18182,0.24731,,-0.15504,3.9163,0.30206,-0.066886,134.99,2.704,2.6784,0.001627,1.7539,33.867,0.47157,0.000927,0.00914,0.09295,0,90.899,32.925,-0.21306,0.30868,71.195,-0.19123,-0.10903,0.82819,0.5282,0.36983,0.83592,0.84454,-714.01,0.18571,-0.12716,0.81429,0.010314,6.296,11.086,109.92,3.3206,3.1412,0
0.054424,0.00172,0.99828,581.55,697.65,-2.1864,0.054424,580.55,1.0833,0.99828,0.054424,31.65,0.10249,0.054424,11.532,31.65,581.55,0.054424,0.10249,0,,0.040925,0.10249,-2.1864,0.99828,31.65,0.83494,,2.0656,-0.63439,0.10249,1.2805,285.05,23.8,0.040925,0.54467,,0.99828,0.077073,225.05,0.001381,0.077073,421.38,421.38,,581.55,0,0.040925,0.077073,581.55,0.00172,0.003508,,,116.11,0.076911,0.054517,0.92309,0,,0.8662,1.182,308.8,,0
-0.058198,0.77769,-0.19846,0.40082,-160.65,-0.1028,-0.082709,0.19061,0.86724,0.14824,-0.082709,-0.24972,-0.091151,-0.082709,-5271.5,-0.069241,1.2859,-0.082709,-0.14001,57.255,1.1962,-0.044556,-0.098514,-0.12731,0.14824,-0.037723,-0.65409,-0.22884,4.6112,1.3157,-0.14001,177.47,2.0566,-0.057293,-0.044556,0.66727,0.089792,0.59472,-0.075422,0.001199,-1.6291,-0.075422,81.779,24.524,-0.62803,0.12104,49.654,-0.073417,-0.12428,0.17071,0.33121,0.48623,0.17093,0.68576,-8107.7,-0.15308,-0.3926,1.1531,3.0119,6.375,14.883,204.64,1.7836,0.68119,0
0.012171,0.775,0.191,1.2493,-9.5496,0,0.01688,0.29033,2.0093,0.225,0.029145,0.022037,0.013603,0.01688,10350,0.035267,1.2903,0.01688,0.008401,42.336,1.1792,0.015775,0.006057,0.044596,0.19811,0.029191,1.2862,4.4389,3.2693,0.32369,0.010952,137,2.6643,2.6333,-0.031479,2.0093,,0.225,-0.015666,0.17806,0.98498,0.007851,149.06,106.73,0.052223,0.94509,41.682,0.005323,0.002649,1.2348,0.76598,0.37533,5.2293,5.2293,355.07,-0.015666,0.054092,0.99198,0,8.6216,3.42,139.14,2.6232,46.698,0
0.7773,0.14925,0.73689,5.9776,113.42,-0.000061,0.96071,5.7002,3.2689,0.85075,0.9631,6.4894,0.30181,0.96071,55.217,6.6103,6.7002,0.96071,0.29389,0,1.3547,0.92496,0.23779,1.7801,0.78766,5.3815,385.61,6.4041,3.3462,-0.035126,0.2939,22.849,15.975,15.845,0.90397,3.2689,,0.85075,0.27654,1.7838,0.005232,0.28296,69.325,69.325,,5.9776,0,0.89907,0.27504,5.9292,0.14804,0.0626,7.3936,7.3936,1635.2,0.27654,0.91367,0.71133,0,,5.2651,16.53,22.081,28.409,0
0.23537,0.25218,0.071606,1.5962,21.546,0,0.23537,2.9654,1.1403,0.74782,0.9334,1.9597,0.26555,0.23537,303.97,1.2008,3.9654,0.23537,0.20641,1.3954,0.73754,0.20684,0.20641,0.77507,-0.095635,1.2008,0.29633,0.088589,3.7937,0.14727,0.20641,43.738,8.3451,3.9745,0.13799,1.1403,2.3301,0.82823,0.12102,0.79554,0.030648,0.1814,30.781,29.386,53.995,1.5599,1.5875,0.13941,0.12226,0.76022,0.12011,0.11983,0.92519,1.0247,445.29,0.12102,0.31474,0.88563,0.10752,261.58,12.421,38.445,9.494,1.4107,0
0.31326,0.25109,0.38895,2.7576,83.07,0,0.31326,2.9826,1.6409,0.74891,0.31326,1.4155,0.19105,0.31326,292.34,1.2486,3.9826,0.31326,0.1909,29.498,1.4053,0,0.1909,0.55888,0.74573,1.2486,,0.99796,4.7978,0.093727,0.42744,73.187,4.9872,4.3956,0.003889,1.6409,119.27,0.75292,0.00237,0.44742,34.067,0,113.72,84.221,2.3622,2.1583,43.856,-0.000246,-0.00015,2.4304,0.2213,0.20051,1.9215,1.9318,24419,0.3274,0.41828,0.69331,0.005348,12.374,4.3339,49.225,7.4149,4.2102,0
0.15253,0.65519,0.004044,1.027,-25.846,0.039142,0.18497,0.32346,0.93894,0.21193,0.18497,1.2357,0.35886,0.18497,1175.9,0.31041,1.5263,0.18497,0.32639,15.341,1.7305,0.22627,0.26915,0.052686,0.21193,0.2609,3.7488,0.004778,5.461,1.0385,0.32639,90.518,4.0323,0.34535,0.22627,0.83857,0.25699,0.71743,0.39926,0.59395,0.088038,0.39926,41.749,26.408,6.4038,0.86788,14.404,0.20787,0.36679,0.23463,0.14969,0.248,0.25043,0.84776,1168.8,-0.065036,0.71973,1.065,2.3853,23.793,13.821,96.405,3.7861,0.66967,0
0.15177,0.58378,0.028832,1.0554,-32.359,0,0.18908,0.71298,2.6105,0.41622,0.21852,0.36313,0.089429,0.18908,912.73,0.3999,1.713,0.18908,0.072432,32.116,1.215,0.14643,0.058139,0.3116,0.31846,0.33598,4.9744,0.064005,4.3108,0.2134,0.080959,76.665,4.7823,4.2656,0.13143,2.7087,5.174,0.47804,0.050346,0.087728,0.10199,0.056095,70.45,38.334,0.66075,0.61425,33.668,0.10206,0.039098,0.94134,0.5207,0.2091,0.92399,1.0612,589.81,0.050345,0.36463,0.93019,0.14852,11.365,9.5216,72.805,5.0134,5.7951,1
-0.1073,0.34288,0.31329,1.9137,-12.149,0.38568,-0.10021,1.9164,1.8731,0.65708,-0.093151,-0.29225,-0.019649,-0.10021,-3400.5,-0.10734,2.9165,-0.10021,-0.053498,66.664,1.033,-0.10032,-0.057287,-0.21996,0.5016,-0.12803,-14.221,0.91199,3.3404,0.18011,-0.048996,69.493,5.8304,5.8304,0.072119,1.906,,0.65708,0.038503,0.12261,-0.30955,-0.053562,119.67,53.01,-0.31366,1.1203,69.334,-0.16373,-0.087411,1.9137,0.34288,0.19039,1.9128,1.9128,686.1,0.038518,-0.1633,1.0489,0,5.4752,6.8856,66.816,5.4628,5.4525,1
0.1221,0.11802,0.63074,6.3445,144.28,0.40978,0.15192,7.0034,1.1268,0.82651,0.15192,1.2873,0.15705,0.15192,235.65,1.5489,8.4735,0.15192,0.13053,68.443,1.0147,0.13013,0.10491,0.50782,0.82651,1.2962,1.2599,2.5105,5.1957,-0.096579,0.13053,41.704,8.7522,1.1027,0.13013,1.1938,,0.82651,0.11181,2.0448,0.024098,0.11181,159.14,90.694,0.55946,4.4953,77.122,0.099261,0.085285,6.3445,0.11802,0.11426,3.2897,3.2897,98987,0.11254,0.14773,0.88746,0,5.3329,4.0245,37.011,9.8621,4.6324,0
0.060673,0.25232,0.5067,4.1562,80.166,0,0.060673,2.9632,1.0163,0.74768,0.063381,0.37793,0.076637,0.060673,1182.4,0.30869,3.9632,0.060673,0.059698,133.37,1.2691,0,0.059698,-0.1201,0.49668,0.30869,0,1.5227,3.9014,0.20202,0.12041,102.81,3.5501,2.2588,0.006704,1.0163,,0.74768,0.006596,0.36902,0.48854,0,218.35,84.98,0.16337,1.8429,237.83,-0.017216,-0.016939,2.6444,0.16054,0.28168,2.2469,2.2469,4037.4,0.43922,0.081149,0.56972,0,2.7367,4.2951,57.656,6.3306,3.0543,0
0.14825,0.3708,0.59047,2.6147,19.524,0,0.18446,1.6969,1.8705,0.6292,0.19078,0.50441,0.10875,0.18446,665.35,0.54858,2.6969,0.18446,0.098615,96.715,1.3891,0.19042,0.079257,0.41849,0.59677,0.45093,30.115,13.471,3.1879,0.18808,0.098615,79.448,4.5942,4.531,0.19042,1.8705,,0.6292,0.1018,0.06494,0.059034,0.1018,181.95,85.233,0.29911,1.2594,107.68,0.17146,0.091667,2.5787,0.36569,0.21767,14.355,14.355,910.14,0.1018,0.23561,0.9014,0,3.774,4.2824,71.36,5.1149,42.675,0
0.031869,0.24013,0.17881,2.85,-50.673,0.053756,0.036252,2.8551,1.0443,0.6856,0.036252,0.37507,0.18292,0.036252,754.91,0.4835,4.1644,0.036252,0.057114,103.03,1.1279,0.049338,0.050209,0.065278,0.6856,0.46525,0.81176,0.24679,5.9188,0.36739,0.057114,58.044,6.2884,0.20547,0.049338,0.66808,0.67123,0.82907,0.077732,0.83703,0.061109,0.077732,111.88,8.8572,0.17788,0.99638,107.59,-0.030512,-0.048072,1.1472,0.096654,0.15902,0.94626,1.1443,148310,0.042418,0.046483,0.95758,0.20927,3.5428,41.209,55.582,6.5669,0.87603,0
0.17601,0.32942,0.38872,2.9708,-12.45,0,0.22338,2.0357,2.8861,0.67058,0.24663,1.1326,0.099218,0.22338,419.89,0.86929,3.0357,0.22338,0.077398,35.746,1.8229,0.24749,0.060986,0.37164,0.54884,0.7255,10.644,0.93882,3.6381,0.09602,0.085453,27.251,13.394,8.0194,0.24441,2.8861,2.2945,0.80277,0.084683,1.255,0.035368,0.08575,42.798,7.052,0.62272,1.5378,39.054,0.18451,0.063929,1.7788,0.19723,0.074661,1.6196,1.9388,1689.3,0.084683,0.26248,0.92254,0.19712,10.211,51.759,24.944,14.633,6.9705,0
0.3406,0.010605,0.29606,28.917,2427.1,0,0.3406,93.296,0.43563,0.9894,0.34071,32.118,0.91602,0.3406,9.7002,37.628,94.296,0.3406,0.78187,8.3623,1.0703,0.34071,0.78187,0.95337,0.96497,37.628,3359.3,0.427,4.0745,0.024142,0.78187,38.445,9.494,9.494,0.33494,0.43563,,0.9894,0.76888,0.12687,0.000886,0.7821,255.82,247.45,34.128,27.976,36.181,0.28227,0.64796,28.917,0.010605,0.10533,1.427,1.427,3514.6,0.76888,0.34425,0.22833,0,43.648,1.475,8.8855,41.078,0.6283,0
0.071864,0.69551,0.11309,1.1626,-6.829,0.008384,0.092372,0.41695,1.057,0.28999,0.092372,0.13281,0.047284,0.092372,2237.4,0.16314,1.4378,0.092372,0.038495,23.301,1.2088,0.12055,0.029948,0.015191,0.28999,0.13365,0.53102,0.59083,5.5987,0.28939,0.038495,111.82,3.2641,0.17333,0.12055,2.4135,,0.28999,0.050239,0.005252,0.16143,0.050239,122.44,99.137,0.46913,0.94235,24.629,0.099464,0.04145,1.1626,0.69551,0.30636,1.5151,1.5151,44891,0.053925,0.24781,0.94608,0,15.665,3.6818,105.79,3.4502,12.537,0
0.016793,0.50668,0.076451,1.2566,-57.782,0.015278,0.017288,0.97364,1.0278,0.49332,0.017288,0.058017,0.040273,0.017288,3362.4,0.10855,1.9736,0.017288,0.012659,74.924,1.1887,0.03874,0.012296,0.031697,0.49332,0.10758,0.29154,0.12221,5.4449,0.37095,0.012659,81.85,4.4594,0.07646,0.03874,1.3769,0.45087,0.70202,0.028366,0.011444,0.21788,0.028366,99.16,24.236,0.059901,0.31577,77.003,0.001027,0.000752,0.739,0.29798,0.22425,0.7886,1.1222,21297,0.027007,0.03404,0.97299,0.42303,4.8716,15.06,79.639,4.5832,2.1832,0
0.14713,0.7634,0.063372,1.083,-42.21,0.47092,0.14459,0.16885,1.0501,0.1289,0.14459,0.18941,0.065771,0.14459,1767,0.20656,1.3099,0.14459,0.06031,9.754,1.1386,0.14797,0.061366,0.47269,0.1289,0.20988,0.64807,0.36584,5.492,0.28633,0.06031,122.04,2.9908,0.19382,0.14797,2.4592,,0.1289,0.061716,0.44852,0.15583,0.061716,73.742,63.987,2.2963,0.99909,10.243,0.13487,0.056254,1.083,0.7634,0.33436,0.74411,0.74411,19676,0.047695,1.1414,0.95231,0,37.42,5.7042,116.22,3.1406,13.841,0
-0.37496,0.69898,0.077325,1.1154,-8.7685,-0.85624,-0.37496,0.20282,0.89327,0.14177,-0.37496,-0.55958,-0.091971,-0.37496,-873.8,-0.41772,1.4307,-0.37496,-0.11811,17.549,0.65152,-0.37129,-0.11811,-0.8919,0.14177,-0.41772,-1.0447,0.30612,3.2726,0.20331,-0.11811,68.818,5.3038,-0.53119,-0.37129,3.1926,20.58,0.17066,-0.11696,0.093666,-0.079708,-0.11696,78.715,61.166,-2.4565,0.88761,15.676,-0.45428,-0.1431,1.0693,0.67008,0.18854,0.56123,0.67564,144.86,-0.11949,-2.645,1.1195,0.20386,20.798,5.9674,77.041,4.7377,12.568,0
0.032074,0.6843,0.18271,1.267,-15.784,0.032074,0.043594,0.36152,1.0066,0.24739,0.043594,0.063705,0.022154,0.043594,3405.1,0.10719,1.4613,0.043594,0.013166,35.896,1.2572,0.041894,0.009687,0.043594,0.24739,0.090359,,1.3739,3.7386,0.20539,0.013166,75.931,4.807,0.061221,0.041894,3.3517,,0.24739,0.012653,0.006192,0.31398,0.012653,95.108,59.212,0.098498,0.79114,36.132,0.012135,0.003665,1.267,0.6843,0.20803,1.8603,1.8603,1000.8,0.006538,0.12965,0.99346,0,10.168,6.1643,75.434,4.8387,24.898,1
0.024181,0.48595,0.33323,1.7277,-62.085,0.11227,0.035167,0.68349,1.0318,0.33214,0.035167,0.076801,0.08963,0.035167,1976.2,0.1847,2.0578,0.035167,0.035118,98.786,0.69923,0.04319,0.024147,0.1544,0.33214,0.16209,0.44502,1.5954,4.6683,0.36362,0.035118,172.21,2.1195,0.088878,0.04319,1.0295,18.545,0.36019,0.04313,0.74684,0.1634,0.04313,163.71,64.925,0.089219,1.1358,101.93,-0.011398,-0.011382,1.628,0.4579,0.47181,1.5902,1.7245,15526,0.030833,0.072802,0.96917,0.084438,3.6948,5.6219,166.9,2.1869,4.7944,0
-0.088693,0.72182,-0.14186,0.78909,-145.25,-0.21661,-0.10006,0.38538,0.94029,0.27818,-0.10006,-0.14877,-0.1154,-0.10006,-3672.8,-0.099378,1.3854,-0.10006,-0.16097,63.848,0.97935,-0.066467,-0.14268,-0.2336,0.27818,-0.083631,-1.0054,-0.3023,5.1475,1.1548,-0.16097,371.35,0.98289,-0.092082,-0.066467,0.65308,8.5728,0.3274,-0.10693,0.01295,-0.62221,-0.10693,306.52,242.68,-0.81567,0.62742,60.036,-0.094793,-0.15249,0.73528,0.6726,1.0174,0.5928,0.6977,-19921,-0.063501,-0.31884,1.0635,0.17696,5.7167,1.5041,394.93,0.9242,1.3247,0
-0.1915,0.23582,0.19083,1.9361,90.299,0,-0.1915,3.2406,0.53718,0.76418,-0.1915,-0.93942,-0.26528,-0.1915,-604,-0.6043,4.2406,-0.1915,-0.35649,0.99776,0.20078,-0.19657,-0.35649,-0.55653,0.6674,-0.6043,,0.31525,2.1756,0.083623,-0.35649,102.85,3.688,3.1879,-0.18616,0.56021,,0.76418,-0.34655,1.0007,-0.053264,-0.36593,129.57,128.58,-130.41,1.0079,0.71295,-0.24556,-0.45713,1.6736,0.20384,0.27115,1.2624,1.2624,28.59,-0.34667,-0.25059,1.342,0,365.82,2.8388,138.51,2.6352,0.88742,1
-0.056652,0.94966,-0.082071,0.85089,-268.7,-0.053811,-0.04877,0.053006,0.97126,0.050338,-0.04877,-0.088609,0.000977,-0.04877,636660,0.000573,1.053,-0.04877,-0.087539,143.41,0.81486,-0.012575,-0.10169,-0.034539,0.050338,-0.007726,-0.21923,-0.15436,5.1199,1.7031,-0.087539,350.23,1.0422,-0.013242,-0.012575,0.5938,0.62471,0.44961,-0.022572,0.16567,0.84982,-0.022572,247.09,103.68,-0.25881,0.45318,139.29,-0.06189,-0.11109,0.49315,0.55039,0.95953,0.094678,0.84564,-10817,-0.029588,-1.1254,1.0296,7.9317,2.5452,3.5206,360.59,1.0122,1.0479,0
0.021124,0.1613,-0.042763,0.73489,-103.99,0.034659,0.009956,5.1407,1.0064,0.8292,0.009956,0.061723,0.18769,0.009956,1307.3,0.2792,6.1995,0.009956,0.041492,0,0.75426,0.007326,0.088037,0.027101,0.8292,0.34843,0.30726,-0.048514,5.1512,0.31463,0.041492,246.95,1.478,0.045414,0.007326,0.25737,,0.8292,0.030529,0.63098,0.12506,0.030529,25.495,25.495,,0.73489,0,-0.027754,-0.11567,0.73489,0.1613,0.67657,0.94072,0.94072,-6057.1,0.0064,0.025475,0.9936,0,,14.316,245.37,1.4876,0.27222,0
-0.31683,1.4961,-1.201,0.15874,-97.163,-0.67442,-0.31683,-0.33161,4.3782,-0.49612,-0.26633,-0.22193,-0.05584,-0.31683,-2233.7,-0.16341,0.66839,-0.31683,-0.072365,7.5827,,-0.29318,-0.072365,-0.27875,-0.55488,-0.16341,-5.8054,-1.5533,3.3893,0.34115,-0.06083,107.67,3.405,3.249,-0.46104,4.5941,,-0.49612,-0.1053,0.002086,-0.22583,-0.066964,18.644,11.061,-3.4834,0.065799,6.8298,-0.36553,-0.083489,0.15146,1.4276,0.29369,-0.64169,-0.64169,-2943.6,-0.1054,0.63861,1.0581,0,48.136,32.999,119.01,3.0669,5.6628,1
0.007538,0.37534,0.15089,1.402,3.579,0.47365,0.008802,1.6642,2.2315,0.62466,0.023674,0.023451,0.027956,0.008802,2196.1,0.1662,2.6642,0.008802,0.003945,21.174,2.0284,0.021885,0.003378,0.052093,0.58883,0.16284,1.4716,0.31848,3.1448,0.14797,0.003945,62.002,5.8869,5.8869,0.021886,2.2315,,0.62466,0.009808,0.1203,0.16579,0.009807,78.688,57.514,0.058233,1.0571,21.384,-0.031696,-0.014204,1.402,0.37534,0.16987,1.3185,1.3185,210.59,0.009808,0.012068,0.99606,0,17.238,6.3463,61.394,5.9452,4.7101,0
0.002776,0.56883,0.19495,1.4549,-171.65,0,0.002776,0.75798,0.78283,0.43117,0.003494,0.006477,0.078983,0.002776,3358,0.1087,1.758,0.002776,0.003546,196.74,1.0023,0,0.003546,0.014004,0.33495,0.1087,0,0.51778,4.7688,0.6828,0.013683,259.78,1.4051,1.0585,0.039629,0.78283,1.4813,0.56722,0.050622,0.15457,0.32108,0,259.82,63.081,0.006578,0.47027,255.79,-0.059055,-0.075437,1.0961,0.42854,0.71171,1.1452,1.5065,11448,0.23084,0.006437,0.84468,0.31554,1.8552,5.7862,199.81,1.8267,2.0792,0
0.078504,0.65644,-0.10721,0.69782,-47.188,0.015531,0.078504,0.52337,1.4779,0.34356,0.11419,0.22127,0.096633,0.078504,1677.7,0.21756,1.5234,0.078504,0.053118,6.663,1.1281,0.11347,0.053118,0.23888,0.091867,0.21756,3.1796,-0.14248,4.0517,0.43,0.060911,93.195,3.9165,2.1167,0.08841,1.4779,0.73127,0.64522,0.059821,0.17041,0.12308,0.07678,46.212,39.549,2.9098,0.62177,7.087,0.049162,0.033265,0.37715,0.35478,0.25533,0.4566,0.85752,-1207.5,0.059821,0.2285,0.94807,0.87804,54.78,9.2292,87.62,4.1657,1.9642,0
0.073697,0.39032,0.022566,1.0578,-60.816,0.096053,0.073697,1.5159,1.0909,0.59167,0.073697,0.18881,0.11802,0.073697,1207.2,0.30236,2.562,0.073697,0.0737,47.661,1.2028,0.082368,0.0737,0.10046,0.59167,0.30236,0.8986,0.038435,5.4635,0.31291,0.0737,155.43,2.3484,0.21103,0.082368,1.0104,,0.59167,0.082372,0.29919,0.10129,0.082372,108.08,60.422,0.56441,0.72328,51.994,0.038049,0.038051,1.0578,0.39032,0.42582,1.0078,1.0078,6560.4,0.08333,0.12456,0.91667,0,7.6582,6.0409,142.47,2.5619,1.7032,0
0.004513,0.49457,0.10171,1.2057,6.2322,-0.14622,0.006674,0.85769,0.79988,0.42418,0.006674,0.013495,0.098711,0.006674,5466.3,0.066773,2.022,0.006674,0.01995,95.734,0.86761,-0.086068,0.01349,-0.14733,0.42418,0.062403,-2.0579,0.25192,5.4589,0.82784,0.01995,431.61,0.84568,-0.17403,-0.086068,0.50362,,0.42418,-0.25727,0.45452,-0.27227,-0.25727,405.3,309.56,0.051434,1.0282,76.576,-0.11242,-0.33603,1.2057,0.49457,1.1825,1.0507,1.0507,29262,-0.25018,0.01064,1.2502,0,3.8127,1.1791,539.59,0.67644,0.82865,0
0.049532,0.50197,0.32457,1.7201,5.2484,0,0.062442,0.99213,3.333,0.49803,0.069509,0.13853,0.031973,0.062442,1719.3,0.21229,1.9921,0.062442,0.018734,30.24,1.141,0.069509,0.014861,0.41408,0.4499,0.18657,9.8354,1.4445,3.965,0.14406,0.020855,50.405,7.2413,6.5022,0.0691,3.333,10.437,0.54585,0.020732,0.051698,0.14725,0.020854,82.351,52.111,0.17937,1.1074,30.881,0.025385,0.007616,1.5445,0.45074,0.1381,2.2164,2.4293,2994.5,0.020732,0.099457,0.98131,0.096031,12.07,7.0043,49.36,7.3946,14.833,0
0.080922,0.45606,0.52851,2.5752,19.062,0,0.10138,1.1927,1.4126,0.54394,0.12931,0.30216,0.081258,0.10138,1450.2,0.25168,2.1927,0.10138,0.07177,113.82,1.0233,0.12661,0.057287,0.26449,0.53616,0.20682,4.5337,3.8873,3.8081,0.22332,0.072679,96.684,3.7752,2.7774,0.14591,1.4126,4.9002,0.63037,0.10329,0.48361,0.10858,0.089632,181.33,67.512,0.18371,1.2623,126.93,0.11321,0.080144,1.8946,0.33553,0.26489,4.0007,4.6364,3397.2,0.10329,0.14877,0.92904,0.1589,3.2068,5.4064,86.698,4.21,10.39,0
0.12454,0.69902,0.020442,1.03,-59.643,0,0.15765,0.43057,1.8118,0.30098,0.16845,0.23102,0.10554,0.15765,1334.2,0.27356,1.4306,0.15765,0.087011,57.067,1.2648,0.16373,0.068735,0.2196,0.28469,0.22619,15.154,0.068795,4.089,0.36938,0.090072,152.31,2.3964,2.3394,0.17652,1.8118,46.66,0.30997,0.097426,0.047321,0.11809,0.09037,135.09,78.021,0.43963,0.61485,63.227,0.13016,0.071838,1.0055,0.68242,0.4173,1.0129,1.0432,250.92,0.097426,0.41377,0.91398,0.029877,6.396,4.6782,137.48,2.655,6.0975,0
0.021093,0.56667,-0.046367,0.89666,-42.766,0.1066,0.021093,0.38523,0.98714,0.2183,0.021093,0.047012,0.085239,0.021093,1474.5,0.24755,1.7647,0.021093,0.012817,29.959,1.0659,0.041493,0.012817,0.1066,0.2183,0.24755,0.24888,-0.077579,4.1852,0.33896,0.012817,98.233,3.7157,0.073222,0.041493,1.7153,2.265,0.33629,0.025213,0.025154,0.11595,0.025213,86.726,56.767,0.15615,0.5956,29.574,-0.077692,-0.047209,0.70997,0.44869,0.26913,0.36525,0.56265,-710.19,-0.013031,0.096626,1.013,0.54048,12.183,6.4298,99.513,3.6679,2.7535,0
0.13164,0.36661,0.012754,1.043,-74.881,0.20781,0.16331,1.6354,1.195,0.59955,0.16331,0.54997,0.27532,0.16331,530.1,0.68855,2.7277,0.16331,0.17812,60.904,1.0792,0.16072,0.14357,0.23496,0.59955,0.60216,2.0949,0.018476,5.5155,0.32083,0.17812,141.27,2.5837,0.4384,0.16072,0.946,2.2495,0.66921,0.1753,0.24672,0.048242,0.1753,94.125,33.221,0.86043,0.52774,72.784,0.071603,0.078095,0.84477,0.29694,0.38704,0.86853,0.96945,4179.6,0.16321,0.21956,0.83679,0.11619,5.993,10.987,118.21,3.0877,1.3282,0
-0.083317,0.57684,0.10556,1.206,-55.568,0,-0.083317,0.73358,2.0364,0.42316,-0.064581,-0.16257,0.021986,-0.083317,4702.7,0.077615,1.7336,-0.083317,-0.040915,56.159,0.92065,0,-0.040915,0.058664,0.41497,0.077615,0,0.27637,3.7856,0.27206,-0.080182,111.18,3.283,2.9168,0.030725,2.0364,4.7962,0.4867,0.015088,0.10732,0.15012,0,100.92,44.764,-0.26592,0.59462,67.97,-0.12809,-0.062901,1.0714,0.51249,0.3046,1.1079,1.2743,644.35,0.17377,-0.19689,0.83757,0.15015,6.4994,8.1539,91.86,3.9734,5.3315,0
0.028076,0.47205,-0.026707,0.92733,-10.295,0.091264,0.034995,1.1151,1.0116,0.52636,0.034995,0.09522,0.03622,0.034995,1593.9,0.229,2.1184,0.034995,0.011726,6.6749,1.06,0.043559,0.009407,0.11632,0.52636,0.21434,0.14765,-0.040515,4.1751,0.15729,0.011726,45.469,8.0274,0.092276,0.043559,2.9948,2.7382,0.63089,0.014595,0.009815,0.13303,0.014595,41.24,34.565,0.51441,0.77883,6.7524,-0.029544,-0.009899,0.72198,0.36752,0.12457,0.79849,0.95707,-399.68,0.011478,0.053339,0.98852,0.1986,54.682,10.56,44.947,8.1206,4.5275,0
0.12103,0.20788,0.58626,3.8408,-257.16,-0.002607,0.12103,3.8104,1.1306,0.79212,0.12147,0.58647,0.75737,0.12103,88.615,4.119,4.8104,0.12103,0.10705,55.717,0.90074,0,0.10705,0.36278,0.75654,4.119,0,2.8271,3.7499,-0.16515,0.24322,472.96,0.77174,0.76613,0.001023,1.1306,,0.79212,0.000905,1.923,0.009425,0,127.77,72.057,0.7013,3.0045,395.52,-0.73523,-0.65032,3.8129,0.20637,1.2958,3.8198,3.8198,3295.7,0.85913,0.15279,0.14931,0,6.5509,5.0655,66.626,5.4783,5.452,0
0.22183,0.38641,0.24774,1.7741,21.324,0,0.22183,1.5879,2.8773,0.61358,0.23525,0.6932,0.083707,0.22183,585.59,0.6233,2.5879,0.22183,0.077097,13.933,1.2232,0,0.077097,0.36885,0.54685,0.6233,0,0.57313,3.4789,0.084626,0.17261,50.94,7.1653,5.934,0.001458,2.8773,6.8964,0.67998,0.000507,0.45659,0.67725,0,53.486,39.552,2.0196,1.4309,17.484,-0.019019,-0.00661,1.4693,0.32002,0.13956,1.4195,1.5731,746.21,0.20309,0.36154,0.80252,0.10821,26.196,9.2283,40.595,8.9913,6.6567,0
0.063893,0.096388,0.56829,6.9145,316.44,0,0.063893,9.3747,0.6992,0.90361,0.063956,0.66497,0.2119,0.063893,237.46,1.5371,10.375,0.063893,0.091381,31.192,0.98884,0.047519,0.091381,0.27347,0.88622,1.5371,759.5,1.6932,4.2893,-0.5683,0.09147,53.165,6.8654,6.8437,0.039544,0.6992,,0.90361,0.056557,5.1674,0.02438,0.067962,87.631,56.439,1.0693,6.2926,33.062,-0.036747,-0.052556,6.8927,0.096084,0.14566,2.6923,2.6923,11063,0.056557,0.070709,0.91224,0,11.702,6.4671,50.159,7.2769,2.0833,0
0.038414,0.71141,0.001649,1.0057,-58.286,0,0.039109,0.40566,1.28,0.28859,0.10872,0.13616,0.059138,0.039109,3430.5,0.1064,1.4057,0.039109,0.030555,52.505,1.5758,0.095169,0.030012,0.24614,0.28247,0.10542,1.3671,0.002319,4.2133,0.5225,0.035291,88.3,4.1337,1.669,0.092617,1.28,0.24699,0.71276,0.07236,0.16179,0.17999,0.074353,69.128,16.624,0.20863,0.36474,56.6,0.058584,0.04577,0.40608,0.28724,0.24192,0.40583,1.0023,26.946,0.07236,0.13311,0.96997,1.4698,6.9518,21.957,81.91,4.4561,1.7999,0
-0.2537,0.98982,-0.32128,0.37328,-336.56,-0.5242,-0.26919,-0.004378,0.80112,-0.004333,-0.26919,-0.52512,-0.31045,-0.26919,-2530.2,-0.14426,1.0103,-0.26919,-0.58528,52.768,1.2459,-0.146,-0.5516,-0.5464,-0.004333,-0.12861,-2.543,-0.39731,4.8609,2.1477,-0.58528,325.91,1.1199,-0.1475,-0.146,0.47233,0.26166,0.47285,-0.31744,0.063972,-1.6607,-0.31744,125.83,73.063,-3.8154,0.24357,42.273,-0.27241,-0.59227,0.19332,0.51264,0.8929,-0.005359,0.58475,-23324,-0.24826,58.545,1.2483,-110.12,6.9171,4.9957,406.82,0.8972,0.56878,0
0.10106,0.45511,0.38227,2.3842,28.504,0,0.12795,1.1973,2.6633,0.54489,0.18583,0.46333,0.0604,0.12795,1032.6,0.35346,2.1973,0.12795,0.048043,23.715,0.71005,0.14673,0.037944,1.0894,0.52952,0.29436,2.5351,1.1191,3.5174,0.062232,0.048043,40.044,9.1149,5.5309,0.14617,2.6633,2.7717,0.72001,0.054883,1.0932,0.084448,0.055094,48.862,25.147,0.584,1.7576,25.092,0.11382,0.042737,1.4467,0.27616,0.10971,1.5952,2.1079,1258.2,0.054884,0.18546,0.95269,0.32139,15.391,14.515,37.847,9.6442,7.7972,0
0.059045,0.339,0.18041,2.1556,16.072,0,0.073548,1.9498,3.3675,0.661,0.076679,0.47111,0.03806,0.073548,965.43,0.37807,2.9498,0.073548,0.02184,3.8006,1.0901,0.073764,0.017534,0.12424,0.5264,0.33529,23.557,0.27191,3.7515,0.066281,0.02277,17.23,21.186,9.7563,0.060338,3.3844,41.542,0.66825,0.017918,0.74251,0.088018,0.021904,23.911,20.11,1.6839,0.96712,3.8696,0.019144,0.005685,0.99268,0.15612,0.047202,0.99626,1.0072,1018,0.017945,0.089327,0.97725,0.010979,96.038,18.15,16.921,21.571,5.0756,1
0.16231,0.43362,0.54502,2.2588,27.03,0,0.20131,1.3062,2.5804,0.56638,0.24346,0.46496,0.080607,0.20131,760.93,0.47968,2.3062,0.20131,0.078018,51.336,1.3039,0.23876,0.062902,0.46215,0.55094,0.38973,5.6657,24.765,3.5102,0.10757,0.078018,67.293,5.4343,5.4262,0.23192,2.5964,,0.56638,0.08988,0.37411,0.058889,0.09253,115.43,64.091,0.44724,1.4206,56.299,0.23208,0.089941,2.2554,0.43297,0.18401,25.735,25.735,1764.5,0.08988,0.28658,0.92246,0,7.11,5.695,61.245,5.9597,117.25,0
0.002499,0.49502,0.40011,1.8196,30.103,0.009751,0.002893,1.0201,2.5785,0.50498,0.041769,0.005927,0.013437,0.002893,5214.7,0.069994,2.0201,0.002893,0.001122,26.352,1.1594,0.033534,0.000969,0.29453,0.5011,0.069198,0.86261,3.5816,4.1305,0.13336,0.002592,69.843,5.226,5.1539,0.027264,2.5785,102.74,0.51182,0.010573,0.31632,0.25273,0.013005,103.88,77.529,0.013423,1.4382,26.634,0.001779,0.00069,1.7945,0.48818,0.19135,4.5204,4.5816,5403.1,0.010573,0.004949,0.99889,0.013533,13.851,4.7079,69.104,5.2819,23.082,0
0.25373,0.22491,0.63615,3.8412,121.05,0,0.25373,3.4462,1.3433,0.77509,0.25373,1.1332,0.2118,0.25373,288.54,1.265,4.4462,0.25373,0.18888,72.824,1.1405,0.24674,0.18888,0.64644,0.77509,1.265,109130,4.5456,3.7596,-0.029605,0.18888,73.713,4.9516,4.9293,0.23464,1.3433,,0.77509,0.17468,1.2077,0.027014,0.18368,160.22,87.396,0.94669,2.6442,88.237,0.21595,0.16076,3.824,0.2239,0.20195,5.5384,5.5384,3657.6,0.17468,0.32735,0.81397,0,5.0121,4.1764,60.838,5.9996,9.5985,0
0.024923,0.72915,-0.24193,0.59886,-34.476,0.043854,0.023513,0.35793,1.0232,0.26099,0.023513,0.038987,0.032239,0.023513,2586.8,0.1411,1.3715,0.023513,0.007368,1.335,0.60099,0.057829,0.00781,0.044695,0.26099,0.14303,0.18542,-0.3787,4.7979,0.22257,0.007368,70.582,5.1713,0.079311,0.057829,3.2007,2.7727,0.38704,0.018121,0.093433,0.17472,0.018121,34.864,33.529,2.1353,0.57951,1.366,-0.021541,-0.00675,0.49533,0.6031,0.19338,0.40854,0.60585,-15189,0.022695,0.095494,0.97731,0.48298,273.41,10.886,68.98,5.2914,4.9954,0
0.027117,0.777,-0.10795,0.79561,-50.726,0.27662,0.041255,0.18975,1.0533,0.14743,0.041255,0.078114,0.061281,0.041255,2496,0.14624,1.287,0.041255,0.02225,25.443,1.0468,0.11323,0.014625,0.35129,0.14743,0.12804,0.64323,-0.18618,5.5207,0.40907,0.02225,109.5,3.3332,0.14573,0.11323,1.8816,1.1691,0.3963,0.06107,0.036311,0.13763,0.06107,78.942,53.499,0.20981,0.55089,26.798,0.040863,0.022039,0.54078,0.52813,0.30001,0.25428,0.68349,-35803,0.050565,0.18393,0.94943,1.6879,14.346,6.8226,103.97,3.5107,3.1978,0
0.32186,0.58518,0.1288,1.2658,17.387,0,0.401,0.70888,2.8856,0.41482,0.41244,0.82749,0.14461,0.401,511.86,0.71309,1.7089,0.401,0.13896,0.96964,1.6143,0.41083,0.11154,0.55866,0.37165,0.57786,35.886,0.33317,3.948,0.19731,0.14293,71.749,5.0872,4.2128,0.42038,2.8856,7.6621,0.49388,0.14568,0.038579,0.045669,0.14237,75.224,74.254,41.987,1.25,1.135,0.39454,0.13673,1.0482,0.48459,0.19657,1.073,1.2775,1142.6,0.14568,0.7759,0.86131,0.19058,376.43,4.9155,61.296,5.9547,7.4639,0
-0.047995,0.17042,0.22284,2.3192,4.5074,-0.47059,-0.051262,4.6696,0.97677,0.7958,-0.051262,-0.30347,-0.016548,-0.051262,-5433.8,-0.067172,5.8679,-0.051262,-0.074103,112.04,1.1574,-0.018199,-0.06938,-0.45812,0.7958,-0.047999,-0.25697,0.36637,4.2051,0.23533,-0.074103,87.058,4.1926,-0.10679,-0.018199,0.69319,119.79,0.79729,-0.026308,0.057757,0.25921,-0.026308,201.56,89.519,-0.22602,1.0621,109.44,-0.058014,-0.083863,2.2988,0.16892,0.23851,1.3084,1.3108,3573.7,-0.023785,-0.06031,1.0238,0.001882,3.2578,4.0773,89.128,4.0952,1.1373,0
0.000913,0.3768,-0.038437,0.87522,-23.165,0,0.000992,1.6539,2.1032,0.6232,0.029238,0.00322,0.02529,0.000992,2585.6,0.14116,2.6539,0.000992,0.000472,15.449,0.86471,0.029238,0.000434,0.045987,0.36377,0.14096,1.0351,-0.052625,3.2373,0.17563,0.004661,53.994,6.76,5.5265,0.020841,2.1032,2.6264,0.69196,0.009909,0.034351,0.15423,0.013902,44.952,29.503,0.010258,0.58623,15.604,-0.022961,-0.010917,0.71552,0.30804,0.14793,0.85324,0.94737,-66.376,0.009909,0.001465,0.99953,0.11033,23.626,12.372,53.459,6.8277,2.8796,0
0.019861,0.44624,0.29204,1.7337,22.075,0,0.019861,1.241,2.7836,0.55376,0.040991,0.049896,0.02164,0.019861,2703.9,0.13499,2.241,0.019861,0.007135,15.78,1.0078,0.028276,0.007135,0.058778,0.019861,0.13499,1.3382,0.94234,3.7069,0.14213,0.010851,51.563,7.0788,6.3144,-0.034134,2.7836,11.825,0.60195,-0.012262,0.13062,0.21667,0.010158,83.671,67.891,0.16504,1.4313,15.589,-0.012099,-0.004347,1.5465,0.39805,0.14127,1.7869,1.9423,1487,-0.012262,0.035866,0.99306,0.087008,23.13,5.3763,52.195,6.993,8.982,0
0.14747,0.25263,0.54829,3.2811,74.195,0,0.14747,2.9584,2.9521,0.74737,0.15341,0.61352,0.15702,0.14747,198.92,1.8349,3.9584,0.14747,0.049954,19.197,0.99762,0,0.049954,0.59367,0.73807,1.8349,0,2.5943,3.7796,0.023695,0.099908,39.975,9.1306,8.6874,0.020287,2.9521,,0.74737,0.006872,0.78436,0.026642,0,74.2,55.003,0.94979,2.6351,25.822,-0.31608,-0.10707,3.1218,0.24036,0.10952,3.5362,3.5362,3300.5,0.25657,0.19732,0.74754,0,19.013,6.636,29.719,12.282,13.968,0
0.029411,0.30892,0.38281,2.2392,-19.094,0,0.029411,2.2371,2.0321,0.69108,0.036628,0.095205,0.018256,0.029411,3039.3,0.12009,3.2371,0.029411,0.014473,79.045,0.94422,0,0.014473,0.10573,0.67807,0.12009,0,1.2418,3.664,0.13639,0.03293,66.716,5.471,5.471,0.083478,2.0321,,0.69108,0.041079,0.20625,1.3394,0,112.8,33.757,0.066831,0.81463,95.041,-0.007688,-0.003783,2.2392,0.30892,0.18278,2.2418,2.2418,1765.9,0.16831,0.042558,0.8417,0,4.6177,10.813,55.487,6.5781,6.5921,0
-0.18039,0.68116,-0.26192,0.45175,-34.253,0.19641,-0.18039,0.46809,2.9982,0.31884,-0.13454,-0.37759,-0.047543,-0.18039,-1744.2,-0.20927,1.4681,-0.18039,-0.060165,3.6675,1.0456,-0.13485,-0.060165,0.18798,0.018011,-0.20927,-2.941,-0.334,3.3186,0.22602,-0.057437,55.399,6.5886,4.621,-0.1494,2.9982,0.91284,0.52227,-0.049829,0.015325,-0.23406,-0.044976,25.382,21.714,-5.9878,0.38869,3.4935,-0.17269,-0.057599,0.31684,0.47773,0.15178,0.40659,0.666,-545.46,-0.049829,-0.56576,1.0598,0.638,99.522,16.809,58.159,6.2759,3.8234,0
0.060506,0.38562,0.30671,4.1361,49.772,-0.058807,0.076368,1.5932,1.2848,0.61438,0.10479,0.78087,0.10524,0.076368,1041,0.35063,2.5932,0.076368,0.059439,42.874,1.6101,0.10457,0.047093,-0.12601,0.001699,0.3095,3.6794,0.51505,3.8591,0.19935,0.06648,30.202,12.085,3.065,0.10289,1.2848,0.88159,0.90203,0.080084,1.3293,0.078661,0.081387,77.981,35.107,0.40091,2.5929,46.607,0.045727,0.03559,1.049,0.097799,0.082745,1.0317,1.5148,2217.2,0.080084,0.098483,0.94066,0.46819,8.5132,10.397,27.783,13.137,2.1576,0
0.004243,0.28698,0.029605,1.1035,-16.804,-0.36848,0.004243,2.3196,1.0121,0.66568,0.004243,0.014828,0.028622,0.004243,1150.5,0.31725,3.4845,0.004243,0.001334,19.54,1.223,0.016004,0.001334,-0.36848,0.66568,0.31725,0.050921,0.043265,5.9618,0.085441,0.001334,33.23,10.984,0.055767,0.016004,3.1968,172,0.66652,0.005031,0.060036,0.091775,0.005031,34.259,14.72,0.024915,0.50834,19.776,-0.070798,-0.022257,1.1002,0.28614,0.091042,0.97285,0.97409,27113,0.01194,0.006374,0.98806,0.00127,18.68,24.797,32.833,11.117,4.6487,0
0.066809,0.31795,0.5538,4.1036,-44.773,0,0.066809,2.1452,0.57049,0.68205,0.066809,0.37441,0.11711,0.066809,1737.1,0.21013,3.1452,0.066809,0.11711,371.68,0.99731,0,0.11711,0.19229,0.62888,0.21013,,2.0683,3.2743,0.52066,0.26483,205.47,1.7764,0.99697,0.020038,0.57049,1.0847,0.82156,0.035125,0.18617,,0,447.24,75.561,0.11501,0.84801,668.92,0,0,2.303,0.17844,0.56293,2.5472,3.0683,1041.5,0.44436,0.097953,0.55812,0.20454,0.98204,4.8306,114.17,3.1971,2.1306,0
0.187,0.16738,0.41973,3.5076,102.93,0,0.187,4.9743,1.7524,0.83262,0.187,1.1172,0.11244,0.187,310.07,1.1772,5.9743,0.187,0.10671,19.924,1.2842,0,0.10671,0.34778,0.81459,1.1772,,1.0166,3.443,-0.065731,0.24257,53.924,6.7688,6.7688,0.006848,1.7524,,0.83262,0.003908,1.7062,0.5557,0,62.803,42.88,1.9549,2.9362,30.816,-0.01004,-0.00573,3.5076,0.16738,0.14774,2.0166,2.0166,1164.1,0.35347,0.22459,0.64845,0,18.32,8.5122,34.863,10.469,4.2443,0
0.042913,0.072778,0.22808,4.1339,113.88,0.15578,0.048697,12.593,1.0874,0.91648,0.048697,0.66912,0.13592,0.048697,349.69,1.0438,13.74,0.048697,0.087133,48.306,1.002,0.044311,0.076783,0.16577,0.91648,0.9643,0.86213,0.32623,5.4179,0.047372,0.087133,51.684,7.0622,0.60885,0.044311,0.5633,,0.91648,0.079285,0.63832,0.033428,0.079285,166.15,117.84,0.58018,3.1176,52.527,0.017044,0.030496,4.1339,0.072778,0.1416,1.3109,1.3109,59702,0.08036,0.046823,0.91964,0,7.5561,3.0974,47.53,7.6793,0.79939,0
0.13032,0.77464,0.10658,1.3109,-23.404,-0.076388,0.13032,0.29093,2.2707,0.22536,0.16348,0.38007,0.05739,0.13032,2169.7,0.16823,1.2909,0.13032,0.05739,37.355,1.0855,0,0.05739,0.50295,0.053928,0.16823,0,0.1936,3.9562,0.32218,0.11038,64.546,5.6548,2.503,0.004432,2.2707,0.50845,0.65229,0.001952,0.12634,,0,65.285,27.93,0.56077,0.63309,43.747,0,0,0.58022,0.34287,0.17684,0.40935,1.1848,963.66,0.14611,0.57825,0.86978,1.8944,9.7711,13.069,55.115,6.6225,4.1244,0
0.058728,0.26892,0.46028,2.8044,29.824,0,0.072505,2.7186,2.7006,0.73108,0.079705,0.28423,0.041839,0.072505,868.69,0.42017,3.7186,0.072505,0.026848,31.595,1.0302,0.077973,0.021746,0.15561,0.61611,0.36894,10.829,1.6171,2.7589,-0.01367,0.026853,35.469,10.291,9.7614,0.075579,2.7006,,0.73108,0.027986,1.2475,0.07567,0.028873,53.675,22.08,0.25123,1.888,32.504,0.037487,0.013881,2.6602,0.25509,0.097176,2.5685,2.5685,264.21,0.027986,0.08033,0.97319,0,11.553,16.531,34.477,10.587,9.4879,0
0.024684,0.20913,0.20075,2.3867,9.7711,0.048012,0.032505,3.6948,1.0503,0.77269,0.032505,0.22454,0.057254,0.032505,1298,0.2812,4.7818,0.032505,0.031647,57.831,1.0719,0.046096,0.024032,0.065275,0.77269,0.2438,0.47137,0.30672,4.435,0.19724,0.031647,54.031,6.7554,0.22042,0.046096,1.0287,2.8394,0.83706,0.044879,0.12935,0.094968,0.044879,116.13,58.296,0.15168,1.2626,60.741,0.019795,0.019272,1.6521,0.14476,0.14803,1.1806,1.2789,5465.8,0.047902,0.031945,0.9521,0.083303,6.3115,6.2612,51.443,7.0953,1.5693,0
0.095993,0.36521,0.40008,2.2422,12.534,0.034461,0.12228,1.1608,1.0719,0.42394,0.12228,0.37968,0.068806,0.12228,738.07,0.49453,2.7382,0.12228,0.046586,43.744,1.1276,0.14239,0.03657,0.043435,0.42394,0.42255,0.58144,1.4399,4.1527,0.13465,0.046586,48.004,7.6035,0.38988,0.14239,2.6533,9.4478,0.46708,0.054245,0.043569,0.059822,0.054245,98.466,54.721,0.30514,1.2654,46.889,0.084062,0.032025,1.9774,0.32207,0.13152,1.5258,1.681,5686.6,0.067064,0.22643,0.93294,0.10175,8.3439,6.6702,44.785,8.1501,9.447,0
0.049792,0.76037,0.22686,1.2989,-24.358,0,0.049792,0.31514,4.0914,0.23963,0.063931,0.065594,0.012384,0.049792,5477.3,0.066639,1.3151,0.049792,0.01217,44.325,0.879,0.061973,0.01217,0.20607,0.20729,0.066639,4.3831,16.162,3.1893,0.17446,0.014873,69.13,5.2799,5.2711,0.083443,4.0914,,0.23963,0.020395,0.062825,0.40327,0.015147,83.704,39.378,0.10021,0.64431,45.248,0.061095,0.014932,1.2967,0.7591,0.1894,17.071,17.071,350.81,0.020395,0.20779,0.98784,0,8.2345,9.269,67.72,5.3898,291.48,0
0.026946,1.8313,-0.16194,0.63774,-72.504,-1.8205,0.016383,-0.45394,1.5965,-0.83129,0.061924,0.036649,0.05575,0.016383,7509.7,0.048604,0.54606,0.016383,0.010261,29.284,1.3189,0.061272,0.016878,-0.36087,-0.85159,0.054372,1.3454,-0.22651,4.4281,1.145,0.037901,105.75,3.4514,0.84246,0.053739,1.5965,0.20335,-0.059286,0.03366,0.021031,0.4559,0.038378,63.024,33.741,0.21037,0.35119,30.304,-0.011352,-0.007111,0.15567,0.44701,0.28974,-1.1628,-0.082926,-4339.5,0.03366,-0.032415,0.98986,-0.92868,12.464,10.818,102.2,3.5716,2.2332,0
0.025721,0.57111,0.17297,1.4489,-45.839,0.10911,0.035186,0.58741,1.0876,0.33548,0.035186,0.091321,0.11621,0.035186,2456.1,0.14861,1.751,0.035186,0.048175,95.528,1.1508,0.068063,0.035217,0.13963,0.33548,0.13204,1.0135,0.39156,4.9633,0.77007,0.048175,209.42,1.7429,0.11918,0.068063,0.74536,1.9757,0.52129,0.093189,0.1808,0.15946,0.093189,244.18,148.65,0.13456,0.95279,103.9,0.018375,0.025158,0.97751,0.3853,0.57375,0.75946,1.1801,15894,0.08054,0.076671,0.91946,0.55387,3.8209,2.4554,192.55,1.8956,1.6534,0
0.071829,0.22064,0.50869,3.3055,119.88,0.15829,0.091115,3.3101,1.0309,0.73035,0.091115,0.41296,0.083507,0.091115,658.08,0.55465,4.5322,0.091115,0.062174,9.2007,0.9496,0.046707,0.049014,0.20399,0.73035,0.46724,0.32856,1.8794,5.3087,-0.16747,0.062174,56.651,6.4429,0.21169,0.046707,1.5153,,0.73035,0.031871,2.1522,0.093035,0.031871,63.382,54.182,1.9444,3.1381,9.485,0.015445,0.010539,3.3055,0.22064,0.15521,2.6984,2.6984,103550,0.029971,0.098349,0.97003,0,39.671,6.7366,54.954,6.642,5.4144,0
-0.068275,0.45328,0.142,1.3205,-59.084,-0.3468,-0.067074,1.1183,0.92679,0.5069,-0.067074,-0.15138,-0.014696,-0.067074,-11735,-0.031104,2.2061,-0.067074,-0.069915,113.22,1.3895,-0.052527,-0.071167,-0.33634,0.5069,-0.033753,-0.50744,0.34222,4.1469,0.46299,-0.069915,156.23,2.3363,-0.11588,-0.052527,1.0219,28.155,0.51711,-0.054752,0.033224,33.279,-0.054752,216.99,103.78,-0.22944,0.64886,104.93,-0.1055,-0.10997,1.2907,0.44307,0.42803,1.2216,1.2462,1991.4,-0.078994,-0.13469,1.079,0.020144,3.2239,3.5171,168.57,2.1653,2.3121,0
0.027667,0.1724,0.57095,4.8014,34.15,0,0.027667,4.8004,1.1676,0.8276,0.034746,0.18421,0.023696,0.027667,2274.4,0.16048,5.8004,0.027667,0.023696,143.94,0.99286,0.037721,0.023696,0.035167,0.54685,0.16048,5.3285,2.0475,4.8739,0.14652,0.0291,69.094,7.5942,6.616,0.064187,1.182,208.72,0.82885,0.054974,0.024257,0.15235,0.032306,224.3,80.362,0.060089,1.7358,147.34,0,0,4.183,0.15019,0.1893,2.9679,2.9724,42708,0.32045,0.033431,0.97099,0.001509,2.5358,4.5419,46.952,7.7739,4.1871,0
0.16103,0.4223,0.58206,3.4232,27.099,0,0.20083,1.368,3.1076,0.5777,0.22591,0.83606,0.071261,0.20083,696.05,0.52439,2.368,0.20083,0.064624,37.822,1.2364,0.22175,0.051818,0.47985,0.53168,0.43016,8.8407,3.275,3.036,0.13348,0.064753,30.504,11.966,6.806,0.23342,3.1076,2.7471,0.7598,0.075114,0.2196,0.058078,0.071358,90.383,52.561,0.50008,2.0826,40.893,0.20113,0.06472,1.9471,0.2402,0.083573,3.2504,4.275,632.42,0.075113,0.27875,0.93556,0.31522,9.6506,6.9443,28.213,12.937,17.485,0
0.031586,0.4149,0.002403,1.0232,-33.758,0,0.033274,1.4102,0.71104,0.5851,0.080066,0.32076,0.18757,0.033274,1135.5,0.32145,2.4102,0.033274,0.046796,19.969,1.0683,0.080064,0.044423,,0.49631,0.31738,1.7111,0.002688,3.5569,0.56804,0.085593,60.017,6.0816,1.5205,0.080174,0.71104,0.21607,0.89627,0.11276,0.23405,0.076765,0.1126,42.02,22.051,0.81199,0.64816,22.507,-0.020032,-0.028172,0.25581,0.10373,0.16443,0.65457,1.0027,8.66,0.11276,0.053985,0.95321,0.53182,18.279,16.553,53.25,6.8545,0.79546,0
-0.31366,0.97159,0.33238,1.5511,-5.4596,0,-0.31366,0.029237,7.8496,0.028407,-0.24827,-0.52006,-0.036007,-0.31366,-1254.7,-0.2909,1.0292,-0.31366,-0.039959,20.728,0.51604,-0.26924,-0.039959,0.11606,-0.017651,-0.2909,-4.1169,5.1535,3.0357,0.12111,-0.031903,27.122,13.458,8.354,-0.26708,7.8496,1.3292,0.39687,-0.034025,0.050068,-0.13595,-0.0343,42.096,21.369,-0.70366,0.81201,20.045,-0.30027,-0.038253,0.96286,0.60313,0.074308,0.44045,6.1535,360.82,-0.034025,-11.042,1.0398,12.971,17.609,17.081,28.045,13.015,121.71,0
0.044414,0.67248,0.21997,1.3378,-95.503,0,0.044414,0.48703,1.7234,0.32752,0.14348,0.068204,0.058739,0.044414,2424.7,0.15053,1.487,0.044414,0.025771,110.94,1.0233,0,0.025771,0.14112,0.3216,0.15053,0,1.7073,3.9265,0.36641,0.063236,191.77,1.9033,1.843,0.050021,1.7234,17.198,0.34772,0.029025,0.07819,0.39454,0,173.72,62.784,0.084791,0.53342,154.26,-0.056816,-0.032968,1.2954,0.65119,0.5254,2.5421,2.6988,1857,0.28083,0.13561,0.83339,0.061668,3.2902,5.8136,137.92,2.6465,13.376,0
-0.063563,1.0119,0.18309,1.229,14.222,-0.010969,-0.063563,-0.011716,1.9267,-0.011855,0.042214,-0.079518,-0.031259,-0.063563,-6132.1,-0.059523,0.98828,-0.063563,-0.03299,19.996,1.2625,0.033565,-0.03299,-0.068126,-0.035022,-0.059523,0.31732,10.432,3.3341,0.45398,-0.029222,155.29,2.3505,1.8568,0.047887,1.9267,5.4364,0.14945,0.024854,0.17589,0.91405,0.017421,159.48,139.48,-0.60219,1.097,20.506,0.030231,0.01569,0.97094,0.79936,0.42545,-0.67546,8.5146,395.16,0.024854,5.3616,1.0326,-13.606,18.254,2.6168,151.43,2.4104,109.78,0
-0.13628,0.66921,0.098201,1.1467,-2.4103,-0.58714,-0.13573,0.4831,0.8273,0.32329,-0.13573,-0.20282,-0.053062,-0.13573,-2896.1,-0.12603,1.4943,-0.13573,-0.085391,25.179,1.7704,-0.1097,-0.08574,-0.61362,0.32329,-0.12686,-0.57097,0.42221,4.1801,0.31558,-0.085391,127.13,2.871,-0.16393,-0.1097,1.8536,,0.32329,-0.069016,0.25204,-0.37729,-0.069016,137.49,112.31,-1.2429,0.98289,20.831,-0.16109,-0.10134,1.1467,0.66921,0.34831,1.39,1.39,1486.5,-0.20874,-0.42155,1.2087,0,14.496,3.2499,153.67,2.3752,6.8339,0
-0.000955,0.042746,0.53054,13.412,412.14,0.12634,-0.000626,22.062,0.95243,0.94307,-0.000626,-0.014633,0.060602,-0.000626,685.11,0.53276,23.394,-0.000626,-0.001665,101.52,1.0525,-0.01885,-0.002542,0.14911,0.94307,0.52504,-0.47773,1.2433,4.6726,-1.0217,-0.001665,39.544,9.2303,-0.44097,-0.01885,0.40168,,0.94307,-0.05016,10.008,0.3089,-0.05016,141.31,39.79,-0.00914,10.966,96.694,-0.042249,-0.11243,13.412,0.042746,0.10834,2.2101,2.2101,24962,-0.049949,-0.001013,1.0499,0,3.5952,9.1731,41.519,8.7912,0.88067,0
0.28932,0.2693,0.72209,3.6814,74.385,0,0.35895,2.7133,3.6996,0.7307,0.36163,1.3329,0.097774,0.35895,271.74,1.3432,3.7133,0.35895,0.097024,2.1624,2.7965,0.33505,0.078203,0.45911,0.63919,1.0846,124.66,83.87,3.5826,-0.056142,0.09775,29.154,12.52,12.52,0.32804,3.6996,,0.7307,0.088671,1.7865,0.026572,0.090565,50.345,48.183,13.2,3.6,2.3728,0.33228,0.089815,3.6814,0.2693,0.079875,84.87,84.87,2761.9,0.088671,0.39595,0.90391,0,168.79,7.5753,26.569,13.738,429.7,0
0.046769,0.36255,0.27887,1.7692,-16.204,0.20086,0.063209,1.7583,1.0303,0.63745,0.063209,0.17435,0.043428,0.063209,1157.6,0.31531,2.7583,0.063209,0.024013,54.189,1.0056,0.077462,0.017768,0.24747,0.63745,0.26996,0.3032,0.7777,4.5581,0.1024,0.024013,51.795,7.047,0.21366,0.077462,2.6508,,0.63745,0.029428,0.2587,0.092709,0.029428,75.937,21.748,0.11968,0.6913,55.83,0.026358,0.010014,1.7692,0.36255,0.1419,1.7777,1.7777,10081,0.0294,0.073369,0.9706,0,6.7357,16.783,50.272,7.2605,7.3407,0
-0.074209,0.39724,0.52286,2.4949,23.685,0,-0.074209,1.5174,3.1787,0.60276,-0.063115,-0.21216,0.038309,-0.074209,1190.7,0.30655,2.5174,-0.074209,-0.023346,34.49,1.018,-0.06419,-0.023346,0.3048,-0.020909,0.30655,-5.7861,4.105,3.345,0.11348,-0.020295,39.34,9.278,8.1694,-0.066487,3.1787,31.534,0.62091,-0.020916,0.16698,0.10047,-0.020194,93.495,59.005,-0.24706,1.6361,33.783,-0.26017,-0.081849,2.1968,0.34977,0.10778,4.7324,4.8749,1157.2,-0.020916,-0.12311,1.023,0.030107,10.583,6.1859,40.163,9.0879,24.956,0
0.048702,0.24069,0.45038,4.7049,75.881,0,0.064028,3.1547,1.1895,0.75931,0.076787,0.5267,0.086004,0.064028,858.76,0.42503,4.1547,0.064028,0.053828,67.102,1.0566,0.06499,0.040944,0.12543,0.61087,0.36136,5.0936,1.0522,3.7527,0.077449,0.064554,39.617,9.2133,4.6533,0.069484,1.1895,3.0013,0.87702,0.058415,1.2525,0.077694,0.054637,128.78,61.68,0.22271,2.906,71.265,0.026717,0.02246,2.3763,0.12156,0.10854,1.7739,2.0488,2548.7,0.058415,0.06414,0.94686,0.15502,5.4395,5.9176,37.302,9.7849,2.7788,0
0.18794,3.1892,-2.5084,0.21348,-332.52,-2.7485,0.23843,-0.68644,3.2257,-2.1892,0.26868,0.074761,0.094661,0.23843,3812.2,0.095744,0.31356,0.23843,0.073915,14.901,0.98432,0.26868,0.058264,0.77036,-2.2964,0.079914,8.8807,-7.8595,2.6688,0.9163,0.08016,397.95,0.9172,0.9172,0.30057,3.2257,,-2.1892,0.09318,0.073208,0.31677,0.083293,50.621,35.72,1.4271,0.17219,16.433,0.20176,0.062547,0.21348,3.1892,1.0903,-6.8595,-6.8595,-1169.9,0.09318,-0.085849,0.92643,0,24.494,10.218,360.87,1.0114,10.107,0
0.032804,0.79602,0.52205,2.0945,18.992,0.1598,0.042121,0.25626,2.4407,0.20398,0.075818,0.088308,0.017605,0.042121,6761.9,0.053979,1.2563,0.042121,0.017257,58.485,1.5453,0.074219,0.01344,0.25915,0.1926,0.042274,2.2025,537.61,3.9439,0.30795,0.017257,73.406,4.9723,2.9794,0.069042,2.4407,,0.20398,0.028287,0.10543,0.35347,0.030409,141.88,83.396,0.083879,1.2746,60.187,0.073372,0.030061,1.255,0.47697,0.20111,210.06,210.06,4587.4,0.028287,0.16081,0.98285,0,6.241,4.3767,71.329,5.1171,2513.4,0
0.23495,0.32175,0.5489,2.7061,38.21,0.10472,0.29974,2.108,3.7904,0.67825,0.35213,0.93168,0.098499,0.29974,314.55,1.1604,3.108,0.29974,0.079079,15.598,1.0964,0.26131,0.061985,0.76328,0.41792,0.959,4.9884,4.2427,3.1371,0.031527,0.079388,33.248,10.978,10.977,0.25846,3.7904,,0.67825,0.068188,0.69035,0.032022,0.068941,62.45,46.852,1.4505,2.2027,16.739,0.1877,0.04952,2.7059,0.32172,0.091089,5.2425,5.2425,752.73,0.068188,0.34641,0.92283,0,23.401,7.7905,30.981,11.782,29.298,0
0.001796,0.80051,-0.078502,0.86376,-139.33,0,0.003689,0.24921,1.3669,0.19949,0.027396,0.006403,0.034784,0.003689,6145.1,0.059397,1.2492,0.003689,0.002699,110.64,1.2632,0.028699,0.001314,0.010132,0.05735,0.057032,1.2106,-0.15629,4.9129,0.58151,0.019961,156.95,2.3256,1.674,0.026914,1.3669,0.39462,0.4107,0.019689,0.024999,0.36776,0.020995,129.05,18.409,0.004335,0.14465,112.87,-0.015159,-0.01109,0.62175,0.57622,0.43001,0.39717,0.81767,-6423,0.019689,0.009003,0.99634,1.0587,3.2989,19.827,153.86,2.3723,2.7214,0
0.123,0.07822,0.31277,4.9986,45.048,0.29502,0.15487,11.351,1.1477,0.88786,0.15487,1.98,0.14614,0.15487,163.76,2.2289,12.785,0.15487,0.12982,55.529,0.97922,0.1411,0.1031,0.36859,0.88786,1.8214,1.3574,0.51356,4.7707,-0.021778,0.12982,27.466,13.289,1.8039,0.1411,1.2164,,0.88786,0.11827,1.3786,0.016016,0.11827,86.63,31.101,0.67772,2.6782,63.731,0.12163,0.10196,4.9986,0.07822,0.07525,1.4579,1.4579,18445,0.1287,0.13854,0.8713,0,6.5732,11.736,23.931,15.252,1.9589,0
0.13406,0.10941,0.48397,5.5714,98.38,0,0.15283,8.1397,1.7592,0.89059,0.18794,1.4436,0.13377,0.15283,169.7,2.1509,9.1397,0.15283,0.086876,11.591,1.071,0.16106,0.076207,0.26374,0.8796,1.9793,4.5878,1.1799,3.959,-0.056537,0.086967,24.149,15.114,14.625,0.15904,1.7592,,0.89059,0.090405,2.0992,0.014974,0.091554,76.27,64.679,2.3998,5.0437,12.743,0.078555,0.044655,5.3909,0.10587,0.066163,2.1713,2.1713,4403.3,0.090405,0.15053,0.91493,0,31.491,5.6432,21.966,16.616,4.2889,0
0.083528,0.34535,0.066975,1.2968,10.143,0.24341,0.083528,1.8934,1.2102,0.6539,0.083528,0.37013,0.16575,0.083528,1273.9,0.28652,2.8956,0.083528,0.13992,18.667,1.0541,0.10101,0.13992,0.24347,0.6539,0.28652,2.0477,0.094683,4.9376,0.56368,0.13992,166.98,2.1859,0.29249,0.10101,0.59896,2.1902,0.77358,0.16921,0.14106,0.097515,0.16921,159.47,140.8,2.7359,1.1615,22.59,0.085593,0.14338,0.84739,0.22567,0.45748,0.92443,1.0936,5801.2,0.17367,0.12774,0.82633,0.18302,19.553,2.5923,137.98,2.6453,0.84394,0
-0.12891,0.75084,0.076329,1.1813,-66.954,-0.12891,-0.12048,0.2872,0.91311,0.21564,-0.12048,-0.28619,-0.072497,-0.12048,-4210.2,-0.086695,1.3318,-0.12048,-0.13418,99.386,0.7667,-0.10337,-0.14357,-0.12048,0.21564,-0.09792,,0.15184,4.441,0.82331,-0.13418,156.27,2.3357,-0.13767,-0.10337,0.95517,0.76653,0.54549,-0.11512,0.038054,-0.51449,-0.11512,195.65,96.268,-0.52728,0.60057,90.75,-0.15876,-0.17681,0.66235,0.42099,0.42813,0.42898,1.0852,2107.3,-0.095152,-0.59781,1.0952,1.5296,3.6726,3.7915,171.14,2.1328,1.7862,1
0.044299,0.4081,0.27394,1.8879,9.4583,0.088591,0.044299,1.3872,1.0347,0.56611,0.044299,0.14359,0.079057,0.044299,1353.7,0.26963,2.4504,0.044299,0.031828,59.887,1.3957,0.053466,0.031828,0.088591,0.56611,0.26963,0.39746,0.65608,4.2657,0.2775,0.031828,83.712,4.3602,0.13101,0.053466,1.4257,3.556,0.66568,0.038414,0.10963,0.11256,0.038414,143.88,83.99,0.19398,1.1477,0.038414,-0.01227,-0.008815,1.4273,0.30852,0.22935,1.3558,1.5943,5051.2,0.033508,0.078252,0.96649,0.1759,6.0948,4.3458,80.907,4.5114,3.3334,0
0,0.64736,0.13045,1.3569,127,0.31816,0.005165,0.54474,2.1542,0.35264,0.01982,0.014131,0.014664,0.005165,7479.9,0.048797,1.5447,0.005165,0.002398,22.416,1.1362,0.01982,0,0.052025,0.31816,0.040818,1.3525,0.25881,5.6561,0.29535,0.002398,71.68,5.1212,2.8915,0.020762,2.1542,1.2903,0.63449,0.009638,0.035648,0.46663,0.009201,81.828,59.413,0,0.99496,25.796,-0.006604,-0.003066,0.76614,0.36551,0.19527,0.69964,1.2588,59099,0.13598,0,0.87575,0.79923,16.283,6.1435,61.932,5.8935,4.2738,0
0.1852,0.078209,0.83383,11.661,187.31,0.43173,0.24014,9.8952,1.1328,0.7739,0.24014,3.0705,0.14429,0.24014,107.44,3.3972,12.786,0.24014,0.13041,0,1.0962,0.20894,0.10058,0.55515,0.7739,2.6947,1.2855,9.4791,4.7862,0.025949,0.13041,17.562,20.783,2.6716,0.20894,1.8732,,0.7739,0.11347,0.40704,0.010965,0.11347,174.48,174.48,,11.661,0,0.18339,0.099594,11.661,0.078209,0.048116,8.7978,8.7978,50961,0.11726,0.23931,0.88274,0,,2.092,15.503,23.544,20.933,0
0.80516,0.15843,0.83259,6.2554,153.91,0,0.80516,5.3121,2.4752,0.84157,0.8128,5.0822,0.32699,0.80516,71.446,5.1087,6.3121,0.80516,0.32529,16.639,2.3012,0.8128,0.32529,1.3235,0.80516,5.1087,106.43,92.684,3.0408,0.00411,0.32835,34.628,10.541,10.541,0.80529,2.4752,,0.84157,0.32534,0.98404,0.006464,0.32838,123.15,106.51,7.1359,5.5432,24.662,0.8086,0.32668,6.2554,0.15843,0.094872,93.684,93.684,914.6,0.32534,0.95673,0.67582,0,21.937,3.4269,23.362,15.624,275.54,0
-0.076132,0.8719,-0.38901,0.53992,-203.79,0,-0.076132,0.14692,3.2437,0.1281,-0.073505,-0.090042,0.19339,-0.076132,507.32,0.71946,1.1469,-0.076132,-0.023471,39.622,0.88129,0,-0.023471,-0.38814,0.038734,0.71946,0,-0.71576,3.8939,0.26849,-0.044285,152.1,2.3998,2.3272,0.019111,3.2437,8.5713,0.14028,0.005892,0.012165,0.041316,0,50.212,10.589,-0.21621,0.12347,63.341,-0.70343,-0.21686,0.52358,0.84552,0.4167,0.2357,0.25811,-3047.1,0.37446,-0.59432,0.62636,0.095077,9.212,34.468,95.143,3.8363,5.9683,0
0.10127,0.57986,-0.051976,0.91036,-6.5884,0,0.12624,0.72456,2.993,0.42014,0.14946,0.21771,0.042179,0.12624,1676.6,0.21771,1.7246,0.12624,0.042179,0,1.978,0.14946,0.033836,0.23134,0.10127,0.17464,6.4359,-0.11009,3.3415,0.11281,0.04218,74.432,4.9038,4.9038,0.14947,2.993,,0.42014,0.049939,0.41786,0.12932,0.049938,34.828,34.828,,0.91036,0,0.14946,0.049938,0.91036,0.57986,0.20392,0.88991,0.88991,-114.1,0.049939,0.24104,0.95782,0,,10.48,70.715,5.1615,6.3395,0
0.036503,0.77648,0.11551,1.4775,-33.336,0.005667,0.048858,0.10659,1.0317,0.082765,0.048858,0.20195,-0.007418,0.048858,-35124,-0.010392,1.2879,0.048858,0.044915,21.417,1.2783,0.11847,0.033557,0.00488,0.082765,-0.026303,1.1236,0.17977,6.0766,0.70276,0.044915,83.756,4.3579,0.15257,0.11847,1.1824,0.54929,0.61731,0.1089,0.68865,0.41483,0.1089,64.035,42.618,0.57191,1.2136,22.097,0.17539,0.16124,0.46035,0.24193,0.22947,0.12881,0.96071,137790,0.030773,0.44105,0.96923,6.4586,17.043,8.5645,81.178,4.4963,1.6929,0
0.092865,0.47717,0.15888,1.3896,-21.703,0,0.1186,1.0957,1.6991,0.52283,0.13401,0.29085,0.088348,0.1186,1160.3,0.31459,2.0957,0.1186,0.069803,53.499,1.2512,0.12844,0.054656,0.19476,0.49802,0.26065,8.3334,0.36664,4.4505,0.25743,0.078332,94.555,3.8602,3.2988,0.12498,1.6991,6.7971,0.56956,0.073556,0.10449,0.09944,0.075595,112.58,59.079,0.37289,0.77891,57.746,0.096933,0.05705,1.1875,0.40778,0.25906,1.2065,1.3144,4482.7,0.073556,0.17762,0.9315,0.089378,6.8226,6.1782,87.6,4.1667,3.9209,0
0.023542,0.76258,0.13758,1.3198,-19.081,0.046365,0.025221,0.23435,1.019,0.17871,0.025221,0.058619,0.016896,0.025221,5738,0.063611,1.3113,0.025221,0.008785,36.114,1.3921,0.057987,0.0082,0.049795,0.17871,0.061409,0.20582,0.31834,5.6385,0.26284,0.008785,55.739,6.5484,0.076041,0.057987,2.9457,0.85384,0.51104,0.020197,0.02224,0.30847,0.020197,70.972,34.859,0.082874,0.65953,36.801,0.034699,0.012086,0.74461,0.43025,0.15271,0.41351,1.1825,59844,0.018668,0.13173,0.98133,1.8597,10.107,10.471,54.698,6.673,6.6432,0
0.019052,0.62234,0.009135,1.0153,-22.626,0,0.013581,0.60685,2.6436,0.37766,0.059779,0.022734,0.020735,0.013581,4144,0.088079,1.6068,0.013581,0.005137,23.125,1.2293,0.058787,0.007207,0.12742,0.24323,0.096869,1.2725,0.023217,5.674,0.22149,0.005919,84.612,4.3138,4.1409,0.066611,2.6436,485.56,0.37857,0.025197,0.063299,0.2074,0.022237,78.521,55.396,0.11375,0.73492,23.723,0.017554,0.00664,0.97459,0.59739,0.23181,0.95981,0.96211,4312.2,0.025197,0.050446,0.9949,0.002394,15.784,6.5889,82.48,4.4253,6.7186,0
0.008855,0.75031,-0.13442,0.81002,-85.281,0.13257,0.011162,0.32605,1.0485,0.24464,0.011162,0.015776,0.051784,0.011162,3547.8,0.10288,1.3328,0.011162,0.007488,44.907,1.1083,0.064716,0.005941,0.16951,0.24464,0.099806,0.45519,-0.3149,5.0192,0.40544,0.007488,181.65,2.0094,0.086253,0.064716,1.511,9.1159,0.28739,0.043414,0.21095,0.18867,0.043414,103.79,58.882,0.048283,0.55082,47.085,-0.001314,-0.000882,0.76387,0.70755,0.49767,0.5731,0.67326,-14048,0.046245,0.036197,0.95376,0.17476,8.1278,6.1989,173.25,2.1068,3.4921,0
0.072817,0.33289,0.34248,2.0694,34.416,0.27856,0.090349,1.8239,1.074,0.60716,0.090349,0.28212,0.073302,0.090349,887.86,0.4111,3.004,0.090349,0.048394,34.009,1.2529,0.12361,0.039003,0.34599,0.60716,0.35844,0.71112,1.0155,4.8196,0.15067,0.048394,67.246,5.4278,0.37133,0.12361,1.8804,38.682,0.6198,0.066211,0.18235,0.064335,0.066211,118.15,84.142,0.4186,1.5262,36.526,0.077111,0.041303,1.9909,0.32025,0.18424,1.8002,1.8377,22605,0.068919,0.11993,0.93108,0.020811,10.732,4.3379,62.611,5.8296,5.5355,0
0.014133,0.73412,-0.059985,0.90689,-43.834,0,0.019784,0.36217,1.6752,0.26588,0.040436,0.030708,0.025476,0.019784,6278.8,0.058132,1.3622,0.019784,0.01181,16.081,1.1323,0.040312,0.008437,0.10534,0.2637,0.050434,1.9519,-0.14429,4.4405,0.43785,0.022377,144.22,2.5309,2.2211,0.044602,1.6752,5.6813,0.35573,0.026625,0.097186,0.38717,0.024064,113.67,97.585,0.19149,0.79234,16.521,0.01742,0.010399,0.7959,0.64427,0.39512,0.63957,0.85571,-1654.1,0.026625,0.053155,0.98819,0.33795,22.697,3.7403,140.38,2.6001,4.0296,0
-0.14575,0.83461,-0.15393,0.81556,-81.723,-0.16016,-0.13613,0.19152,1.0169,0.15984,-0.13613,-0.16311,-0.059011,-0.13613,-2554.7,-0.14287,1.1982,-0.13613,-0.067368,52.955,0.98855,0.029501,-0.072126,-0.15045,0.15984,-0.15439,0.14845,-0.48207,4.8687,0.41084,-0.067368,153.29,2.381,0.035347,0.029501,2.0287,,0.15984,0.014599,0.005502,0.59149,0.014599,122.12,69.165,-0.49714,0.46429,53.848,0.012612,0.006242,0.81556,0.83461,0.41999,0.50058,0.50058,-11377,0.016572,-0.91181,0.98343,0,6.8926,5.2772,150.75,2.4212,6.3282,0
0.16169,0.59243,0.40265,1.6804,-39.452,0,0.20252,0.68796,2.3401,0.40757,0.23244,0.34223,0.087834,0.20252,1052,0.34695,1.688,0.20252,0.086543,2.7816,1.3103,0.22681,0.069095,,0.38327,0.27803,7.5817,72.299,3.3133,0.25316,0.086543,102.29,3.5682,3.5642,0.22859,2.3401,,0.40757,0.097681,1.0408,0.085922,0.096923,59.042,56.26,9.0666,1.6503,3.0827,0.22379,0.095632,1.6786,0.59178,0.28026,73.182,73.182,828.48,0.097682,0.39672,0.91425,0,131.22,6.4877,92.302,3.9544,420.19,0
0.33802,0.000146,0.9964,6845.8,317.64,0,0.3596,6868.5,1.1123,0.99985,0.37812,2470.3,0.37132,0.3596,0.12864,2837.4,6869.5,0.3596,0.32328,0,0.57857,0.3718,0.30388,-0.086741,0.93246,2689.1,20.08,288.09,2.8704,-0.50134,0.33993,0.048086,7590.5,7590.5,0.0074,1.1123,,0.99985,0.006652,4303.2,0.000011,0.33424,121.45,121.45,,6845.8,0,0.31836,0.28621,6845.8,0.000146,0.000132,289.09,289.09,739.24,0.006652,0.33807,0.75938,0,,3.0053,0.047767,7641.3,321.61,0
-0.020378,0.77437,-0.13757,0.80782,-138.77,0.23033,-0.020378,0.29137,1.4111,0.22563,-0.01495,-0.028468,0.003254,-0.020378,61564,0.005929,1.2914,-0.020378,-0.014441,35.579,0.81292,0,-0.014441,0.2696,0.20995,0.005929,0,-0.32618,4.0835,0.48988,-0.028883,219.59,1.6622,1.5365,0.010496,1.4111,28.274,0.24121,0.007438,0.35906,1.0338,0,83.09,47.511,-0.14815,0.61566,42.196,-0.024969,-0.017695,0.74673,0.71581,0.60162,0.53497,0.57193,-1667.2,0.15681,-0.090317,0.8491,0.069081,10.259,7.6824,185.16,1.9713,3.3457,0
0.036254,0.61417,0.066258,1.1086,-75.197,0.057697,0.037315,0.62627,1.0065,0.38464,0.037315,0.061135,0.070464,0.037315,3557.7,0.10259,1.6282,0.037315,0.041729,64.766,1.2993,-0.002449,0.040542,0.071592,0.38464,0.10087,-0.02756,0.2049,5.0717,0.68534,0.041729,250.76,1.4556,-0.003987,-0.002449,0.95413,136.25,0.38844,-0.002738,0.14602,0.86861,-0.002738,239.81,175.04,0.22848,0.84859,65.187,-0.028143,-0.031473,1.1017,0.61037,0.68701,1.1895,1.2012,7815.4,0.006447,0.094254,0.99355,0.009883,5.6356,2.0853,249.14,1.465,2.7653,0
0.089316,0.79216,-0.097084,0.87344,-26.584,-0.1566,0.087967,0.26238,3.0124,0.20784,0.11496,0.11468,0.041016,0.087967,2340.2,0.15597,1.2624,0.087967,0.029202,13.632,1.5041,0.11496,0.02965,-0.19758,0.12015,0.15767,4.2594,-0.29418,4.057,0.26095,0.036788,96.642,3.7768,3.6572,0.11527,3.0124,22.925,0.23216,0.038265,0.010155,0.1754,0.038161,80.237,66.605,0.79388,0.72677,14.174,0.079369,0.026348,0.84578,0.76707,0.26477,0.62981,0.70349,-1107.1,0.038265,0.42973,0.9708,0.117,26.775,5.4801,92.944,3.9271,9.128,0
0.002669,0.47659,0.23826,1.4999,-19.192,0,0.004038,1.0982,2.8242,0.52341,0.004038,0.008472,0.00143,0.004038,43082,0.008472,2.0982,0.004038,0.00143,50.11,,0.021694,0.000945,0.004038,0.28966,0.0056,1.2287,0.83559,2.4657,0.16828,0.007003,102.88,5.8828,5.8828,0.020736,2.8254,,0.52341,0.007342,0.0028,0.73228,0.007682,92.216,42.106,0.006884,0.81634,50.476,0.021694,0.007682,1.4999,0.47659,0.16999,1.8356,1.8356,69.63,0.40128,0.005099,0.59856,0,7.2839,8.6686,61.595,5.9258,9.9045,1
0.006368,0.38765,0.13341,1.3635,-72.505,-0.031231,0.009448,1.4318,1.0144,0.55502,0.009448,0.025739,0.029925,0.009448,4062.4,0.089849,2.5797,0.009448,0.008118,111.48,1.0528,0.023463,0.005471,-0.02016,0.55502,0.081904,0.20449,0.26708,4.1467,0.33119,0.008118,116.77,3.1258,0.060527,0.023463,1.1744,7.0439,0.5756,0.020159,0.016542,0.26092,0.020159,155.04,43.564,0.017914,0.395,113.09,-0.001919,-0.001649,1.2911,0.36706,0.31991,1.1111,1.1523,1870.4,0.014199,0.011474,0.9858,0.037086,3.2741,8.3784,115.11,3.1709,2.33,0
0.042232,0.41097,0.1427,1.349,5.305,0.17212,0.053916,1.3246,1.0324,0.54436,0.053916,0.13186,0.037845,0.053916,1909.8,0.19112,2.4333,0.053916,0.025978,19.836,1.2406,0.050106,0.020349,0.22295,0.54436,0.16269,0.24924,0.31822,5.4182,0.1957,0.025978,74.235,4.9168,0.12192,0.050106,2.0937,209.34,0.54646,0.024143,0.013348,0.18079,0.024143,96.044,76.208,0.37443,1.0731,20.478,0.025478,0.012276,1.3421,0.40887,0.20338,1.2139,1.2186,37375,0.03134,0.077581,0.96866,0.003851,18.4,4.7895,71.908,5.0759,4.6282,0
0.085955,0.13373,0.26271,3.1082,46.807,0.25202,0.10709,5.9374,1.1284,0.79401,0.10709,0.85934,0.19939,0.10709,262.77,1.389,7.4778,0.10709,0.11495,63.961,1.0802,0.09293,0.092264,0.31392,0.79401,1.231,1.1255,0.4288,5.0207,0.10506,0.11495,55.091,6.6254,0.69491,0.09293,0.98064,24.592,0.80312,0.09975,0.3065,0.025622,0.09975,136.79,72.826,0.52651,1.7981,72.171,0.014262,0.015309,2.8964,0.12462,0.15093,1.296,1.3109,27553,0.11376,0.10825,0.88624,0.011476,5.7066,5.0119,48.824,7.4759,1.5206,0
0.087902,0.14851,0.39643,7.6171,63.629,0,0.10958,5.7334,1.275,0.85149,0.11769,1.8291,0.15207,0.10958,279.58,1.3055,6.7334,0.10958,0.085945,58.735,1.1063,0.1161,0.068943,0.31359,0.6358,1.1596,14.32,0.7292,4.9672,0.033317,0.089854,18.81,19.405,7.828,0.11243,1.275,2.9114,0.93776,0.088183,1.7813,0.024702,0.091058,100.09,41.354,0.42843,4.1925,64.416,0.03179,0.024934,3.0728,0.05991,0.051533,1.5662,1.7249,36761,0.088183,0.10323,0.91478,0.10132,6.2143,8.8262,17.151,21.282,2.3452,0
0.17558,0.26153,0.17216,1.6622,20.322,0.51581,0.18096,2.8045,1.1505,0.73348,0.18096,0.69613,0.13962,0.18096,419.7,0.86966,3.8236,0.18096,0.11109,21.063,1.1261,0.20936,0.10778,0.52601,0.73348,0.84907,1.4786,0.30315,4.9049,0.086901,0.11109,67.014,5.4467,0.80052,0.20936,1.642,214.67,0.73505,0.12852,0.46476,0.033608,0.12852,69.75,48.687,1.8678,1.3006,24.233,0.16288,0.099987,1.6522,0.25996,0.1836,1.2916,1.2944,13831,0.13082,0.23938,0.86918,0.002147,17.329,7.4969,58.247,6.2664,2.8686,0
0.13352,0.38931,0.55848,2.6438,78.765,0,0.13352,1.5686,1.6678,0.61069,0.13358,0.393,0.080059,0.13352,1064.3,0.34296,2.5686,0.13352,0.080059,46.468,0.91871,0.15198,0.080059,0.31555,0.51997,0.34296,2428.5,5.4874,3.7489,0.014362,0.080096,246.01,4.6468,4.0551,0.089684,1.7439,,0.61069,0.053775,1.0776,0.085387,0.091128,116.46,69.989,0.62885,2.0189,49.089,0,0,2.3072,0.33974,0.67399,6.0003,6.0003,3132.3,0.69775,0.21864,0.90531,0,7.8548,5.2151,74.355,4.9089,16.387,0
0.003861,0.18083,0.25001,2.6351,-32.549,0,0.005985,4.5301,0.60847,0.81917,0.011308,0.039146,0.1472,0.005985,736.91,0.49531,5.5301,0.005985,0.009837,15.18,1.0184,0.000328,0.006345,0.065854,0.37787,0.48356,0.061637,0.41872,5.9117,0.28985,0.016528,96.4,3.7863,3.2015,0.029541,0.60847,,0.81917,0.04855,1.7918,0.071835,0.000539,77.355,62.175,0.15256,2.4696,15.955,-0.083253,-0.13682,2.2282,0.1529,0.26411,1.3719,1.3719,204010,0.04855,0.004713,0.99037,0,24.044,5.8705,91.719,3.9795,1.0191,0
0.062527,0.69636,0.082012,1.1477,-34.563,0,0.079018,0.43604,1.3201,0.30364,0.088396,0.14231,0.06953,0.079018,2769.1,0.13181,1.436,0.079018,0.059857,54.912,1.5726,0.079023,0.047365,0.17072,0.29026,0.10813,8.4272,0.2261,4.1747,0.52034,0.060434,163.18,2.2368,1.7836,0.078103,1.3201,6.5563,0.37055,0.059164,0.019597,0.25288,0.059861,173.19,118.28,0.31483,0.79002,58.365,0.066254,0.050188,0.91515,0.55526,0.44707,0.83711,1.0216,1226.2,0.059164,0.20592,0.94062,0.22035,6.647,3.0859,153.53,2.3774,3.6394,0
-0.085336,0.56572,0.70723,4.1178,-2.078,0,-0.085336,0.76765,1.3085,0.43428,-0.062414,-0.3762,-0.053904,-0.085336,-2927.6,-0.12467,1.7677,-0.085336,-0.065218,198.61,1.0361,-0.062414,-0.065218,-0.05414,0.25062,-0.12467,-2.7228,10.727,2.9613,0.43185,-0.0477,60.035,6.0798,2.4378,-0.070666,1.3085,0.65537,0.77316,-0.054007,0.016689,-0.39609,-0.0477,259.51,60.897,-0.11986,0.97908,188.43,-0.077218,-0.059014,1.6511,0.22684,0.16448,6.5871,11.727,646.96,-0.054006,-0.1965,1.0648,0.78034,1.8378,5.9937,63.277,5.7682,19.847,0
-0.34863,1.4673,-0.60003,0.58995,-87.241,-0.80433,-0.34863,-0.3185,3.2503,-0.46735,-0.34838,-0.23824,-0.09742,-0.34863,-1691.4,-0.2158,0.6815,-0.34863,-0.10726,28.439,0.7128,-0.34838,-0.10726,-1.153,-0.91974,-0.2158,-1395.1,-4.3892,2.4414,0.4224,-0.10718,146.49,2.4916,2.4848,-0.39564,3.2503,,-0.46735,-0.12172,0.079909,-0.15459,-0.10718,83.813,55.374,-1.3766,0.41689,25.353,-0.38035,-0.11702,0.58834,1.4633,0.40135,-3.4186,-3.4186,-165.8,-0.12172,0.74597,1.1049,0,12.835,6.5916,164.33,2.2212,23.776,0
0.07227,0.47519,-0.024821,0.91907,-15.414,0.13742,0.090095,1.0841,1.0436,0.51516,0.090095,0.29377,0.062613,0.090095,1136.1,0.32126,2.1044,0.090095,0.036952,10.738,1.0627,0.10569,0.029642,0.17269,0.51516,0.28375,0.45237,-0.034563,3.9609,0.19374,0.036952,47.911,7.6182,0.22242,0.10569,2.4487,1.247,0.68366,0.043349,0.011799,0.09285,0.043349,41.654,30.916,1.0075,0.68517,11.206,0.043125,0.017688,0.59316,0.30668,0.13126,0.71735,0.95199,-226.83,0.041743,0.14029,0.95826,0.3271,33.99,11.806,45.911,7.9501,3.3951,0
0.032891,0.60346,0.11791,1.1988,-14.306,0,0.032891,0.65711,3.092,0.39654,0.044501,0.055463,0.025874,0.032891,2753.2,0.13258,1.6571,0.032891,0.010637,25.251,1.2951,0.04189,0.010637,0.091755,0.29764,0.13258,3.6081,0.40789,3.6789,0.18841,0.013915,70.345,5.1887,5.099,0.014986,3.092,47.635,0.40697,0.004847,0.076383,0.22601,0.013548,78.576,53.325,0.15376,0.83812,25.374,-0.005223,-0.001689,1.1781,0.59303,0.19273,1.3718,1.4079,562.96,0.004847,0.082946,0.9895,0.026313,14.455,6.8448,70.004,5.214,10.697,0
-0.01071,0.84638,-0.30456,0.61234,-141.3,-0.01071,-0.001943,0.1815,1.0505,0.15362,-0.001943,-0.002473,0.028126,-0.001943,5933.8,0.061512,1.1815,-0.001943,-0.00105,72.021,0.92204,0.046284,-0.005786,-0.001943,0.15362,0.051153,,-0.58692,4.2961,0.45397,-0.00105,162.74,2.2428,0.054685,0.046284,1.8624,1.9076,0.21435,0.025005,0.008496,0.27746,0.025005,93.548,21.527,-0.029323,0.14745,75.656,-0.007721,-0.004171,0.56841,0.78565,0.44586,0.29604,0.41308,-6023,0.048052,-0.069717,0.95195,0.39533,5.068,16.955,154.92,2.3561,3.5671,1
0.10515,0.056836,0.79415,14.973,261.65,0.4796,0.13229,13.614,1.1163,0.77378,0.13229,2.3275,0.1424,0.13229,114.96,3.1749,17.595,0.13229,0.1044,0,1.0015,0.13274,0.082984,0.57804,0.77378,2.6975,1.1694,5.3294,4.8917,-0.31012,0.1044,18.276,19.972,2.3354,0.13274,1.2735,,0.77378,0.10475,7.987,0.01033,0.10475,114.37,114.37,,14.973,0,0.084578,0.066747,14.973,0.056836,0.05007,5.1927,5.1927,61881,0.1042,0.1359,0.8958,0,,3.1915,16.371,22.295,8.5035,0
0.097765,0.23518,0.45304,3.5413,11.396,0,0.12836,3.252,2.4243,0.76482,0.15641,0.72001,0.068392,0.12836,517.73,0.705,4.252,0.12836,0.052945,57.285,1.1091,0.15609,0.040327,0.48951,0.70662,0.57493,5.5639,1.2288,3.934,0.073588,0.053614,29.065,12.558,9.519,0.18562,2.4243,4.9654,0.81533,0.076565,0.33464,0.040505,0.064387,86.067,28.782,0.25695,1.407,62.035,0.11865,0.04894,2.6843,0.17827,0.079631,2.0744,2.2114,3892,0.076565,0.12783,0.9472,0.066048,6.3717,12.682,26.84,13.599,6.5754,0
0.15502,0.5395,0.30656,1.7455,13.613,0.2817,0.18069,0.75723,1.0254,0.40853,0.18069,0.43943,0.041755,0.18069,784.89,0.46503,1.8536,0.18069,0.030072,4.9039,1.2672,0.17767,0.025801,0.34567,0.40853,0.41746,0.30322,1.0861,4.0658,0.045638,0.030072,25.614,14.25,0.32932,0.17767,6.0499,4.9647,0.53684,0.02957,0.66199,0.071559,0.02957,27.066,22.162,1.9204,1.5492,5.0286,0.10747,0.017887,1.3304,0.41119,0.070175,1.4474,1.902,3567.4,0.024803,0.37947,0.9752,0.31408,74.431,16.47,24.979,14.612,21.287,0
0.15005,0.69554,0.29243,1.4464,-37.788,-0.084067,0.18533,0.43773,2.4297,0.30446,0.21351,0.28291,0.076277,0.18533,1369.8,0.26645,1.4377,0.18533,0.076277,64.945,1.4684,0.21326,0.061758,0.27738,0.065986,0.21574,7.5681,5.5698,4.1216,0.28627,0.076277,107.75,3.3874,3.1903,0.21067,2.4297,,0.30446,0.086708,0.14202,0.10872,0.087772,128.36,63.417,0.34709,0.78644,71.111,0.21326,0.087772,1.3622,0.65507,0.29521,5.799,5.799,3868.8,0.086708,0.49285,0.92385,0,5.6201,5.7556,98.408,3.709,46.278,0
0.12239,0.17206,0.33306,3.9616,55.888,0,0.18304,4.8119,1.546,0.82794,0.18761,1.6276,0.14222,0.18304,285.61,1.2779,5.8119,0.18304,0.1184,29.477,1.3254,0.18167,0.079166,0.54633,0.75727,0.92545,39.737,0.60067,5.5028,0.034658,0.12135,29.992,12.17,7.9543,0.17741,1.546,10024,0.82797,0.11475,1.0664,0.026248,0.11751,76.868,47.391,0.98027,2.8514,33.298,0.14483,0.093676,2.5893,0.11246,0.082169,1.4932,1.4932,106000,0.11475,0.14783,0.88397,0.000039,12.383,7.7019,26.55,13.748,2.7882,0
0.012468,0.53108,0.094093,1.2285,-11.975,0.082968,0.017448,0.78951,1.0076,0.4193,0.017448,0.042371,0.024647,0.017448,3175.6,0.11494,1.8829,0.017448,0.007045,24.182,1.469,0.031632,0.005035,0.093871,0.4193,0.10556,0.12869,0.19043,5.3513,0.2102,0.007045,61.151,5.9688,0.059562,0.031632,2.4972,2.8655,0.53858,0.012773,0.050581,0.23211,0.012773,71.488,47.306,0.075989,0.83004,24.366,-0.01196,-0.004829,0.95257,0.4118,0.16754,0.84859,1.09,21130,0.007524,0.029736,0.99248,0.28449,15.094,7.7157,60.691,6.0141,5.0122,0
0.068377,0.68788,0.13368,1.3088,-11.153,0,0.078243,0.45374,1.8311,0.31212,0.10719,0.18075,0.068427,0.078243,2003.8,0.18215,1.4537,0.078243,0.042729,32.566,1.0173,0.1043,0.037341,,0.29012,0.16781,3.6025,0.30841,3.3566,0.29854,0.05537,91.607,3.9844,2.5074,0.10631,1.8311,1.594,0.56506,0.058059,0.37768,0.1515,0.056958,80.345,47.779,0.41853,0.93139,34.573,0.057241,0.03126,0.82364,0.43289,0.25098,0.72011,1.3037,303.86,0.058059,0.21908,0.95747,0.81042,11.208,7.6394,86.288,4.23,4.2247,0
0.022494,0.45822,0.40984,2.0037,73.185,0,0.029133,1.1824,1.6347,0.54178,0.036436,0.071347,0.030149,0.029133,3393.4,0.10756,2.1824,0.029133,0.017821,12.216,1.2378,0.018928,0.01376,0.30177,0.33515,0.093072,2.5919,2.254,4.1631,0.05877,0.017972,92.008,3.967,3.5351,0.014888,1.6347,,0.54178,0.009107,0.96018,0.39082,0.011579,95.138,82.922,0.41113,1.8697,12.328,-0.001225,-0.000749,1.7855,0.40833,0.25208,2.9796,2.9796,5966.2,0.009107,0.041518,0.98242,0,29.879,4.4017,91.17,4.0035,8.9905,0
-0.12039,0.43996,0.13426,2.1946,3.2329,-0.18064,-0.10089,1.2191,0.89787,0.53637,-0.10089,-0.89768,-0.027152,-0.10089,-8578.8,-0.042547,2.2729,-0.10089,-0.14634,65.646,1.02,-0.080473,-0.17462,-0.1719,0.53637,-0.086866,-1.048,0.17822,5.0868,0.58584,-0.14634,53.425,6.832,-0.18291,-0.080473,0.69453,0.37445,0.86394,-0.11673,0.35753,8.5228,-0.11673,109.31,43.665,-0.97092,1.0914,58.941,-0.16264,-0.23591,0.56062,0.11239,0.14637,0.71198,1.1468,16395,-0.11375,-0.22445,1.1138,0.61072,5.5601,8.3591,59.502,6.1342,0.91514,0
0.010768,0.73945,-0.06912,0.79333,-107.68,0,0.010768,0.35235,1.1252,0.26055,0.012551,0.032198,0.086072,0.010768,2786.9,0.13097,1.3523,0.010768,0.00957,56.948,1.3941,0,0.00957,0.040905,0.25526,0.13097,0,-0.094083,4.1521,0.65423,0.019902,130.15,2.8045,1.2685,0.006243,1.1252,0.49194,0.44302,0.005548,0.040243,0.28635,0,81.702,24.754,0.061339,0.26841,68.315,-0.086078,-0.076502,0.35881,0.33444,0.35656,0.35464,0.60302,-981.02,0.16639,0.04133,0.83668,0.70037,6.4094,14.745,108.49,3.3644,1.5315,0
0.20422,0.38392,0.27054,1.815,23.435,0,0.20422,1.6047,1.3558,0.61608,0.22032,0.61522,0.15063,0.20422,686.16,0.53194,2.6047,0.20422,0.15063,52.269,1.1218,0.2139,0.15063,0.44794,0.014375,0.53194,13.291,0.68059,5.1134,0.24212,0.1625,134.15,3.4705,3.0007,0.28848,1.3724,9.2472,0.66024,0.21277,0.17183,0.059828,0.15777,146.84,94.572,1.0518,1.2301,61.514,0,0,1.5693,0.33195,0.36754,1.5499,1.6609,35124,0.33386,0.33149,0.85119,0.071675,6.9831,3.8595,89.365,4.0844,3.4108,0
-0.16857,0.86463,0.16061,1.2012,-19.447,0.03467,-0.16857,0.15656,3.0133,0.13537,-0.069956,-0.21114,-0.051711,-0.16857,-2025.3,-0.18022,1.1566,-0.16857,-0.055942,36.386,0.95291,-0.073244,-0.055942,-0.13859,-0.1339,-0.18022,-0.74272,3.9188,3.5698,0.25476,-0.053218,95.934,3.8047,3.5133,-0.024364,3.0133,,0.13537,-0.008086,0.15103,-0.47643,-0.024307,101.56,65.172,-0.56118,0.82493,36.094,-0.085995,-0.028538,1.1092,0.7984,0.26283,3.3028,3.3028,596.48,-0.008086,-1.2453,1.0558,0,10.031,5.6006,96.709,3.7742,73.522,0
-0.04409,1.1786,0.0283,1.0896,-54.865,-0.13645,-0.042702,-0.15152,0.76971,-0.17858,0.1087,-0.1352,-0.020431,-0.042702,-27354,-0.013343,0.84848,-0.042702,-0.055478,63.609,1.1496,0.05436,-0.057281,,-0.18054,-0.014521,0.35904,0.043151,4.4068,1.5006,0.012992,158.41,2.3042,0.61751,0.041932,0.76971,0.24343,0.68414,0.054478,0.077681,0.48301,0.070624,151.56,87.953,-0.32869,0.66491,67.274,0.027384,0.035578,0.292,0.31585,0.43399,-0.27228,1.0431,722.06,0.054478,0.2469,1.051,-4.831,5.7382,4.15,149.78,2.437,1.1736,0
0.039128,0.65105,-0.074104,0.84657,-80.731,-0.19575,0.038365,0.53599,1.2436,0.34895,0.061208,0.079434,0.085732,0.038365,2228.9,0.16376,1.536,0.038365,0.03085,51.185,1.0926,0.060885,0.031464,-0.063984,0.020012,0.16493,2.6653,-0.12536,4.988,0.49361,0.043819,141.87,2.5727,1.9086,0.000997,1.2436,2.4927,0.44302,0.000802,0.1078,0.16805,0.04896,104.73,53.542,0.22437,0.4855,51.226,-0.007364,-0.005922,0.62803,0.48298,0.38869,0.59032,0.74945,-7208.9,0.000802,0.11213,0.97065,0.26957,7.131,6.8171,141.76,2.5748,2.1037,0
0.026911,0.46941,0.10003,1.2131,-33.046,-0.002208,0.033934,1.0079,1.0246,0.4731,0.033934,0.07229,0.035814,0.033934,1752.1,0.20832,2.1303,0.033934,0.012428,45.275,1.1345,0.067768,0.009856,-0.00174,0.4731,0.19336,0.2543,0.23232,5.0289,0.16535,0.012428,64.293,5.6771,0.14437,0.067768,2.7444,,0.4731,0.024819,0.038434,0.11725,0.024819,73.71,28.435,0.079457,0.49158,46.388,0.003914,0.001434,1.2131,0.46941,0.17615,1.0988,1.0988,10692,0.024006,0.056882,0.97599,0,8.0619,12.836,62.75,5.8167,6.3416,0
0.19879,0.14875,0.39134,3.6349,73.823,0.48953,0.24729,5.6754,1.2393,0.8442,0.24729,1.665,0.25459,0.24729,189.4,1.9271,6.7229,0.24729,0.21963,58.386,1.0966,0.21704,0.17656,0.60994,0.8442,1.6011,2.389,0.8505,4.9907,0.047093,0.21963,59.67,6.117,1.4591,0.21704,1.1633,1605.6,0.84442,0.19276,0.86673,0.019073,0.19276,133.28,74.894,1.1037,2.4223,72.359,0.17768,0.15781,3.6294,0.14852,0.16348,1.8347,1.8352,38303,0.19311,0.23548,0.80689,0.000265,6.2515,4.8736,48.147,7.581,2.447,0
0.034805,0.76512,0.044942,1.1122,-49.105,0,0.034805,0.30698,1.279,0.23488,0.037239,0.086878,0.13221,0.034805,1651.5,0.22101,1.307,0.034805,0.027213,34.902,1.5596,0,0.027213,0.040444,0.2337,0.22101,0,0.081057,4.6293,0.596,0.061513,194.76,1.8741,0.98124,0.008943,1.279,1.5229,0.44713,0.006992,0.023879,0.18991,0,124.42,89.52,0.28458,0.8069,59.459,-0.13429,-0.105,0.58233,0.40061,0.5336,0.42363,0.80645,1914.2,0.413,0.14818,0.58781,0.90369,10.458,4.0773,114.33,3.1926,2.3068,0
0.22156,0.25472,0.66392,4.8574,188.85,0.27637,0.27353,2.9259,1.5067,0.74528,0.2773,1.5892,0.20122,0.27353,306.65,1.1903,3.9259,0.27353,0.18154,6.0239,1.0593,0.27346,0.14705,0.47832,0.66881,0.98626,72.599,4.0492,2.8155,0.15908,0.18154,50.939,7.1654,4.8417,0.27346,1.5067,9.8198,0.82788,0.18149,0.13186,0.028011,0.18149,197.03,191,8.9099,4.7129,7.3596,0.2438,0.16181,3.2822,0.17212,0.13956,4.5454,5.0492,434.13,0.18149,0.29729,0.81892,0.11084,60.592,1.911,41.694,8.7542,9.1895,0
0.001756,0.75316,0.20163,1.276,4.8274,0,0.0027,0.32774,2.2101,0.24684,0.016712,0.003696,0.001222,0.0027,101810,0.003585,1.3277,0.0027,0.001222,23.912,1.0371,0.013247,0.000795,0.24708,0.18491,0.002332,1.1874,2.9704,3.9071,0.3285,0.005775,132.8,3.0367,2.9453,0.022925,2.2323,60.885,0.25977,0.010373,0.074262,1.8951,0.005994,144.99,121.07,0.01213,0.27247,23.823,0.013247,0.005994,1.2376,0.73049,0.3293,3.6364,3.8269,1628,0.091515,0.007115,0.91346,0.052388,15.264,3.0147,120.64,3.0254,32.558,1
-0.25196,0.77096,-0.12146,0.7068,-56.725,0.075622,-0.25196,0.29682,1.7342,0.22884,-0.25169,-0.60825,-0.14529,-0.25196,-1116.8,-0.32681,1.2971,-0.25196,-0.14529,40.853,0.86128,-0.24472,-0.14529,0.058709,0.13071,-0.32681,-32.035,-0.17179,3.6966,0.44242,-0.14529,87.258,4.8332,2.5969,-0.24231,1.7577,,0.22884,-0.13973,0.008782,-0.10501,-0.14112,60.858,20.005,-1.2981,0.47735,35.386,-0.24472,-0.14112,0.37976,0.41424,0.2069,0.32366,0.32366,-604,0.000812,-1.1011,1.0003,0,8.9345,18.246,87.187,4.1864,2.4528,1
0.040638,0.28497,0.054619,1.3332,-18.423,0.095164,0.050327,2.4377,1.0467,0.69467,0.050327,0.30702,0.070786,0.050327,1811.8,0.20146,3.5091,0.050327,0.062053,24.732,1.2358,0.052912,0.050106,0.11783,0.69467,0.16746,0.68285,0.069893,5.19,0.33073,0.062053,77.214,4.7271,0.18567,0.052912,0.82229,1.3514,0.81572,0.065239,0.33974,0.15616,0.065239,73.288,48.556,0.7395,0.99795,25.886,0.045828,0.056505,0.76688,0.16392,0.21155,0.88893,1.0438,8460.3,0.044601,0.058501,0.9554,0.17426,14.758,7.5171,73.77,4.9478,1.0379,0
0.14186,0.45981,0.53169,2.201,80.962,0,0.17954,1.1748,2.2142,0.54019,0.22811,0.40555,0.09139,0.17954,829.37,0.44009,2.1748,0.17954,0.081085,14.247,1.1228,0.22045,0.064066,0.39689,0.38825,0.35814,4.5388,20.774,3.1193,0.20816,0.083281,80.971,4.5078,4.3402,0.21857,2.2142,,0.54019,0.098711,0.001109,0.063003,0.099563,160.54,146.3,1.6414,2.0058,15.807,0.19764,0.089258,2.1192,0.44271,0.22184,21.106,21.106,699.86,0.098711,0.2626,0.91225,0,25.62,2.4949,72.978,5.0015,86.513,0
0.058034,0.35927,0.27882,2.439,0.50103,-0.069073,0.072443,1.7834,3.1256,0.64073,0.085399,0.37386,0.05956,0.072443,704.42,0.51816,2.7834,0.072443,0.023177,31.558,0.77995,0.081049,0.018567,0.85049,0.53495,0.47805,6.2556,0.52866,3.1059,0.095528,0.023185,22.745,16.047,8.655,0.016094,3.1256,,0.64073,0.005149,0.33599,0.061487,0.025931,47.586,16.027,0.21475,1.0443,31.721,-0.032668,-0.010452,1.3154,0.19377,0.062315,1.2149,1.2149,355.84,0.005149,0.090575,0.97735,0,11.566,22.773,22.628,16.131,5.9263,0
0.093182,0.31146,0.293,2.629,6.6582,0.007539,0.11919,2.2107,1.023,0.68854,0.13193,0.66264,0.18892,0.11919,588.19,0.62054,3.2107,0.11919,0.1165,79.014,1.154,0.13065,0.091083,0.36562,0.66969,0.53705,10.257,0.55585,4.4237,0.26603,0.12768,74.18,4.9205,2.8416,0.138,1.023,2.7008,0.78162,0.13489,0.53283,0.050709,0.12771,134.52,55.503,0.42075,1.3977,91.334,0.056563,0.055288,1.5182,0.17987,0.20323,1.3062,1.4828,7772.6,0.13489,0.13533,0.88412,0.1352,4.6194,6.5762,64.173,5.6877,1.9408,0
0.084838,0.51009,0.031228,1.1248,-6.1766,0,0.094485,0.96045,1.0873,0.48991,0.13189,0.37767,0.12094,0.094485,1415.9,0.25779,1.9605,0.094485,0.0869,15.445,0.7648,0.11119,0.078028,0.021883,0.40858,0.23888,2.9724,0.043457,4.5755,0.4164,0.11735,85.332,4.2774,2.0979,0.017148,1.0873,1.0463,0.7149,0.015771,0.24099,0.11473,0.10226,74.229,58.784,1.844,0.94092,15.692,0.074179,0.068225,0.55169,0.25018,0.23379,0.68177,0.99486,1174.9,0.015771,0.17317,0.92559,0.45923,23.633,6.2092,83.986,4.346,1.5131,0
0.021594,0.75779,-0.044315,0.9408,-60.193,0.045276,0.022721,0.27466,1.0163,0.20814,0.022721,0.030352,0.024351,0.022721,4440.9,0.082191,1.3196,0.022721,0.008883,51.776,1.2693,0.046989,0.008443,0.043976,0.20814,0.080704,0.18671,-0.14984,4.9832,0.29371,0.008883,108.57,3.362,0.062007,0.046989,2.5867,37.04,0.21735,0.018371,0.018191,0.28785,0.018371,98.559,46.783,0.059518,0.45613,52.619,0.007426,0.002903,0.92936,0.74857,0.29744,0.70377,0.73494,-4263.4,0.016021,0.10375,0.98398,0.044289,7.0497,7.802,106.83,3.4168,8.6484,0
0.000299,0.1123,0.88669,8.8956,106.43,-0.005664,0.003276,7.9046,2.9028,0.8877,0.004799,0.029171,0.001793,0.003276,7876.8,0.046339,8.9046,0.003276,0.001129,1.4704,1.621,-0.012996,0.000103,,0.78449,0.019833,-8.5312,883.86,2.6852,-0.21322,0.001129,14.058,25.964,25.964,-0.012998,2.9028,,0.8877,-0.004478,6.632,-0.33821,-0.004477,31.965,30.494,0.025596,8.7915,1.4639,-0.014924,-0.005141,8.8956,0.1123,0.038515,884.86,884.86,429.55,-0.004479,0.000337,0.99888,0,248.23,11.97,14.121,25.848,2893.5,0
-0.003429,0.83228,0.24674,1.6682,-72.484,-0.051822,-0.003429,0.20152,1.4678,0.16772,0.060046,-0.009285,0.028707,-0.003429,7209.3,0.050629,1.2015,-0.003429,-0.002336,116.92,1.0814,0,-0.002336,0.19064,0.16383,0.050629,0,0.64263,4.1086,0.52215,-0.0068,116.06,3.1449,1.3955,0.011985,1.4678,0.31518,0.63053,0.008165,0.1817,0.60884,0,136.5,19.587,-0.007293,0.39499,147.76,-0.045566,-0.031043,0.74018,0.36929,0.31797,0.43682,1.6422,3168.4,0.20875,-0.020444,0.83508,2.7594,3.1219,18.634,91.832,3.9747,3.8228,0
0.01277,0.55356,0.24906,2.7452,38.353,0.00605,0.017093,0.8065,2.2759,0.44644,0.028814,0.11977,0.031051,0.017093,2859.1,0.12766,1.8065,0.017093,0.00751,0.31354,0.91347,0.028814,0.005611,0.22749,0.39943,0.11985,2.4583,0.40948,3.0681,0.24168,0.01266,23.11,15.794,4.0717,0.02202,2.2759,1.8741,0.65445,0.009675,0.11351,0.22396,0.01266,60.232,59.918,6.5317,2.7315,0.3166,-0.024762,-0.01088,0.70773,0.14271,0.063316,0.734,1.076,291.35,0.009675,0.028603,0.99257,0.46592,1164.1,6.0916,22.887,15.948,3.7419,0
-0.017269,0.6195,-0.031699,0.89704,2497.1,-0.000208,-0.01744,0.6142,0.67486,0.3805,-0.000482,-0.056646,-0.004201,-0.01744,-79763,-0.004576,1.6142,-0.01744,-0.025842,67.164,1.1062,-0.003019,-0.025589,0.011039,0.37333,-0.0043,-0.17805,-0.043794,5.4665,0.88559,-0.000714,230.74,1.6122,0.80123,-0.006302,0.67486,0.71505,0.59306,-0.009338,0.076227,1.7824,-0.004474,136.68,69.512,-0.13906,0.49368,91.317,-0.017624,-0.026115,0.4458,0.30787,0.62026,0.52568,0.81934,-9281,0.27834,-0.045385,0.76063,0.55863,5.4345,5.2509,166.51,2.192,0.93235,0
0.074996,0.48156,0.028701,1.0613,-50.934,0,0.074996,1.0766,2.0215,0.51844,0.078386,0.16006,0.05171,0.074996,1681.5,0.21706,2.0766,0.074996,0.0371,47.464,1.0177,0,0.0371,0.31331,-0.030728,0.21706,0,0.05709,4.0525,0.22739,0.0742,98.477,3.7065,3.6064,0.007944,2.0215,41.054,0.52415,0.00393,0.062438,0.54352,0,84.503,37.04,0.2853,0.50024,55.247,-0.029534,-0.01461,1.0326,0.46856,0.2698,1.0312,1.0426,323.89,0.14088,0.14466,0.86162,0.011013,7.6901,9.8543,84.603,4.3143,4.0209,0
0.085365,0.31196,0.13933,1.5301,-11.628,0.56083,0.085365,2.2055,1.3562,0.68804,0.097468,0.32481,0.116,0.085365,723.74,0.50433,3.2055,0.085365,0.062942,46.041,0.98307,0.093768,0.062942,0.42358,0.54694,0.50433,7.7476,0.23304,3.7957,0.20546,0.071866,75.755,4.8182,4.0591,0.08996,1.3562,4.7014,0.73719,0.06633,0.15268,0.062744,0.069138,97.427,51.386,0.49898,0.87918,49.312,0.021803,0.016076,1.2891,0.26281,0.20755,1.1508,1.233,870.35,0.06633,0.12407,0.93752,0.071431,7.9277,7.1032,70.73,5.1605,2.2685,0
0.039622,0.3685,0.2839,1.7704,-58.337,0.10948,0.049717,1.4999,1.0393,0.55272,0.049717,0.13492,0.098612,0.049717,1334.7,0.27347,2.7137,0.049717,0.04865,154.83,1.3675,0.049717,0.038772,0.1368,0.55272,0.24608,0.50562,0.81677,5.1045,0.21859,0.04865,136.79,2.6683,0.13492,0.049717,1.0355,,0.55272,0.04865,0.39784,0.12022,0.04865,180.66,25.828,0.091403,0.59408,160.91,-0.001341,-0.001312,1.7704,0.3685,0.37476,1.5901,1.5901,36117,0.037806,0.071686,0.96219,0,2.3575,14.132,131.62,2.7732,2.94,0
-0.053261,0.33506,-0.041782,0.8753,-89.765,-0.02412,-0.053261,1.9845,1.2257,0.66494,0.00097,-0.15896,-0.007495,-0.053261,-13312,-0.02742,2.9845,-0.053261,-0.043452,73.286,1.1987,0.000927,-0.043452,-0.049292,0.44938,-0.02742,0.017091,-0.059121,3.4726,0.26333,-0.03669,99.014,3.6863,3.6863,-0.009422,1.2257,,0.66494,-0.007687,0.063854,0.24819,0.000756,80.962,7.6761,-0.21641,0.14079,72.727,-0.043146,-0.035201,0.8753,0.33506,0.27127,0.94088,0.94088,-124.05,-0.007687,-0.080099,1.0431,0,4.9805,47.55,99.775,3.6582,1.7344,0
0.005728,0.78303,0.035517,1.0505,-202.63,0.070653,0.011894,0.23588,1.0725,0.1847,0.011894,0.016921,0.036804,0.011894,7364.4,0.049563,1.2771,0.011894,0.01128,197.11,0.95774,0.045606,0.005432,0.09215,0.1847,0.041688,0.46383,0.13579,5.0701,0.74039,0.01128,260.94,1.3988,0.058243,0.045606,1.0705,2.1096,0.26481,0.043249,0.009447,0.35498,0.043249,253.31,56.197,0.010059,0.24042,211.39,0.018691,0.017725,0.94305,0.70292,0.71491,0.70615,1.0124,4173.3,0.067563,0.031012,0.93244,0.43372,1.8518,6.495,243.31,1.5001,4.0315,0
0.12633,0.10095,0.16328,2.6175,94.39,0.22168,0.15361,8.7609,1.2478,0.88438,0.15361,1.5217,0.2589,0.15361,184.06,1.983,9.9063,0.15361,0.19867,5.9897,1.3964,0.15374,0.16339,0.2851,0.88438,1.7128,2.4811,0.22191,4.7228,0.12705,0.19867,59.462,6.1384,1.523,0.15374,0.7789,,0.88438,0.19884,0.030178,0.016568,0.19884,123.29,117.31,9.9567,2.4918,7.4738,0.10717,0.13861,2.6175,0.10095,0.16291,1.202,1.202,8624,0.19858,0.14285,0.80142,0,60.938,3.1115,47.654,7.6594,1.0508,0
0.18053,0.81795,0.46469,2.3225,17.1,0,0.23149,0.22257,3.1204,0.18205,0.23551,0.65884,0.07736,0.23149,1236.8,0.29513,1.2226,0.23149,0.074186,38.454,1.1577,0.21866,0.057855,0.82873,0.18053,0.23282,54.406,2.5263,4.5189,0.24623,0.075474,44.875,8.1336,3.4939,0.26257,3.1204,1.1387,0.60998,0.084145,0.14308,0.11929,0.070074,89.574,51.12,0.54915,1.3869,41.987,0.20876,0.0669,0.99768,0.35136,0.12295,0.98969,3.3161,15348,0.084145,0.99168,0.92635,2.3507,9.4917,7.1401,41.099,8.8809,16.964,0
0.10815,0.16196,0.46407,5.351,128.29,-0.080965,0.10815,5.1744,1.6326,0.83804,0.11022,1.014,0.086173,0.10815,420.18,0.86868,6.1744,0.10815,0.066244,19.053,1.2163,0,0.066244,0.26451,0.64204,0.86868,0,1.0811,4.4499,-0.002334,0.14973,35.713,10.22,6.7307,0.009122,1.6326,26.615,0.85628,0.005587,1.5727,0.16592,0,90.094,71.04,1.269,4.552,28.537,-0.032538,-0.01993,3.5239,0.10666,0.097843,1.9522,1.9947,13075,0.33232,0.12905,0.67887,0.021767,19.157,5.1379,23.845,15.307,3.8033,0
0.073071,0.6408,0.093552,1.146,-132.04,-0.089694,0.065998,0.55898,1.1196,0.35819,0.065998,0.10299,0.064628,0.065998,3218.6,0.1134,1.5606,0.065998,0.058695,149.52,1.5349,0.11868,0.064986,-0.091543,0.35819,0.12444,1.1818,0.35216,4.5728,0.54971,0.058695,232.9,1.5672,0.18521,0.11868,1.1278,,0.35819,0.10555,0.033592,0.16806,0.10555,231.39,81.871,0.15864,0.42718,167.41,0.11201,0.099619,1.146,0.6408,0.63808,1.3484,1.3484,3498.3,0.10685,0.204,0.89315,0,2.4411,4.4582,208.01,1.7547,4.2327,0
0.08109,0.6302,0.17476,1.5135,-17.887,0,0.08109,0.58681,0.93946,0.3698,0.10451,0.23828,0.14044,0.08109,1743.4,0.20937,1.5868,0.08109,0.086315,63.441,1.1878,0.10334,0.086315,0.2313,0.36977,0.20937,4.4121,0.36039,4.9971,0.60217,0.10398,145.67,2.5057,1.3531,0.086745,0.93946,2.0625,0.54037,0.092334,0.34026,0.13624,0.11,155.13,91.687,0.4966,1.0337,69.895,0.05249,0.055873,0.81733,0.34032,0.3991,0.7626,1.1143,17360,0.092334,0.21928,0.91567,0.46123,5.7534,3.9809,132.22,2.7606,1.9373,0
-0.1589,0.72936,-0.34443,0.52776,-73.966,-0.21964,-0.1589,0.37105,1.1776,0.27063,-0.14365,-0.21786,-0.085623,-0.1589,-2640.2,-0.13825,1.3711,-0.1589,-0.13493,0.092829,1.1012,-0.14682,-0.13493,-0.86105,0.25603,-0.13825,-9.6277,-0.55999,2.9038,0.61846,-0.12198,153.14,2.3837,2.3837,-0.56146,1.5957,,0.27063,-0.47677,0.002173,-0.27393,-0.12467,118.81,118.72,-530.54,0.002584,0.062879,-0.20489,-0.17398,0.52776,0.72936,0.41951,0.43999,0.43999,-276,-0.47615,-0.58715,1.0896,0,3932,3.0744,226.06,1.6146,1.9146,1
-0.28444,0.65541,0.34755,1.5327,-57.62,0,-0.28444,0.52576,2.7874,0.34459,-0.27994,-0.43596,-0.093814,-0.28444,-914.81,-0.39899,1.5258,-0.28444,-0.10204,84.575,0.68605,0,-0.10204,,0.081966,-0.39899,0,,2.5152,0.23513,-0.20409,112.78,3.2365,3.2218,0.000034,2.7874,,0.34459,0.000012,0.055141,0.95236,0,126.23,41.659,-0.44039,0.54275,111.64,-0.02294,-0.00823,1.5258,0.65245,0.30898,,,113.81,0.24245,-0.82544,0.7596,0,4.3157,8.7617,85.435,4.2723,,0
-0.20101,1.1405,-0.23419,0.79466,-41.678,-1.5401,-0.20101,-0.12318,7.223,-0.14049,-0.045718,-0.17625,-0.027829,-0.20101,-2070.9,-0.17625,0.87682,-0.20101,-0.027829,21.413,1.0791,-0.053155,-0.027829,-0.48515,-1.1403,-0.17625,-0.34229,-2.4992,1.9514,0.1579,-0.027829,57.341,6.3654,6.3654,-0.036715,7.223,,-0.14049,-0.005083,0.16005,-0.7152,-0.007359,36.574,15.161,-0.47437,0.42311,21.305,-0.053155,-0.007359,0.79466,1.1405,0.1571,-1.4992,-1.4992,-20.941,-0.005083,1.4308,1.0278,0,17.046,24.075,57.632,6.3333,77.081,0
-0.025779,0.57607,-0.034799,0.93959,-56.731,0.14788,-0.028167,0.69377,1.0158,0.39966,-0.028167,-0.048895,0.033513,-0.028167,3789.5,0.096319,1.7359,-0.028167,-0.017013,46.045,1.0256,0.021646,-0.01557,0.15789,0.39966,0.10046,0.13281,-0.07586,4.9862,0.30183,-0.017013,129.01,2.8293,0.037575,0.021646,1.6605,,0.39966,0.013074,0.13252,0.17986,0.013074,102.5,56.45,-0.12343,0.57702,46.774,-0.062008,-0.037452,0.93959,0.57607,0.35344,0.87123,0.87123,-3371.1,0.015572,-0.064503,0.98443,0,7.927,6.4659,127,2.8741,3.6092,0
-2.1693,5.8985,-5.0085,0.14805,-213.16,-2.7832,-2.1693,-0.83033,7.1646,-4.8977,-2.1693,-0.36901,-0.30278,-2.1693,-992.45,-0.36778,0.16953,-2.1693,-0.30278,26.207,,-2.1617,-0.30278,-2.1693,-4.9525,-0.36778,-124.57,-38.626,2.9601,0.80449,-0.30049,271.87,1.5875,1.5822,-2.1101,7.1797,,-4.8977,-0.29452,0.023448,-0.090957,-0.30171,37.317,11.11,-4.2171,0.11095,20.119,-2.1617,-0.30171,0.14755,5.8788,0.62991,-37.772,-37.772,-4569,-0.10159,0.44293,1.1072,0,13.928,32.852,299.49,1.2187,55.254,1
-0.012211,0.71538,-0.054544,0.89922,-286.75,0,-0.013467,0.39786,0.63881,0.28462,-0.011678,-0.024883,0.10558,-0.013467,3871.3,0.094285,1.3979,-0.013467,-0.021081,123.24,0.52028,0,-0.019115,0.03863,0.27955,0.09604,0,-0.10625,4.9941,1.1178,-0.038877,456.16,0.80016,0.60534,0.001151,0.63881,1.877,0.42899,0.001801,0.021318,0.2947,0,271.47,148.23,-0.056614,0.50068,181.79,-0.080916,-0.12667,0.68028,0.5412,1.2497,0.55445,0.83568,-5380.8,0.3221,-0.042902,0.68596,0.50723,2.9618,2.4623,309.23,1.1804,1.2444,0
0.14387,0.051454,0.80164,16.58,307.46,0,0.14387,18.435,2.018,0.94855,0.14687,2.7961,0.24087,0.14387,38.637,9.447,19.435,0.14387,0.071291,63.21,1.0949,0,0.071291,0.27037,0.85418,9.447,0,5.457,2.7242,-0.093847,0.16015,21.624,16.879,16.879,0.027001,2.018,,0.94855,0.01338,4.7328,0.005012,0,110.25,47.043,0.41166,9.7878,146.87,-0.34222,-0.16958,16.58,0.051454,0.059244,6.457,6.457,424.77,0.56962,0.15167,0.42756,0,5.7744,7.7588,9.3064,39.22,13.737,0
0.1364,0.21451,0.47323,3.2061,142.26,0.15933,0.16894,3.6617,1.1799,0.78549,0.1751,0.78755,0.16202,0.16894,409.57,0.89117,4.6617,0.16894,0.14318,25.146,0.94644,0.17236,0.11561,0.55289,0.77852,0.7395,27.99,1.5155,3.8559,-0.036336,0.14318,77.888,4.7075,4.7075,0.17463,1.1842,,0.78549,0.14801,1.2078,0.036746,0.14608,132.61,107.46,1.6781,2.8271,29.381,0.15013,0.12725,3.2061,0.21451,0.21243,2.5155,2.5155,3395.8,0.14801,0.17366,0.85795,0,14.515,3.3965,66.36,5.5003,3.7785,0
0.13645,0.39561,0.35745,3.2129,50.518,0,0.17111,1.5277,1.0732,0.60439,0.24333,1.0593,0.22321,0.17111,602.76,0.60555,2.5277,0.17111,0.15943,75.969,1.3514,0.20782,0.12714,0.31956,0.58605,0.51796,2.8775,0.74313,4.1922,0.24255,0.17309,68.14,5.3566,2.1872,0.20797,1.0732,1.2668,0.83774,0.19377,0.97539,0.047731,0.19364,122.92,46.951,0.61087,1.83,94.228,0.13937,0.12986,1.3119,0.16153,0.18668,1.2565,1.7416,5564.8,0.19377,0.22577,0.84626,0.3861,4.8046,7.7741,54.936,6.6441,2.2312,0
0.026012,0.22231,0.39128,2.7601,13.301,-0.08019,0.02908,3.4036,1.0235,0.75664,0.02908,0.13081,0.066566,0.02908,947.35,0.38528,4.4983,0.02908,0.0226,97.228,1.1475,0.034092,0.020216,-0.095418,0.75664,0.37148,0.27118,1.0126,5.2234,0.16429,0.0226,64.542,5.6552,0.15336,0.034092,1.298,,0.75664,0.026496,0.067836,0.080613,0.026496,169.78,72.549,0.075891,1.2183,99.511,-0.022479,-0.01747,2.7601,0.22231,0.17683,1.9581,1.9581,65446,0.02294,0.034378,0.97706,0,3.7541,5.0311,63.062,5.788,3.3298,0
0.047756,0.16498,0.18901,2.1457,33.352,0.19882,0.060356,4.802,1.1018,0.79223,0.060356,0.36584,0.20318,0.060356,463.37,0.78771,6.0614,0.060356,0.094362,78.937,0.74585,0.066462,0.074662,0.25408,0.79223,0.71133,1.1449,0.29259,4.4509,0.098575,0.094362,103.73,3.5187,0.40285,0.066462,0.6602,,0.79223,0.10391,0.63815,0.039864,0.10391,141.93,62.99,0.34523,1.3072,86.975,-0.003138,-0.004905,2.1457,0.16498,0.2842,1.2264,1.2264,5338.5,0.092417,0.06028,0.90758,0,4.624,5.7946,94.145,3.877,0.99012,0
0.013646,0.21892,0.22498,2.1462,12.012,0.15294,0.018683,3.4184,0.99883,0.74837,0.018683,0.095187,0.067686,0.018683,614.36,0.59412,4.5678,0.018683,0.009723,30.113,1.0592,0.012605,0.007101,0.19884,0.74837,0.57111,0.065517,0.38873,4.444,0.07935,0.009723,37.239,9.8016,0.057575,0.012605,1.9637,11.602,0.77101,0.006559,0.36891,0.05805,0.006559,66.261,36.148,0.086073,1.3385,30.078,-0.098779,-0.051404,1.9242,0.19628,0.10202,1.2931,1.3322,6253.5,-0.001168,0.018234,1.0012,0.030259,12.121,10.097,37.282,9.7902,3.3203,0
-0.22274,1.2882,-0.41709,0.67621,-92.996,-0.51333,-0.22334,-0.2454,0.95029,-0.31612,-0.22334,-0.17338,-0.069818,-0.22334,-2841.1,-0.12847,0.77631,-0.22334,-0.094225,31.902,0.89585,-0.18215,-0.093972,-0.49856,-0.31612,-0.128,-0.73028,-3.2349,4.5586,0.52251,-0.094225,188.5,1.9363,-0.1414,-0.18215,2.3922,,-0.31612,-0.076848,0.042533,-0.3407,-0.076848,125.7,93.797,-1.0752,0.51539,30.316,-0.24,-0.10125,0.67621,1.2882,0.51645,-2.4517,-2.4517,-15096,-0.052311,0.7046,1.0523,0,11.441,3.8914,198.36,1.8401,18.383,0
-0.26858,1.4655,-0.47086,0.67014,-469.75,-2.358,-0.26858,-0.31764,0.68032,-0.4655,-0.19668,-0.18815,-0.39478,-0.26858,-1991.6,-0.18327,0.68236,-0.26858,-0.39478,342.02,0.36794,-0.19965,-0.39478,-1.1313,-2.6177,-0.18327,-2.7769,-10.847,3.2212,2.1517,-0.30063,597.57,0.61081,0.59495,-0.19158,0.68032,,-0.4655,-0.28161,0.021706,-0.24468,-0.29346,496.6,154.58,-0.42131,0.22355,266.87,-0.19965,-0.29346,0.65274,1.4274,1.6372,-10.724,-10.724,-783.55,-0.28161,0.57697,1.3853,0,1.0672,2.3613,765.84,0.4766,15.672,0
0.20718,0.24924,0.61112,3.452,47.23,0,0.20718,3.0122,4.4285,0.75076,0.2089,0.83127,0.069927,0.20718,293.77,1.2425,4.0122,0.20718,0.046785,3.6765,1.2938,0.20665,0.046785,0.25312,0.20719,1.2425,120.43,4.3765,3.166,0.024213,0.046785,21.749,16.782,16.782,0.2457,4.4285,,0.75076,0.055483,0.695,0.026875,0.046663,56.635,52.959,4.6448,3.273,3.8925,0.10416,0.023521,3.452,0.24924,0.059587,5.3765,5.3765,895.69,0.055483,0.27597,0.95363,0,99.279,6.8922,20.543,17.768,31.714,0
0.28616,0.20126,0.75865,4.7695,126.59,0,0.35222,3.9688,2.2329,0.79874,0.35222,1.7501,0.1613,0.35222,203.96,1.7895,4.9688,0.35222,0.15774,11.266,1.1278,0.34932,0.12816,1.0883,0.083628,1.4613,,18.92,3.3289,-0.080684,0.15774,39.075,9.3409,9.3409,0.35297,2.2329,,0.79874,0.15808,2.0516,0.018778,0.15644,89.417,78.151,4.1522,4.4271,13.381,0.34138,0.15288,4.7695,0.20126,0.10706,19.92,19.92,1618,0.15808,0.35827,0.84246,0,32.399,4.6704,32.898,11.095,55.687,0
-0.013563,0.18967,-0.13145,0.30696,-230.11,0.008956,-0.013563,4.2723,0.96583,0.81033,-0.013563,-0.07151,-0.062944,-0.013563,-5465.5,-0.066782,5.2723,-0.013563,-0.0674,1.5106,1.0276,-0.006902,-0.0674,0.008956,0.81033,-0.066782,-0.33127,-0.13958,3.8276,0.86369,-0.0674,332.27,1.0985,-0.03639,-0.006902,0.20155,,0.81033,-0.034299,0.085342,-1.0384,-0.034299,76.242,74.731,-16.286,0.30257,1.459,-0.007799,-0.038755,0.30696,0.18967,0.91032,0.86042,0.86042,-883.86,-0.035378,-0.016738,1.0354,0,241.63,4.8842,344.02,1.061,0.21368,0
0.022712,0.70686,0.0366,1.0616,-18.35,0,0.027023,0.4147,1.467,0.29314,0.043566,0.045515,0.03961,0.027023,4440.2,0.082204,1.4147,0.027023,0.018421,7.4363,1.6918,0.042598,0.015482,0.05463,0.2642,0.076104,2.5751,0.099005,4.2732,0.40202,0.026227,157.57,2.3299,1.957,0.091597,1.467,7.437,0.37387,0.06244,0.32397,0.31978,0.029039,108.98,101.54,0.75992,1.0113,7.886,0.011515,0.00785,0.89173,0.59373,0.42921,0.79297,1.0114,1.0616,0.06244,0.077478,0.95056,0.27542,49.083,3.5947,147.73,2.4708,3.9683,0
0.03127,0.2554,-0.079421,0.66784,-65.923,0.069062,0.040957,2.6092,1.0517,0.66639,0.040957,0.1713,0.13501,0.040957,762.62,0.47861,3.9155,0.040957,0.045238,25.003,1.1017,0.046653,0.034538,0.088557,0.66639,0.44068,0.54191,-0.094513,4.6851,0.26016,0.045238,101.37,3.6006,0.18267,0.046653,0.92908,5.993,0.68269,0.051529,0.088572,0.065633,0.051529,55.837,30.834,0.5042,0.40845,26.294,-0.034626,-0.038245,0.62522,0.2391,0.27773,0.79302,0.81242,-3846.4,0.049128,0.046924,0.95087,0.024454,14.599,11.837,96.393,3.7866,1.0774,0
0.2353,0.26594,0.54165,3.0373,101.66,0,0.2353,2.7603,1.5761,0.73406,0.24754,0.88502,0.16472,0.2353,373.89,0.97623,3.7603,0.2353,0.14929,37.662,1.028,0.2165,0.14929,0.48342,0.2353,0.97623,17.692,2.8142,4.0378,-0.063245,0.14929,71.467,5.1072,5.106,0.21823,1.5761,9839.6,0.73413,0.13846,1.3844,0.036811,0.13736,101.77,64.107,1.4469,2.4256,43.714,0.19218,0.12194,3.0365,0.26587,0.1958,3.8139,3.8142,5909,0.13846,0.32055,0.85586,0.000089,9.6916,5.6936,61.572,5.928,8.1888,0
0.05144,0.81946,0.054155,1.0664,-12.989,0,0.05144,0.22032,3.3015,0.18054,0.070884,0.063076,0.026345,0.05144,3438.8,0.10614,1.2203,0.05144,0.015581,18.108,1.1824,0.069326,0.015581,0.22088,0.17958,0.10614,3.5653,0.41553,3.3181,0.24821,0.02142,92.234,3.9573,3.9383,0.074226,3.3015,,0.18054,0.022483,0.006771,0.26048,0.020998,95.537,77.429,0.31405,0.86556,18.525,0.033787,0.010234,1.0613,0.81552,0.2527,1.3853,1.3853,112.64,0.022483,0.28492,0.98443,0,20.156,4.714,90.161,4.0483,25.332,0
0.23695,0.040488,0.77293,20.09,2340.5,0,0.2981,23.699,0.32744,0.95951,0.2981,7.3628,0.92943,0.2981,48.559,7.5167,24.699,0.2981,0.91039,152.29,0.86331,0.22397,0.72363,0.97286,0.9582,6.0062,,4.1426,4.5815,-1.7933,0.91039,141.98,2.5707,2.5707,0.22336,0.32744,,0.95951,0.68213,15.507,0.005863,0.68399,206.86,54.57,1.7344,16.716,479.1,0.21774,0.66496,20.09,0.040488,0.38899,5.1426,5.1426,29485,0.68213,0.24695,0.2585,0,2.3967,6.6887,45.132,8.0874,1.755,0
-0.17356,1.4296,-0.52442,0.63318,-338.38,-0.52805,-0.17356,-0.31912,0.86334,-0.45622,-0.17356,-0.1214,-0.12869,-0.17356,-3525.1,-0.10354,0.69948,-0.17356,-0.15088,220.83,0.8008,-0.1722,-0.15088,-0.52805,-0.45622,-0.10354,-1.2924,-5.5324,3.6053,1.1437,-0.15088,391.64,0.93197,-0.12045,-0.1722,1.2038,,-0.45622,-0.1497,0.08534,-0.32046,-0.1497,248.52,27.688,-0.24938,0.14638,190.65,-0.19773,-0.17189,0.63318,1.4296,1.073,-4.8129,-4.8129,-2113.4,-0.15829,0.38042,1.1583,0,1.6529,13.182,453.64,0.80461,12.135,0
0.10824,0.15266,0.1754,2.149,5.6863,0,0.11998,5.5505,3.4121,0.84734,0.13928,0.78592,0.041772,0.11998,390.95,0.93362,6.5505,0.11998,0.035163,13.18,0.92496,0.084212,0.031724,1.364,0.7633,0.85674,4.3628,0.26104,3.3077,0.039955,0.035163,16.747,21.795,21.795,0.084828,3.4121,,0.84734,0.024861,0.10699,0.047665,0.024681,33.347,20.167,0.87857,1.3419,13.516,0.061665,0.018072,2.149,0.15266,0.045882,1.261,1.261,356.21,0.024861,0.12775,0.9654,0,27.694,18.099,16.331,22.351,5.078,0
-0.18623,0.30999,0.26506,2.1989,-403.45,-0.064184,-0.18623,2.2259,0.21425,0.69001,-0.17965,-0.84236,-0.62376,-0.18623,-846.66,-0.4311,3.2259,-0.18623,-0.86922,619.02,0.49503,-0.18218,-0.86922,-0.23899,-0.057517,-0.4311,-27.712,0.51581,4.3439,1.4464,-0.84456,342.42,1.9688,1.4041,-0.02141,0.21425,,0.69001,-0.099931,0.48391,-0.079734,-0.85034,645.94,26.918,-0.51253,0.55538,304.69,-0.23477,-1.0958,1.5682,0.22108,0.50791,1.3428,1.3428,2.1989,-0.099931,-0.26989,1.7286,0,0.58964,13.56,376.63,0.96911,0.41693,0
-0.084831,0.98159,-0.24604,0.63236,-231.34,-0.074322,-0.082364,0.014595,0.98295,0.014327,-0.082364,-0.12307,-0.073204,-0.082364,-6632.3,-0.055033,1.0188,-0.082364,-0.11161,95.408,3.0156,-0.022428,-0.11496,-0.072188,0.014327,-0.057546,-0.29874,-0.42655,5.0159,1.3063,-0.11161,325.37,1.1218,-0.022849,-0.022428,0.74303,0.73727,0.32669,-0.030393,0.064093,5.4549,-0.030393,188.1,92.695,-0.43978,0.34413,93.781,-0.050772,-0.068802,0.43113,0.66923,0.89142,0.024838,0.56638,-25520,-0.017348,-5.9212,1.0173,21.803,3.8257,3.9377,331.01,1.1027,1.2794,0
0.018852,0.75391,-0.6139,0.092341,-746.46,0.029652,0.09536,0.18899,0.69346,0.14248,0.09536,0.14099,0.56339,0.09536,1926,0.18952,1.3264,0.09536,0.37602,64.777,0.61433,0.12306,0.074337,0.13289,0.14248,0.088034,3.3649,-0.65479,4.4946,2.9707,0.37602,675.04,0.54071,0.16322,0.12306,0.69737,0.22496,0.22004,0.48523,0.002062,0.14531,0.48523,87.881,23.104,0.41887,0.025797,44.92,0.075538,0.29786,0.082841,0.67635,1.8494,0.15197,0.2347,-19173,-0.44204,0.13231,1.442,0.54435,5.6347,15.798,973.44,0.37496,0.2705,0
0.02034,0.41505,0.574,2.383,23.594,-0.15013,0.02034,1.4093,3.6829,0.58495,0.030654,0.049006,0.022765,0.02034,1806.9,0.202,2.4093,0.02034,0.005523,32.934,0.44835,0.029661,0.005523,-0.12979,0.48508,0.202,2.8759,52.404,2.8842,0.10998,0.008323,41.178,8.8669,8.8669,0.003225,3.7115,,0.58495,0.000876,0.035386,0.14851,0.008054,96.567,63.632,0.061208,0.83603,32.958,-0.033839,-0.009188,2.383,0.41505,0.11278,53.404,53.404,439.67,0.001064,0.034772,0.99155,0,11.083,5.7361,41.135,8.8733,336.23,1
-0.090142,0.43036,0.65387,2.9929,-0.37761,0,-0.090142,1.3237,3.6816,0.56964,-0.081398,-0.27475,-0.016859,-0.090142,-2530.7,-0.14423,2.3237,-0.090142,-0.024484,64.413,0.66197,-0.081515,-0.024484,0.10395,0.1185,-0.14423,-9.3226,36.25,2.9999,0.10205,-0.022109,32.599,11.197,8.536,0.008111,3.6816,,0.56964,0.002203,0.19085,-0.26842,-0.022141,91.145,26.732,-0.13874,1.0127,64.555,-0.10959,-0.029766,2.2817,0.32809,0.089313,31.581,31.581,653.73,0.002203,-0.15824,1.0245,0,5.6666,13.654,32.527,11.221,204.11,0
-0.17408,1.5376,0.25078,1.3355,-20.41,-0.39502,-0.17408,-0.34994,2.2893,-0.53806,-0.10387,-0.23292,-0.075588,-0.17408,-3243.2,-0.11254,0.65038,-0.17408,-0.076041,61.891,0.71183,-0.13272,-0.076041,-0.4641,-0.56909,-0.11254,-1.8905,193.3,3.2071,0.66253,-0.076041,111.51,3.2991,1.6036,-0.15741,2.3621,0.88051,0.15468,-0.068758,0.03103,-0.38921,-0.057975,155.45,93.555,-0.44845,0.55042,57.917,-0.13376,-0.058427,0.64917,0.74736,0.30551,-414.74,119.23,404,-0.068601,0.32353,1.0438,-1.2875,5.8975,3.9014,119.16,3.0631,1764.6,1
0.001743,0.35291,-0.013278,0.94288,-20.478,-0.087928,0.007202,1.8336,0.75072,0.64709,0.02386,0.030984,0.065165,0.007202,2633.1,0.13862,2.8336,0.007202,0.009594,12.414,1.0018,0.023227,0.002321,-0.038535,-0.067593,0.12315,1.3944,-0.017005,4.7849,0.45755,0.019475,116.38,3.1363,2.0657,0.021695,0.75072,4.6251,0.68895,0.028898,0.04174,0.18113,0.03094,101.84,89.43,0.068248,0.83303,12.784,-0.018491,-0.024631,0.62104,0.23245,0.31885,0.82872,0.88234,-809.21,0.028898,0.002693,0.9909,0.064702,29.402,4.0814,113.02,3.2296,0.96145,0
0.27101,0.57484,0.41027,1.7137,170.92,0,0.31691,0.73962,1.0643,0.42516,0.31704,0.55131,0.29828,0.31691,660.9,0.55228,1.7396,0.31691,0.29776,1.3068,0.12973,0.25845,0.25463,2.1481,0.40995,0.47242,1980.7,27.551,3.5169,0.38292,0.29788,246.46,1.481,1.481,0.21301,1.0643,,0.42516,0.20013,0.29541,0.073979,0.24283,279.6,278.29,71.118,1.7071,1.6338,0.2579,0.24231,1.7137,0.57484,0.67523,28.551,28.551,1348.8,0.20013,0.63742,0.72923,0,279.31,1.3116,197.13,1.8515,71.472,0
0.033729,0.50325,-0.072511,0.84497,-35.018,0.084368,0.042497,0.67314,1.0244,0.33876,0.042497,0.090857,0.053491,0.042497,2186.6,0.16693,1.9871,0.042497,0.02706,12.679,1.0707,0.050992,0.021478,0.098636,0.33876,0.1495,0.33261,-0.1199,4.8459,0.31302,0.02706,111.36,3.2777,0.10133,0.050992,1.6029,9.5925,0.37427,0.03247,0.06348,0.17887,0.03247,84.956,72.276,0.61827,0.72834,12.988,0.009484,0.006039,0.78534,0.46773,0.30509,0.56013,0.61885,-5085.7,0.023776,0.099568,0.97622,0.10484,28.787,5.0501,108.71,3.3576,2.5967,0
-0.003178,0.6875,-0.024751,0.94105,-41.768,-0.10503,-0.006152,0.45454,1.777,0.3125,0.051326,-0.014653,0.023319,-0.006152,6055.8,0.060272,1.4545,-0.006152,-0.003462,33.978,1.1776,0.050382,-0.001789,-0.029391,0.23632,0.064598,0.87655,-0.040917,4.935,0.37727,0.012539,88.946,4.1036,2.506,0.054091,1.777,0.88905,0.57084,0.030439,0.050745,0.23391,0.028353,76.779,42.801,-0.019214,0.54705,35.044,0.002793,0.001572,0.57469,0.41985,0.24369,0.51661,0.9437,-2131,0.030439,-0.010171,1.0035,0.82672,10.742,8.5278,86.239,4.2324,2.9377,0
-0.006202,0.48465,0.23298,1.5998,6.1825,0,-0.006202,1.0634,1.2757,0.51535,0.001329,-0.015967,0.037544,-0.006202,3693.4,0.098825,2.0634,-0.006202,-0.004862,59.923,1.0158,0.001289,-0.004862,,0.080285,0.098825,0.17118,0.61545,4.0022,0.36381,0.000778,108.05,3.3779,2.7075,-0.036475,1.2757,5.2519,0.5938,-0.028591,0.05781,0.29167,0.001011,171.38,111.45,-0.029614,1.0606,58.258,-0.052809,-0.041395,1.2823,0.38846,0.29604,1.3614,1.5686,2341.8,-0.028591,-0.012035,1.0047,0.15222,6.0911,3.2749,111.14,3.2841,3.37,0
0.041261,0.54593,0.21066,1.3924,15.711,-0.20893,0.04798,0.83172,3.8119,0.45407,0.04864,0.08938,0.017835,0.04798,2931,0.12453,1.8317,0.04798,0.012587,4.4679,1.39,0.047708,0.010824,-0.18217,-0.16767,0.11222,72.344,0.83423,3.9845,0.12864,0.01276,52.158,6.998,6.8811,0.055269,3.8119,,0.45407,0.014499,0.10524,0.26875,0.012516,66.164,61.696,0.88429,1.3055,4.5336,0.027703,0.007268,1.3692,0.53681,0.1429,1.7981,1.7981,2033,0.014499,0.09087,0.98744,0,81.695,5.9161,51.402,7.1009,15.095,0
0.185,0.067347,0.97193,35.62,3600.9,0.007534,0.20022,13.848,0.044384,0.9326,0.23113,7.1319,4.8532,0.20022,114.12,3.1984,14.848,0.20022,4.5111,0,0.086974,0.098954,4.1682,0.16251,0.92524,2.9724,3.2011,,3.9109,0.60653,4.7538,124.92,4.0021,1.6683,-0.037644,0.3433,,0.9326,-0.84815,1.4386,0.019669,2.2295,7891.6,7891.6,,1.4386,0,0.083771,1.8874,14.848,0.028074,0.24987,,,7917.3,-0.84815,0.19837,0.32727,0,,0.046252,230.87,1.581,,1
-0.060938,0.87175,0.12081,1.4154,-7.2782,-0.27228,-0.062495,0.091453,0.97408,0.079724,-0.062495,-0.21486,-0.02174,-0.062495,-15024,-0.024294,1.1471,-0.062495,-0.064154,37.555,1.7284,-0.018535,-0.062556,-0.27822,0.079724,-0.022508,-0.18534,0.20535,4.9349,0.87029,-0.064154,106.16,3.4383,-0.021262,-0.018535,1.007,0.53616,0.66061,-0.019027,0.21979,1.258,-0.019027,130.3,92.742,-0.60799,1.0708,36.581,-0.059852,-0.061441,0.47224,0.29086,0.29084,0.13551,1.1229,10399,-0.026614,-0.76437,1.0266,7.2862,9.7191,3.9357,108.98,3.3492,1.6558,0
0.098451,0.63655,0.28917,1.4796,2.7595,0.1324,0.12177,0.46973,1.0372,0.29901,0.12177,0.20196,0.033774,0.12177,1660.1,0.21987,1.571,0.12177,0.029385,22.72,1.5577,0.12786,0.023758,0.16417,0.29901,0.18324,0.32002,2.6803,4.6883,0.15088,0.029385,55.082,6.6264,0.20086,0.12786,4.1888,18.864,0.33262,0.030854,0.020015,0.1433,0.030854,77.516,54.795,0.38167,1.0518,23.565,0.10967,0.026465,1.4015,0.60294,0.15091,2.7714,3.083,14108,0.035855,0.32926,0.96415,0.11243,16.065,6.6612,53.108,6.8729,38.408,0
-0.044899,0.33698,0.22896,1.9878,-36.624,-0.027606,-0.044899,1.8106,1.0689,0.61015,-0.044899,-0.1937,0.023167,-0.044899,5190.5,0.07032,2.9675,-0.044899,-0.043895,112.15,0.92851,0.14367,-0.043895,-0.028237,0.61015,0.07032,1.5014,0.42459,4.3804,0.30003,-0.043895,88.415,4.1282,0.42635,0.14367,1.1097,1.3925,0.71534,0.14046,0.15159,0.052193,0.14046,151.88,39.729,-0.14286,0.63192,119.88,0.075078,0.073399,1.3673,0.23179,0.24223,1.1315,1.3265,5498,0.064501,-0.073586,0.9355,0.1724,3.2547,9.1873,82.713,4.4129,1.8969,0
0.16695,0.24028,0.36158,2.8423,5.5498,0,0.20436,3.1618,1.6041,0.75972,0.20943,1.0412,0.16202,0.20436,337.44,1.0817,4.1618,0.20436,0.1274,75.688,1.1524,0.20565,0.10407,0.63893,0.72559,0.92598,40.592,0.81778,4.0901,0.13834,0.12879,50.2,7.4153,6.057,0.17708,1.6648,5.6919,0.79928,0.11039,0.13106,0.030665,0.1282,121.08,45.391,0.50189,1.1475,83.424,0.1501,0.093572,2.3216,0.19627,0.13486,1.7182,1.8077,4449.5,0.11039,0.21975,0.87725,0.05208,4.8224,8.0413,44.658,8.1732,3.628,0
0.096033,0.23955,0.72863,4.0417,106.82,0.3993,0.1196,3.1649,1.0727,0.75814,0.1196,0.49929,0.083296,0.1196,672.35,0.54287,4.1745,0.1196,0.076609,69.007,0.82078,0.12282,0.061511,0.49551,0.75814,0.44447,0.84385,22.899,4.1277,-0.012927,0.076609,60.074,6.0759,0.51271,0.12282,1.5949,,0.75814,0.078669,1.1038,0.059099,0.078669,164.53,95.525,0.32535,2.8095,74.021,0.11238,0.071982,4.0417,0.23955,0.16458,23.826,23.826,9777.9,0.067738,0.12667,0.93226,0,5.2893,3.821,56.004,6.5174,49.065,0
0.14574,0.097677,0.70691,8.2372,131.4,0.47684,0.18675,9.096,1.1446,0.88847,0.18675,1.9119,0.13212,0.18675,162.94,2.2401,10.238,0.18675,0.11276,41.339,1.1094,0.13963,0.087998,0.60373,0.88847,1.8202,0.96502,3.6175,4.0703,-0.019433,0.11276,24.639,14.814,1.4296,0.13963,1.7262,,0.88847,0.084313,1.3593,0.018704,0.084313,148.06,106.72,0.77697,6.3169,47.315,0.10758,0.06496,8.2372,0.097677,0.067505,4.5466,4.5466,8311.8,0.12631,0.16403,0.87369,0,8.8294,3.4201,21.527,16.955,8.4749,0
0.11446,0.074879,0.28215,5.1793,57.947,0.34388,0.11446,12.318,1.1861,0.92234,0.11446,1.6953,0.18735,0.11446,198.56,1.8382,13.355,0.11446,0.15578,91.095,1.1192,0.1176,0.15578,0.34388,0.92234,1.8382,1.8986,0.43386,4.0861,0.077064,0.15578,39.782,9.1751,1.5706,0.1176,0.73817,22.574,0.92971,0.16007,0.3122,0.017485,0.16007,163.24,72.148,0.6242,2.4633,108.05,0.094417,0.12851,4.6697,0.067512,0.10899,1.4183,1.4296,3440.5,0.1569,0.12409,0.8431,0.007987,4.0068,5.059,33.54,10.883,1.1297,0
0.17377,0.16053,0.67294,5.192,156.59,0.41641,0.21697,4.7778,1.2013,0.76698,0.21697,1.3516,0.18985,0.21697,237.41,1.5374,6.2294,0.21697,0.16689,59.507,1.1302,0.21329,0.13367,0.52335,0.76698,1.2684,1.9708,4.0409,4.6898,-0.1426,0.16689,54.141,6.7416,1.3286,0.21329,1.3213,,0.76698,0.16406,2.175,0.021708,0.16406,135.98,76.473,0.81988,3.8717,71.483,0.18345,0.14111,5.192,0.16053,0.14833,4.6056,4.6056,32943,0.16754,0.22656,0.83246,0,6.1338,4.7729,45.071,8.0984,7.8064,0
0.030515,0.44606,0.19569,1.565,35.766,0.28196,0.039264,0.88456,1.0526,0.39457,0.039264,0.11336,0.056198,0.039264,2400,0.15209,2.2418,0.039264,0.032526,24.253,0.82243,0.03838,0.025278,0.35323,0.39457,0.13247,0.33465,0.42733,4.5257,0.34542,0.032526,110.23,3.3111,0.086042,0.03838,1.2333,4.6327,0.49426,0.031794,0.096624,0.21903,0.031794,153.78,129.53,0.38042,1.3334,25.528,0.009805,0.008122,1.2152,0.34637,0.30201,0.86161,1.0793,6565.2,0.04994,0.077337,0.95006,0.25266,15.049,2.8179,104.73,3.4852,2.6361,0
0.22395,0.22054,0.54319,3.8751,97.832,0.51896,0.22395,3.5343,1.2078,0.77946,0.22395,1.1853,0.17573,0.22395,314.58,1.1603,4.5343,0.22395,0.1538,55.305,1.1697,0.21871,0.1538,0.51896,0.77946,1.1603,1.8141,2.0278,4.4321,0.03534,0.1538,57.199,6.3813,0.99171,0.21871,1.4667,16.182,0.81107,0.1502,0.91401,0.028928,0.1502,140.23,84.927,1.015,2.7073,66.796,0.18678,0.12827,3.3197,0.18893,0.15671,2.9098,3.0278,14693,0.17203,0.28731,0.82797,0.040553,6.5998,4.2978,47.359,7.7072,5.4358,0
0.065961,0.45227,-0.037406,0.82387,-190.28,0.03544,0.069599,1.2111,0.30302,0.54773,0.1001,0.32771,0.23509,0.069599,2317.3,0.15751,2.2111,0.069599,0.22968,28.001,1.1218,0.047462,0.21767,0.24092,0.46891,0.14947,1.5561,-0.045339,5.4668,1.4925,0.22968,358.09,1.0338,0.48546,0.086541,0.30302,0.6325,0.78762,0.28559,0.2491,0.30704,0.15663,147.04,119.04,2.8374,0.71442,38.645,0.045824,0.15122,0.38688,0.21238,0.9673,0.66389,0.95466,0.82387,0.28559,0,0.69973,0.43797,13.035,3.0662,255.82,1.4268,0.36729,0
0.073607,0.19181,0.72593,5.6118,14.241,0.73352,0.073607,4.2135,1.5627,0.80819,0.083954,0.46761,0.053531,0.073607,836.94,0.43611,5.2135,0.073607,0.047104,156.17,0.7238,0,0.047104,0.46218,0.80712,0.43611,0,6.2228,3.7505,0.11198,0.094208,52.495,6.9531,5.7061,0.003183,1.5627,,0.80819,0.002037,0.19865,0.63658,0,199.03,42.856,0.11009,1.3642,222.97,-0.010044,-0.006427,4.6053,0.15741,0.14382,6.9279,6.9279,4086.6,0.2996,0.091076,0.71635,0,2.3372,8.5169,36.767,9.9273,13.395,0
0.033047,0.52968,0.035581,1.083,-696.83,0,0.042938,0.88794,1.1385,0.47032,0.089516,0.10014,0.037716,0.042938,4502.6,0.081064,1.8879,0.042938,0.037716,49.574,1.4896,0.072964,0.029028,0.20253,0.24618,0.06239,1.5665,0.066427,4.5679,0.45653,0.041948,149.54,2.4989,2.0229,0.09189,1.1385,3.2072,0.5669,0.080715,0.051813,0.24198,0.06409,141.76,92.183,0.21372,0.72237,52.673,0.072964,0.06409,0.87669,0.42878,0.40018,0.87807,1.0584,1315.5,0.080715,0.070264,0.98208,0.20534,7.3627,3.9595,137.47,2.6551,2.1254,0
0.11406,0.14378,0.29526,3.1356,64.567,0,0.14262,5.9548,1.6431,0.85622,0.14262,1.0315,0.090603,0.14262,352.54,1.0353,6.9548,0.14262,0.086798,6.02,0.79963,0.14209,0.069422,0.48621,0.834,0.83678,,0.52123,3.6533,0.019682,0.086798,33.611,10.86,10.442,0.14164,1.6431,73.543,0.86174,0.086202,0.80607,0.03231,0.086477,71.547,65.527,4.2091,2.9396,6.5879,0.13584,0.082673,3.0151,0.13826,0.092084,1.5115,1.5212,1329,0.086202,0.13322,0.91325,0.006454,60.631,5.5702,30.713,11.884,2.9005,0
0.040417,0.43906,0.11042,1.3149,-85.467,0.052925,0.051079,0.9605,1.0477,0.42172,0.051079,0.14568,0.13372,0.051079,1285.9,0.28384,2.2776,0.051079,0.054809,110.97,1.212,0.069247,0.043368,0.068284,0.42172,0.25956,0.77847,0.20488,4.7764,0.46221,0.054809,143.88,2.5369,0.15771,0.069247,0.96259,2.0099,0.51014,0.074303,0.083033,0.10109,0.074303,169.17,58.205,0.14265,0.50688,116.26,-0.004298,-0.004611,1.0501,0.35064,0.39419,0.78249,0.94657,6598.1,0.045529,0.095838,0.95447,0.20968,3.2893,6.2709,137.33,2.6579,1.7292,0
0.084175,0.4252,0.24015,1.6516,9.0096,0.22087,0.1047,1.3024,1.0277,0.55377,0.1047,0.28407,0.046156,0.1047,844.32,0.4323,2.3518,0.1047,0.026291,12.324,1.1464,0.11812,0.021137,0.27496,0.55377,0.38402,0.30482,0.61378,4.7057,0.077901,0.026291,34.716,10.514,0.27781,0.11812,4.0013,8.3764,0.61039,0.029661,0.34088,0.070876,0.029661,44.277,31.952,0.62598,1.2867,12.665,0.039013,0.009796,1.4316,0.36858,0.095112,1.4153,1.56,12195,0.026919,0.152,0.97308,0.10224,29.616,11.423,33.781,10.805,10.178,0
0.037168,0.16664,0.014819,1.1481,-2.2621,0.017761,0.046271,5.0008,2.0898,0.83336,0.086481,0.46259,0.040713,0.046271,714.9,0.51056,6.0008,0.046271,0.022142,4.589,0.67367,0.074286,0.017786,0.20432,-0.10689,0.45594,1.8475,0.016741,3.432,0.057753,0.026418,16.973,21.504,12.908,-0.061192,2.0898,1.3335,0.89978,-0.029281,0.47756,0.049115,0.035547,11.715,7.1264,1.4146,0.88548,4.4584,0.035475,0.016975,0.68916,0.10003,0.046502,0.94148,1.0165,40.071,-0.029281,0.044601,0.97934,0.0797,79.538,51.218,17.47,20.893,2.3609,0
0.062799,0.20976,0.39568,3.5086,39.386,0,0.077845,3.7672,1.4934,0.79024,0.081843,0.49353,0.064431,0.077845,795.7,0.45872,4.7672,0.077845,0.052125,55.3,1.6618,0.046352,0.04205,0.46083,0.72766,0.38699,11.594,0.886,4.5059,0.068067,0.054802,39.796,9.1717,6.8965,0.046769,1.4934,6.287,0.84227,0.031317,0.76883,0.10802,0.031037,105.62,50.318,0.27755,2.0741,57.088,0.027974,0.018732,2.6382,0.15773,0.10903,1.7695,1.886,12685,0.031317,0.079469,0.94916,0.065848,6.6003,7.2539,38.55,9.4683,3.3441,0
0.030155,0.66965,0.34029,2.4513,82.879,0.13002,0.039204,0.4817,1.0794,0.32257,0.039204,0.1672,0.074682,0.039204,3225.4,0.11317,1.4933,0.039204,0.038635,28.248,1.154,0.08095,0.029717,0.16408,0.32257,0.099652,0.86112,0.80026,5.1636,0.40616,0.038635,91.043,4.0091,0.12088,0.08095,1.0413,1.1403,0.75774,0.079775,1.3275,0.18733,0.079775,94.781,66.533,0.38398,2.1164,30.492,0.044372,0.043728,0.85831,0.23448,0.24943,0.75858,1.782,49597,0.073596,0.093483,0.9264,1.3491,12.921,5.486,84.343,4.3276,2.3863,0
0.074725,0.43472,0.42782,2.1356,14.908,0,0.093487,1.3003,1.912,0.56528,0.12464,0.24815,0.078976,0.093487,1050.8,0.34736,2.3003,0.093487,0.048895,66.639,1.2847,0.1243,0.039082,,0.46062,0.3042,3.9896,2.189,4.6965,0.19449,0.052386,75.841,4.8127,4.1707,0.098902,1.912,9.2292,0.61463,0.051727,0.18288,0.079698,0.065012,140.44,73.797,0.21406,1.209,70.275,0.066788,0.034931,1.8507,0.37673,0.20778,2.8923,3.1448,21270,0.051727,0.13219,0.95226,0.087304,5.4772,4.946,71.918,5.0752,9.783,0
0.057395,0.095161,0.37833,4.9757,41.981,0.31163,0.072977,5.5926,1.0369,0.5322,0.072977,0.76688,0.075751,0.072977,269.07,1.3565,10.509,0.072977,0.042824,40.483,1.1492,0.067338,0.03368,0.38994,0.5322,1.1928,0.40973,0.71858,4.7289,-0.022044,0.042824,21.134,17.271,0.70763,0.067338,1.7389,,0.5322,0.039515,1.4391,0.025343,0.039515,72.085,31.602,0.30367,2.9895,41.976,0.011228,0.006589,4.9757,0.095161,0.057901,1.0108,1.0108,20267,0.035563,0.10785,0.96444,0,9.0161,11.55,20.382,17.908,3.2366,0
-0.74484,0.34371,0.56505,2.9092,4.084,0.61367,-0.81446,1.9094,2.4129,0.65629,-0.80243,-2.7519,-0.28641,-0.81446,-181.53,-2.0107,2.9094,-0.81446,-0.33755,52.79,1.0644,-0.81257,-0.30869,-0.77583,0.46965,-1.8081,-67.555,4.0655,4.6586,0.14245,-0.33755,49.95,9.8489,8.4809,0.25016,2.4129,10.726,0.70403,0.10368,0.65188,-0.016624,-0.33677,101.06,48.271,-2.1343,1.7301,43.698,-0.93595,-0.3879,2.5051,0.29597,0.10153,4.722,5.0655,2.9092,0.10368,-1.1349,1.2048,0.072742,6.9141,7.5614,44.772,8.1525,17.361,0
-0.38339,0.88911,-0.19497,0.78071,-183.26,-0.38339,-0.38339,0.09217,0.61765,0.081949,-0.38339,-0.43121,-0.47326,-0.38339,-906.63,-0.40259,1.1247,-0.38339,-0.50691,180.36,0.29756,-0.3956,-0.50691,-0.38339,0.081949,-0.40259,,-0.63744,4.402,1.1687,-0.50691,265.02,1.3773,-0.44494,-0.3956,0.90587,,0.081949,-0.52305,0.052715,-0.078969,-0.52305,312.36,132.01,-1.0259,0.36037,111.4,-0.42105,-0.5567,0.78071,0.88911,0.72608,0.26792,0.26792,-4919.6,-0.61904,-4.6784,1.619,0,2.0237,2.765,429.07,0.85067,2.4728,1
0.010116,0.4076,0.46579,4.3953,-91.403,-0.065874,0.010116,1.4534,1.7373,0.5924,0.010561,0.073737,0.40995,0.010116,208.9,1.7473,2.4534,0.010116,0.005823,62.505,0.94599,0,0.005823,0.12478,0.40612,1.7473,0,1.1732,4.1281,0.10372,0.014919,498.3,0.73249,0.24654,0.020227,1.7373,,0.5924,0.011643,1.771,0.019352,0,75.639,13.134,0.034003,2.2267,1080.6,-0.70207,-0.40413,1.4793,0.13719,1.3652,1.4921,1.4921,6256.1,0.94216,0.017076,0.060697,0,5.8396,27.79,28.823,12.663,4.3757,0
0.069905,0.63356,0.28707,1.4531,8.8457,0.13251,0.091223,0.55198,1.0596,0.34971,0.091223,0.14398,0.045128,0.091223,2036.9,0.17919,1.5784,0.091223,0.036262,33.045,1.2985,0.13373,0.027788,0.17306,0.34971,0.14554,0.56329,3.6168,4.4678,0.23288,0.036262,97.405,3.7473,0.21108,0.13373,2.5388,,0.34971,0.053159,0.077717,0.13349,0.053159,126.43,93.385,0.30693,1.0936,35.016,0.11143,0.044293,1.4531,0.63356,0.26686,4.4061,4.4061,8428.7,0.05628,0.19989,0.94372,0,11.045,3.9086,91.923,3.9707,31.696,0
0.052015,0.49027,0.15163,1.6668,5938.6,0.18685,0.060865,1.0397,0.74604,0.50973,0.096551,0.26765,0.088513,0.060865,2709.9,0.13469,2.0397,0.060865,0.081584,108.21,1.569,0.096416,0.069721,0.13441,0.4489,0.11664,2.7018,0.24418,5.5419,0.65716,0.081584,,0.23642,0.10966,0,0.74604,0.60054,0.77259,0,0.069165,0.16087,0.12924,177.74,69.539,0.23518,0.6942,1501.5,0.091247,0.12231,0.77311,0.2274,4.2297,0.82086,1.2442,1.6668,1,0,0.11944,0.5157,3.3732,5.2489,111.26,3.2807,1.2014,0
0.16399,0.29614,0.49262,2.6634,50.461,0.16399,0.20364,2.2065,1.049,0.65343,0.20364,0.68763,0.13566,0.20364,449.57,0.81188,3.3767,0.20364,0.1149,45.719,0.83001,0.088555,0.092533,0.20364,0.65343,0.67802,,2.3321,5.0603,0.16356,0.1149,63.981,5.7049,0.29903,0.088555,1.9454,,0.65343,0.049967,0.15276,0.077671,0.049967,153.13,107.41,0.73874,1.9138,47.961,0.051758,0.029204,2.6634,0.29614,0.17529,3.0934,3.0934,56602,0.046731,0.25098,0.95327,0,7.9835,3.3982,60.991,5.9845,8.3901,1
0.077852,0.46868,0.50286,2.0729,48.403,0,0.093856,1.1336,3.7877,0.53132,0.095727,0.20026,0.025664,0.093856,1759.9,0.2074,2.1336,0.093856,0.024779,0,3.1583,0.087803,0.020554,0.2632,0.52458,0.17326,46.933,17.671,3.8706,0.12009,0.025273,46.278,7.8871,7.8871,0.09118,3.7877,,0.53132,0.024073,0.042933,0.17139,0.023181,91.683,91.683,,2.0729,0,0.084453,0.022297,2.0729,0.46868,0.12679,18.671,18.671,3733,0.024073,0.14652,0.97527,0,,3.9811,45.164,8.0816,133.1,0
-0.11245,0.52762,-0.20231,0.61655,-53.997,0.028576,-0.12042,0.77977,0.94589,0.41142,-0.12042,-0.22823,0.003704,-0.12042,28539,0.01279,1.8953,-0.12042,-0.066094,10.396,0.89134,-0.10233,-0.061718,0.076357,0.41142,0.027902,-0.53124,-0.29986,4.6081,0.27944,-0.066094,99.981,3.6507,-0.19394,-0.10233,1.8479,,0.41142,-0.056163,0.064678,0.69828,-0.056163,58.334,47.938,-2.1669,0.5182,9.8333,-0.22949,-0.12596,0.61655,0.52762,0.27392,0.60979,0.60979,-8206.8,-0.05721,-0.27331,1.0572,0,35.11,7.614,105.7,3.4531,2.7004,0
-0.044302,0.87038,-0.038919,0.90501,-32.783,-0.23897,-0.044302,0.14892,1.1263,0.12962,0.017952,-0.10812,0.05679,-0.044302,4966.7,0.073489,1.1489,-0.044302,-0.039333,15.547,1.0162,0.012607,-0.039333,-0.067217,-0.042878,0.073489,0.20251,-0.061857,4.4353,0.71727,-0.027292,136.85,2.6672,1.2556,0.033477,1.1263,0.74615,0.5623,0.029722,0.1593,0.24003,0.011193,99.017,83.47,-0.92344,0.78793,16.023,-0.095658,-0.08493,0.42604,0.40974,0.37493,0.20601,0.8937,-1060.4,0.029722,-0.34179,1.0389,3.3382,23.478,4.3728,132.78,2.7489,1.7901,0
-0.024622,0.69575,0.23866,1.362,6.9025,-0.03091,-0.024622,0.43729,3.9185,0.30425,0.006002,-0.037346,0.002942,-0.024622,22025,0.016572,1.4373,-0.024622,-0.006284,14.876,0.99532,-0.001915,-0.006284,0.053616,0.25164,0.016572,-0.062521,2.3387,3.6769,0.17191,-0.002653,61.059,5.9778,5.6645,-0.022609,3.9185,101.01,0.31156,-0.00577,0.039764,0.67738,-0.000489,81.201,66.325,-0.15417,1.1198,14.791,-0.038066,-0.009715,1.2906,0.65929,0.16729,2.9814,3.053,1134.1,-0.00577,-0.080927,1.0062,0.024023,24.536,5.5032,61.412,5.9435,38.398,0
0.18122,0.3759,0.41656,2.6921,107.53,0.49004,0.18173,1.6161,1.1793,0.60749,0.18173,0.73821,0.19279,0.18173,629.85,0.5795,2.6603,0.18173,0.16084,42.747,1.2587,0.17216,0.16039,0.49053,0.60749,0.57815,1.7969,1.2351,5.1152,0.0795,0.16084,93.784,3.8919,0.45799,0.17216,1.146,4.0886,0.73722,0.15237,1.198,0.059339,0.15237,118.82,76.076,1.3695,2.1546,50.412,0.13605,0.12041,1.7631,0.24617,0.25694,1.8012,2.1859,54316,0.15206,0.29831,0.84794,0.21355,8.5387,4.7978,79.524,4.5898,3.3502,0
0.073671,0.23381,0.45615,2.9509,48.133,0,0.09681,3.2769,2.9139,0.76619,0.12547,0.41404,0.038136,0.09681,767.99,0.47527,4.2769,0.09681,0.033223,9.6427,0.51142,0.12099,0.025282,0.43268,0.74035,0.37631,4.221,1.4713,3.8889,0.046187,0.033223,30.82,11.843,11.843,0.14486,2.9139,,0.76619,0.049713,0.47078,0.057604,0.04152,72.637,62.994,0.957,2.6217,10.147,0.10667,0.036608,2.9509,0.23381,0.084438,2.4713,2.4713,3531.7,0.049713,0.096153,0.96687,0,37.852,5.7942,29.288,12.463,9.3986,0
0.046422,0,0.2462,,3180.9,0,0.046422,,0.010473,1,0.046422,,4.4325,0.046422,0,,,0.046422,4.4325,1216.7,0.5,0.046422,4.4325,0.059731,-0.92006,,,0.32662,2.0591,-12.678,4.4325,0,,,-0.01344,0.010473,,1,-1.2833,,0,4.4325,3952.9,2736.3,1.3298,,532.85,0.046422,4.4325,,0,0,1.3266,1.3266,28.21,-1.2833,0.046422,0.34016,0,0.3,0.13339,0,,0.013894,0
-0.13238,0.51379,-0.064507,0.84966,-225.33,0,-0.13238,0.9463,0.99956,0.48621,-0.12406,-0.30851,0.026971,-0.13238,6956.3,0.052471,1.9463,-0.13238,-0.13244,92.726,0.95254,0,-0.13244,-0.16293,0.30146,0.052471,0,-0.10152,4.4955,0.51255,-0.26782,222.58,1.6399,1.3695,0.033527,0.99956,2.2805,0.53472,0.033542,0.055294,0.10749,0,124.47,31.741,-0.52131,0.25787,131.72,-0.15934,-0.15941,0.70958,0.42908,0.60981,0.76517,0.84153,-2018.9,0.29605,-0.27226,0.71294,0.099789,3.9363,11.499,156.69,2.3295,1.5731,0
0.089925,0.61261,-0.078071,0.77059,-59.144,0,0.11923,0.63236,0.81343,0.38739,0.16759,0.35036,0.16534,0.11923,1662.6,0.21954,1.6324,0.11923,0.14658,5.7247,1.4664,0.16759,0.11055,0.26476,0.38281,0.17169,3.4658,-0.10582,4.0382,0.61748,0.14711,192.37,1.8974,1.054,0.16772,0.81343,0.91626,0.65968,0.20619,0.36165,0.11168,0.20602,62.449,56.724,7.0485,0.73311,7.2117,0.15233,0.18727,0.42808,0.34032,0.52705,0.5251,0.89418,-852.4,0.20619,0.23213,0.85342,0.70288,63.759,6.4346,152.71,2.3902,1.1026,0
-0.071776,0.79401,-0.011556,0.96632,-132.39,0,-0.070378,0.25943,0.62547,0.20599,-0.042939,-0.20511,-0.063627,-0.070378,-7282.4,-0.050121,1.2594,-0.070378,-0.11252,94.083,1.0703,-0.042947,-0.11476,-0.080467,0.17493,-0.051882,-1.5652,-0.017288,4.353,1.253,-0.07035,183.51,1.9889,0.85948,-0.056976,0.62547,0.83278,0.41053,-0.091094,0.22517,-2.1403,-0.068664,148.4,54.318,-0.4452,0.49645,86.229,-0.073528,-0.11756,0.41758,0.34312,0.50278,0.30816,0.61416,-260.49,-0.091094,-0.34845,1.1079,0.99299,3.8795,6.7197,200.23,1.8229,0.93571,0
0.05421,0.56274,0.079022,1.1995,-7.6612,0.18452,0.069342,0.6371,1.0472,0.35852,0.069342,0.17507,0.081542,0.069342,1593.7,0.22903,1.777,0.069342,0.043871,24.348,1.2091,0.088738,0.034297,0.23291,0.35852,0.20214,0.58791,0.15055,5.0139,0.35276,0.043871,95.78,3.8108,0.15769,0.088738,1.6018,2.218,0.52519,0.056143,0.024266,0.12477,0.056143,107.49,83.146,0.51415,0.93331,25.497,0.029197,0.018472,0.84426,0.39608,0.26241,0.68303,1.0005,8160,0.045049,0.1512,0.95495,0.46487,14.991,4.3899,91.465,3.9906,3.0112,0
0.066515,0.74543,-0.033091,0.95142,-61.107,0,0.072788,0.34151,1.5295,0.25457,0.09894,0.10685,0.053116,0.072788,3349,0.10899,1.3415,0.072788,0.047589,43.564,1.1134,0.069351,0.043488,0.16771,0.20921,0.10057,2.6518,-0.094042,4.321,0.48353,0.064687,168.53,2.1658,1.9792,0.054154,1.5295,7.3048,0.31831,0.035406,0.057568,0.31936,0.045342,145.31,101.74,0.36437,0.68344,45.163,0.060896,0.039814,0.86947,0.68121,0.46173,0.72347,0.9046,-693.03,0.035406,0.26128,0.95466,0.25036,8.3785,3.5874,162.56,2.2453,4.3467,0
0.13251,0.67451,0.27234,1.4038,-20.651,0.18929,0.13251,0.48256,2.2813,0.32549,0.15596,0.19646,0.063857,0.13251,1690,0.21597,1.4826,0.13251,0.058087,63.028,1.3889,0.15595,0.058087,0.22285,0.32215,0.21597,6.6526,5.1235,3.7775,0.27731,0.068363,115.4,3.163,3.163,0.14783,2.2813,,0.32549,0.0648,0.062123,0.13295,0.06836,144.79,81.76,0.33639,0.81973,67.395,0.14279,0.06259,1.4038,0.67451,0.31615,6.1235,6.1235,1631.6,0.0648,0.40712,0.94214,0,5.7911,4.4643,107.92,3.3822,42.918,0
0.17414,0.19488,0.67336,4.4552,165.55,0,0.17414,4.1313,0.66951,0.80512,0.17414,0.89356,0.2601,0.17414,408.48,0.89356,5.1313,0.17414,0.2601,220.62,1.0411,0,0.2601,0.37041,0.79704,0.89356,,5.1104,3.7916,0.29088,0.5898,122.1,2.9893,2.9893,0.006436,0.66951,,0.80512,0.009612,0.004697,,0,472.84,252.22,0.4303,2.3787,253.55,0,0,4.4552,0.19488,0.33452,6.1104,6.1104,4167.1,0.12987,0.21629,0.87018,0,1.6544,1.4472,106.24,3.4355,5.0812,0
0.14167,0.35346,0.34268,2.0415,15.273,0.20758,0.17654,1.503,1.127,0.53126,0.17654,0.53657,0.13488,0.17654,613.78,0.59467,2.8292,0.17654,0.11328,65.597,1.4203,0.18274,0.090907,0.26897,0.53126,0.49602,1.3215,1.0438,5.316,0.15427,0.11328,86.845,4.2029,0.517,0.18274,1.5679,16.02,0.5557,0.11726,0.35995,0.053701,0.11726,129.58,63.987,0.50583,1.1903,73.926,0.14908,0.095665,1.9003,0.32901,0.23793,1.6181,1.6926,70938,0.11266,0.26666,0.88734,0.046014,5.5642,5.7043,77.061,4.7365,4.7466,0
0.097697,0.56647,0.26526,1.5763,-1.6487,0,0.12477,0.76532,2.5638,0.43353,0.17768,0.27107,0.064121,0.12477,1257.7,0.29021,1.7653,0.12477,0.048666,38.908,1.9914,0.14193,0.038106,0.26407,0.38022,0.24242,2.6825,0.96648,4.7269,0.16178,0.055084,69.708,5.2361,4.2545,0.15373,2.5638,5.7119,0.51271,0.059961,0.33571,0.104,0.055359,81.294,42.386,0.35748,0.98255,41.39,0.1023,0.039903,1.2808,0.46028,0.19098,1.5796,1.8681,14145,0.059961,0.22535,0.95227,0.18263,9.3811,8.6113,65.529,5.5701,9.3412,0
-0.23207,0.71573,0.086917,3.1279,-1759,-0.20245,-0.23207,0.39717,0.002753,0.28427,-0.22952,-5.6815,-77.27,-0.23207,-1228.3,-0.29717,1.3972,-0.23207,-84.308,1330.5,0.12852,-0.22982,-84.308,-0.36758,0.23306,-0.29717,-90.35,0.099648,4.4589,244.85,-83.715,3802.6,2.7913,0.1593,-0.001168,0.002753,0.4685,0.53556,-0.42435,1.0561,-0.11337,-83.492,11221,9891,-23.129,2.8823,32.122,-0.2492,-90.53,0.17851,0.040846,0.35826,0.32591,0.61401,3.1279,-0.42435,-0.81637,12.738,0.88399,0.27434,0.036902,5416.2,0.067391,0.003156,0
0.41752,0.4721,0.50281,2.2635,109.88,0,0.5193,1.1182,1.9784,0.5279,0.52326,1.3049,0.27349,0.5193,318.47,1.1461,2.1182,0.5193,0.26248,8.6398,2.7258,0.51699,0.21104,0.45357,0.46448,0.93052,130.58,5.0673,4.1009,-0.0657,0.26348,99.248,3.6777,3.1001,0.51487,1.9784,,0.5279,0.26024,1.553,0.029208,0.26131,52.166,43.526,8.9155,2.1458,11.679,0.49522,0.25031,1.908,0.39796,0.27191,5.3201,5.3201,6342.7,0.26024,0.7909,0.7388,0,42.247,8.3858,73.42,4.9714,19.938,0
0.078297,0.020584,0.18515,9.9947,58.532,0.10785,0.10016,47.582,1.1051,0.97942,0.10016,4.8661,0.14721,0.10016,49.091,7.4352,48.582,0.10016,0.096341,14.013,0.98768,0.099751,0.07531,0.13982,0.97942,6.373,1.0603,0.2331,3.9838,-0.1104,0.096341,7.9858,45.706,4.8461,0.099751,1.0463,,0.97942,0.095945,6.6185,0.004434,0.095945,24.398,10.385,1.9617,8.0556,15.485,0.046868,0.04508,9.9947,0.020584,0.021879,1.2331,1.2331,1783.7,0.095092,0.079943,0.90491,0,26.048,35.146,7.2264,50.509,1.309,0
0.018217,0.27884,0.29629,2.9999,-21.989,0,0.018217,2.5863,0.85848,0.72116,0.018217,0.12296,0.021517,0.018217,5509.7,0.066246,3.5863,0.018217,0.02122,149.08,1.2553,0,0.02122,0.055343,0.69595,0.066246,,0.53334,3.0826,0.30162,0.042441,59.179,6.1678,3.2771,0.058656,0.85848,,0.72116,0.068326,0.14424,36.495,0,179.88,30.804,0.051956,0.63326,140.05,-0.000255,-0.000297,1.5939,0.14815,0.16213,1.2981,1.2981,358.32,-0.064426,0.025261,1.0645,0,2.4484,11.849,62.991,5.7945,1.5453,0
0.004435,0.35468,0.34189,2.1781,-9.2434,0.1256,0.006825,1.6136,1.0031,0.57232,0.006825,0.023518,0.033138,0.006825,2038,0.1791,2.8194,0.006825,0.003561,74.079,1.0917,0.025428,0.002314,0.15843,0.57232,0.17236,0.13307,0.9293,4.3887,0.18278,0.003561,55.433,6.5845,0.071692,0.025428,1.9521,3.7697,0.6368,0.013265,0.016392,0.14199,0.013265,119.45,45.374,0.0114,0.8375,74.312,-0.03127,-0.016313,1.7821,0.29021,0.15187,1.5556,1.7309,8367,0.003136,0.007749,0.99686,0.11265,4.9272,8.0443,55.259,6.6052,5.2104,0
0.065643,0.051305,0.47764,10.31,136.61,0.25016,0.082055,17.803,1.0715,0.91336,0.082055,1.5994,0.11485,0.082055,150.75,2.4213,19.491,0.082055,0.075861,36.709,1.1977,0.075363,0.060688,0.31187,0.91336,2.1014,0.74657,1.014,4.6288,-0.096664,0.075861,18.551,19.676,1.4689,0.075363,1.0938,,0.91336,0.069674,3.073,0.014351,0.069674,125.29,88.583,0.60342,8.1896,39.334,0.033195,0.030689,10.31,0.051305,0.050824,1.939,1.939,20317,0.066737,0.07187,0.93326,0,9.943,4.1204,17.313,21.083,2.2962,0
0.002692,0.49229,-0.042775,0.85065,-78.586,0.002692,0.00389,1.0054,1.0227,0.49494,0.00389,0.013583,0.05973,0.00389,4595.8,0.079421,2.0313,0.00389,0.005943,49.364,0.98991,0.017032,0.004112,0.00389,0.49494,0.076987,,-0.056554,5.8115,0.74909,0.005943,163.33,2.2348,0.034598,0.017032,0.6782,0.75344,0.70081,0.02602,0.00936,0.30982,0.02602,134.36,84.997,0.030406,0.54156,50.482,-0.018176,-0.027767,0.49491,0.28642,0.44747,0.65437,0.92656,-27713,0.022158,0.005439,0.97784,0.41596,7.3941,4.2943,159.71,2.2854,0.86545,1
0.053207,0.4145,0.2976,1.7251,-57.745,-0.041457,0.056158,1.412,1.0331,0.58526,0.056158,0.13683,0.053689,0.056158,1846.2,0.19771,2.4125,0.056158,0.036792,124.92,1.7135,0.051632,0.034859,-0.0358,0.58526,0.19059,0.34946,1.0193,4.1709,0.25372,0.036792,101.39,3.5999,0.12456,0.051632,1.5351,45.479,0.58934,0.033827,0.086001,0.17601,0.033827,160.87,35.949,0.10185,0.4523,129.05,0.02584,0.016929,1.7081,0.41042,0.27779,2.0045,2.0184,4411.1,0.032041,0.090913,0.96796,0.006974,2.9219,10.153,98.144,3.719,5.2277,0
-0.12142,0.31793,0.12184,1.4964,53.41,-0.32129,-0.12017,2.1453,0.2598,0.68207,-0.10273,-0.48959,-0.38288,-0.12017,-1166.6,-0.31288,3.1453,-0.12017,-0.46253,104.84,1.6229,-0.1142,-0.46735,-0.19794,-0.44271,-0.31681,-6.5481,0.19256,5.084,0.27133,-0.44683,268.91,1.3573,1.0479,-0.073351,0.2598,4.1023,0.75341,-0.28233,1.0116,-0.11334,-0.43957,167.17,62.329,-1.627,1.1923,81.759,-0.1349,-0.51922,1.1552,0.24545,0.73673,1.078,1.1908,14784,-0.28233,-0.17802,1.4406,0.10459,3.4814,5.8561,344.83,1.0585,0.41062,0
-0.022289,0.43069,0.47376,2.1,57.198,0,-0.022289,1.3218,1.5681,0.56931,0.019841,-0.051751,-0.005576,-0.022289,-17978,-0.020302,2.3218,-0.022289,-0.014213,51.613,0.86541,0.009948,-0.014213,,0.54915,-0.020302,0.23612,4.9585,3.3946,0.25756,-0.011223,100.98,3.6145,3.6145,0.011402,1.5681,,0.56931,0.007271,0.07807,0.61111,0.006344,202.69,151.08,-0.10052,1.5851,51.991,-0.003597,-0.002294,2.1,0.43069,0.27666,5.9585,5.9585,1175.4,0.007271,-0.039151,1.0141,0,7.0718,2.4159,100.25,3.641,16.413,0
0.013463,0.42313,-0.015814,0.80651,-495.15,0,0.013463,1.3634,0.66028,0.57687,0.013463,0.16472,0.1396,0.013463,1675.6,0.21784,2.3634,0.013463,0.02039,12.526,1.2149,0,0.02039,0.032427,0.36144,0.21784,,-0.01693,4.0646,0.62644,0.045996,269.89,1.3524,0.26122,0.013199,0.66028,0.20079,0.7923,0.019989,0.18095,0.17919,0,28.263,15.737,0.59413,0.52926,74.829,-0.07871,-0.11921,0.15578,0.08173,0.73944,0.61758,0.84821,-183.52,0.8326,0.023338,0.16969,0.37344,29.139,23.194,45.18,8.0788,0.70688,0
0.069293,0.044384,0.3874,9.7284,99.559,0,0.084794,21.53,0.98753,0.95562,0.091242,1.9104,0.1818,0.084794,90.238,4.0449,22.53,0.084794,0.085865,59.088,1.1338,0.088458,0.070167,0.27811,0.79634,3.6956,13.719,0.6818,4.0727,-0.080846,0.08672,18.03,20.244,20.244,0.089023,0.98753,,0.95562,0.090147,2.9171,0.008076,0.089575,111.74,52.65,0.43344,6.1265,64.942,-0.006277,-0.006356,9.7284,0.044384,0.049398,1.6818,1.6818,4580,0.090147,0.072511,0.91471,0,6.1772,6.9325,16.405,22.25,1.738,0
0.003262,0.24165,0.61114,3.7011,31.418,0.038018,0.008758,3.0555,0.99912,0.73835,0.008758,0.03871,0.019438,0.008758,2819.1,0.12947,4.1382,0.008758,0.005442,106.27,0.99864,0.005461,0.002027,0.055618,0.73835,0.10673,0.0339,3.7583,4.1134,0.070276,0.005442,51.262,7.1203,0.0226,0.005461,1.6261,23.953,0.75375,0.003393,0.58532,0.28384,0.003393,159.86,53.597,0.006962,1.6299,106.17,-0.017068,-0.010604,3.4653,0.22625,0.14044,4.5407,4.6354,7935.1,-0.000886,0.004419,1.0009,0.020851,3.4348,6.8101,51.307,7.114,9.8984,0
0.041033,0.38938,0.32954,1.8566,-38.993,0.080978,0.043826,1.5131,1.0272,0.58918,0.043826,0.11392,0.073337,0.043826,1290.7,0.28278,2.5682,0.043826,0.029189,116.4,1.1863,0.050389,0.027329,0.10338,0.58918,0.27561,0.34472,1.1532,4.5224,0.24831,0.029189,96.063,3.7996,0.12941,0.050389,1.5233,50.278,0.59386,0.03356,0.047862,0.10972,0.03356,169.15,52.751,0.085693,0.61192,119.57,-0.015897,-0.010588,1.8343,0.3847,0.26319,2.0618,2.0782,10973,0.026471,0.069644,0.97353,0.007947,3.1356,6.9193,93.52,3.9029,5.2542,0
0.19373,0.51305,0.37211,3.2094,73.472,0.27715,0.23001,0.92159,1.1515,0.47282,0.23001,1.3657,0.20059,0.23001,706.34,0.51675,1.9491,0.23001,0.17403,28.552,1.2487,0.18128,0.14658,0.33782,0.47282,0.44603,1.5792,0.80989,4.1993,0.2332,0.17403,53.556,6.8153,0.35333,0.18128,1.3924,1.2685,0.81745,0.13715,1.4633,0.077953,0.13715,81.215,52.663,1.8738,2.5955,32.876,0.14617,0.11059,1.0536,0.16843,0.14673,1.0291,1.7791,5888.5,0.13153,0.40973,0.86847,0.72887,12.784,6.9308,46.512,7.8475,2.8766,0
0.035481,0.40477,0.12312,1.3589,-11.906,0.003505,0.045046,1.4705,1.2959,0.59523,0.054438,0.1313,0.071055,0.045046,1604.5,0.22748,2.4705,0.045046,0.034761,28.221,1.4261,0.036896,0.02738,0.092232,0.29615,0.20385,3.9283,0.23064,4.7628,0.31236,0.034761,101.28,3.709,3.1435,0,1.2959,5.9312,0.65693,0,0.18148,0.16076,0.028472,113.77,85.552,0.35413,1.0668,28.741,-0.010135,-0.007821,1.1517,0.34307,0.26962,1.115,1.2306,1.3589,0.045953,0.059608,0.96605,0.10367,12.934,4.2664,96.63,3.7773,2.4276,0
0.007927,0.75142,-0.14397,0.76595,-103.61,0,0.010705,0.33082,1.0627,0.24858,0.032494,0.017403,0.041093,0.010705,6280.6,0.058115,1.3308,0.010705,0.010073,50.005,0.99712,0.028384,0.007459,0.098753,0.22928,0.054418,1.3027,-0.27223,3.8447,0.70361,0.019274,213.59,1.7089,1.3989,0.011526,1.0627,,0.24858,0.010847,0.011708,0.40828,0.02671,159.35,109.35,0.054447,0.52927,50.553,-0.00458,-0.00431,0.62701,0.61512,0.58519,0.47004,0.47004,-1006.8,0.010847,0.031888,0.99013,0,7.2993,3.3379,211.28,1.7276,2.0094,0
0.19258,0.46836,0.39327,2.9439,22.817,-0.090116,0.2064,1.1351,1.9084,0.53164,0.21458,1.0202,0.11912,0.2064,752,0.48537,2.1351,0.2064,0.10815,51.279,0.97183,0.17473,0.10091,-0.048301,0.073574,0.45587,21.339,0.97244,3.4183,0.17667,0.11244,37.004,9.8639,4.2608,-0.087182,1.9084,1.4298,0.76067,-0.045683,0.64856,0.079788,0.091559,88.815,37.536,0.71826,1.6186,49.039,0.1538,0.080588,1.2716,0.20231,0.10138,1.3146,1.8809,1030.3,-0.045683,0.36224,0.90671,0.4308,7.118,9.7241,38.694,9.433,4.719,0
0.23085,0.14963,0.45504,4.3599,102.14,0,0.28619,5.683,1.0992,0.85037,0.2885,2.1131,0.32239,0.28619,154.13,2.3682,6.683,0.28619,0.26037,79.104,1.625,0.27913,0.21002,0.31317,0.78746,1.9983,120.74,1.1111,4.3348,-0.077731,0.26041,60.087,6.0746,5.4981,0.27646,1.0992,,0.85037,0.25152,1.756,0.014362,0.25395,117.11,38.002,0.96908,2.601,105.69,0.21095,0.19192,3.9461,0.13543,0.16462,2.0765,2.0765,9837.8,0.25152,0.27147,0.7428,0,4.6142,9.6048,44.974,8.1158,2.6839,0
0.019501,0.7923,0.008121,1.0177,-54.871,0,0.023128,0.26215,1.705,0.2077,0.092708,0.050278,0.038496,0.023128,4406.1,0.08284,1.2622,0.023128,0.013565,52.422,1.0332,0.09208,0.011438,0.003788,0.15947,0.078262,1.3234,0.015269,4.0172,0.45074,0.028568,103.19,3.5371,2.0536,0.077873,1.705,0.73977,0.50949,0.045674,0.062106,0.19623,0.054007,94.101,41.678,0.079639,0.48533,54.931,0.049574,0.029076,0.59085,0.46001,0.28272,0.39051,0.95792,84.492,0.045674,0.09389,0.98657,1.453,6.9627,8.7576,98.478,3.7064,3.2056,0
0.020112,0.7424,0.14948,1.2463,-61.424,0,0.022575,0.34699,2.1544,0.2576,0.10027,0.037203,0.025356,0.022575,4960.5,0.073581,1.347,0.022575,0.010479,78.012,1.1919,0.090948,0.009336,0.074012,0.18663,0.070263,1.1706,0.61333,3.5412,0.31101,0.020045,105.98,3.444,2.815,0.064511,2.1544,3.1201,0.35241,0.029944,0.18538,0.20119,0.042216,109.07,31.062,0.043679,0.48752,80.42,0.058897,0.027339,1.0187,0.6068,0.29036,1.057,1.446,519.76,0.029944,0.078075,0.98973,0.36806,4.6788,11.751,102.81,3.5504,8.8397,0
0.12971,0.64071,-0.003776,0.99411,-33.705,0,0.16084,0.56076,2.3763,0.35929,0.16248,0.25103,0.075806,0.16084,1298.3,0.28115,1.5608,0.16084,0.067684,30.576,1.1922,0.16248,0.054586,0.55268,0.35158,0.23257,98.609,-0.010401,3.8123,0.23116,0.06821,106.39,3.4309,3.4309,0.17806,2.3763,,0.35929,0.074935,0.1445,0.11749,0.068376,83.614,53.038,0.65162,0.68342,33.052,0.14318,0.060255,0.99411,0.64071,0.29147,0.9896,0.9896,-24.509,0.074935,0.36102,0.93242,0,11.938,6.8819,98.415,3.7088,6.545,0
0.075978,0.17202,0.45784,3.6616,109.14,0.27334,0.093022,4.7225,1.0731,0.81235,0.093022,0.54077,0.084207,0.093022,578.08,0.6314,5.8134,0.093022,0.07212,26.629,0.98143,0.086475,0.058906,0.34173,0.81235,0.53231,0.71944,1.2369,4.4695,-0.086162,0.07212,52.236,6.9875,0.50271,0.086475,1.3091,,0.81235,0.067044,1.6697,0.05541,0.067044,96.965,70.336,0.80741,3.1146,28.575,0.070886,0.054958,3.6616,0.17202,0.14311,2.1947,2.1947,13497,0.068107,0.093529,0.93189,0,13.707,5.1894,48.678,7.4982,3.4847,0
0.021244,0.42435,-0.098444,0.73636,-117.86,0.053235,0.027288,1.3486,1.0474,0.57226,0.027288,0.073077,0.062491,0.027288,3084.3,0.11834,2.3565,0.027288,0.033957,14.68,1.3254,0.036562,0.026436,0.067357,0.57226,0.1041,0.47656,-0.13578,5.4216,0.52155,0.033957,177.65,2.0546,0.08616,0.036562,0.81479,4.7634,0.6232,0.045498,0.31635,0.2345,0.045498,71.237,56.556,0.65729,0.64981,15.377,0.013631,0.016963,0.64797,0.37341,0.48672,0.78929,0.85955,-25992,0.045293,0.037123,0.95471,0.089015,24.863,6.4537,169.6,2.1521,1.1084,0
0.13252,0.20332,-0.034483,0.80293,-24.874,0.36358,0.16266,3.9173,1.185,0.79648,0.16266,0.92957,0.23238,0.16266,348.14,1.0484,4.9183,0.16266,0.17731,4.3795,1.0742,0.16853,0.14446,0.4486,0.79648,0.9002,2.1771,-0.040119,5.2403,0.20387,0.17731,82.505,4.424,0.82887,0.16853,0.94637,4.5686,0.82483,0.18371,0.1189,0.030517,0.18371,47.624,43.244,12.039,0.74003,5.19,0.11801,0.12865,0.691,0.17498,0.22604,0.92668,0.95966,-5996.8,0.15615,0.16638,0.84385,0.035586,83.342,8.4404,69.622,5.2426,1.0673,0
0.019501,0.44662,0.29534,2.3992,2.8511,0.038158,0.018264,1.1915,1.0577,0.53215,0.018264,0.086527,0.043036,0.018264,2636.1,0.13846,2.239,0.018264,0.012711,69.207,1.0974,0.073564,0.013572,0.042774,0.53215,0.14123,0.5415,0.59838,4.6644,0.27496,0.012711,56.714,6.4359,0.16471,0.073564,1.4813,0.99336,0.76769,0.051196,0.30318,0.12535,0.051196,112.38,43.176,0.071576,1.1084,73.202,0.029989,0.02087,1.1339,0.21109,0.15538,1.0782,1.5554,13636,0.054567,0.036646,0.94543,0.44261,5.274,8.4537,53.619,6.8073,2.9113,0
0.004912,0.62593,-0.16134,0.39836,-136.18,0,0.011732,0.59762,0.59128,0.37407,0.052734,0.043747,0.11534,0.011732,3350,0.10896,1.5976,0.011732,0.019842,8.6739,1.5087,0.051967,0.008307,0.070676,0.04956,0.098061,1.2674,-0.18064,5.6605,1.0523,0.065405,186.59,1.9561,0.83809,0.06669,0.59128,0.28606,0.6984,0.11279,0.020196,0.19241,0.087889,62.604,53.93,0.34956,0.34597,9.7766,-0.004501,-0.007612,0.17067,0.26817,0.51121,0.41881,0.78194,-73834,0.11279,0.013131,0.9804,0.86704,42.08,6.768,165.55,2.2048,0.662,0
-0.18608,0.15087,-0.070281,0.5149,-153.09,-0.16034,-0.1829,5.6284,0.10905,0.84913,-0.1801,-1.2624,-1.3542,-0.1829,-372.88,-0.97887,6.6284,-0.1829,-1.6771,127.45,1.09,-0.18109,-1.7063,-0.42719,-0.31486,-0.99997,-64.593,-0.075947,4.0802,1.3634,-1.6519,181.03,2.0931,2.01,-0.18306,0.10905,13.799,0.85178,-1.6786,0.021096,-0.034475,-1.6606,239.44,111.99,-4.8867,0.25205,45.835,-0.21631,-1.9835,0.49446,0.14488,0.47776,0.91758,0.92044,0.5149,-1.6786,-0.21915,2.4852,0.003117,2.8638,3.2592,484.9,0.75273,0.11785,0
0.19966,0.34562,0.40241,2.6828,9.309,0.50833,0.248,1.8047,1.2259,0.62375,0.248,1.0371,0.19067,0.248,429.78,0.84927,2.8934,0.248,0.1611,87.46,1.2843,0.27419,0.12969,0.63516,0.62375,0.70941,2.1835,1.1226,5.2537,0.2178,0.1611,69.507,5.2513,0.79334,0.27419,1.5477,2.5605,0.73023,0.17811,0.052538,0.03554,0.17811,149.13,61.668,0.54126,1.1402,107.22,0.22867,0.14854,1.8562,0.23913,0.19043,1.7401,2.0371,72164,0.18429,0.3201,0.81571,0.17072,4.1733,5.9188,56.698,6.4376,4.2946,0
-0.035201,0.016268,0.099976,7.1456,218.31,-0.05133,-0.035201,59.944,0.94505,0.97517,-0.035201,-2.1638,-0.33159,-0.035201,-169,-2.1598,61.47,-0.035201,-0.33222,0,1.0975,-0.038458,-0.33222,-0.05133,0.97517,-2.1598,-3.4301,0.11313,4.5955,0.072657,-0.33222,52.96,6.892,-2.364,-0.038458,0.11141,,0.97517,-0.36295,2.4954,-0.013931,-0.36295,260.59,260.59,,7.1456,0,-0.038524,-0.36357,7.1456,0.016268,0.1451,1.1034,1.1034,3938.7,-0.05814,-0.036098,1.0581,0,,1.4007,56.039,6.5133,0.1199,0
0.071297,0.069354,0.79612,12.752,1135.9,-0.58822,0.071297,13.419,0.22194,0.93065,0.072028,1.0525,0.33962,0.071297,335.85,1.0868,14.419,0.071297,0.32125,0,2.7017,-0.012953,0.32125,0.051254,-0.51693,1.0868,-17.719,5.8477,2.9855,-3.4813,0.32454,96.869,3.768,3.6804,-0.033313,0.22194,,0.93065,-0.1501,12.483,-0.26047,-0.058361,30.005,30.005,,12.752,0,-0.01703,-0.076731,12.456,0.067742,0.26539,6.8358,6.8358,769.95,-0.1501,0.07661,0.78216,0,,12.165,111.41,3.2762,1.6302,0
0.001934,0.56548,0.25709,1.7244,1.5376,0,0.009854,0.7684,1.5035,0.43452,0.03288,0.027765,0.025412,0.009854,5402.2,0.067565,1.7684,0.009854,0.006554,60.528,1.0711,0.032677,0.001287,0.09881,0.42936,0.05356,1.4191,0.6626,3.9862,0.33267,0.008241,87.703,4.1618,2.612,0.026467,1.5035,,0.43452,0.017604,0.18851,0.30885,0.021734,132.33,71.804,0.007758,1.0219,61.612,0.004324,0.002876,1.0822,0.3549,0.24028,1.1199,1.1199,2490.7,0.017604,0.004452,0.99356,0,6.0303,5.0833,86.159,4.2364,3.8749,0
0.21551,0.27841,0.51275,2.8638,101.58,0.2893,0.26014,2.3551,1.2185,0.65568,0.26014,0.94558,0.24252,0.26014,329.79,1.1068,3.5919,0.26014,0.20475,42.834,1.2929,0.2475,0.16963,0.35866,0.65568,0.94648,2.3736,2.4172,5.0236,0.15732,0.20475,96.306,3.79,0.88898,0.2475,1.3383,194.17,0.65897,0.1948,0.58704,0.030976,0.1948,179.94,137.11,1.4454,2.3218,52.193,0.19951,0.15703,2.8299,0.27512,0.26385,3.091,3.1065,54134,0.17933,0.32869,0.82067,0.005017,8.5214,2.6621,79.036,4.6182,5.9894,0
-0.022454,0.13176,0.53536,5.063,87.447,0.068837,-0.018653,5.5984,0.92417,0.73766,-0.018653,-0.14156,0.020409,-0.018653,2094.7,0.17425,7.5894,-0.018653,-0.01658,80.769,1.0671,-0.039218,-0.019959,0.10472,0.73766,0.1454,-0.32218,1.6083,4.1794,-0.1728,-0.01658,39.509,9.2384,-0.29764,-0.039218,1.2199,,0.73766,-0.034861,2.4817,1.8094,-0.034861,110.36,29.586,-0.090198,3.1737,74.645,-0.08083,-0.07185,5.063,0.13176,0.10824,2.216,2.216,8092.4,-0.08205,-0.030439,1.0821,0,4.519,12.337,42.751,8.5379,3.3796,0
0.050937,0.77899,-0.006885,0.98365,-30.159,0,0.063253,0.28371,1.7435,0.22101,0.1018,0.15026,0.068257,0.063253,2389.2,0.15277,1.2837,0.063253,0.036279,24.639,1.1473,0.099067,0.029215,0.13307,0.11446,0.13696,2.5701,-0.011751,3.7128,0.44644,0.058371,92.727,3.9363,2.1272,0.086466,1.7435,0.83826,0.57459,0.049593,0.02418,0.16772,0.05682,84.556,59.916,0.43278,0.70406,25.925,0.043313,0.024842,0.53157,0.42097,0.25405,0.37721,0.98066,-35.538,0.049593,0.23047,0.96417,1.5998,14.814,6.0918,88.128,4.1417,2.9757,0
0.29966,0.081116,0.73529,15.667,483.44,0.63433,0.29966,11.328,0.81515,0.91888,0.29966,5.9772,0.4033,0.29966,90.06,4.0528,12.328,0.29966,0.36761,19.32,1.1319,0.28043,0.36761,,0.91801,4.0528,186010,3.4267,4.2019,-0.63403,0.36761,33.685,10.836,6.697,0.27192,0.81515,,0.91888,0.33358,11.961,0.008736,0.34403,83.182,63.862,6.9449,14.806,28.991,0.25134,0.30834,9.6827,0.050133,0.092287,4.2823,4.2823,11705,0.33358,0.32611,0.64449,0,18.892,5.7155,22.448,16.26,3.7988,0
-0.055476,2.2032,-0.67574,0.59552,-441.13,-1.8805,-0.055476,-0.54611,0.51849,-1.2032,-0.032942,-0.033206,-0.10699,-0.055476,-14496,-0.02518,0.45389,-0.055476,-0.10699,0,0.63957,-0.032945,-0.10699,-0.043334,-1.9309,-0.02518,-1.4621,-132.66,2.553,4.2485,-0.063535,1105.8,0.33009,0.2503,-0.03297,0.51849,1.8682,-0.67064,-0.063589,0.000219,-2.2292,-0.06354,700.12,700.12,,0.59552,0,-0.032945,-0.06354,0.45157,1.6706,3.0295,-236.2,-131.66,-241.43,-0.063589,0.046107,1.107,-0.44261,,0.52134,1176.1,0.31035,101.79,0
0.19853,0.3352,0.46555,2.9377,81.085,0.016457,0.263,1.9833,1.9286,0.6648,0.26679,1.0946,0.15625,0.263,406,0.89901,2.9833,0.263,0.13637,17.597,2.9602,0.23683,0.10294,0.35836,0.65648,0.70667,62.468,1.5825,3.876,0.12937,0.13833,51.909,7.0316,5.04,0.2392,1.9286,11.515,0.71802,0.12403,0.35957,0.040604,0.1228,117.23,99.632,2.1351,2.5507,20.089,0.19848,0.10291,2.1056,0.24026,0.14222,2.2598,2.4407,3498.9,0.12403,0.29863,0.8667,0.080057,20.742,3.6635,45.471,8.0272,6.5556,0
-0.058632,1.0549,0.97983,50.016,555.06,0.002234,-0.050474,-0.052073,0.1377,-0.054934,0.071475,-2.525,-0.3663,-0.050474,-7634.1,-0.047812,0.94793,-0.050474,-0.36656,2245.2,10.177,0.051519,-0.42581,-0.048151,-0.056399,-0.055545,0.42246,5534,4.5333,7.5493,-0.20859,84.666,4.3111,0.081691,0.051518,0.1377,0.14765,0.98001,0.37414,0.77148,0.68208,0.37415,2609.4,364.19,-0.069223,7.6445,3587.4,0.051482,0.37388,0.94776,0.01999,0.23196,-310.26,5535,33453,0.37414,1.0673,1.3202,-18.84,0.16257,1.0022,52.989,6.8883,777.69,0
0.07746,0.5027,0.18768,1.3733,-30.916,0.1538,0.097189,0.881,1.0214,0.44288,0.097189,0.19333,0.025374,0.097189,1432.2,0.25485,1.9893,0.097189,0.019249,21.852,1.0651,0.094204,0.015342,0.19331,0.44288,0.21561,0.19058,0.60615,6.0724,0.098591,0.019249,37.12,9.8329,0.1874,0.094204,5.0597,,0.44288,0.018658,0.62098,0.13208,0.018658,27.341,5.4899,0.25626,0.77205,22.32,0.063278,0.012533,1.3733,0.5027,0.1017,1.4304,1.4304,221700,0.020991,0.1749,0.97901,0,16.704,66.486,36.341,10.044,16.307,0
0.097445,0.17816,0.098854,1.6535,8.8929,0.16703,0.12279,4.0378,1.1401,0.71937,0.12279,0.81174,0.22981,0.12279,268.68,1.3585,5.613,0.12279,0.11659,23.269,1.3473,0.13016,0.092528,0.23092,0.71937,1.2162,1.4091,0.13183,5.7061,0.16827,0.11659,59.773,6.1064,0.73058,0.13016,1.0625,6.8055,0.74625,0.12359,0.084528,0.023486,0.12359,82.256,58.987,1.4514,1.2096,26.53,0.010928,0.010377,1.4039,0.15127,0.16376,0.95931,0.99517,50242,0.12289,0.13546,0.87711,0.037377,15.686,6.1878,52.427,6.962,1.4044,0
0.076692,0.24632,0.34537,2.4147,56.247,0.092398,0.066496,2.5685,1.041,0.63268,0.066496,0.27238,0.071989,0.066496,809.19,0.45107,4.0597,0.066496,0.043084,22.574,1.0977,0.053,0.049689,0.077829,0.63268,0.49246,0.35747,0.84133,5.2556,0.044292,0.043084,60.102,6.073,0.21516,0.053,1.5759,225.42,0.63487,0.034339,0.83232,0.082964,0.034339,91.356,68.781,0.80341,2.0237,23.5,0.008386,0.005434,2.3932,0.24413,0.16466,1.5412,1.5466,62215,0.039397,0.12122,0.9606,0.003464,16.169,5.3067,57.734,6.3221,3.7599,0
0.083949,0.5825,0.23972,1.4667,-15.183,0,0.10569,0.71674,2.903,0.4175,0.11078,0.20577,0.059116,0.10569,1238.9,0.29462,1.7167,0.10569,0.036407,44.89,1.2047,0.089736,0.028918,0.20046,0.40935,0.2573,17.616,0.97184,4.0888,0.19435,0.03799,64.882,5.6256,4.9603,0.013611,2.903,31.491,0.43009,0.004689,0.039095,0.12474,0.030912,92.194,47.304,0.23513,0.7716,45.102,0.023811,0.008202,1.2933,0.51361,0.17776,1.6926,1.7436,2941.1,0.004689,0.20107,0.96482,0.030142,8.1309,7.7161,64.578,5.6521,11.769,0
-0.14113,0.68135,0.053949,1.0929,-148.91,-0.46862,-0.14113,0.46768,1.2362,0.31865,-0.1184,-0.24308,-0.080323,-0.14113,-2504.5,-0.14574,1.4677,-0.14113,-0.11417,124.94,0.8653,0,-0.11417,-0.40603,-0.34595,-0.14574,0,0.14762,3.6651,0.52364,-0.22833,226.59,1.6109,1.3727,0.002609,1.2362,2.7891,0.39444,0.002111,0.059162,0.54285,0,177.21,52.269,-0.33351,0.36407,165.15,-0.041838,-0.033843,0.93132,0.5806,0.62079,0.87195,1.0793,249.49,0.24344,-0.44291,0.77742,0.23784,2.9213,6.9831,171.43,2.1292,3.3827,0
0.13622,0.072797,0.77342,11.624,282.87,0.34871,0.16218,11.87,1.1002,0.86411,0.16218,2.2278,0.18501,0.16218,147.91,2.4677,13.737,0.16218,0.16703,35.21,1.2539,0.094105,0.1403,0.4236,0.86411,2.1112,1.0663,5.0293,6.2405,0.070763,0.16703,30.108,12.123,1.2927,0.094105,1.0479,,0.86411,0.09692,0.056661,0.021452,0.09692,316.56,281.35,1.4544,10.338,38.738,0.076642,0.078935,11.624,0.072797,0.082487,5.619,5.619,1345600,0.091071,0.15765,0.90893,0,10.366,1.2973,27.366,13.338,6.3137,0
-0.19172,0.18239,0.35577,2.9507,45.405,-0.56084,-0.19172,4.4829,1.5583,0.81761,-0.19116,-1.0512,-0.1072,-0.19172,-398.51,-0.91592,5.4829,-0.19172,-0.12303,32.515,0.99271,-0.19117,-0.12303,-0.082742,-0.75256,-0.91592,-342.13,0.77033,3.4747,0.10954,-0.12267,38.194,9.5566,9.5566,-0.18467,1.5583,,0.81761,-0.11851,0.065372,-0.036515,-0.12268,123.26,90.745,-1.3811,2.1896,29.07,-0.21584,-0.13851,2.9507,0.18239,0.10464,1.7703,1.7703,1061.4,-0.11851,-0.23449,1.1228,0,11.226,4.0223,42.72,8.544,3.3741,0
0.071885,0.67932,0.23132,1.3405,-33.48,-0.00119,0.088796,0.47206,4.6584,0.32068,0.23971,0.13071,0.024522,0.088796,2170.6,0.16816,1.4721,0.088796,0.019062,51.329,0.97788,0.11422,0.015431,0.16404,0.21022,0.14326,0.7569,2.5887,3.2664,0.13275,0.025184,53.254,6.854,6.854,0.002297,4.6584,,0.32068,0.000493,0.099835,0.16214,0.02452,66.038,14.709,0.10973,0.37618,51.354,0.088788,0.01906,1.3405,0.67932,0.1459,3.5887,3.5887,427.21,0.000493,0.22416,0.98186,0,7.111,24.815,53.227,6.8574,52.131,0
0.036483,0.70679,0.28575,1.4178,-25.18,0.018848,0.041204,0.40118,1.0436,0.28355,0.041204,0.06024,0.045496,0.041204,6261,0.058298,1.4149,0.041204,0.045496,138.27,7661.5,0.040143,0.040283,0.026232,0.28355,0.051618,0.46256,9.4435,4.0512,0.13338,0.045496,287.68,1.2688,0.056796,0.040143,0.91036,27.492,0.30634,0.044324,0.86162,0.57885,0.044324,153.31,15.036,0.044324,0.91617,144.3,0.040143,0.044324,1.372,0.68399,0.78816,9.3709,10.124,3215,0.04178,0.12866,0.95822,0.080389,2.6398,24.276,275.66,1.3241,29.931,0
0.046979,0.5144,-0.21554,0.581,-154.75,0.023683,0.046979,0.93462,1.081,0.48077,0.046979,0.091326,0.10021,0.046979,1599.2,0.22824,1.944,0.046979,0.040095,68.121,1.1572,0.10194,0.040095,0.023683,0.48077,0.22824,0.94046,-0.30741,4.349,0.42212,0.040095,173.22,2.1071,0.19816,0.10194,1.1983,,0.48077,0.087001,0.041333,0.098117,0.087001,86.48,18.359,0.21483,0.1559,73.638,0.031508,0.026891,0.581,0.5144,0.47459,0.68571,0.68571,-4813.8,0.074911,0.097715,0.92509,0,5.3581,19.882,160.25,2.2777,1.6711,0
0.000285,0.68691,0.021155,1.0408,-44.605,0,-0.000494,0.4558,0.49213,0.31309,0.034216,-0.000953,0.022324,-0.000494,22822,0.015994,1.4558,-0.000494,-0.001004,56.692,1.302,0.03312,0.00058,0.074551,0.29677,0.017128,0.95419,0.045943,5.4156,1.0119,0.031787,413.44,0.88283,0.66625,0.034475,0.49213,2.7969,0.47867,0.070053,0.36442,0.51338,0.0673,260.06,203.36,0.003731,0.89336,60.962,0.02164,0.043973,0.78546,0.51839,1.1327,0.67996,1.0395,5508,0.070053,0.000911,1.001,0.52884,6.4384,1.7948,384.48,0.94934,1.0688,0
0.13809,0.56987,0.1218,1.2137,0.81842,0,0.17448,0.7548,2.4712,0.43013,0.17776,0.30618,0.077525,0.17448,1085.7,0.33618,1.7548,0.17448,0.070605,15.89,1.7399,0.17712,0.055879,0.16752,0.42198,0.27232,54.03,0.39505,3.7875,0.21159,0.071932,90.107,4.0507,4.0507,0.16284,2.4712,,0.43013,0.065894,0.098274,0.097807,0.071672,93.889,77.999,1.2836,1.025,17.01,0.16002,0.064752,1.2137,0.56987,0.24687,1.395,1.395,746.78,0.065894,0.32103,0.92985,0,22.971,4.6795,84.17,4.3365,8.0148,0
0.004788,0.054739,0.92196,17.843,-2081.4,-1.1215,0.004788,17.269,0.3597,0.94526,0.004788,0.087477,0.45662,0.004788,121.64,3.0006,18.269,0.004788,0.013312,0,0.82855,0,0.013312,0.15436,-1.1167,3.0006,,39.568,2.3389,-1.2708,0.026624,,0,0,0.000009,0.3597,,0.94526,0.000025,9.3511,0.011443,0,471.68,471.68,,17.843,,-0.15946,-0.44331,17.843,0.054739,,40.568,40.568,201.21,1,0.005066,0.000013,0,,0.77383,55.545,6.5712,15.438,0
0.091218,0.32314,0.40658,2.2582,27.074,0.42594,0.11394,2.0133,1.0627,0.65057,0.11394,0.35261,0.088308,0.11394,785.6,0.46461,3.0946,0.11394,0.067019,25.935,1.1367,0.10051,0.053653,0.5295,0.65057,0.39429,0.62826,1.5043,4.2819,0.13963,0.067019,73.725,4.9509,0.31104,0.10051,1.7162,,0.65057,0.059119,0.78586,0.077714,0.059119,102.14,76.21,0.75511,1.8844,27.561,0.064317,0.037831,2.2582,0.32314,0.20199,2.407,2.407,7781.4,0.059009,0.14021,0.94099,0,14.074,4.7894,69.374,5.2613,6.2904,0
-0.016281,0.90658,0.089048,1.1054,-42.256,-0.48401,-0.007287,0.10304,2.091,0.093418,0.02401,-0.008625,0.00545,-0.007287,29036,0.01257,1.103,-0.007287,-0.003485,48.097,0.8706,0.023415,-0.007786,,-0.48543,0.00265,0.74813,1.349,4.1745,0.32891,0.006746,149.68,2.4385,2.2727,0.030582,2.091,87.776,0.10092,0.014625,0.32191,0.71783,0.011198,115.56,67.46,-0.059089,0.77929,48.811,0.004731,0.002263,1.0302,0.84494,0.41009,1.4152,1.5289,1330.7,0.014625,-0.17428,1.0035,0.080301,7.5888,5.4106,147.49,2.4747,31.678,0
0.009071,0.63819,0.057585,1.1554,-59.541,0,0.012137,0.56692,0.88985,0.36181,0.017132,0.03276,0.050871,0.012137,5145.9,0.070931,1.5669,0.012137,0.013639,74.629,0.85265,0.01663,0.010194,0.28184,0.3584,0.066126,3.3295,0.10068,4.1664,0.71003,0.018469,151.75,2.4053,1.3963,-0.001255,0.88985,1.5137,0.5244,-0.00141,0.064558,0.42751,0.018688,165.77,91.143,0.049855,0.66433,74.524,-0.016501,-0.018543,0.67074,0.37048,0.41575,0.6326,0.91689,844.74,-0.00141,0.025071,0.98731,0.4494,4.8908,4.0047,151.96,2.4019,1.5558,0
0.032895,0.35649,0.23022,3.7032,49.41,0.099371,0.042321,1.7235,1.1409,0.61439,0.042321,0.49693,0.13602,0.042321,1972.9,0.18501,2.8052,0.042321,0.087285,131.65,1.1388,0.057099,0.067844,0.12574,0.61439,0.15857,1.3435,0.33628,4.2086,0.7312,0.087285,73.142,4.9903,0.16017,0.057099,0.48736,0.51783,0.88571,0.11776,0.025921,0.14518,0.11776,235.76,104.11,0.18809,1.6497,150.2,0.033467,0.069024,0.8847,0.085165,0.20039,0.89742,1.2937,3722,0.12347,0.053541,0.87653,0.44161,2.7724,3.5061,64.112,5.6932,0.70822,0
0.028432,0.25277,0.10574,1.5067,-12.365,0.06509,0.034168,2.8578,1.0425,0.72236,0.034168,0.16373,0.083639,0.034168,1372.9,0.26587,3.9562,0.034168,0.042526,58.137,1.0022,0.031062,0.035386,0.077343,0.72236,0.24317,0.40301,0.15424,4.499,0.29532,0.042526,98.828,3.6933,0.12289,0.031062,0.84994,4.2302,0.76643,0.038659,0.089053,0.12965,0.038659,134.4,76.259,0.22216,0.89345,60.605,-0.001972,-0.002454,1.244,0.20869,0.27076,1.0537,1.118,3335.9,0.040724,0.03936,0.95928,0.061017,6.2782,4.7863,94.803,3.8501,1.172,0
0.27833,0.20793,0.63888,10.148,374.87,0.46774,0.28499,3.1599,1.5238,0.65705,0.28499,4.0808,0.40163,0.28499,241.6,1.5108,4.8092,0.28499,0.36438,26.538,1.6493,0.29223,0.35586,0.48145,0.65705,1.4787,5.6933,2.1933,4.3772,-0.38706,0.36438,49.662,7.3497,1.4054,0.29223,0.93089,4.7203,0.79515,0.37363,8.4271,0.021272,0.37363,56.087,29.55,4.8945,9.3338,40.438,0.26309,0.33637,3.4084,0.069838,0.13606,2.2557,2.7298,15226,0.34374,0.42361,0.65626,0.21017,13.754,12.352,32.591,11.199,2.6852,0
-0.053174,0.12634,0.29549,3.3387,40.213,0,-0.053174,6.9149,1.4545,0.87366,-0.043186,-0.42086,-0.024594,-0.053174,-1289.2,-0.28313,7.9149,-0.053174,-0.036558,32.416,0.94291,-0.044752,-0.036558,-0.091432,0.58539,-0.28313,-4.4806,0.51107,2.9225,0.007835,-0.03648,30.779,11.859,11.859,-0.043799,1.4545,,0.87366,-0.030113,0.91685,-0.15399,-0.030768,76.788,44.372,-0.41164,2.3163,31.468,-0.062154,-0.042732,3.3387,0.12634,0.084326,1.5111,1.5111,247.21,-0.030113,-0.060863,1.0365,0,11.26,8.226,31.706,11.512,2.5157,0
0.29259,0.14063,0.27268,2.9614,68.696,0,0.36596,6.1109,1.5109,0.85937,0.39796,2.6323,0.26988,0.36596,125.88,2.8995,7.1109,0.36596,0.24222,10.739,1.971,0.38048,0.19366,0.42641,0.8059,2.3778,11.891,0.46352,2.9708,-0.006836,0.24254,40.994,8.9037,8.8021,0.27305,1.5109,,0.85937,0.18072,1.0858,0.011101,0.25182,62.992,52.253,6.5821,2.6417,13.108,0.33868,0.22416,2.9276,0.13902,0.11231,1.4608,1.4608,254.97,0.18073,0.34047,0.77639,0,33.989,6.9852,33.585,10.868,2.5683,0
0.12713,0.2228,0.59975,3.7056,54.832,0,0.15912,3.4883,1.6051,0.7772,0.21635,0.71783,0.11308,0.15912,448.06,0.81463,4.4883,0.15912,0.099136,82.843,1.1882,0.16078,0.079205,0.3742,0.66256,0.67104,2.8096,3.3585,3.8511,-0.042145,0.09924,55.875,6.536,6.5029,0.15703,1.6652,,0.7772,0.097835,1.3923,0.040549,0.10017,116.61,33.767,0.34897,2.0621,91.776,0.1384,0.086224,3.6868,0.22167,0.153,4.3522,4.3522,4256.3,0.097835,0.16358,0.90444,0,4.4059,10.809,50.409,7.2408,8.9884,0
0.1148,0.34917,0.43152,2.3652,16.053,0.25144,0.14138,1.821,1.1352,0.63585,0.14138,0.44729,0.13391,0.14138,792.61,0.4605,2.8639,0.14138,0.11774,115.47,1.0622,0.15489,0.095608,0.31559,0.63585,0.38439,1.4644,1.7097,5.2882,0.27954,0.11774,109.07,3.3464,0.4436,0.15489,1.2194,11.115,0.66893,0.12899,0.059574,0.065859,0.12899,221.52,106.05,0.30221,1.1633,131.09,0.13548,0.11283,2.1411,0.31609,0.29883,2.5193,2.6503,83785,0.11913,0.18055,0.88087,0.05203,3.1609,3.4418,96.08,3.7989,4.7576,0
0.039906,0.40186,-0.001464,0.99575,-88.387,0,0.039906,1.4884,1.1679,0.59814,0.055781,0.11571,0.15188,0.039906,826.95,0.44138,2.4884,0.039906,0.03417,43.029,0.9769,0,0.03417,0.14857,0.26544,0.44138,0,-0.00223,3.8124,0.29449,0.076436,145.91,2.5016,2.1469,0.00406,1.1679,,0.59814,0.003476,0.28086,0.097444,0,77.057,34.028,0.28985,0.59655,58.247,-0.13747,-0.11771,0.85457,0.34488,0.39975,0.91099,0.91099,-9.507,0.26126,0.066717,0.76686,0,8.4826,10.726,107.79,3.3863,1.7787,0
0.11502,0.41271,0.2095,1.6763,38.305,-0.003215,0.14544,1.423,1.6583,0.58729,0.15814,0.46954,0.12336,0.14544,736.35,0.49569,2.423,0.14544,0.087706,11.22,1.1763,0.12646,0.069357,0.4065,0.51828,0.42196,9.9576,0.43577,4.1611,0.17248,0.093408,73.785,4.9468,3.7128,0.12601,1.6583,7.133,0.65294,0.075983,0.41466,0.074127,0.076255,86.018,74.798,2.2564,1.5118,12.142,0.067325,0.040598,1.2582,0.30976,0.20215,1.2216,1.3582,3035.8,0.075983,0.19584,0.91443,0.11178,32.533,4.8798,68.178,5.3536,3.4495,0
0.002799,0.18225,0.48636,3.8316,134.67,0.042724,0.009685,3.9177,0.91027,0.71401,0.009685,0.056384,0.066718,0.009685,935,0.39038,5.487,0.009685,0.009082,23.58,0.98042,0.003296,0.002625,0.069297,0.71401,0.3526,0.028134,1.4226,4.4902,0.031445,0.009082,53.515,6.8205,0.018085,0.003296,1.2226,56.175,0.7245,0.003091,0.87876,0.092527,0.003091,173.6,150.02,0.040633,3.4306,21.464,-0.058166,-0.054545,3.6111,0.17176,0.14662,2.0885,2.1192,15038,-0.098578,0.00392,1.0986,0.014691,15.48,2.433,58.791,6.2084,3.1192,0
0.045316,0.73011,-0.072586,0.89556,-12.746,-0.37563,0.088545,0.36966,2.8957,0.26989,0.19328,0.12741,0.035704,0.088545,2577.5,0.14161,1.3697,0.088545,0.030578,1.8584,1.0211,0.13726,0.015649,0.13034,0.14931,0.082398,1.3105,-0.19223,2.9242,0.2516,0.056652,91.343,3.9959,3.8037,0.11865,2.8957,,0.26989,0.040975,0.017267,0.16,0.047401,76.938,75.08,3.0735,0.87434,1.9378,0.12242,0.042275,0.85247,0.69498,0.25025,0.71475,0.71475,-60.958,0.040975,0.1679,0.97053,0,196.4,4.8615,87.6,4.1667,7.6687,0
0.056857,0.25191,0.34045,2.8701,3.9122,0.17264,0.073288,2.7603,1.0914,0.69534,0.073288,0.40258,0.13731,0.073288,608.51,0.59983,3.9697,0.073288,0.066598,95.641,1.2351,0.08568,0.051666,0.21374,0.69534,0.5346,0.84972,0.71297,4.4484,0.17335,0.066598,65.898,5.5388,0.34013,0.08568,1.1235,3.3517,0.7652,0.077859,0.56647,0.050656,0.077859,139.1,43.455,0.19718,1.2862,104.38,0.007867,0.007149,2.0742,0.18205,0.18054,1.4562,1.6025,9560.3,0.083715,0.081768,0.91629,0.10047,3.8164,8.3994,60.382,6.0449,2.3046,0
0.24952,0.35686,0.5723,2.606,33.204,0,0.31037,1.8022,1.7298,0.64314,0.32617,0.87097,0.18617,0.31037,404.47,0.90242,2.8022,0.31037,0.17943,86.357,1.05,0.32099,0.14425,0.72408,0.63532,0.73193,20.308,8.0199,4.5925,0.10262,0.17947,91.379,3.9943,3.9885,0.30642,1.7298,,0.64314,0.17714,0.59547,0.035758,0.18557,151.18,64.82,0.6097,1.4575,104.95,0.30932,0.17882,2.6022,0.35635,0.25035,9.0127,9.0127,22395,0.17714,0.38798,0.82344,0,4.2266,5.631,75.192,4.8542,24.241,0
0.20558,0.70902,0.30173,1.6322,-0.63311,-0.072768,0.26126,0.4104,3.2056,0.29098,0.31713,0.54743,0.103,0.26126,783.79,0.46569,1.4104,0.26126,0.081501,1.5333,1.3406,0.31713,0.06413,0.30293,0.13281,0.38715,5.6759,1.3651,2.9607,0.22118,0.081865,60.266,6.0565,4.0766,0.31519,3.2056,3.3988,0.51621,0.098324,0.61442,0.061219,0.098931,55.309,53.775,15.266,1.604,1.7005,0.24821,0.07743,1.0987,0.47724,0.16511,1.3165,2.3354,275.64,0.098324,0.70649,0.9188,0.77401,238.05,6.7875,54.34,6.7169,14.503,0
0.5279,0.37734,0.5175,2.4936,79.877,0,0.5279,1.6501,1.5593,0.62266,0.53194,1.5236,0.36298,0.5279,243.35,1.4999,2.6501,0.5279,0.33856,53.095,1.0622,0,0.33856,0.59208,0.59092,1.4999,0,3.805,4.6746,-0.061371,0.35864,94.046,3.8811,3.5638,0.034681,1.5593,,0.62266,0.022242,1.3674,0.33026,0,91.339,38.245,2.3274,1.8389,61.564,-0.038086,-0.024426,2.2897,0.34649,0.25766,4.5782,4.5782,24463,0.13757,0.84782,0.86847,0,6.8745,9.5438,81.108,4.5002,11.465,0
-0.10447,0.5,0.14021,1.3104,-213.19,-0.75234,-0.092652,1,1.107,0.5,-0.064112,-0.20512,-0.034857,-0.092652,-4729.5,-0.077175,2,-0.092652,-0.083695,122.79,1.0323,-0.090314,-0.094372,-0.86635,-0.83106,-0.10081,-3.1645,0.34359,4.7247,0.45166,-0.083695,275.56,1.3977,1.2627,0.50871,1.107,20.832,0.51054,0.45953,0.19948,-0.45977,-0.081584,165.45,42.669,-0.28054,0.48598,215.29,-0.14438,-0.13042,1.1838,0.4517,0.71545,1.2252,1.2511,1.3104,0.45953,-0.20894,0.55934,0.021075,2.9727,8.5543,148.93,2.4508,2.7127,0
0.001975,0.43565,0.066336,1.2334,-11.249,0.000928,0.003485,1.2954,0.91951,0.56435,0.023032,0.012261,0.029088,0.003485,5945.1,0.061395,2.2954,0.003485,0.00379,35.322,1.0553,0.016198,0.002147,0.9683,0.46201,0.057928,0.8287,0.10215,5.3548,0.46715,0.018544,137.63,2.7068,1.7661,0.015019,0.91951,2.2021,0.68315,0.016334,0.023823,0.36801,0.017616,136.48,101.16,0.02219,0.92033,42.212,-0.007063,-0.007682,0.80475,0.28426,0.36945,0.86902,1.052,15017,0.18018,0.003499,0.85803,0.21051,10.333,3.6082,112.84,3.2348,1.4159,0
-0.12353,0.85243,-0.45259,0.46906,-97.23,0,-0.12353,0.17311,1.79,0.14757,-0.046551,-0.14491,-0.055386,-0.12353,-3138.3,-0.1163,1.1731,-0.12353,-0.069009,0,0.82149,-0.078743,-0.069009,-0.1977,0.042888,-0.1163,-1.023,-0.75412,2.6791,0.47622,-0.038308,162.19,2.2504,2.2504,-0.12835,1.79,,0.14757,-0.071702,0.069142,-0.52274,-0.04399,69.514,69.514,,0.46906,0,-0.10313,-0.057614,0.46906,0.85243,0.44436,0.24588,0.24588,-216.18,-0.071702,-0.83709,1.066,0,,5.2507,173.82,2.0999,2.9826,0
0.05464,0.01688,0.33012,20.557,267.33,0.13881,0.067326,58.243,1.2483,0.98312,0.067326,3.9886,0.4618,0.067326,73.97,4.9344,59.243,0.067326,0.37328,143.63,1.4163,0.038578,0.30295,0.17325,0.98312,4.1829,2.6701,0.50554,4.4318,-0.31886,0.37328,42.642,8.5595,2.2854,0.038578,0.2141,,0.98312,0.21389,14.106,0.010174,0.21389,220.37,76.746,0.76987,16.353,179.3,0.022612,0.12537,20.557,0.01688,0.11683,1.5055,1.5055,8921.3,0.19893,0.055578,0.80107,0,2.5413,4.756,34.16,10.685,0.2762,0
0.26523,0.043964,0.50732,12.539,95.437,0.17111,0.26523,21.746,0.93321,0.95604,0.26625,6.0328,0.29118,0.26523,59.055,6.1807,22.746,0.26523,0.28421,142.83,1.0274,0,0.28421,0.7566,0.85371,6.1807,0,1.1306,3.7368,-0.058844,0.56842,29.817,12.241,12.241,0.022164,0.93321,,0.95604,0.02375,2.2761,0.22532,0,176.48,33.651,0.7263,4.2331,247.66,-0.006504,-0.00697,12.539,0.043964,0.08169,2.1306,2.1306,2767.2,0.42329,0.27742,0.58019,0,2.5555,10.847,17.196,21.226,2.0797,0
-0.004475,0.43,0.054902,1.1277,-34.094,-0.024177,-0.004475,1.2161,0.99978,0.52293,-0.004475,-0.010407,0.013039,-0.004475,10794,0.033816,2.3256,-0.004475,-0.004013,51.916,1.2587,0.027816,-0.004013,-0.024177,0.52293,0.033816,0.24938,0.10659,5.5419,0.27094,-0.004013,140.71,2.594,0.064687,0.027816,1.4722,,0.52293,0.024943,0.29762,0.30187,0.024943,116.82,64.908,-0.028213,0.7588,51.905,0.0088,0.007891,1.1277,0.43,0.38551,1.0152,1.0152,19121,-0.000221,-0.008558,1.0002,0,7.0305,5.6234,140.74,2.5934,2.165,0
0.010966,0.51618,-0.072028,0.85121,-47.004,0,0.010966,0.93731,2.1532,0.48382,0.069778,0.022652,0.007027,0.010966,12453,0.029311,1.9373,0.010966,0.005093,25.125,0.97274,0,0.005093,0.19919,0.45386,0.029311,0,-0.12251,3.3748,0.2278,0.013508,99.619,3.664,3.4362,0.033577,2.1532,,0.48382,0.015594,0.075323,4.1319,0,63.67,38.545,0.073984,0.54504,30.5,-0.004164,-0.001934,0.7983,0.4841,0.27293,0.82292,0.82292,-170.72,0.17626,0.022665,0.87591,0,14.528,9.4694,82.061,4.4479,3.6624,0
0.040848,0.32406,0.1694,1.5227,-10.64,0.21989,0.051762,2.0645,1.0386,0.66902,0.051762,0.15973,0.065562,0.051762,1095.6,0.33316,3.0859,0.051762,0.031433,45.834,1.0931,0.062011,0.024806,0.26819,0.66902,0.29949,0.39112,0.33442,5.1439,0.19051,0.031433,74.603,4.8925,0.19136,0.062011,1.6497,,0.66902,0.037657,0.055997,0.090125,0.037657,105.35,59.518,0.19754,0.88462,47.606,0.005809,0.003527,1.5227,0.32406,0.20439,1.3208,1.3208,23594,0.037209,0.061057,0.96279,0,7.9635,6.1326,71.827,5.0816,3.251,0
0.001916,0.10523,0.36898,4.5064,117.75,0.07232,0.002167,8.4558,0.91633,0.88981,0.002167,0.020591,0.039047,0.002167,1506.1,0.24234,9.503,0.002167,0.003318,79.467,0.88661,-0.007523,0.002934,0.079955,0.88981,0.23996,-0.10555,0.70177,4.4012,-0.17481,0.003318,53.889,6.7731,-0.071491,-0.007523,0.75821,,0.88981,-0.011519,2.0972,0.2188,-0.011519,141.69,62.219,0.013474,3.1552,72.818,-0.030858,-0.047248,4.5064,0.10523,0.14764,1.6923,1.6923,9294.5,-0.091308,0.002153,1.0913,0,4.5931,5.8664,58.81,6.2064,1.2421,0
0.006259,0.79624,0.15802,1.1985,-256.64,-0.11861,0.020916,0.12158,1.0768,0.096808,0.020916,0.026268,0.027425,0.020916,9888,0.036913,1.2559,0.020916,0.019516,59.59,2.6608,0.090027,0.00584,-0.049056,0.096808,0.018506,0.90456,3.4544,4.5837,0.72908,0.019516,292.01,1.2499,0.11307,0.090027,1.0912,,0.096808,0.084003,0.88088,0.26576,0.084003,86.121,26.531,0.035773,0.97871,64.168,0.081551,0.076094,1.1985,0.79624,0.80004,2.1163,2.1163,6059,0.071349,0.064655,0.92865,0,6.1252,13.758,271.18,1.346,23.429,0
0.062692,0.68773,0.21468,1.3122,25.468,0,0.062692,0.45407,1.6522,0.31227,0.072755,0.091159,0.050302,0.062692,3020.4,0.12084,1.4541,0.062692,0.037945,22.958,1.1435,0.070813,0.037945,,0.25006,0.12084,7.0373,2.1997,3.9051,0.39335,0.043933,158.27,2.3062,2.3062,0.066151,1.6522,,0.31227,0.040039,0.05503,0.25129,0.042861,191,168.04,0.60328,1.1611,23.915,0.050398,0.030504,1.3122,0.68773,0.43362,3.1997,3.1997,1725.2,0.040039,0.20076,0.96233,0,15.899,2.1721,151.93,2.4024,16.929,0
0.042014,0.27593,0.15317,1.6471,0.25984,0.092952,0.055875,2.1572,1.0179,0.59522,0.055875,0.23605,0.046904,0.055875,996.81,0.36617,3.6241,0.055875,0.025939,23.876,1.1642,0.056908,0.019504,0.12207,0.59522,0.31593,0.26891,0.25106,4.987,0.10086,0.025939,40.828,8.94,0.20624,0.056908,2.1848,6.3486,0.63444,0.026418,0.29337,0.088878,0.026418,54.297,30.421,0.29816,1.0518,24.304,0.011747,0.005453,1.413,0.23671,0.11186,0.9756,1.0399,14866,0.017587,0.070585,0.98241,0.065887,15.287,11.998,40.11,9.1,3.5307,0
0.17441,0.25305,0.49468,3.6883,86.144,0.41879,0.21938,2.8146,1.161,0.71223,0.21938,1.1922,0.17907,0.21938,362.95,1.0056,3.9517,0.21938,0.15437,43.26,1.251,0.23,0.12273,0.52457,0.71223,0.82795,1.879,1.5396,4.4833,0.10232,0.15437,54.871,6.652,0.9089,0.23,1.4768,7.3905,0.78128,0.16185,0.81186,0.031382,0.16185,135.95,92.685,1.0355,2.773,50.225,0.19489,0.13714,2.682,0.18401,0.15033,2.2166,2.4315,15054,0.13867,0.24488,0.86133,0.096938,8.4373,3.9381,47.262,7.7229,4.4228,0
0.039361,0.6462,0.20504,1.3823,-35.569,0.15311,0.050289,0.5394,1.0457,0.34856,0.050289,0.093762,0.061966,0.050289,2214.2,0.16484,1.5475,0.050289,0.029255,76.668,0.954,0.078482,0.022898,0.19433,0.34856,0.14793,0.47742,0.79285,4.6435,0.36311,0.029255,119.09,3.0649,0.12145,0.078482,1.7239,3.4621,0.45841,0.045655,0.042574,0.1577,0.045655,152.57,75.903,0.10901,0.70907,80.172,0.02225,0.012944,1.1473,0.53635,0.32627,1.3478,1.7726,9022.2,0.043708,0.11293,0.95629,0.31515,4.7608,4.8088,113.88,3.205,6.6472,0
0.11821,0.18893,0.62173,4.2908,69.048,0.26689,0.14779,4.2836,1.0777,0.80929,0.14779,0.78224,0.10477,0.14779,397.66,0.91787,5.293,0.14779,0.089287,73.116,1.0585,0.11463,0.071417,0.33393,0.80929,0.76132,0.74634,3.2837,4.1944,-0.019776,0.089287,44.898,8.1295,0.60674,0.11463,1.6892,,0.80929,0.069255,1.1759,0.044286,0.069255,129.78,56.659,0.35652,2.5359,78.796,0.089006,0.053774,4.2908,0.18893,0.12301,4.2742,4.2742,9728.2,0.07208,0.14607,0.92792,0,4.9921,6.442,41.662,8.761,8.7419,0
-0.25146,0.30512,0.26223,2.0831,-15.491,0.20486,-0.25938,2.2774,0.48998,0.69488,0.15631,-1.0713,-0.51272,-0.25938,-443.3,-0.82337,3.2774,-0.25938,-0.52936,9.8052,0.94267,-0.007587,-0.51321,-0.15846,0.51989,-0.79742,-0.018251,0.52906,4.738,0.62271,-0.52936,222.19,1.8922,1.5015,0.092249,0.48998,7.7969,0.75788,0.18827,1.0979,17.946,-0.015484,177.68,167.87,-19.104,2.0287,10.487,-0.01574,-0.032124,1.653,0.24212,0.52849,1.402,1.5291,2.0831,0.18827,-0.36188,1.2178,0.09066,37.225,2.1743,180.36,2.0237,0.98857,0
-0.013045,0.45786,0.11691,1.3543,-5.993,0.045875,-0.013045,0.82368,1.0049,0.37713,-0.013045,-0.039529,0.009362,-0.013045,6465.4,0.056454,2.1841,-0.013045,-0.004725,20.182,1.0468,0.014624,-0.004725,0.052769,0.37713,0.056454,0.053226,0.21138,4.4569,0.15425,-0.004725,43.838,8.3261,0.031941,0.014624,2.776,2.3013,0.50499,0.005297,0.12519,0.28127,0.005297,53.619,33.437,-0.085446,0.89166,20.28,-0.024268,-0.00879,0.97608,0.33,0.1201,0.68186,0.91304,3348,0.00485,-0.034589,0.99515,0.33904,18.085,10.916,43.625,8.3667,4.992,0
0.057715,0.63569,0.23285,1.3663,-13.252,0,0.067803,0.57308,3.412,0.36431,0.08171,0.10666,0.028091,0.067803,2420.9,0.15077,1.5731,0.067803,0.019872,37.543,2.0527,0.076968,0.016915,0.048578,0.25819,0.1349,5.5347,1.7714,4.0269,0.15756,0.02241,70.116,5.2057,5.2057,0.10276,3.412,,0.36431,0.030117,0.15853,0.20179,0.022558,82.133,44.59,0.16446,0.81422,38.709,0.048927,0.01434,1.3663,0.63569,0.1921,2.7714,2.7714,2477.3,0.030117,0.15843,0.98036,0,9.7222,8.1857,68.004,5.3673,25.956,0
0.16467,0.13424,0.66207,5.9319,140.81,0,0.16467,6.4493,1.427,0.86576,0.16467,1.2267,0.13375,0.16467,256.73,1.4217,7.4493,0.16467,0.1154,33.181,1.0678,0.13645,0.1154,0.62018,0.86086,1.4217,,3.2503,3.6106,-0.23138,0.1154,37.563,9.7171,9.7171,0.12257,1.427,,0.86576,0.085891,3.7007,0.027514,0.095622,76.611,43.43,1.2694,4.9656,36.299,0.11027,0.077272,5.9319,0.13424,0.10291,4.2503,4.2503,2700.9,0.085891,0.1902,0.88798,0,11,8.4044,34.337,10.63,7.0057,0
0.030539,0.22571,0.37356,2.6551,0.41188,-0.045621,0.030737,3.101,1.022,0.69992,0.030737,0.13618,0.038076,0.030737,1367.9,0.26683,4.4305,0.030737,0.019432,85.429,1.253,0.03365,0.019307,-0.040693,0.69992,0.26595,0.21742,0.93219,4.2649,0.14111,0.019432,53.23,6.8571,0.14909,0.03365,1.5895,,0.69992,0.021274,0.018261,0.11753,0.021274,137.34,51.906,0.08249,1.0148,87.308,0.004161,0.002631,2.6551,0.22571,0.14583,1.7466,1.7466,6875.5,0.021516,0.043631,0.97848,0,4.2725,7.0319,52.084,7.0079,3.9471,0
0.1197,0.43457,0.42641,2.0195,54.836,0.26304,0.15024,1.1785,1.0594,0.51215,0.15024,0.35921,0.077449,0.15024,916.28,0.39835,2.3011,0.15024,0.067216,12.863,1.2744,0.13192,0.053553,0.32882,0.51215,0.32807,0.62527,2.7449,5.6305,-0.007463,0.067216,72.358,5.0444,0.30356,0.13192,2.3101,46.916,0.52847,0.05902,1.1501,0.0923,0.05902,59.384,46.521,1.5196,1.8312,13.628,0.10905,0.048788,1.9437,0.41825,0.19824,3.2968,3.4019,182110,0.056086,0.23372,0.94391,0.031875,28.375,7.846,68.299,5.3441,14.388,0
0.018285,0.24425,0.73335,4.0025,-9.0678,0,0.028561,3.0942,1.4897,0.75575,0.10787,0.11693,0.026393,0.028561,2267.4,0.16098,4.0942,0.028561,0.019172,0,0.26771,0.10124,0.012274,0.46778,0.4474,0.11891,1.2764,32.731,3.414,0.14338,0.019495,64.324,5.6744,5.6744,0.10377,1.4897,,0.75575,0.069659,3.2698,0.072698,0.067955,43.847,43.847,,4.0025,0,0.090478,0.060734,4.0025,0.24425,0.17623,33.731,33.731,1902.6,0.069659,0.024194,0.98096,0,,8.3243,59.843,6.0992,66.49,0
0.099215,0.069574,0.36117,6.4616,184.18,0,0.10168,13.373,0.72109,0.93043,0.10201,1.5375,0.22886,0.10168,153.88,2.3719,14.373,0.10168,0.14101,31.347,1.2057,0.08792,0.13759,0.24315,0.14595,2.3365,265.31,0.63065,5.3359,-0.32244,0.14146,37.251,9.7985,9.3134,0.073114,0.72109,148.75,0.93288,0.10139,4.5701,0.015331,0.12193,63.314,31.967,1.6021,5.5251,34.884,0.024571,0.034075,6.1417,0.06613,0.10206,1.6246,1.6289,78268,0.10139,0.10663,0.86443,0.00264,11.644,11.418,33.474,10.904,1.2591,0
0.052071,0.35713,0.13929,2.4861,124.44,0,0.06307,1.8001,0.33003,0.64287,0.072575,0.67291,0.3354,0.06307,1177.6,0.30995,2.8001,0.06307,0.1911,61.871,0.97146,0.064281,0.15777,0.1654,0.47228,0.27915,6.7632,0.18161,4.3701,0.79528,0.2199,124.07,2.9572,0.77612,0.054294,0.33003,6.4578,0.67029,0.16451,1.0579,0.10638,0.19477,148.05,86.177,0.93077,1.8893,73.669,0.016659,0.050477,0.65248,0.093728,0.33815,0.83818,0.87393,2.4861,0.16451,0.080997,0.81967,0.042653,5.8994,4.2355,103.66,3.5212,0.4303,0
0.021307,0.74006,0.00528,1.0127,-124.97,0.0195,0.021307,0.35125,1.1533,0.25994,0.056638,0.051189,0.027068,0.021307,8652.9,0.042182,1.3512,0.021307,0.018475,120.11,1.0652,0.056528,0.018475,0.088451,0.20474,0.042182,1.5999,0.009127,3.7205,0.61457,0.048329,138.56,2.6343,1.4816,0.0568,1.1533,0.12972,0.58376,0.04925,0.082243,0.3713,0.049014,122.57,2.4604,0.056143,0.10092,126.33,0.046617,0.04042,0.56957,0.41624,0.3796,0.44935,1.0091,27.739,0.049249,0.081967,0.98153,1.2457,3.0389,148.35,131.73,2.7708,1.9937,0
0.32016,0.47255,0.4085,2.3961,102.79,0,0.32016,1.1162,1.8002,0.52745,0.33741,1.0942,0.20993,0.32016,456.39,0.79975,2.1162,0.32016,0.17784,0.17721,0.81284,0.33184,0.17784,1.0942,0.24257,0.79975,19.235,1.3666,3.7155,0.25287,0.18284,72.228,5.0534,3.129,0.32163,1.8002,4.3974,0.68668,0.17866,0.065886,0.040429,0.18433,138.24,138.06,366.3,2.3931,0.21576,0.27408,0.15225,1.4836,0.2926,0.19789,1.7646,2.2973,2121.9,0.17866,0.60699,0.82446,0.30189,2059.7,2.6438,59.324,6.1527,6.0227,0
0.14919,0.27452,0.37411,2.831,27.427,0.2918,0.18611,2.6427,1.1559,0.72548,0.18611,0.9109,0.14936,0.18611,392.4,0.93016,3.6427,0.18611,0.10886,55.741,1.1669,0.19795,0.087264,0.36541,0.72548,0.79567,1.3384,0.88741,4.0798,0.12847,0.10886,50.421,7.2391,0.72107,0.19795,1.7106,4.52,0.79569,0.11579,0.29609,0.033779,0.11579,110.58,54.835,0.57142,1.5532,64.431,0.12871,0.075286,2.107,0.20431,0.13814,1.7209,1.8874,4496,0.13487,0.20564,0.86513,0.096774,6.5481,6.6563,43.62,8.3676,4.0553,0
0.23156,0.51047,0.47291,1.9393,15.102,0,0.28769,0.95899,1.7915,0.48953,0.33362,0.57139,0.16689,0.28769,623.17,0.58572,1.959,0.28769,0.16059,79.225,1.2748,0.32983,0.12926,,0.48616,0.47576,7.1814,20.047,4.1709,0.1731,0.16679,125.72,2.9033,2.8637,0.32968,1.7915,84.275,0.4965,0.18403,0.44404,0.04988,0.18411,153.38,74.157,0.5955,1.167,97.092,0.31854,0.1778,1.9128,0.5035,0.34443,20.751,21.047,7008.8,0.18403,0.47303,0.83996,0.014242,4.6071,4.922,102.58,3.5581,75.941,0
0.00061,0.73026,0.13457,1.3598,-18.648,0.076956,0.001387,0.35092,1.0947,0.25626,0.001387,0.003708,0.043708,0.001387,3959,0.092196,1.3694,0.001387,0.0009,48.059,1.1937,0.13034,0.000396,0.091031,0.25626,0.091132,0.92635,0.27383,4.6248,0.42688,0.0009,97.022,3.762,0.17849,0.13034,1.5512,0.85828,0.61251,0.084618,0.19765,0.12232,0.084618,102.99,54.935,0.003007,0.81751,52.613,0.064404,0.04181,0.69644,0.37402,0.26581,0.52148,1.2464,5672.5,0.086549,0.00238,0.91345,1.3901,7.5948,6.6443,88.625,4.1185,3.1346,0
0.008355,0.52504,0.083811,1.1596,-49.758,-0.095541,0.016022,0.90463,0.78033,0.47496,0.01979,0.030516,0.07112,0.016022,3453.2,0.1057,1.9046,0.016022,0.020533,52.338,1.2477,-0.004342,0.010707,-0.038967,-0.087187,0.091097,-1.1525,0.21427,4.2203,0.66216,0.025361,249.45,1.4632,1.4632,0.012072,0.78033,,0.47496,0.01547,0.15424,0.49815,-0.005564,246.91,194.57,0.074666,0.94651,53.161,-0.043816,-0.056151,1.1596,0.52504,0.68342,1.2143,1.2143,1391.9,0.01547,0.01759,0.98032,0,6.9739,1.8759,245.59,1.4862,1.9949,0
0.057118,0.1677,0.4292,3.8688,49.644,0,0.057118,4.9631,0.98381,0.8323,0.058132,0.38178,0.06076,0.057118,1024,0.35645,5.9631,0.057118,0.058058,68.58,1.1012,0,0.058058,0.16136,0.81938,0.35645,0,1.019,3.5877,0.14786,0.13092,96.12,3.7974,3.3878,0.014941,0.98381,,0.8323,0.015187,1.2607,2.1031,0,144.77,76.188,0.309,2.6333,118.76,-0.002658,-0.002702,3.4515,0.14961,0.26334,1.9761,1.9761,1661,0.42253,0.068627,0.58361,0,5.3222,4.7908,55.506,6.5758,2.3358,0
0.097768,0.25275,0.40729,2.6308,56.518,0,0.097768,2.9565,2.0654,0.74725,0.097768,0.39146,0.04958,0.097768,900.88,0.40516,3.9565,0.097768,0.047336,25.787,1.2931,0,0.047336,0.21876,0.48895,0.40516,,1.1876,3.8889,0.033412,0.10777,55.216,6.6104,6.5321,0.00923,2.0654,,0.74725,0.004469,0.74731,1.8176,0,83.129,57.342,0.67001,2.0465,32.26,-0.004635,-0.002244,2.5996,0.24975,0.15128,2.1789,2.1789,3153.6,0.20066,0.13084,0.80036,0,14.154,6.3653,44.136,8.2698,6.0223,0
0.11489,0.10127,0.50519,5.9887,158.92,0,0.14214,8.8748,1.266,0.89873,0.14214,1.4036,0.12529,0.14214,233.03,1.5663,9.8748,0.14214,0.11228,2.255,1.2898,0.13032,0.090753,,0.87667,1.2973,,1.2837,3.3552,-0.23096,0.11228,32.548,11.214,11.214,0.13032,1.266,,0.89873,0.10294,3.9199,0.022995,0.10294,60.401,58.146,14.69,5.9114,2.5138,0.11384,0.08992,5.9887,0.10127,0.089172,2.2837,2.2837,1144.7,0.10294,0.12784,0.88892,0,161.86,6.2773,29.197,12.501,3.2169,0
0.15355,0.40569,0.36559,2.0569,-35.44,0,0.17926,1.4649,1.3772,0.5943,0.18158,0.51821,0.20236,0.17926,531.32,0.68697,2.4649,0.17926,0.13016,125.83,1.1673,0.18158,0.11149,0.37788,0.27972,0.62359,78.281,1.2673,2.6783,0.14634,0.13142,104.45,3.4945,2.9797,0.16841,1.3772,,0.5943,0.12228,0.59014,0.048122,0.13184,134.46,8.6302,0.32339,0.68428,143.37,0.082141,0.059642,1.7538,0.34592,0.28616,2.0601,2.0601,174.32,0.12228,0.25837,0.8769,0,2.9006,42.293,91.677,3.9814,4.7741,0
0.060245,0.50682,0.23123,1.4562,45.296,0.21272,0.073109,0.96216,1.0637,0.48764,0.073109,0.14425,0.1181,0.073109,1750.1,0.20856,1.9731,0.073109,0.081681,52.002,1.5656,0.045159,0.06731,0.26154,0.48764,0.18318,0.53668,0.88272,4.6396,0.13285,0.081681,219.84,1.6603,0.089103,0.045159,0.96608,,0.48764,0.050454,0.76922,0.2143,0.050454,141.99,89.992,0.47244,1.2046,55.314,0.012564,0.014037,1.4562,0.50682,0.60231,1.8616,1.8616,10084,0.059879,0.12354,0.94012,0,7.019,4.0559,206.68,1.766,3.4168,0
0.34793,0.10787,0.39638,4.6746,41.726,0.36104,0.42826,6.7465,1.0681,0.72776,0.42826,3.97,0.50015,0.42826,87.416,4.1754,9.2702,0.42826,0.47555,121.94,1.2113,0.41618,0.38635,0.44197,0.72776,3.4308,4.9361,0.79958,4.6407,0.022854,0.47555,46.699,7.816,3.8581,0.41618,1.2794,,0.72776,0.46213,0.81258,0.008091,0.46213,168.85,46.909,1.1564,1.8855,130.25,0.39402,0.43753,4.6746,0.10787,0.12794,1.468,1.468,17331,0.063771,0.47809,0.93623,0,2.9932,7.7811,43.721,8.3484,1.8166,0
0.086088,0.34249,0.45959,2.346,-77.479,0,0.086088,1.9198,2.9548,0.65751,0.11512,0.25213,0.35457,0.086088,119.32,3.0591,2.9198,0.086088,0.029135,62.364,1.0641,0,0.029135,0.21864,0.59424,3.0591,0,2.31,3.4998,0.078318,0.062028,76.273,4.7855,4.7709,0.029177,2.9548,,0.65751,0.009874,0.61652,0.011872,0,72.946,10.582,0.17052,0.86741,112.78,-0.96161,-0.32544,2.3389,0.34145,0.20897,3.3048,3.3048,1452.8,0.44701,0.13093,0.56306,0,5.8527,34.492,42.178,8.6538,14.852,0
0.14787,0.46925,0.096082,1.3452,-18.266,0.2177,0.18584,0.95191,1.1575,0.44669,0.18584,0.66769,0.15953,0.18584,787.72,0.46336,2.131,0.18584,0.13635,39.651,1.1643,0.18072,0.10849,0.28372,0.44669,0.38245,1.5348,0.15359,4.6029,0.33677,0.13635,86.28,4.2304,0.38512,0.18072,1.388,1.1856,0.63761,0.13259,0.058967,0.072665,0.13259,95.874,56.222,0.99872,0.81324,45.897,0.14913,0.10942,0.7979,0.27834,0.23638,0.71404,1.0192,3850.6,0.13609,0.33104,0.86391,0.4274,9.2053,6.4921,74.538,4.8968,2.1787,0
0.51906,0.47975,0.23796,1.5569,-8.4606,0,0.51906,1.0844,3.2604,0.52025,0.52158,1.2148,0.17047,0.51906,315.06,1.1585,2.0844,0.51906,0.1592,32.393,1.1843,0.51829,0.1592,1.3107,0.46703,1.1585,205.11,0.7108,3.5061,0.12213,0.15976,55.944,6.5244,5.8107,0.47269,3.2604,,0.52025,0.14498,0.22189,0.028813,0.15897,63.858,31.465,1.7938,0.8797,37.886,0.48155,0.1477,1.3866,0.42727,0.15327,1.554,1.554,763.14,0.14498,0.99771,0.84341,0,11.268,11.6,47.833,7.6307,9.7392,0
0.008895,0.31856,0.40087,2.2584,36.832,0.017742,0.010085,2.1391,2.8322,0.68144,0.069579,0.031659,0.011518,0.010085,3564.3,0.1024,3.1391,0.010085,0.003561,14.341,0.99734,0.04518,0.003141,0.028656,0.62511,0.098666,0.7594,1.4288,3.7056,0.0795,0.023967,41.428,8.8105,8.8105,0.025565,2.8322,,0.68144,0.009027,0.30808,0.15681,0.015952,80.068,65.727,0.07993,1.9091,14.472,0.022644,0.007995,2.2584,0.31856,0.1135,2.4288,2.4288,2035.1,0.009027,0.013053,0.99652,0,25.451,5.5533,41.054,8.8907,10.094,0
0.063323,0.51578,0.3558,1.7729,42.098,0.41603,0.079279,0.76534,1.0496,0.39475,0.079279,0.17221,0.073209,0.079279,1357.5,0.26888,1.9388,0.079279,0.041851,25.568,1.1551,0.092206,0.033427,0.51609,0.39475,0.23794,0.51087,1.9355,4.2547,0.17062,0.041851,93.098,3.9206,0.17877,0.092206,1.9155,12.333,0.45017,0.048675,0.45957,0.11185,0.048675,116.49,90.926,0.4772,1.4846,26.835,0.032802,0.017316,1.5824,0.46036,0.25506,2.1473,2.4488,6396.1,0.047211,0.16041,0.95279,0.14039,14.276,4.0143,88.703,4.1149,10.305,0
0.067001,0.17882,0.69232,4.9248,243.94,0.26355,0.083725,4.5787,1.072,0.81877,0.083725,0.47465,0.097198,0.083725,708.17,0.51541,5.5921,0.083725,0.088294,37.727,1.0618,0.060379,0.070658,0.3271,0.81877,0.42189,0.68257,5.2734,4.5868,-0.31163,0.088294,72.784,5.0148,0.33764,0.060379,0.97439,317.16,0.8212,0.063674,2.6925,0.085425,0.063674,151.57,113.84,0.6836,4.3692,40.442,0.051936,0.05477,4.8579,0.17639,0.19941,6.2366,6.2551,26735,0.067139,0.081831,0.93286,0.002968,9.6748,3.2062,67.897,5.3758,7.2228,0
0.005392,0.95797,0.15087,1.3569,-35.757,-0.32469,0.005392,-0.034139,1.0434,-0.032704,0.005392,0.012757,0.039137,0.005392,4202.6,0.086851,1.0439,0.005392,0.002536,57.497,0.99144,0.094361,0.002536,-0.3004,-0.032704,0.086851,0.46316,0.35377,4.1817,0.42104,0.002536,75.723,4.8202,0.098501,0.094361,2.1609,0.44584,0.5026,0.044387,0.1739,0.18293,0.044387,85.854,28.356,0.016101,0.56464,59.995,0.016553,0.007786,0.5987,0.42267,0.20746,-0.076687,1.1785,2292.4,0.041636,-0.16488,0.95836,-16.368,6.3481,12.872,72.571,5.0296,4.9849,0
0.073893,0.80534,0.45138,9.6659,34.206,-0.77713,0.073893,0.24171,2.5641,0.19466,0.073893,1.4186,0.08013,0.073893,1430.7,0.25512,1.2417,0.073893,0.028819,37.554,1.2827,0,0.028819,0.15724,-0.70324,0.25512,,0.90906,4.5228,0.28604,0.057637,9.0461,40.349,2.6096,0.02558,2.5641,0.32277,0.93715,0.009977,1.3878,0.20404,0,61.38,23.825,0.2801,4.601,45.817,-0.13156,-0.051311,0.62516,0.052087,0.024784,0.39204,1.8874,15042,0.18035,0.37959,0.83596,3.8142,9.7193,15.32,7.4147,49.227,5.1639,0
0.11095,0.60395,0.18487,1.3216,-25.222,0.28741,0.14132,0.58743,1.0588,0.35478,0.14132,0.2458,0.09817,0.14132,957.67,0.38113,1.6558,0.14132,0.060271,41.731,0.96409,0.17437,0.047319,0.34544,0.35478,0.33085,0.78741,0.7697,4.1926,0.2575,0.060271,94.762,3.8517,0.28872,0.17437,2.4164,16.949,0.38379,0.074366,0.11459,0.07543,0.074366,108.02,66.29,0.41388,0.85528,44.185,0.085508,0.036468,1.2581,0.57494,0.25962,1.4771,1.5979,2880.3,0.055551,0.31273,0.94445,0.081774,8.7466,5.5061,89.498,4.0783,9.7622,0
0.15965,0.10972,0.29164,4.1913,177.71,0,0.19731,8.1144,0.75112,0.89028,0.20058,2.1591,0.29388,0.19731,181.42,2.0119,9.1144,0.19731,0.26269,11.707,1.2024,0.18902,0.21255,0.51679,0.88505,1.6687,57.896,0.4727,4.2355,0.086955,0.2657,59.213,6.1641,5.1343,0.1878,0.75112,,0.89028,0.25002,0.4972,0.017214,0.25166,164.05,152.34,6.6271,3.9277,15.609,0.16559,0.22046,3.4911,0.091387,0.16223,1.443,1.443,5015.8,0.25002,0.17933,0.74226,0,31.179,2.3959,44.409,8.2191,1.2174,0
0.046325,0.29198,0.54809,3.7369,64.203,0,0.051001,2.4248,1.5186,0.70802,0.064524,0.25468,0.057783,0.051001,1214.6,0.30052,3.4248,0.051001,0.033585,70.015,1.2015,0.057198,0.030505,0.37038,0.38704,0.28451,4.2298,2.1779,5.084,0.01344,0.035657,50.263,7.2618,4.9806,0.064329,1.5186,57.58,0.71595,0.042361,1.3761,0.1036,0.037666,113.64,43.62,0.15903,2.2823,73.112,0.020452,0.013468,2.563,0.20026,0.13771,2.8134,2.845,66498,0.042361,0.065429,0.96695,0.011211,5.2132,8.3677,48.134,7.5831,6.0344,0
0.22501,0.54107,0.20459,1.4722,6.8001,0.31209,0.22501,0.84818,1.8349,0.45893,0.23442,0.5193,0.13393,0.22501,803.64,0.45419,1.8482,0.22501,0.12263,34.417,1.4509,0.23271,0.12263,0.5256,0.44216,0.45419,24.733,0.56499,4.2541,0.26878,0.12699,100.06,3.6477,2.9211,0.25435,1.8349,,0.45893,0.13862,0.11538,0.071164,0.12682,116.95,82.528,1.3005,1.0729,39.956,0.21197,0.11552,1.1789,0.4333,0.27415,1.2674,1.2674,3672.8,0.13862,0.4903,0.8782,0,10.605,4.4227,86.193,4.2347,5.0672,0
0.19228,0.43611,0.33043,1.8095,33.799,0,0.19228,1.293,2.1802,0.56389,0.19263,0.47107,0.12565,0.19228,581.05,0.62817,2.293,0.19228,0.088192,27.687,1.2323,0,0.088192,0.50193,0.4654,0.62817,0,1.2641,5.1206,0.19985,0.17784,81.444,4.4816,4.1945,0.013178,2.1802,,0.56389,0.006044,0.003356,0.17799,0,123.42,95.734,1.1626,1.4043,32.999,-0.081675,-0.037462,1.6936,0.40817,0.22313,2.1572,2.1572,43614,0.16098,0.34099,0.83919,0,13.183,3.8126,68.333,5.3415,8.3406,0
0.00164,0.24368,0.34864,2.715,-19.189,0,0.002539,3.1037,1.2093,0.75632,0.003332,0.012491,0.024431,0.002539,3010.5,0.12124,4.1037,0.002539,0.0021,119.48,0.94389,0.001967,0.001356,-0.11224,0.48112,0.11755,2.4815,0.77808,2.4354,0.10944,0.002755,60.603,6.0228,5.0243,-0.015015,1.2093,,0.75632,-0.012416,0.62924,0.28036,0.001626,127.97,8.4898,0.004143,0.76761,118.02,-0.025039,-0.020705,2.2649,0.20328,0.16604,1.6879,1.6879,95.016,-0.012413,0.002169,0.99793,0,3.0548,42.993,61.356,5.9489,2.6989,0
-0.012999,0.88507,-0.062069,0.72893,-83.186,0,-0.012999,0.12986,0.69811,0.11493,0.009724,-0.056771,0.055459,-0.012999,8343.9,0.043744,1.1299,-0.012999,-0.018621,46.833,1.3694,0.009321,-0.018621,0.014193,-0.012999,0.043744,0.41021,-0.074504,3.7163,1.2659,0.013922,117.44,3.1081,0.80409,-0.013558,0.69811,0.17938,0.54605,-0.019421,0.009569,0.48335,0.013352,86.12,39.287,-0.14512,0.33774,45.941,-0.042395,-0.060728,0.18858,0.22898,0.32175,0.13796,0.65544,-322.96,-0.019421,-0.1131,1.0179,3.7509,7.7937,9.2905,119.72,3.0488,0.83798,0
0.095349,0.5851,0.25384,1.4536,-24.642,0,0.095349,0.7091,3.3558,0.4149,0.12448,0.17037,0.03552,0.095349,1791.7,0.20372,1.7091,0.095349,0.028413,49.131,1.2488,0.10939,0.028413,0.16475,0.3927,0.20372,3.7555,1.3609,3.4531,0.16678,0.030824,62.832,5.8091,5.5564,0.1047,3.3558,,0.4149,0.031201,0.086602,0.14638,0.032599,83.209,34.078,0.21109,0.64644,50.713,0.085548,0.025493,1.3903,0.55965,0.17214,2.2245,2.2245,720.46,0.031201,0.22981,0.9719,0,7.4292,10.711,60.872,5.9962,17.992,0
-0.003895,0.64234,0.18926,1.5293,-0.30343,-0.27447,-0.003895,0.5568,0.88559,0.35766,-0.000935,-0.010894,0.08204,-0.003895,3227,0.11311,1.5568,-0.003895,-0.004398,77.938,1.1768,0,-0.004398,-0.12669,-0.27836,0.11311,0,0.41762,4.7425,0.68072,-0.012979,181.13,2.0151,1.1217,0.007772,0.88559,1.3308,0.62646,0.008777,0.11247,0.27971,0,208.8,130.86,-0.020599,1.0005,95.794,-0.076549,-0.086439,0.85127,0.35755,0.49624,0.7892,1.3823,10461,0.18641,-0.010891,0.8181,0.75156,4.6832,2.7893,147.37,2.4768,1.9541,0
0.061453,0.66292,-0.092584,0.84917,-90.374,0,0.061453,0.50847,1.3738,0.33708,0.089965,0.10011,0.067836,0.061453,2596.3,0.14058,1.5085,0.061453,0.044731,69.508,1.148,0.089965,0.044731,0.18433,-0.027618,0.14058,3.1553,-0.19339,3.4903,0.4368,0.058653,146.49,2.4917,2.3072,-0.15566,1.3738,36.016,0.34429,-0.1133,0.13787,0.18156,0.065485,116,46.494,0.23489,0.42296,62.434,0.058223,0.04238,0.78629,0.61383,0.40133,0.70407,0.71913,-286.31,-0.1133,0.18231,0.96207,0.021386,5.2512,7.8505,163.08,2.2381,2.8696,0
0.15709,0.33972,0.34452,2.315,44.659,0.5034,0.19783,1.8576,1.146,0.63108,0.19783,0.75514,0.23368,0.19783,347.06,1.0517,2.9436,0.19783,0.12939,47.302,1.2161,0.19547,0.10274,0.62801,0.63108,0.93177,1.4651,0.87552,4.7328,0.15466,0.12939,71.671,5.0927,0.57538,0.19547,1.582,5.2529,0.70882,0.12784,0.39655,0.031469,0.12784,119.98,72.681,0.79279,1.5587,54.207,0.036017,0.023556,1.7853,0.26198,0.19636,1.6038,1.8013,18622,0.12739,0.24892,0.87261,0.12318,7.7164,5.0219,62.541,5.8362,3.8856,0
-0.004818,0.62553,0.10601,5.8198,574.84,0,-0.004818,0.59863,0.07224,0.37447,0.005219,-0.21905,0.069509,-0.004818,45470,0.008027,1.5986,-0.004818,-0.066693,0,1.0389,0.004894,-0.066693,-0.004204,0.040793,0.008027,0.48766,0.12157,4.1225,7.1544,0.07224,107.38,3.3991,0.11951,-0.002519,0.07224,0.42101,0.6785,-0.034873,5.0488,1.4152,0.067751,85.672,85.672,,5.8198,0,-0.004945,-0.06845,0.20462,0.021994,0.2942,0.42943,0.77809,1405.5,-0.034874,-0.012866,1.0527,0.81191,,4.2604,111.13,3.2845,0.082844,0
0.017843,0.89739,0.018509,1.0251,-106.7,0.038722,0.022086,0.11281,1.0188,0.10124,0.022086,0.030002,0.033636,0.022086,7030.6,0.051916,1.1143,0.022086,0.015946,108.85,1.6404,0.026009,0.012882,0.048989,0.10124,0.047187,0.19131,0.075447,4.8419,0.62472,0.015946,197.64,1.8467,0.028982,0.026009,1.4028,2.119,0.26246,0.018778,0.045163,0.5841,0.018778,190.11,81.266,0.043198,0.46407,110.89,0.001506,0.001087,0.84097,0.73617,0.54149,0.41268,1.0699,1286,0.018448,0.17625,0.98155,1.5925,3.3533,4.4914,194,1.8815,5.646,0
1.0447,0.037263,0.98132,65.738,217.93,-0.28594,1.1841,25.836,2.7717,0.96274,1.1935,78.116,0.42726,1.1841,11.485,31.781,26.836,1.1841,0.42721,0,4.0101,1.1928,0.37691,0.89818,0.7777,28.039,127.2,278.83,2.4317,-0.28434,0.4306,3.5193,103.71,42.19,1.1996,2.7717,45.08,0.98484,0.43279,56.408,0.001041,0.43036,18.624,18.624,,65.738,0,1.1927,0.43032,26.742,0.015158,0.009642,273.55,279.83,265.17,0.43279,1.0851,0.57289,0.02296,,19.599,1.9962,182.85,787.55,0
-0.18611,3.0507,-2.0823,0.31743,-1106.5,-2.4454,-0.18611,-0.67221,0.76309,-2.0507,-0.098326,-0.061007,-0.23418,-0.18611,-6231.1,-0.058578,0.32779,-0.18611,-0.2439,431.29,1.3396,-0.098326,-0.2439,-0.74663,-2.4253,-0.058578,-1.12,-65.883,2.2957,3.9112,-0.12885,1138.2,0.32068,0.32068,-0.2152,0.76309,,-2.0507,-0.28201,0.021671,-1.1185,-0.12885,431.58,0.28812,-0.20641,0.021869,336.42,-0.10574,-0.13856,0.31743,3.0507,3.1184,-64.883,-64.883,-411.38,-0.28201,0.090756,1.211,0,0.84629,1266.8,1459.2,0.25013,24.144,0
0.148,0.14699,0.7909,6.6049,219.99,0,0.148,5.8031,1.1517,0.85301,0.16307,1.0489,0.15277,0.148,304.93,1.197,6.8031,0.148,0.12851,61.909,0.92326,0.16305,0.12851,0.56047,0.148,1.197,10.825,11.632,3.6562,0.089878,0.13039,52.708,6.9249,6.6477,0.17454,1.1517,125.2,0.85889,0.15155,0.41798,0.025654,0.14157,276.68,214.77,0.75766,5.2206,72.967,0.13511,0.11731,6.3405,0.14111,0.14441,12.546,12.632,3583.3,0.15155,0.17351,0.87204,0.006898,5.8958,1.6995,44.72,8.1618,16.939,0
0.35268,0.24481,0.53472,3.3881,144.11,0,0.43682,3.0848,1.5879,0.75519,0.43931,1.9509,0.28958,0.43682,194.33,1.8783,4.0848,0.43682,0.27509,16.713,1.4188,0.42781,0.2221,0.70099,0.60824,1.5346,172.24,2.2154,4.0444,-0.16784,0.2764,70.844,5.2368,4.7898,0.43426,1.6119,,0.75519,0.27348,2.2917,0.018101,0.26942,56.428,39.715,4.8506,3.0634,22.632,0.40481,0.25494,3.0989,0.22391,0.19095,3.1288,3.1288,5922.1,0.27348,0.467,0.729,0,21.839,9.1904,51.469,7.0916,6.5787,0
0.094317,0.32474,0.093912,1.2892,-4.0637,0.40624,0.094317,1.6749,1.0208,0.5439,0.094317,0.29044,0.048123,0.094317,621.16,0.58761,3.0794,0.094317,0.023785,12.155,1.2152,0.10354,0.023785,0.40624,0.5439,0.58761,0.26654,0.16154,4.3449,0.064149,0.023785,30.514,11.962,0.31882,0.10354,3.9927,,0.5439,0.02611,0.23093,0.053371,0.02611,31.633,19.479,0.71426,0.88256,12.408,0.007029,0.001773,1.2892,0.32474,0.0836,0.93559,0.93559,2078.1,0.020397,0.17341,0.9796,0,30.03,18.739,29.892,12.211,6.821,0
0.034103,0.42089,-0.11464,0.70573,-21.933,0.11494,0.046809,1.3759,1.0167,0.57909,0.046809,0.12015,0.024387,0.046809,1662.6,0.21953,2.3759,0.046809,0.012354,10.539,1.0604,0.049516,0.009001,0.14624,0.57909,0.18934,0.13287,-0.15812,4.2614,0.084481,0.012354,38.158,9.5655,0.11764,0.049516,3.8009,5.2884,0.61039,0.013069,0.25931,0.1455,0.013069,16.754,6.2156,0.31173,0.42493,10.715,0.003926,0.001036,0.65324,0.38959,0.10454,0.79868,0.84186,-2092.7,0.016438,0.058891,0.98356,0.054057,34.634,58.723,37.531,9.7254,5.2257,0
0.099173,0.37613,0.61621,2.6548,210.92,0,0.1245,1.6586,1.0032,0.62387,0.13972,0.33433,0.12876,0.1245,1062.8,0.34342,2.6586,0.1245,0.1241,37.594,0.96942,0.13972,0.09886,,0.53485,0.27609,9.1802,53.982,3.1967,-0.17734,0.13532,157.98,2.3105,2.2874,0.14281,1.0032,,0.62387,0.14236,1.5189,0.086832,0.13927,153.91,116.31,0.95983,2.3773,43.834,0.13504,0.13461,2.6283,0.37238,0.43282,54.653,54.653,969.14,0.14236,0.15896,0.87633,0,9.709,3.1381,135.49,2.694,87.881,0
0.019528,0.55642,0.19245,1.3459,21.58,0,0.16401,0.79722,3.1162,0.44358,0.32199,0.29476,0.076904,0.16401,847.46,0.4307,1.7972,0.16401,0.052632,0,1.055,0.30658,0.006267,0.96017,0.33734,0.17103,1.9407,0.76634,2.9737,0.12825,0.052632,87.645,5.1993,5.1993,0.79838,3.2156,,0.44358,0.25621,0.32411,0.048525,0.098384,66.592,66.592,,0.32411,0,0.23094,0.074112,1.3459,0.55642,0.24012,1.7663,1.7663,181.14,0.25639,0.044023,0.89968,0,,5.4811,65.174,5.6004,12.409,1
0.10509,0.48676,0.25059,2.191,13.138,0,0.10609,1.0544,1.3215,0.51324,0.1376,0.50421,0.1405,0.10609,956.92,0.38143,2.0544,0.10609,0.080281,57.467,1.0246,0.13674,0.079523,0.44508,0.42722,0.37937,4.3397,0.46492,4.837,0.35601,0.089684,64.009,5.7023,2.4649,0.12168,1.3215,1.0662,0.75047,0.092079,0.085313,0.075008,0.10347,122.37,64.905,0.50509,1.2021,63.295,0.057163,0.043257,0.94708,0.21041,0.17537,0.95221,1.3923,17219,0.092079,0.20475,0.92088,0.46221,6.3515,5.6236,58.115,6.2806,2.4517,0
0.010398,0.80325,0.064901,1.0812,23.2,-0.016596,0.011302,0.24495,0.69314,0.19675,0.015027,0.014138,0.031582,0.011302,13393,0.027253,1.2449,0.011302,0.016305,11.116,1.0073,0.013756,0.015001,0.011991,0.14354,0.026127,3.693,0.47819,4.5489,1.1251,0.018328,429.12,0.85057,0.84647,0.013212,0.69314,217.74,0.20063,0.019061,0.030133,1.0998,0.019847,442.44,431.32,0.49258,1.0548,11.332,0.003168,0.00457,1.076,0.79938,1.1757,1.4497,1.4782,2296.8,0.019061,0.052847,0.98374,0.019681,32.836,0.84624,420.95,0.8671,5.107,0
0.1779,0.40966,0.45257,8.2619,80.303,0,0.22263,1.441,1.3337,0.59034,0.2474,3.5724,0.20217,0.22263,554.55,0.65819,2.441,0.22263,0.16692,21.143,1.2499,0.24387,0.13338,0.38526,0.57086,0.54899,9.8452,0.93293,3.4265,0.30715,0.1783,20.895,17.468,2.6574,0.2451,1.3337,1.5119,0.8798,0.18377,2.2939,0.046947,0.18284,101.79,80.642,2.3026,7.0222,25.903,0.19686,0.1476,1.2569,0.062321,0.057247,1.2169,1.8136,1208.4,0.18377,0.30135,0.84102,0.49034,17.263,4.5262,17.055,21.401,2.7494,0
0,0.67945,0.069616,1.2805,30669,0.044006,0.024456,0.47178,0.76133,0.32055,0.049858,0.098537,0.066209,0.024456,4919.9,0.074188,1.4718,0.024456,0.032123,30.59,1.1922,0.045368,0,0.087318,0.2217,0.038194,1.786,0.10205,5.6164,0.88967,0.032123,175.32,2.0881,0.76274,0.035941,0.76133,0.58898,0.75181,0.047209,0.014513,0.31756,0.059591,150.64,120.05,0,1.0234,44.938,0.019417,0.025504,0.46774,0.24819,0.47891,0.46988,1.102,28779,0.32132,0,0.71408,1.3454,11.932,3.0404,118.99,3.0675,1.116,0
0.006942,0.67511,0.26146,1.3877,-51.569,0,0.009463,0.48125,0.72773,0.32489,0.05746,0.014034,0.028146,0.009463,12030,0.03034,1.4812,0.009463,0.013004,177.19,1.0603,0.056323,0.00954,0.073636,0.31735,0.026606,1.1735,4.07,3.8214,0.924,0.074979,359.75,1.0146,1.0134,0.04359,0.72773,,0.32489,0.059898,0.010809,0.33417,0.077395,465.68,288.5,0.019651,0.86384,188.48,0.045303,0.062253,1.3861,0.6743,0.98561,5.0575,5.0575,1732.9,0.059898,0.021368,0.98725,0,2.06,1.2652,338.2,1.0792,11.328,0
0.70672,0.35986,0.63576,2.7667,215.23,0,0.70672,1.7788,2.0338,0.64014,0.71565,1.9639,0.34748,0.70672,185.86,1.9639,2.7788,0.70672,0.34748,37.752,0.99815,0.65228,0.34748,1.9902,0.57491,1.9639,73.018,145.31,3.4136,-0.0676,0.34748,108.58,3.3748,3.3748,0.65597,2.0338,,0.64014,0.32253,1.3821,0.01839,0.32071,89.422,51.669,3.3595,2.1821,63.222,0.65228,0.32071,2.7667,0.35986,0.29631,146.31,146.31,1647.7,0.40522,1.104,0.60153,0,9.6682,7.0642,64.583,5.6517,464.86,0
0.20894,0.55179,0.45106,1.8219,11.41,-0.071899,0.22029,0.81228,2.8579,0.44821,0.25731,0.40139,0.079322,0.22029,888.45,0.41083,1.8123,0.22029,0.077081,46.193,1.2345,0.2573,0.073109,-0.088941,0.13704,0.39026,6.9502,3535.5,2.9841,0.17318,0.077089,77.088,4.7349,4.7093,0.25931,2.8579,,0.44821,0.090736,0.1168,0.069749,0.090032,119.51,73.322,0.57769,1.1629,50.802,0.25089,0.087791,1.812,0.54881,0.2112,3513.1,3513.1,434.87,0.090736,0.46616,0.92293,0,7.9017,4.9781,70.093,5.2074,22401,0
0.020398,0.57639,0.0552,1.098,-101.11,0.13355,0.019069,0.73492,0.9166,0.42361,0.077591,0.033857,0.020804,0.019069,11033,0.033083,1.7349,0.019069,0.020804,70.642,1.0815,-0.008808,0.022253,0.86195,0.40154,0.035388,-0.15051,0.14466,5.579,0.62884,0.020804,251.54,1.4822,1.4483,0.006172,0.9166,33.477,0.43678,0.006733,0.19934,-2.1813,-0.00961,201.55,130.91,0.11498,0.78304,77.563,-0.008808,-0.00961,1.0729,0.56322,0.67467,1.1101,1.1447,20938,0.10838,0.048152,0.97461,0.031099,5.1669,2.7881,224.28,1.6274,2.4021,1
0.012415,0.71549,0.12004,1.3498,-48.933,-0.10825,0.016691,0.39764,1.4698,0.28451,0.091651,0.048635,0.044112,0.016691,4028,0.090616,1.3976,0.016691,0.011356,74.864,1.0998,0.091533,0.008447,0.2472,-0.017927,0.08464,1.2211,0.22363,4.8674,0.48014,0.020012,90.296,4.0423,1.9389,0.082495,1.4698,0.65138,0.53286,0.056128,0.030306,0.17075,0.062277,112.45,37.591,0.041184,0.47137,79.316,0.043389,0.029521,0.64743,0.34319,0.24739,0.53004,0.99272,8845.8,0.056128,0.043637,0.98874,0.87291,4.8755,9.7098,85.228,4.2827,2.7382,0
0.035665,0.91796,0.14601,1.1924,20.479,0,0.035665,0.08937,1.8557,0.082039,0.040141,0.046996,0.022659,0.035665,7968.4,0.045806,1.0894,0.035665,0.019219,3.0101,1.4366,0.028317,0.019219,0.8888,0.035665,0.045806,6.3264,1.5354,3.0327,0.35276,0.019658,151.59,2.4078,1.9905,0.028441,1.8557,,0.082039,0.015326,0.38276,0.88182,0.015259,120.85,117.84,2.3305,1.1722,3.0569,0.021934,0.01182,0.98578,0.7589,0.41533,0.8627,0.8627,157.42,0.015327,0.43473,0.9809,0,121.26,3.0973,149.27,2.4452,19.514,0
0.107,0.0426,0.79137,19.577,115.45,0.59118,0.13395,21.96,0.99196,0.93549,0.13395,3.1444,0.077117,0.13395,95.824,3.8091,23.474,0.13395,0.063661,0.06692,0.17419,0.12585,0.050852,0.72711,0.93549,3.1764,0.5933,4.7664,3.9515,-0.06209,0.063661,7.3303,49.794,2.9543,0.12585,2.2615,,0.93549,0.059812,6.8793,0.009085,0.059812,93.83,93.763,277.36,19.568,0.066382,0.097537,0.046355,19.577,0.0426,0.020083,5.6344,5.6344,7077.1,-0.00811,0.11438,1.0081,0,5454.3,3.8928,7.3897,49.393,12.673,0
0.004872,0.6456,0.037742,1.0893,-51.233,0,0.004872,0.54896,1.4844,0.3544,0.007963,0.01153,0.03229,0.004872,4916.2,0.074245,1.549,0.004872,0.003282,44.983,0.88524,0,0.003282,0.018332,0.30396,0.074245,0,0.069925,4.7364,0.43086,0.007377,143.87,2.5371,1.6604,0.013894,1.4844,1.3869,0.55436,0.00936,0.017148,0.49976,0,111.39,66.405,0.026629,0.65634,62.292,-0.043061,-0.029008,0.71291,0.42251,0.39415,0.65661,1.0271,2056.8,0.27787,0.013746,0.72583,0.56419,8.1142,5.4966,103.89,3.5134,2.7502,0
0.007203,0.74447,-0.008896,0.97034,-41.841,0.002322,0.009616,0.34325,1.5576,0.25553,0.083829,0.032065,0.046086,0.009616,3785.3,0.096426,1.3432,0.009616,0.006174,36.506,1.1025,0.055752,0.004624,0.027704,0.25375,0.093184,0.75125,-0.012548,5.0493,0.47352,0.029247,72.407,5.0409,2.0307,0.04586,1.5576,0.32149,0.67612,0.029442,0.035637,0.21044,0.035793,65.687,29.18,0.046234,0.45087,37.614,-0.006417,-0.00412,0.39089,0.2999,0.19838,0.36042,0.95363,-996.67,0.029442,0.028187,0.994,1.6459,9.9983,12.508,70.276,5.1938,2.197,0
-0.030892,0.90915,0.00681,1.0075,-107.26,0,-0.030892,0.099933,1.3307,0.090853,0.006166,-0.03398,0.21421,-0.030892,1164.1,0.31355,1.0999,-0.030892,-0.023215,46.147,1.423,0,-0.023215,0.037043,0.086272,0.31355,0,0.081026,4.339,0.65575,-0.046049,367.21,0.99399,0.99399,0.003485,1.3307,,0.090853,0.002619,0.055201,0.095916,0,237.47,191.32,-0.18361,0.82243,67.956,-0.31595,-0.23743,1.0075,0.90915,1.0061,1.081,1.081,148.63,0.32092,-0.34003,0.71193,0,7.9094,1.9078,249.36,1.4637,15.834,0
0.005902,0.58496,0.050142,1.0864,-100.37,-0.033681,0.005902,0.68225,1.0205,0.39909,0.005902,0.010167,0.025449,0.005902,6846.1,0.053315,1.7095,0.005902,0.004816,111.95,1.0206,0.049095,0.004816,-0.032567,0.39909,0.053315,0.40882,0.13576,4.2577,0.47137,0.004816,176.44,2.0687,0.083929,0.049095,1.2631,57.237,0.40354,0.040062,0.01613,0.25856,0.040062,185.05,73.101,0.015703,0.43892,114.24,0.02381,0.019429,1.0781,0.58051,0.4834,1.0805,1.0926,907.52,0.02006,0.014788,0.97994,0.011154,3.2605,4.9931,172.9,2.111,3.3179,0
0.020157,0.7657,0.11621,1.1557,-90.899,0.020157,0.024839,0.30591,1.0161,0.23424,0.024839,0.033283,0.029398,0.024839,4510.2,0.080928,1.306,0.024839,0.011784,108.52,1.2449,0.038902,0.009563,0.024839,0.23424,0.074813,,0.84565,4.1893,0.35335,0.011784,131.32,2.7795,0.050806,0.038902,2.142,12.153,0.25364,0.018456,0.033189,0.3311,0.018456,145.06,36.54,0.032162,0.31594,110.28,0.001775,0.000842,1.1264,0.7463,0.35977,1.7045,1.8456,1797,0.015892,0.086052,0.98411,0.082827,3.3633,9.989,129.23,2.8244,15.338,1
0.33592,1.0942,-0.094171,0.91393,-12.634,-1.2836,0.3597,-0.086061,3.5212,-0.094166,0.3597,0.32874,0.18847,0.3597,601.79,0.60653,0.91393,0.3597,0.10215,1.6016,1.3805,0.3597,0.095399,0.28315,-0.65868,0.58479,,,2.2483,0.30621,0.10215,116.52,3.1324,3.1324,0.093799,3.5212,,-0.094166,0.026638,0.014575,0.054958,0.10215,102,100.4,21.742,0.89981,1.6454,0.055757,0.015834,0.91393,1.0942,0.31924,,,-16.682,0.02664,-3.5674,0.90502,0,227.9,3.6354,113.42,3.2182,,0
0.34591,0.36989,0.3947,2.6291,50.835,0,0.4319,1.7035,2.1236,0.63011,0.43771,1.7826,0.23714,0.4319,268.1,1.3614,2.7035,0.4319,0.20339,28.981,1.1935,0.43746,0.16289,0.97117,0.61011,1.129,75.327,1.0873,4.0001,0.16291,0.20612,53.191,6.8621,4.4948,0.46098,2.1236,3.6705,0.75771,0.21708,0.10469,0.024216,0.206,105.13,76.144,2.0515,1.9331,37.017,0.36578,0.17225,1.7221,0.24229,0.14573,1.7358,2.0873,3948,0.21708,0.54897,0.79682,0.20251,12.594,4.7936,41.644,8.7647,5.8498,0
0.088265,0.27322,0.4577,2.8967,31.907,0,0.088265,2.66,1.2566,0.72678,0.088265,0.36577,0.15405,0.088265,515.16,0.70851,3.66,0.088265,0.070241,110.4,1.3893,0,0.070241,0.17468,0.54879,0.70851,,1.5206,4.4559,0.20029,0.15659,96.615,3.7779,3.3367,0.0004,1.2566,9.9952,0.75869,0.000319,0.11481,0.086477,0,194.99,84.595,0.23224,1.3217,152.17,-0.10532,-0.083811,2.5584,0.24131,0.2647,2.4146,2.5206,13076,0.2745,0.12145,0.72782,0.043906,3.3063,4.3147,70.094,5.2073,4.1749,0
0.034945,0.67887,-0.062735,0.78252,-49.738,0.039327,0.043308,0.35791,1.0393,0.24298,0.043308,0.15013,0.065633,0.043308,3265.6,0.11177,1.473,0.043308,0.03746,26.658,1.6538,0.056515,0.030227,0.047793,0.24298,0.099452,0.50807,-0.081024,4.395,0.58698,0.03746,94.655,3.8561,0.083249,0.056515,1.1699,0.36191,0.63339,0.048884,0.007874,0.25054,0.048884,70.549,43.891,0.41386,0.48981,27.707,0.023945,0.020712,0.3325,0.28846,0.25933,0.31381,0.81804,-1557.7,0.037852,0.14382,0.96215,1.6068,13.692,8.3161,91.072,4.0078,1.4931,0
0.058788,0.14733,0.70058,7.7626,235.64,0.001864,0.058788,5.7874,0.79243,0.85267,0.058788,0.56747,0.098019,0.058788,692.33,0.5272,6.7874,0.058788,0.074186,120.34,1.0293,0,0.074186,0.1032,0.67675,0.5272,,3.5775,3.9955,-0.33091,0.16326,54.934,6.6443,4.6719,0.002245,0.79243,,0.85267,0.002833,3.9642,0.26004,0,181.25,60.908,0.22501,5.2407,138.54,-0.018886,-0.023833,5.4583,0.1036,0.1505,4.3542,4.3542,6933.8,0.13138,0.068945,0.89404,0,3.0331,5.9927,47.717,7.6493,4.0466,0
0.088076,0.68186,0.20186,1.3791,-53.7,0,0.10981,0.46657,1.3586,0.31814,0.12598,0.20625,0.092978,0.10981,1970.2,0.18526,1.4666,0.10981,0.080824,102.68,1.1056,0.12067,0.064829,0.11852,0.31022,0.15339,7.4613,0.75956,3.8005,0.40344,0.090914,157.99,2.3102,1.8038,0.12865,1.3586,,0.31814,0.094693,0.25246,0.16568,0.088823,161.15,58.469,0.23044,0.66125,113.42,0.10416,0.076668,1.0768,0.53239,0.43286,1.1971,1.1971,1275.2,0.094693,0.27685,0.91989,0,3.5546,6.2426,143.03,2.5519,5.1123,0
0.035464,0.22413,0.21655,2.5711,-132.45,0.10341,0.044565,3.0834,1.0595,0.6911,0.044565,0.32333,0.40963,0.044565,569.93,0.64044,4.4616,0.044565,0.12718,8.4901,0.81011,0.029417,0.1012,0.12694,0.6911,0.59983,0.88945,0.33541,5.9506,0.63525,0.12718,152.11,2.3995,0.13125,0.029417,0.38556,4.0118,0.7774,0.083948,2.1417,0.057392,0.083948,61.653,53.163,4.3509,2.512,8.9956,-0.069561,-0.19851,1.5811,0.13783,0.41675,1.0704,1.2041,193260,0.056187,0.051316,0.94381,0.12488,42.991,6.8657,143.57,2.5424,0.54277,0
0.024309,0.93473,-0.16349,0.74846,-67.59,-0.010783,0.031456,0.054904,1.0403,0.051321,0.031456,0.048397,0.028665,0.031456,5966,0.06118,1.0698,0.031456,0.015767,35.021,1.6192,0.080468,0.012185,-0.028211,0.051321,0.053534,0.41959,-0.31837,4.9129,0.46562,0.015767,123.7,2.9506,0.086087,0.080468,2.0006,1.0361,0.33609,0.040335,0.00945,0.28937,0.040335,87.879,52.859,0.12699,0.45396,36.431,0.054737,0.027437,0.52044,0.64996,0.33892,0.099937,0.65447,-13377,0.038717,0.47366,0.96128,5.5488,10.422,6.9052,118.92,3.0694,3.8849,0
0.12364,0.064853,0.67553,11.416,38.804,0.3226,0.15144,13.559,1.1043,0.87934,0.15144,2.3351,0.147,0.15144,122.56,2.9781,15.42,0.15144,0.11527,152.93,1.0983,0.13912,0.094107,0.3957,0.87934,2.5495,1.1694,2.602,4.5771,-0.074403,0.11527,19.897,18.344,2.1451,0.13912,1.3471,,0.87934,0.10589,2.5275,0.011792,0.10589,160.15,7.2198,0.22461,2.9282,168.89,0.097419,0.074148,11.416,0.064853,0.054512,3.387,3.387,25509,0.094489,0.14061,0.90551,0,2.3867,50.556,18.017,20.259,5.0606,0
0.17707,0.79763,-0.077999,0.90221,-26.416,-0.13459,0.20743,0.25371,1.5769,0.20237,0.21412,0.26005,0.1513,0.20743,1220.3,0.29912,1.2537,0.20743,0.13154,0,1.1293,0.20448,0.11229,0.37469,0.042482,0.26106,30.522,-0.2782,2.4952,0.50166,0.13219,247.84,1.4727,1.4727,0.40221,1.5769,,0.20237,0.25506,0.015631,0.11283,0.12967,163.68,163.68,,0.90221,0,0.17332,0.10991,0.90221,0.79763,0.67901,0.7218,0.7218,-24.392,0.25506,0.87498,0.8735,0,,2.2299,184.62,1.977,5.6244,0
0.34438,0.4322,0.34971,1.9383,58.711,0.76605,0.34438,1.2283,1.1801,0.53086,0.34438,0.92396,0.16875,0.34438,416.05,0.87729,2.3137,0.34438,0.15327,7.0589,1.1921,0.34412,0.15327,0.76605,0.53086,0.87729,1.8074,1.2599,4.3651,0.082868,0.15327,71.453,5.1083,0.7962,0.34412,2.2627,11.414,0.59035,0.15315,0.66385,0.037501,0.15315,77.162,70.103,7.9252,1.8217,8.3303,0.30933,0.13767,1.6715,0.37272,0.19576,1.9125,2.1268,8106.6,0.15263,0.64871,0.84737,0.11205,51.708,5.2066,60.547,6.0284,8.0947,0
0.10221,0.29243,0.4631,2.6057,-6.8421,0.28128,0.12808,2.2026,1.0869,0.6441,0.12808,0.44408,0.1176,0.12808,610.83,0.59755,3.4196,0.12808,0.086194,119.54,1.0691,0.12232,0.068786,0.35092,0.6441,0.50909,0.89474,1.8637,4.7051,0.16368,0.086194,77.004,4.74,0.41827,0.12232,1.5066,65.817,0.64812,0.082318,0.176,0.056895,0.082318,172.13,52.59,0.21002,0.91832,129.94,0.075651,0.050913,2.5699,0.28841,0.21097,2.5921,2.6083,23484,0.079979,0.15869,0.92002,0.006248,3.0533,6.9405,70.845,5.1521,5.9797,0
0.030444,0.85395,0.28581,2.4893,-65.832,0.42361,0.037326,0.17102,0.83351,0.14605,0.089394,0.1945,0.12028,0.037326,3109.1,0.1174,1.171,0.037326,0.044781,179.3,1.1638,0.089057,0.036525,0.11453,0.13033,0.10934,1.7104,0.54722,3.8035,1.0075,0.094289,93.689,3.8959,0.87549,0.085884,0.83351,0.1031,0.8081,0.10304,0.081916,0.18729,0.10685,202.31,23.007,0.074353,0.35569,199.9,0.026131,0.031351,0.55941,0.1919,0.25668,0.27963,1.5472,1817.9,0.10304,0.20845,0.95577,4.5331,2.0357,15.865,84.035,4.3434,1.5959,0
0.12177,0.22085,0.46396,3.1008,-16.012,0,0.12177,3.528,1.8985,0.77915,0.12184,0.55136,0.084834,0.12177,500.5,0.72928,4.528,0.12177,0.064138,104,1.0212,0.1201,0.064138,0.47081,0.12177,0.72928,1573.2,1.472,3.9963,0.098967,0.064138,45.323,8.0532,8.0532,0.11997,1.8985,,0.77915,0.063189,0.15098,0.046186,0.063259,125.25,21.25,0.22511,0.65146,111.01,0.080805,0.042562,3.1008,0.22085,0.12417,2.472,2.472,4600.7,0.063189,0.15628,0.93594,0,3.5097,17.176,42.459,8.5964,6.0233,0
-0.090287,1.5841,-0.81734,0.47467,-621.49,0,-0.090287,-0.3687,0.58459,-0.58407,-0.076725,-0.05803,-0.063868,-0.090287,-15486,-0.023569,0.63125,-0.090287,-0.15444,209.78,0.87286,-0.0853,-0.15444,-0.87146,-0.090287,-0.023569,-6.2898,-3.1267,4.1282,2.259,-0.14152,841.47,0.46409,0.4558,-0.090212,0.6453,,-0.58407,-0.15432,0.17055,-1.6323,-0.14591,295.43,85.65,-0.26872,0.3865,169.84,-0.13825,-0.23649,0.46619,1.5559,2.1548,-2.2343,-2.2343,-10981,-0.15444,0.15458,1.1189,0,1.7399,4.2615,971.43,0.37574,2.2363,1
-0.0163,0.84547,0.1731,1.7735,2.052,-0.01084,-0.01686,0.16959,1.0449,0.14338,-0.01686,-0.075334,0.068378,-0.01686,3736.9,0.097675,1.1828,-0.01686,-0.01396,49.68,1.3702,0.060983,-0.013496,-0.002994,0.14338,0.098337,0.52761,0.28702,4.6298,0.66216,-0.01396,70.674,5.1646,0.072129,0.060983,1.2195,0.37402,0.76505,0.050495,0.21654,0.17327,0.050495,105.31,55.626,-0.099157,1.0389,51.911,-0.038457,-0.031843,0.46944,0.2238,0.19363,0.23774,1.2685,7380.3,0.042962,-0.11368,0.95704,4.3358,7.347,6.5617,67.638,5.3964,2.0025,0
0.23314,0.47953,0.39676,1.9907,17.933,0,0.28791,1.0854,4.708,0.52047,0.29379,0.71891,0.064977,0.28791,572.15,0.63794,2.0854,0.28791,0.061153,8.5885,1.8092,0.2889,0.049521,0.41122,0.51346,0.52374,49.123,1.9568,4.1624,0.058612,0.062049,33.024,11.053,9.2306,0.28166,4.708,171.93,0.52447,0.059826,0.6741,0.052082,0.061364,40.878,32.29,2.1046,1.7141,9.135,0.2709,0.05754,1.6626,0.40048,0.090477,2.5669,2.5866,5767.3,0.059826,0.44795,0.93905,0.007671,42.499,11.304,31.048,11.756,23.219,0
0.014635,0.59418,0.026616,1.0899,-21.245,-0.00852,0.01565,0.68298,1.4629,0.40582,0.055732,0.052841,0.064328,0.01565,2304.6,0.15838,1.683,0.01565,0.010697,27.685,1.0047,0.052993,0.010004,-0.017237,0.3983,0.15667,1.3221,0.039302,3.8642,0.4052,0.032915,71.052,5.1371,2.5606,-0.058497,1.4629,1.2721,0.57232,-0.039986,0.007437,0.15067,0.036223,79.984,52.299,0.13189,0.7152,26.621,-0.025465,-0.017407,0.54324,0.29617,0.19466,0.59924,0.84511,194.71,-0.039986,0.036064,0.99142,0.4103,13.184,6.9791,73.893,4.9396,2.1602,0
0.09366,0.54043,0.16351,1.304,-20.977,0.37883,0.11596,0.83497,1.0647,0.45124,0.11596,0.2156,0.059909,0.11596,1432.7,0.25477,1.8504,0.11596,0.050456,45.632,1.1545,0.15321,0.040754,0.47005,0.45124,0.21351,0.70978,0.54749,4.366,0.21648,0.050456,90.944,4.0135,0.2835,0.15321,2.3122,159.71,0.45383,0.066666,0.0811,0.10157,0.066666,104.46,58.828,0.32598,0.7698,48.583,0.13149,0.057213,1.2978,0.53783,0.24916,1.5109,1.5196,3797.6,0.060753,0.20756,0.93925,0.005745,7.9988,6.2045,85.418,4.2731,7.6952,0
0.068391,0.31464,0.45409,2.9334,62.134,0,0.081912,2.1782,1.2157,0.68536,0.084641,0.34876,0.099978,0.081912,944.89,0.38629,3.1782,0.081912,0.06738,71.254,1.1934,0.072113,0.056258,,0.5571,0.34331,26.427,1.4599,3.9677,0.14464,0.067381,66.583,5.4819,4.0921,-0.071858,1.2157,,0.68536,-0.059109,0.59691,0.093859,0.059319,164.76,93.51,0.28818,1.9229,67.277,0.032484,0.026721,2.1897,0.23487,0.18242,2.2035,2.2035,4215.7,-0.059109,0.099789,0.94086,0,5.1225,3.9033,70.519,5.1759,3.9085,0
0.024558,0.29757,0.32733,2.39,77.59,0.0538,0.042623,1.8372,1.0011,0.54669,0.042623,0.181,0.086211,0.042623,1161,0.31438,3.3605,0.042623,0.039279,21.453,1.1139,0.04809,0.022631,0.083741,0.54669,0.25367,0.44367,0.74871,4.2373,0.24149,0.039279,79.298,4.6029,0.16161,0.04809,1.1461,8.0377,0.60878,0.044316,0.32457,0.098803,0.044316,163.6,142.15,0.38505,2.1192,21.477,-0.002838,-0.002616,1.8913,0.23549,0.21725,1.2505,1.3925,5653.1,0.001133,0.044922,0.99887,0.11357,17.014,2.5678,79.208,4.6081,2.4821,0
0.26287,0.20575,0.48315,8.2592,249.67,0,0.26287,3.8602,0.97195,0.79425,0.27242,3.9494,0.31818,0.26287,242.84,1.503,4.8602,0.26287,0.27045,8.8195,1.0372,0.26937,0.27045,0.58331,0.68826,1.503,28.179,1.073,3.7109,0.16201,0.28018,34.52,10.574,3.4204,0.26819,0.97195,3.7805,0.93344,0.27593,0.78194,0.02172,0.27714,186.89,178.07,11.193,7.9063,12.18,0.22298,0.22941,2.6717,0.066558,0.094574,1.7639,2.073,2483.3,0.27593,0.33096,0.73552,0.17526,41.385,2.0497,24.995,14.603,2.1585,0
0.40807,0.29873,0.40624,2.8259,-8.5482,0.43561,0.40807,2.3475,1.7303,0.70127,0.41371,1.8341,0.26569,0.40807,237.18,1.5389,3.3475,0.40807,0.23583,91.51,1.2774,0.41371,0.23583,0.9444,0.69379,1.5389,73.325,1.0942,3.825,0.14434,0.23901,60.203,6.0629,4.5154,0.38145,1.7303,2.5562,0.77751,0.22045,0.23465,0.021397,0.23909,121.61,30.102,0.94063,0.87606,117.39,0.36204,0.20923,2.1046,0.22249,0.16494,1.8888,2.0942,2715.2,0.22045,0.5819,0.76992,0.10873,3.9886,12.126,46.931,7.7773,4.6606,0
0.10039,0.44645,0.48465,2.4549,-47.422,0,0.12836,1.2399,1.3875,0.55355,0.14878,0.38533,0.11236,0.12836,1045.3,0.34919,2.2399,0.12836,0.092509,166.91,1.0683,0.13856,0.072354,0.33991,0.34453,0.28656,6.7845,2.6593,3.9527,0.30297,0.10283,98.779,3.6951,2.757,0.15663,1.3875,4.2458,0.59671,0.11288,0.10432,0.089597,0.099859,205.98,39.07,0.15823,0.55018,188.15,0.11101,0.080009,1.8317,0.33311,0.27063,3.0374,3.2743,4346.1,0.11288,0.18136,0.90918,0.07798,2.1868,9.3421,87.629,4.1653,7.6136,0
0.003159,0.32259,-0.21493,0.28815,-181.07,0,0.004131,2.0999,0.48649,0.67741,0.005337,0.013682,0.10799,0.004131,2241.2,0.16286,3.0999,0.004131,0.008491,1.3951,1.0526,0.005318,0.006494,0.013632,0.61678,0.15985,4.4101,-0.23541,4.7304,0.65116,0.009595,229.81,1.5883,1.4866,0.00694,0.48649,,0.67741,0.014265,0.019428,0.20015,0.010932,60.873,59.478,1.699,0.28199,1.4153,-0.043087,-0.088567,0.26969,0.30193,0.62961,0.74196,0.74196,-11554,0.014265,0.004664,0.99152,0,261.63,6.1368,226.53,1.6113,0.53285,0
0.31567,0.52496,-0.11143,0.78774,-76.093,1.0086,0.31567,0.89815,1.1834,0.4715,0.31567,0.60133,0.17253,0.31567,525.76,0.69424,1.9049,0.31567,0.14944,43.516,0.92378,0.3351,0.14944,1.0086,0.4715,0.69424,1.8773,-0.19,4.245,0.24079,0.14944,107.35,3.4002,0.63833,0.3351,2.1343,,0.4715,0.15863,0.038166,0.04496,0.15863,67.993,24.477,1.2535,0.30801,51.497,0.28632,0.13554,0.78774,0.52496,0.2941,0.80397,0.80397,-1958.9,0.15499,0.66951,0.84501,0,8.3878,14.912,90.708,4.0239,3.6019,0
0.055233,0.47632,0.21913,1.7181,45.665,0,0.055233,1.0994,1.1335,0.52368,0.055233,0.181,0.048729,0.055233,3147.7,0.11596,2.0994,0.055233,0.048729,28.479,0.97174,0,0.048729,0.13676,0.055233,0.11596,,0.46062,3.6842,0.20589,0.097458,110.29,3.3096,2.1202,0.031199,1.1335,,0.52368,0.027526,0.80465,,0,89.76,61.281,0.62454,1.4283,31.963,0,0,1.1007,0.30515,0.30215,1.1008,1.1008,1059,0.109,0.10547,0.89279,0,12.817,5.9561,98.264,3.7145,2.3826,0
-0.079766,1.0972,-0.49594,0.50622,-214.32,-0.038775,-0.075083,-0.088617,1.0529,-0.097233,-0.075083,-0.074757,-0.024712,-0.075083,-13201,-0.027649,0.91138,-0.075083,-0.061159,48.497,1.3711,0.040156,-0.064974,-0.031851,-0.097233,-0.031917,0.34438,-1.0089,5.2849,0.88782,-0.061159,314.39,1.161,0.036597,0.040156,1.2749,3.7184,-0.004367,0.032709,0.015699,0.42489,0.032709,146.47,97.978,-0.48901,0.34381,51.06,-0.00459,-0.003739,0.46338,1.0044,0.86135,-0.1978,-0.008883,-95577,0.050205,0.82036,0.94979,-0.95509,7.5263,3.7253,298.61,1.2223,2.4974,0
0.086773,0.70266,-0.000018,0.99997,-14.134,0.21081,0.086773,0.40972,1.0211,0.28789,0.086773,0.15149,0.030938,0.086773,2046.4,0.17837,1.4232,0.086773,0.02142,11.005,1.7453,0.098822,0.02142,0.21081,0.28789,0.17837,0.24908,-0.000041,4.0562,0.16876,0.02142,52.698,6.9263,0.14064,0.098822,4.0673,3.4705,0.41775,0.024394,0.089175,0.16816,0.024394,47.006,36.001,0.71042,0.78673,11.237,0.060265,0.014876,0.81517,0.5728,0.14438,0.67389,0.97784,-0.2,0.020643,0.30141,0.97936,0.45104,33.167,10.139,51.61,7.0723,9.4825,0
0.080697,0.21889,0.58979,5.3722,295.28,0,0.10161,3.5686,0.74664,0.78111,0.11559,0.75325,0.20089,0.10161,532.64,0.68527,4.5686,0.10161,0.13609,39.777,1.1405,0.094291,0.10808,0.25177,0.76441,0.58973,6.7437,2.1422,4.4304,-0.35867,0.14125,74.175,4.9208,3.0326,0.082849,0.74664,13.88,0.82746,0.11096,3.635,0.051138,0.12629,114.56,74.781,0.99176,4.769,44.742,0.045905,0.061482,3.3108,0.1349,0.20322,2.8371,3.0055,15887,0.11096,0.10331,0.87039,0.059335,9.1761,4.8809,65.944,5.535,2.7119,0
0.084987,0.50081,0.20112,1.4874,-37.462,0.15647,0.084987,0.99676,1.7685,0.49919,0.10949,0.20595,0.048055,0.084987,2150.9,0.1697,1.9968,0.084987,0.048055,71.201,1.1414,0,0.048055,0.21376,0.33767,0.1697,0,0.52074,3.5458,0.28234,0.09611,102.71,3.5535,2.928,0.00299,1.7685,3.0489,0.58735,0.001691,0.024751,,0,124.57,53.366,0.24635,0.65136,85.872,0,0,1.2256,0.41265,0.28141,1.2925,1.5207,706.76,0.17085,0.17025,0.85026,0.1766,5.1264,6.8396,85.165,4.2858,4.579,0
0.081029,0.46635,0.24616,1.5278,66.319,0,0.081029,1.1443,1.5485,0.53365,0.081029,0.17375,0.070539,0.081029,1558.3,0.23423,2.1443,0.081029,0.052327,6.6535,0.70541,0,0.052327,,0.081029,0.23423,,0.85625,3.2365,0.22692,0.10465,150.56,2.4243,2.4243,0.000007,1.5485,,0.53365,0.000004,0.27836,0.5512,0,137.35,130.69,2.8706,1.4673,9.1133,-0.028202,-0.018212,1.5278,0.46635,0.41249,1.8563,1.8563,424.34,0.26991,0.15184,0.73025,0,54.858,2.7928,109.92,3.3205,5.3864,0
0.18346,0.3373,0.1772,2.2514,7.0781,0,0.18346,1.9647,1.3215,0.6627,0.20768,1.2956,0.22106,0.18346,421.43,0.86609,2.9647,0.18346,0.13882,41.827,1.2193,0.20737,0.13882,0.31288,0.086458,0.86609,8.5629,0.26013,3.6362,0.24769,0.15474,46.235,7.8944,3.3141,0.20368,1.3215,0.8552,0.8584,0.15412,0.11218,0.035576,0.15691,83.664,41.837,1.2115,1.1819,49.448,0.098695,0.074682,0.94515,0.1416,0.12667,0.97284,1.2601,766.71,0.15412,0.27684,0.86185,0.29531,8.7265,8.7243,39.11,9.3328,1.94,0
-0.12131,0.98015,-0.40507,0.23233,-572.83,-0.082074,-0.1458,0.020248,0.28078,0.019846,-0.044941,-0.27631,-0.3593,-0.1458,-3546.2,-0.10293,1.0202,-0.1458,-0.51926,78.209,1.7719,-0.045086,-0.43206,-0.23267,0.008959,-0.077948,-0.44704,-0.46166,5.2641,3.4283,-0.44942,570.19,0.64014,0.34461,-0.056992,0.28078,0.23207,0.28884,-0.20298,0.034709,-188.62,-0.16058,135.55,57.345,-2.0164,0.11831,65.013,-0.089999,-0.32053,0.12507,0.52766,1.5622,0.022619,0.3292,-74412,-0.20298,-6.1128,1.4964,13.554,4.667,6.365,685.93,0.53213,0.32001,0
0.037065,0.35853,0.40755,3.8376,-152.12,0,0.046125,1.7891,1.3697,0.64147,0.059659,0.32115,0.041941,0.046125,2278,0.16023,2.7891,0.046125,0.033676,109.67,1.0508,0.053893,0.027061,0.32643,0.60109,0.13495,3.9821,0.90803,4.7918,0.26176,0.039701,55.899,6.5814,2.6364,0.061096,1.3697,0.66207,0.85237,0.044606,0.09648,0.18326,0.039347,143.19,33.518,0.090064,0.97223,158.91,0.042572,0.031082,1.5373,0.14362,0.15194,1.4292,1.8991,25235,0.31531,0.057781,0.7,0.32878,3.3282,10.89,38.274,9.5366,3.0517,0
0.011029,0.50821,0.15791,1.435,-24.237,0,0.016425,0.96769,1.8014,0.49179,0.025088,0.045245,0.050822,0.016425,2026.2,0.18014,1.9677,0.016425,0.009118,54.959,1.2745,0.024623,0.006122,0.10595,0.48082,0.16952,2.8423,0.3296,4.3401,0.27838,0.010208,73.778,4.9473,3.5338,0.005436,1.8014,5.6706,0.53582,0.003018,0.02555,0.16983,0.013669,103.67,48.713,0.04066,0.68781,55.125,-0.050502,-0.028035,1.025,0.36301,0.20213,1.0265,1.1184,3455.3,0.003018,0.022425,0.99099,0.089533,6.6413,7.4928,73.556,4.9622,3.76,0
0.20489,0.43465,0.10349,1.4207,24.44,0,0.25488,1.3007,1.7469,0.56535,0.27875,1.0362,0.16045,0.25488,566.01,0.64487,2.3007,0.25488,0.1459,0,1.3412,0.27827,0.11729,0.42699,0.45003,0.52986,11.66,0.15908,2.6371,0.20125,0.15957,61.277,5.9565,3.3709,0.28176,1.7469,1.8613,0.75311,0.16129,0.36107,0.047709,0.15929,54.46,54.46,,1.4207,0,0.25287,0.14475,0.80402,0.24598,0.16788,0.86906,1.1577,44.871,0.16129,0.36242,0.85452,0.33211,,6.7022,51.394,7.102,2.6854,0
-0.055397,0.57698,-0.014455,0.97495,-28.848,-0.041399,-0.040677,0.70035,0.97458,0.40409,-0.040677,-0.0705,0.00331,-0.040677,38392,0.009507,1.7332,-0.040677,-0.024542,25.157,1.101,-0.049557,-0.033423,0.00128,0.40409,-0.016005,-0.2914,-0.033042,5.117,0.15485,-0.024542,123.83,2.9475,-0.085891,-0.049557,1.7188,,0.40409,-0.0299,0.56192,-5.5879,-0.0299,52.48,27.322,-0.48492,0.77695,24.518,-0.09572,-0.057751,0.97495,0.57698,0.33927,0.92369,0.92369,-1892.3,-0.026082,-0.13709,1.0261,0,14.509,13.359,127.06,2.8726,3.7887,0
-0.016576,0.10479,0.24989,3.9273,81.994,0,-0.016451,8.5432,0.91272,0.89521,-0.012221,-0.19271,0.05763,-0.016451,727.13,0.50197,9.5432,-0.016451,-0.018024,21.181,1.1441,-0.016232,-0.018161,0.089398,0.85346,0.50078,-3.8379,0.37593,3.9814,0.012371,-0.01339,33.696,10.883,8.8661,-0.011978,0.91272,14.63,0.91451,-0.013123,1.1192,0.06613,-0.017785,95.863,74.683,-0.31296,3.3069,20.808,-0.085283,-0.093438,3.1994,0.085366,0.091885,1.3467,1.3757,3.9273,-0.013123,-0.018516,1.0179,0.021555,17.233,4.8873,34.138,10.692,1.3731,0
0.00041,0.44478,0.36819,1.8406,10.585,0.003833,0.001152,1.2483,1.9224,0.55522,0.002093,0.002631,0.004906,0.001152,17212,0.021206,2.2483,0.001152,0.000599,58.374,1.2267,-0.002742,0.000213,0.020711,0.38927,0.019536,-2.9165,1.9,3.6755,0.13555,0.001089,83.029,4.396,4.3293,-0.003153,1.9224,73.864,0.56197,-0.00164,0.43048,2.6772,-0.001426,117.27,58.896,0.001332,1.1387,58.278,-0.011022,-0.005733,1.8126,0.43803,0.22748,2.8651,2.9,1743.9,-0.00164,0.000738,0.9994,0.012162,6.2528,6.1974,83.166,4.3888,9.9204,0
0.000759,0.075856,-0.007883,0.89608,-15.959,0.052893,0.002744,11.552,0.9893,0.87629,0.002744,0.036171,0.055561,0.002744,1076.2,0.33916,13.183,0.002744,0.005926,6.0588,1.0435,0.002062,0.001639,0.06958,0.87629,0.31299,0.044056,-0.008458,4.3375,0.16229,0.005926,59.155,6.1702,0.027183,0.002062,0.47878,,0.87629,0.004453,0.064233,0.099576,0.004453,49.74,43.682,0.098756,0.79475,5.994,-0.020921,-0.045182,0.89608,0.075856,0.16207,0.9402,0.9402,-171.46,-0.010819,0.000866,1.0108,0,60.243,8.3559,59.795,6.1042,0.49681,0
0.057746,0.28292,0.38065,2.3455,17.993,0,0.069418,2.5346,2.6199,0.71708,0.078027,0.24536,0.036812,0.069418,1070.7,0.3409,3.5346,0.069418,0.026496,35.438,1.2673,0.077773,0.022041,0.11972,0.68358,0.29964,9.0334,1.1315,3.4243,0.10494,0.026603,40.603,8.9895,8.9895,0.076641,2.6199,,0.71708,0.029253,0.03009,0.089985,0.029685,91.261,55.823,0.22702,1.4464,36.506,0.050745,0.019369,2.3455,0.28292,0.11124,2.1315,2.1315,1011.2,0.029253,0.080529,0.97352,0,10.3,6.5385,39.415,9.2604,7.7875,0
0.11779,0.4439,0.40344,1.9088,24.773,0,0.11779,1.2528,3.1189,0.5561,0.11779,0.26534,0.037765,0.11779,1375.6,0.26534,2.2528,0.11779,0.037765,24.232,1.4917,0,0.037765,0.13199,0.48471,0.26534,,2.6426,3.578,0.12648,0.082165,59.866,6.097,6.097,0.000325,3.1189,,0.5561,0.000104,0.13414,,0,92.194,67.961,0.56883,1.4424,27.926,0,0,1.9088,0.4439,0.16402,3.6426,3.6426,1526.8,0.13225,0.21181,0.87476,0,15.062,5.3707,51.948,7.0262,20.43,0
0.010076,0.74835,-0.020844,0.94659,-163.71,0,0.010076,0.33628,0.72525,0.25165,0.012301,0.025817,0.029085,0.010076,12949,0.028187,1.3363,0.010076,0.013893,118.29,1.2118,0,0.013893,0.017086,0.076941,0.028187,0,-0.033057,4.5501,1.0166,0.034975,243.98,1.496,0.78023,0.001976,0.72525,0.39771,0.58961,0.002724,0.04026,2.2641,0,178.03,59.739,0.04287,0.34439,146.93,-0.011018,-0.015192,0.49368,0.39029,0.66844,0.3991,0.93508,-739.7,0.19492,0.040039,0.8082,1.343,3.0857,6.11,196.42,1.8582,1.1502,0
0.068794,0.65073,0.11437,1.2008,-1.0957,-0.072945,0.073076,0.53674,1.5556,0.34927,0.093789,0.12831,0.098677,0.073076,1547.4,0.23589,1.5367,0.073076,0.046977,26.94,1.9548,0.093765,0.044225,0.008193,0.26647,0.22931,4.5269,0.36179,3.4799,0.31364,0.056133,141.86,2.573,2.2518,0.090247,1.5556,7.0126,0.43042,0.058016,0.29256,0.12453,0.060277,121.37,94.432,0.59919,0.99922,28.599,0.013343,0.008578,1.0509,0.56951,0.38866,1.1049,1.3616,345.3,0.058016,0.19697,0.95317,0.23234,13.549,3.8652,133.63,2.7314,4.9208,0
0.002922,0.18691,0.62863,4.3633,108.41,0.18366,0.00835,4.3331,1.0091,0.80989,0.00835,0.044676,0.031263,0.00835,1260.7,0.28952,5.3502,0.00835,0.004824,21.231,0.41561,-0.042546,0.001688,0.23672,0.80989,0.26048,-0.24804,3.4079,3.9546,-0.16541,0.004824,39.773,9.1771,-0.22763,-0.042546,1.9092,,0.80989,-0.024579,2.6667,1.9094,-0.024579,66.867,45.636,0.02902,3.8246,21.425,-0.08831,-0.051018,4.3633,0.18691,0.10897,4.3905,4.3905,5662.6,0.00906,0.003608,0.99094,0,17.192,7.9981,39.412,9.2611,9.3838,0
0.28716,0.17855,0.34897,2.9605,99.767,0,0.28716,4.6007,1.1371,0.82145,0.28718,1.6132,0.25744,0.28716,222.63,1.6395,5.6007,0.28716,0.25254,54.982,1.0606,0,0.25254,0.9282,0.80301,1.6395,0,0.73775,4.0352,0.087967,0.56548,101.6,3.5926,3.5817,0.001191,1.1371,,0.82145,0.001047,0.45239,1.0674,0,143.31,88.327,1.6765,1.9982,97.763,-0.005576,-0.004904,2.9514,0.17801,0.27835,1.7366,1.7366,3784.3,0.43759,0.34957,0.56954,0,6.6385,4.1324,57.139,6.3879,2.4039,0
0.033471,0.2469,0.14382,2.0011,44.39,0.099092,0.038618,2.7352,1.0594,0.67531,0.038618,0.26883,0.14967,0.038618,855.8,0.4265,4.0503,0.038618,0.054888,26.019,1.102,0.04049,0.047573,0.1224,0.67531,0.40566,0.6097,0.20184,6.0684,0.27316,0.054888,78.953,4.623,0.164,0.04049,0.73262,2.2985,0.77855,0.05755,0.52009,0.075737,0.05755,110.37,84.355,0.66736,1.652,27.566,-0.026195,-0.037232,1.1643,0.14365,0.21631,0.94775,1.0927,168350,0.056096,0.049564,0.9439,0.15289,14.028,4.327,74.524,4.8978,0.98742,0
0.041487,0.35582,0.42032,2.1812,31.332,-0.014715,0.059764,1.8104,3.0683,0.64418,0.068958,0.16796,0.037436,0.059764,1130.7,0.32282,2.8104,0.059764,0.019478,19.667,1.5228,0.068257,0.013521,0.28152,0.63416,0.27145,7.4241,1.8776,3.698,0.10588,0.022419,43.511,8.3888,8.3888,0.0834,3.0683,,0.64418,0.027181,0.086945,0.096148,0.022246,88.648,68.981,0.25094,1.7166,20.217,0.013155,0.004288,2.1812,0.35582,0.11921,2.8776,2.8776,2097.1,0.027181,0.064403,0.98053,0,18.559,5.2913,42.328,8.6231,13.706,0
0.024112,0.48585,0.147,1.3583,-39.653,-0.19443,0.008601,1.0562,1.3865,0.51316,0.034232,0.020966,0.030269,0.008601,4225.4,0.086382,2.0582,0.008601,0.006203,47.075,1.1632,0.007056,0.01739,0.075972,0.51162,0.11831,0.27527,0.33199,5.8676,0.35041,0.006203,148.06,2.5453,2.1491,0.37525,1.3865,5.0035,0.58879,0.27064,0.18499,0.40063,0.005089,126.71,79.635,0.13484,0.92242,62.51,-0.026312,-0.018977,1.1469,0.41022,0.39288,1.159,1.3298,1.3583,0.27064,0.046987,0.75255,0.14737,7.7536,4.5834,107.99,3.3799,3.1314,0
0.045619,0.41699,0.74288,3.8893,24.337,0,0.045619,1.3981,9.3678,0.58301,0.07892,0.17742,0.00487,0.045619,3336.4,0.1094,2.3981,0.045619,0.00487,4.7627,1.518,0,0.00487,0.18853,0.4478,0.1094,0,,2.5679,-0.015492,0.010882,10.222,35.706,22.016,0,9.3678,5.4904,0.74289,0,2.1862,,0,17.062,12.299,0.37321,3.4139,4.8597,0,0,2.3981,0.25712,0.028006,,,274.7,0.019974,0.078247,0.98364,0.27422,76.638,29.677,10.018,36.434,,0
0.083749,1.0814,-0.090842,0.9136,-88.585,-0.1137,0.084953,-0.075231,1.0419,-0.081351,0.084953,0.0808,0.033739,0.084953,4171.8,0.087493,0.92477,0.084953,0.030294,74.053,2.0705,0.097349,0.029865,-0.1125,-0.081351,0.08638,0.36169,-2.3025,4.6282,0.34617,0.030294,142.58,2.56,0.090025,0.097349,2.8126,13.07,-0.051388,0.034715,0.10536,0.33223,0.034715,110.61,36.554,0.1472,0.37247,77.153,0.087691,0.031271,0.88828,1.0514,0.39063,-2.0619,-1.3025,-3858.8,0.040183,-1.0295,0.95982,-0.36832,4.9289,9.9852,136.85,2.6672,71.075,0
0.026719,0.70166,-0.035518,0.9446,-23.472,0,0.026719,0.4252,2.2275,0.29834,0.041378,0.041674,0.044584,0.026719,2578.8,0.14154,1.4252,0.026719,0.011995,16.29,1.1081,0.040716,0.011995,0.25417,0.026719,0.14154,2.7776,-0.09006,4.1479,0.31284,0.017728,106.59,3.4244,3.129,0.032001,2.2275,8.325,0.35915,0.014366,0.012914,0.20642,0.018279,97.88,81.591,0.014366,0.78954,16.527,-0.031875,-0.01431,0.86313,0.64114,0.29202,0.75649,0.91067,-499.33,0.014366,0.089557,0.98808,0.20381,22.407,4.4736,105.06,3.4743,5.6481,0
0.057894,0.59166,-0.079538,0.67694,-155.24,0.13452,0.057894,0.67973,1.1809,0.40217,0.057894,0.23515,0.187,0.057894,2255.2,0.16185,1.6902,0.057894,0.11306,33.822,1.4385,0.0854,0.11306,0.13452,0.40217,0.16185,1.9694,-0.095445,4.8312,1.1527,0.11306,207.23,1.7613,0.14434,0.0854,0.52136,0.34509,0.74762,0.16677,0.18308,0.15781,0.16677,86.667,52.846,1.2201,0.48421,39.94,0.047536,0.092829,0.28169,0.2462,0.56777,0.4826,0.89714,-5391.8,0.15319,0.14395,0.84681,0.85898,10.792,6.9069,175.49,2.0799,0.6145,0
0.092731,0.55841,0.41807,1.7487,14.836,0.31008,0.11721,0.73221,1.049,0.40887,0.11721,0.2099,0.060508,0.11721,1703.9,0.21422,1.7908,0.11721,0.059288,62.856,1.0638,0.11105,0.046906,0.39055,0.40887,0.17038,0.58926,17.781,5.0905,0.19416,0.059288,108.15,3.3749,0.19887,0.11105,2.0276,,0.40887,0.056173,0.3127,0.1618,0.056173,148.05,85.189,0.27238,1.139,65.937,0.10864,0.054954,1.7487,0.55841,0.2963,17.39,17.39,51495,0.046726,0.2268,0.95327,0,5.8069,4.2846,103.1,3.5404,84.081,0
0.050935,0.48763,0.074859,1.2035,-7.6853,0.093243,0.065254,1.0507,3.6302,0.51237,0.07407,0.17743,0.046771,0.065254,1048.3,0.34819,2.0507,0.065254,0.017975,12.405,1.1646,0.073659,0.014031,0.17828,0.29259,0.31882,8.3552,0.13431,3.6123,0.13257,0.019595,37.353,9.7716,7.3697,0.036524,3.6302,102.38,0.51548,0.010061,0.08798,0.091218,0.020291,41.251,28.846,0.41284,0.86807,12.531,-0.030875,-0.008505,0.90771,0.36777,0.10234,0.91925,0.92485,306.55,0.010061,0.099411,0.98226,0.006086,29.424,12.653,36.977,9.8709,6.5131,0
0.19735,0.559,0.13127,1.235,-23.821,0.46603,0.24553,0.74906,1.1283,0.41872,0.24553,0.43956,0.092451,0.24553,748.95,0.48735,1.7889,0.24553,0.083325,36.405,1.2073,0.31641,0.066973,0.58924,0.41872,0.40115,1.2116,0.42325,5.2937,0.17405,0.083325,78.071,4.6752,0.56603,0.31641,2.9605,978.02,0.41913,0.10738,0.097586,0.053533,0.10738,78.699,42.294,0.67147,0.70884,41.077,0.28952,0.098252,1.2341,0.55859,0.21389,1.3501,1.3514,25815,0.11374,0.47131,0.88626,0.000967,10.026,8.6301,69.191,5.2752,9.5011,0
0.19076,0.1111,0.55592,10.623,250.56,0,0.23652,8.0011,0.71131,0.8889,0.24199,4.0942,0.38879,0.23652,146.63,2.4892,9.0011,0.23652,0.33252,127.91,1.0164,0.23396,0.26818,0.71035,0.87376,2.0773,42.805,1.439,5.0822,-0.25361,0.33729,44.171,8.2633,4.2969,0.23393,0.71131,8.6346,0.93111,0.32888,5.0848,0.013517,0.32891,164.17,36.267,0.7653,6.3082,190.59,0.19393,0.27265,5.5238,0.057771,0.12102,2.301,2.4102,67176,0.32888,0.2146,0.67261,0.04748,2.8536,10.064,29.644,12.313,1.8413,0
-0.102,0.58313,0.30872,1.618,5.5328,0,-0.102,0.71488,2.0902,0.41687,-0.090723,-0.20416,-0.037092,-0.102,-2745.3,-0.13295,1.7149,-0.102,-0.048798,44.555,1.0123,-0.090723,-0.048798,0.023562,0.35219,-0.13295,-8.0476,1.6105,3.1892,0.27892,-0.047099,84.998,4.2942,3.6789,-0.055146,2.0902,6.6209,0.50042,-0.026384,0.042273,-0.29337,-0.043405,137.46,92.91,-0.39977,1.1073,43.409,-0.11519,-0.055111,1.3861,0.49958,0.23287,2.1746,2.6105,477.29,-0.026384,-0.24467,1.0484,0.20042,8.1922,3.9285,87.241,4.1838,10.904,0
0.039711,0.56299,0.063264,1.1591,-28.718,0.060346,0.049546,0.47863,1.0506,0.26947,0.049546,0.12462,0.055073,0.049546,2332.9,0.15646,1.7762,0.049546,0.030978,39.817,1.2719,0.073154,0.024829,0.073464,0.26947,0.13899,0.48053,0.11734,4.3993,0.34381,0.030978,95.324,3.8291,0.12994,0.073154,1.6374,1.7313,0.43488,0.045739,0.050954,0.16572,0.045739,100.55,60.729,0.2276,0.72028,41.832,0.034616,0.021643,0.81857,0.39758,0.26116,0.49979,0.80659,1586.6,0.048167,0.14737,0.95183,0.61385,9.1668,6.0103,90.732,4.0228,2.9665,0
0.053678,0.68948,-0.21066,0.65389,-56.385,0,0.053678,0.45038,2.1344,0.31052,0.11188,0.088191,0.025149,0.053678,4688.3,0.077853,1.4504,0.053678,0.025149,6.687,0.9085,0,0.025149,0.15578,0.083979,0.077853,0,-0.34993,3.8002,0.31436,0.050297,137.52,2.6542,2.343,0.034427,2.1344,4.4405,0.39135,0.016129,0.035745,,0,64.339,57.652,1.3727,0.58964,8.8352,0,0,0.57724,0.60865,0.37676,0.51581,0.65007,-1329.7,0.24313,0.17286,0.78581,0.26028,54.583,6.3311,104.08,3.5068,3.5455,0
0.001671,1.2263,-0.000607,0.99908,-133.07,-0.37261,0.001671,-0.18456,1.1763,-0.22633,0.010779,0.002531,0.087013,0.001671,4373.1,0.083465,0.81544,0.001671,0.001421,153.26,0.69377,0.010773,0.001421,0.017579,-0.24532,0.083465,1.1829,-0.001783,3.4204,1.0358,0.008962,164.81,2.2147,1.1928,-0.28639,1.1763,0.45634,0.1373,-0.24346,0.025543,0.36676,0.009159,199.51,46.255,0.003384,0.25125,123.25,-0.089911,-0.076434,0.53807,0.66046,0.45153,-0.66539,0.40365,-1.597,-0.24346,-0.007385,0.99887,-1.6066,2.3816,7.891,204.93,1.7811,3.4583,0
0.12084,0.29234,0.5955,3.0506,0.74823,0,0.14896,2.4207,4.3129,0.70766,0.18602,0.51292,0.039335,0.14896,628.97,0.58031,3.4207,0.14896,0.034537,49.37,4.2774,0.18356,0.028019,0.27735,0.47379,0.48415,4.9526,5.2193,4.4076,0.029682,0.037233,25.448,14.436,14.341,0.1477,4.3129,,0.70766,0.034246,0.57797,0.047708,0.042562,60.769,11.399,0.20715,1.0418,50.79,0.16287,0.037764,3.0304,0.29041,0.069271,6.2024,6.2024,3.0506,0.034246,0.17076,0.96598,0,7.3932,32.02,24.577,14.851,37.801,0
-0.015148,0.84895,0.16359,1.796,10.88,-0.01232,-0.015148,0.17793,1.3924,0.15105,-0.004292,-0.073712,0.009007,-0.015148,24708,0.014773,1.1779,-0.015148,-0.010879,33.398,1.2676,0,-0.010879,0.055209,0.009286,0.014773,0,0.25929,4.9788,0.6033,-0.023019,63.533,5.745,1.3907,0.021852,1.3924,0.39178,0.76794,0.015694,0.049815,1.022,0,94.069,60.671,-0.1189,1.176,39.388,-0.02769,-0.019886,0.43477,0.20551,0.17406,0.23942,1.2172,15578,0.15208,-0.10029,0.85548,4.084,10.929,6.016,53.871,6.7755,2.207,0
0.18654,0.22917,0.43943,2.9175,73.035,0.39776,0.18654,3.2117,1.0948,0.73603,0.18654,0.81398,0.11881,0.18654,383.45,0.95189,4.3636,0.18654,0.10159,17.3,1.1995,0.15695,0.10159,0.39787,0.73603,0.95189,0.93581,1.326,4.9192,0.12439,0.10159,49.873,7.3186,0.68488,0.15695,1.8762,,0.73603,0.085481,0.084363,0.039957,0.085481,129.07,111.77,2.1434,2.5377,18.94,0.12535,0.068268,2.9175,0.22917,0.13664,2.221,2.221,36484,0.086561,0.25344,0.91344,0,21.098,3.2657,45.556,8.0121,5.5406,0
0.2208,0.52967,0.3168,1.5981,23.826,0,0.22536,0.88798,4.3718,0.47033,0.22569,0.42547,0.058578,0.22536,754.93,0.48349,1.888,0.22536,0.051548,3.2451,2.853,0.19237,0.050506,0.44355,0.29947,0.47488,578.58,2.0328,3.6366,0.067962,0.051548,46.512,7.8475,7.8475,0.21519,4.3718,,0.47033,0.049223,0.44825,0.079138,0.044003,50.849,47.604,5.6807,1.5247,3.4131,0.16164,0.036973,1.5981,0.52967,0.12743,3.0179,3.0179,1372.1,0.049223,0.46945,0.94889,0,112.48,7.6674,44.222,8.2538,28.052,0
-0.058694,1.6253,-0.39598,0.70134,-133.43,-0.63983,-0.058694,-0.38471,2.61,-0.62526,-0.013688,-0.044269,-0.006151,-0.058694,-36950,-0.009878,0.61529,-0.058694,-0.022488,67.836,1.5662,-0.050324,-0.022488,-0.58684,-0.66579,-0.009878,-1.1182,-5.6457,3.0911,0.5895,-0.022488,180.64,2.0206,1.6483,-0.068939,2.61,,-0.62526,-0.026413,0.13782,-7.0498,-0.019281,104.48,36.648,-0.121,0.33547,66.09,-0.092963,-0.035618,0.57213,1.3258,0.49491,-8.9147,-8.9147,-488.44,-0.026413,0.093871,1.022,0,5.3806,9.9597,185.41,1.9686,37.213,0
0.021638,0.50947,0.075823,1.2148,13.778,-0.032604,0.02759,0.96283,1.0263,0.49053,0.028608,0.078144,0.043362,0.02759,4178.7,0.087348,1.9628,0.02759,0.026884,12.441,1.2591,0.024376,0.021084,0.032295,0.25455,0.075665,23.949,0.13277,3.6271,0.29831,0.026913,126.89,2.8765,1.9934,0.01068,1.0263,,0.49053,0.010406,0.58327,0.41133,0.023752,79.296,66.854,0.61855,1.1157,12.572,0.007465,0.007274,0.84185,0.35307,0.34765,0.85892,0.85892,321.31,0.010406,0.044111,0.97367,0,29.337,5.4596,125.57,2.9067,1.797,0
-0.72055,7.4551,0.04466,6.3689,34.1,-7.5528,-0.72055,-0.86586,0.079547,-6.4551,-0.40578,-86.622,-8.8843,-0.72055,-3850.4,-0.094796,0.13414,-0.72055,-9.0581,0,0.93333,-0.40579,-9.0581,-2.0933,-8.2734,-0.094796,-1.2892,0.047158,1.9445,93.054,-5.1011,6.2561,58.343,0.065098,-0.40577,0.079547,0.007114,0.99168,-5.101,6.3689,-0.634,-5.1013,0,0,,6.3689,0,-0.41962,-5.2751,0.007106,0.008318,0.01714,-6.8163,1.0472,3.93,-5.101,0.11162,10.048,-1.1536,,,38.169,9.5628,0.083997,0
0.084989,0.59825,0.094226,1.4935,0.070445,0.22128,0.10702,0.64381,1.0939,0.38516,0.10702,0.56055,0.12682,0.10702,1241.6,0.29397,1.6716,0.10702,0.077174,23.669,1.1554,0.12681,0.061289,0.28635,0.38516,0.25715,1.0004,0.13181,5.1349,0.42404,0.077174,54.972,6.6397,0.21197,0.12681,1.3987,0.47926,0.79249,0.091447,0.074912,0.10052,0.091447,71.289,47.62,0.94514,1.0225,25.893,0.057962,0.041798,0.47663,0.19091,0.15061,0.53879,1.1086,12854,0.08588,0.22066,0.91412,1.0576,15.421,7.6649,50.251,7.2635,1.9398,0
0.10411,0.25457,0.48362,2.9431,11.118,0.18089,0.12768,2.8543,1.0784,0.72663,0.12768,0.513,0.099334,0.12768,491.57,0.74253,3.9282,0.12768,0.067097,69.637,1.18,0.1227,0.054711,0.22216,0.72663,0.64994,0.69537,1.808,4.1153,0.1219,0.067097,51.484,7.0896,0.48199,0.1227,1.9205,65.038,0.73231,0.06448,0.3639,0.045475,0.06448,123.13,53.495,0.28677,1.4845,75.098,0.061357,0.032243,2.8775,0.24889,0.14105,2.7165,2.7377,6306.7,0.072726,0.14328,0.92727,0.007818,5.2415,6.8231,47.739,7.6457,7.1141,0
0.001349,0.36433,0.13481,1.4538,-50.739,0.041087,0.005608,1.7447,1.023,0.63565,0.005608,0.018876,0.066835,0.005608,1705.4,0.21402,2.7448,0.005608,0.004806,88.808,0.94744,0.026616,0.001156,0.057423,0.63565,0.20233,0.23338,0.23729,4.4963,0.30825,0.004806,95.082,3.8388,0.073055,0.026616,1.1795,2.2012,0.7029,0.022813,0.020806,0.12101,0.022813,133.18,44.377,0.004753,0.49827,90.852,-0.045751,-0.039215,1.1854,0.29708,0.2605,1.1189,1.2373,4226.9,0.0225,0.002122,0.9775,0.10579,4.11,8.225,92.943,3.9272,2.0536,0
0.094455,0.67863,0.01268,1.0307,-39.052,0.2155,0.1169,0.43462,1.0774,0.29495,0.1169,0.28272,0.11688,0.1169,1125.4,0.32434,1.4735,0.1169,0.062073,36.673,1.1783,0.14477,0.050155,0.26863,0.29495,0.29126,0.82825,0.022097,6.3247,0.34155,0.062073,86.342,4.2274,0.21333,0.14477,1.9027,0.89357,0.56011,0.076874,0.090209,0.089972,0.076874,75.366,38.693,0.49919,0.57304,39.512,0.041566,0.022071,0.62796,0.41348,0.23655,0.51398,0.97606,26780,0.071859,0.32024,0.92814,0.89901,9.9529,9.4332,80.137,4.5547,3.2818,0
0.096847,0.1702,0.42067,3.7273,120.62,0.28251,0.096847,4.2736,1.064,0.72739,0.096847,0.62789,0.16777,0.096847,380.18,0.96008,5.8753,0.096847,0.099431,50.205,1.1418,0.088248,0.099431,0.28251,0.72739,0.96008,0.96401,0.98959,4.8921,-0.076078,0.099431,61.5,5.935,0.51848,0.088248,1.0167,27.622,0.74335,0.090602,1.5986,0.036146,0.090602,123.04,72.835,0.72288,2.8587,53.419,0.021685,0.022264,3.3777,0.15424,0.16849,1.7111,1.7487,32814,0.060155,0.13314,0.93985,0.021946,7.2701,5.0114,57.8,6.3149,2.2913,0
0.016155,0.52562,0.023438,1.0561,-7.58,0.034906,0.021782,0.76625,1.013,0.40276,0.021782,0.052161,0.024316,0.021782,2256.8,0.16173,1.9025,0.021782,0.006231,9.7615,1.0989,0.05057,0.004621,0.044454,0.40276,0.15103,0.14653,0.04193,4.0683,0.12745,0.006231,44.164,8.2647,0.09621,0.05057,3.504,3.217,0.51078,0.014465,0.19476,0.15186,0.014465,37.554,27.792,0.17279,0.83223,9.8882,-0.012656,-0.00362,0.83906,0.41759,0.121,0.72052,0.91379,274.3,0.012812,0.040112,0.98719,0.26823,37.392,13.133,43.598,8.3719,6.2543,0
0.011858,0.90765,-0.15739,0.74201,-62.526,-0.000043,0.018507,0.10174,1.886,0.092347,0.069129,0.030336,0.029881,0.018507,5878.5,0.062091,1.1017,0.018507,0.009813,27.786,1.1465,0.068388,0.006287,0.15123,0.086767,0.054765,1.351,-0.28757,3.9523,0.48026,0.036653,122.89,2.9702,1.9964,0.073985,1.886,1.2961,0.33084,0.039228,0.014846,0.28479,0.03626,85.854,58.068,0.082591,0.50667,28.92,0.030538,0.016192,0.49874,0.61007,0.33668,0.16873,0.60447,-1410.3,0.039228,0.12841,0.99061,2.5826,13.136,6.2858,118.07,3.0915,3.446,0
-0.19877,0.9368,-0.15579,0.83309,-57.414,0,-0.19877,0.067309,0.93406,0.063054,-0.19247,-0.21296,-0.15862,-0.19877,-2307.8,-0.15816,1.0675,-0.19877,-0.21281,6.4776,,-0.19656,-0.21281,-0.19877,0.042214,-0.15816,-31.2,-0.70085,3.4664,0.94775,-0.20799,314.57,1.2113,1.2069,-0.14898,0.93814,,0.063054,-0.1595,0.055081,-0.21396,-0.21043,283.77,277.29,-11.991,0.07284,5.3516,-0.24717,-0.26462,0.83005,0.93338,0.82556,0.28366,0.28366,-456,-0.15947,-3.1524,1.2051,0,56.348,1.3163,364.73,1.0007,4.202,1
0.047766,0.22503,0.38069,2.6917,14.558,0.21523,0.0556,2.3406,1.0343,0.52672,0.0556,0.24707,0.060559,0.0556,927.44,0.39356,4.4438,0.0556,0.038019,79.872,0.98547,0.059875,0.032662,0.23885,0.52672,0.35874,0.42346,0.96552,4.5139,0.13702,0.038019,58.09,6.2833,0.26607,0.059875,1.5005,,0.52672,0.040942,0.13094,0.079691,0.040942,143.82,63.952,0.14926,1.2696,82.611,0.026912,0.018402,2.6917,0.22503,0.15915,1.3359,1.3359,12431,0.033148,0.090687,0.96685,0,4.5698,5.7074,56.165,6.4987,3.7091,0
-0.049157,0.77212,0.21924,1.284,-163.18,0,-0.049157,0.29513,1.119,0.22788,-0.039791,-0.063669,-0.040147,-0.049157,-6273.4,-0.058183,1.2951,-0.049157,-0.04393,241.4,1.1924,-0.039803,-0.04393,-0.13943,0.13418,-0.058183,-4.2497,25.252,2.7272,0.68738,-0.036885,241.78,1.5096,1.5095,-0.046549,1.119,,0.22788,-0.041599,0.011044,-0.72358,-0.03557,320.57,79.173,-0.066423,0.32542,231.76,-0.044036,-0.039353,1.2839,0.77208,0.66242,26.247,26.247,116.99,-0.041599,-0.21572,1.0437,0,1.512,4.6101,251.84,1.4493,128.89,0
0.068703,0.67292,0.084459,1.4089,-60.329,-0.10686,0.08153,0.46408,1.3052,0.31229,0.08153,0.39471,0.16251,0.08153,2324.7,0.15701,1.4861,0.08153,0.1254,91.383,1.2984,0.15883,0.10567,-0.07352,0.31229,0.13795,3.1886,0.11913,4.3633,0.88688,0.1254,151.35,2.4116,0.23604,0.15883,0.66021,0.27498,0.77865,0.2443,0.47167,0.12092,0.2443,108.68,17.299,0.42207,0.62085,119.27,0.13471,0.2072,0.43247,0.20656,0.41467,0.44047,1.0983,1949.5,0.23384,0.22,0.76616,1.4934,3.9942,21.1,115.96,3.1476,0.91702,0
0.012011,0.22902,0.31272,2.7759,31.029,0,0.012307,3.3664,1.7825,0.77098,0.013517,0.069886,0.027702,0.012307,1692.8,0.21561,4.3664,0.012307,0.006904,30.626,1.1481,0.011015,0.006738,-0.009927,0.73267,0.21432,9.0996,0.61177,3.6954,0.11252,0.006904,36.298,10.056,7.732,0.011728,1.7825,,0.77098,0.00658,0.23957,0.15875,0.006179,91.455,60.83,0.080306,1.9265,30.829,-0.026059,-0.014619,2.1344,0.1761,0.099445,1.5082,1.5082,1550.9,0.00658,0.015579,0.99311,0,11.918,6.0004,36.059,10.122,3.4871,0
0.13449,0.3736,0.16395,1.6602,3.6678,0.48093,0.16486,1.6767,2.1026,0.6264,0.18872,0.66389,0.0979,0.16486,662.47,0.55097,2.6767,0.16486,0.07841,24.913,1.2826,0.17055,0.063967,0.39374,0.61692,0.46969,7.1494,0.27896,3.7538,0.15579,0.085179,46.368,7.8718,5.2323,0.1478,2.1026,2.1455,0.75167,0.070295,0.1892,0.058871,0.081117,63.414,38.501,0.93719,1.0823,26.796,0.12957,0.061627,1.1035,0.24833,0.12704,1.0658,1.279,930.09,0.070295,0.21471,0.92309,0.19998,14.651,9.4802,43.109,8.467,3.5775,0
-0.062786,0.90675,0.17753,1.4345,-30.79,0,-0.062786,0.10284,1.1946,0.093252,-0.018593,-0.15369,-0.01435,-0.062786,-19306,-0.018906,1.1028,-0.062786,-0.052556,58.59,1.0601,0,-0.052556,-0.042257,0.001475,-0.018906,0,0.42887,4.4686,0.75287,-0.10511,190.25,1.9185,0.86438,0.008932,1.1946,0.83852,0.56348,0.007477,0.13762,0.66219,0,161.88,103.29,-0.32741,0.96515,89.304,-0.045644,-0.038207,0.64633,0.40853,0.52124,0.22528,1.3613,5222.7,0.34393,-0.6733,0.70445,5.0426,6.2297,3.5337,124.82,2.9242,2.886,0
-0.14008,1.7302,-0.61699,0.028121,-338.58,-0.5044,-0.14008,-0.47261,0.87708,-0.81772,-0.14008,-0.22065,-0.12394,-0.14008,-7963.5,-0.045834,0.57796,-0.14008,-0.21892,6.6669,1.9859,-0.081545,-0.21892,-0.50287,-0.81772,-0.045834,-1.1178,-0.62821,4.4648,2.6958,-0.21892,317.63,1.1491,-0.04713,-0.081545,0.64811,0.005629,0.27765,-0.12744,0.008836,-2.7387,-0.12744,6.9842,0.31732,-11.986,0.009712,5.8474,-0.14232,-0.22243,0.010318,0.63484,0.87022,-0.83259,0.2827,-17991,-0.14015,0.1713,1.1401,-1.3395,54.748,1150.2,362.15,1.0079,0.65148,0
0.082604,0.65322,0.044479,1.0726,-121.81,0.002357,0.10332,0.53087,1.2601,0.34678,0.13962,0.16871,0.10894,0.10332,1736.9,0.21015,1.5309,0.10332,0.081992,109.23,1.115,0.13961,0.065552,0.20734,0.25718,0.17844,3.8462,0.12963,4.238,0.5082,0.10651,201.77,1.809,1.696,0.15226,1.2601,6.8552,0.38759,0.12083,0.071143,0.12546,0.11079,177.65,68.422,0.21905,0.45687,124.24,0.10565,0.083843,1.0056,0.61241,0.55279,1.0107,1.1296,769.45,0.12083,0.2382,0.91831,0.11769,3.3416,5.3345,177.39,2.0576,3.6726,0
0.008099,0.26385,-0.011334,0.95177,-76.17,-0.007466,0.007318,2.7901,0.53268,0.73615,0.027936,0.031144,0.040597,0.007318,4453.3,0.081961,3.7901,0.007318,0.013739,47.615,1.2773,0.0275,0.015204,0.019857,0.71995,0.08492,1.3338,-0.014599,5.5307,0.49532,0.013739,180.97,2.0662,1.8402,0.058721,0.53268,23.102,0.74283,0.11024,0.069923,0.21037,0.051626,141.99,94.376,0.11655,0.65605,52.238,0.013193,0.024767,0.84766,0.23499,0.48397,0.94823,0.95682,0.95177,0.11024,0.011002,0.91967,0.009065,7.6656,3.8675,161.02,2.2669,0.68613,0
-0.11906,0.62438,-0.14264,0.69262,-57.414,0,-0.11906,0.6016,1.3354,0.37562,-0.088299,-0.25658,-0.048709,-0.11906,-3503.6,-0.10418,1.6016,-0.11906,-0.089159,19.157,0.95193,-0.088791,-0.089159,-0.46066,0.35565,-0.10418,-2.886,-0.2102,3.407,0.45735,-0.066723,118.25,3.0868,2.2942,-0.096996,1.3354,1.6704,0.52608,-0.072633,0.044639,-0.59851,-0.066489,82.186,63.029,-1.6987,0.54158,17.86,-0.14281,-0.10694,0.51477,0.46405,0.32396,0.55354,0.77526,-364.12,-0.072633,-0.31698,1.087,0.40056,19.053,5.791,126.83,2.8778,1.9679,0
0.1003,0.72077,0.28598,1.5356,42.587,-0.022721,0.1003,0.31217,0.8276,0.225,0.1003,0.18785,0.22491,0.1003,1498.8,0.24352,1.3874,0.1003,0.12852,59.606,1.2231,0.16386,0.12852,0.011102,0.225,0.24352,1.7376,1.588,4.6385,0.83118,0.12852,206.67,1.7661,0.22733,0.16386,1.0218,3.7061,0.41184,0.20996,0.2397,0.099115,0.20996,323.61,264.01,0.78697,1.2969,49.33,0.088628,0.11357,1.1375,0.53393,0.56621,1.2494,2.2869,12441,-0.20831,0.44576,1.2083,0.83041,6.1235,1.3825,249.72,1.4617,4.3334,0
-0.38191,0.058664,0.46401,8.9095,57.543,0,-0.38191,16.046,0.97313,0.94134,-0.38191,-6.5101,-0.29827,-0.38191,-73.772,-4.9477,17.046,-0.38191,-0.39246,96.721,0.85073,-0.38191,-0.39246,-0.88882,0.49485,-4.9477,,0.97208,2.0826,-0.14964,-0.39246,15.803,23.097,23.097,-0.38184,0.97313,,0.94134,-0.39239,3.5539,-0.006737,-0.39246,117.84,21.123,-1.481,4.5139,69.464,-0.47357,-0.48664,8.9095,0.058664,0.043296,1.9721,1.9721,56.118,-0.39239,-0.40571,1.3924,0,3.7738,17.28,22.004,16.588,2.0387,0
0.007319,0.66211,0.059134,1.0934,-31.639,0,0.010522,0.51032,2.5574,0.33789,0.039271,0.016622,0.021277,0.010522,4441.4,0.082182,1.5103,0.010522,0.004115,38.708,1.1362,0.037564,0.002862,0.059944,0.23234,0.077343,1.3066,0.1921,4.3063,0.2534,0.010919,91.75,3.9782,3.8035,0.039038,2.5574,14.563,0.3668,0.015265,0.030748,0.27095,0.014689,96.012,57.304,0.026986,0.66499,39.308,-0.006327,-0.002474,1.0454,0.63303,0.25137,1.0976,1.1915,1197.2,0.015265,0.02166,0.9959,0.085552,9.4296,6.3696,90.35,4.0399,8.3076,0
0.004474,0.050363,0.098544,2.9567,39.893,0.012224,0.004474,15.656,0.93118,0.78847,0.004474,0.088839,0.15444,0.004474,289.61,1.2603,19.856,0.004474,0.010886,42.206,0.93826,0.000839,0.010886,0.012224,0.78847,1.2603,0.019008,0.11578,4.7807,0.00289,0.010886,41.649,8.7637,0.016658,0.000839,0.55546,,0.78847,0.002041,1.1481,0.027671,0.002041,80.89,38.685,0.094146,2.013,39.301,-0.058161,-0.14151,2.9567,0.050363,0.11411,0.92643,0.92643,5947,-0.073905,0.005675,1.0739,0,8.6481,9.4353,44.727,8.1606,0.4829,0
-0.14755,1.1555,-0.34806,0.69878,-33.035,-0.070416,-0.15083,-0.17384,0.98362,-0.20087,-0.15083,-0.13053,-0.006923,-0.15083,-7641.7,-0.047764,0.86543,-0.15083,-0.01892,17.608,1.1509,-0.13426,-0.018509,0.040384,-0.20087,-0.044924,-0.16566,-1.8075,3.5699,0.14406,-0.01892,52.038,7.0141,-0.11619,-0.13426,7.9722,,-0.20087,-0.016842,0.008127,-0.98364,-0.016842,36.539,18.931,-0.38367,0.36595,17.32,-0.2299,-0.028839,0.69878,1.1555,0.14257,-1.0432,-1.0432,-1292.8,-0.016656,0.73454,1.0167,0,20.729,19.281,52.905,6.8992,41.399,0
-0.029974,0.1906,0.16501,1.9223,0.78865,0.063161,-0.029478,4.1194,0.98911,0.78515,-0.029478,-0.16476,0.019616,-0.029478,1215.7,0.30023,5.2466,-0.029478,-0.010105,17.409,1.0185,-0.025291,-0.010275,0.083905,0.78515,0.29763,-0.085755,0.25151,4.6661,0.054352,-0.010105,22.142,16.484,-0.1327,-0.025291,2.93,17.525,0.79683,-0.00867,0.28868,0.10204,-0.00867,36.57,19.161,-0.21543,1.1446,17.219,-0.11199,-0.038391,1.8044,0.17891,0.060664,1.1967,1.2145,7649.2,-0.011012,-0.038177,1.011,0.014883,20.966,19.049,22.386,16.305,4.4463,0
0.010638,0.34229,0.57188,3.0506,87.327,-0.0494,0.020037,1.8807,1.0085,0.64374,0.020037,0.071847,0.026986,0.020037,2752.7,0.1326,2.9215,0.020037,0.011914,31.348,1.1731,0.02426,0.006326,-0.029273,0.64374,0.10514,0.14548,3.832,3.9417,0.17704,0.011914,61.043,5.9794,0.070876,0.02426,1.7085,11.14,0.70715,0.014425,0.26395,0.22684,0.014425,168.66,137.31,0.073651,2.5327,31.616,-0.001089,-0.000647,2.4855,0.27888,0.16724,4.3135,4.7384,5000.9,0.008473,0.016526,0.99153,0.098495,11.643,2.6581,60.525,6.0305,11.269,0
0.061633,0.23215,0.33352,2.4366,155.6,0.55228,0.077421,3.1403,1.2078,0.72902,0.077421,0.3335,0.18923,0.077421,858.33,0.42525,4.3076,0.077421,0.14841,63.358,0.57598,0.083588,0.11814,0.67733,0.72902,0.35724,1.9353,0.76789,4.5248,0.42108,0.14841,196.18,1.8605,0.36006,0.083588,0.53976,,0.72902,0.16023,0.3358,0.072767,0.16023,341.23,277.87,0.6806,2.0466,76.526,0.062288,0.1194,2.4366,0.23215,0.53749,1.6785,1.6785,11166,0.17207,0.084542,0.82793,0,5.7609,1.3136,162.43,2.2472,1.2011,0
0.076706,0.33735,0.41964,2.7095,32.645,0,0.094806,1.9643,1.9182,0.66265,0.10189,0.3862,0.070436,0.094806,911.35,0.4005,2.9643,0.094806,0.049424,47.609,1.2034,0.10172,0.039988,0.11552,0.54808,0.34685,14.368,1.2532,3.636,0.15066,0.052118,48.251,7.5645,5.5046,0.061221,1.9182,,0.66265,0.031916,0.21613,0.079175,0.05303,116.47,68.857,0.30657,1.6902,49.179,0.061418,0.032019,1.9716,0.24548,0.1322,1.9788,1.9788,1814.9,0.031916,0.11576,0.95174,0,7.6665,5.3008,46.711,7.8139,5.7281,0
0.001918,0.87551,0.093683,1.1072,-127.01,0,0.002633,0.14219,1.0763,0.12449,0.004094,0.003012,0.008126,0.002633,36540,0.009989,1.1422,0.002633,0.002447,158.82,1.5749,0.003983,0.001782,0.019308,0.02268,0.009172,2.7277,2.9164,4.4693,0.77711,0.002447,297.98,1.2249,1.2231,0.00549,1.0763,378.78,0.1258,0.005101,0.045872,2.8908,0.003701,314.63,155.82,0.004096,0.57146,159.63,-0.002129,-0.001978,1.1055,0.8742,0.81638,3.8754,3.9164,2760.6,0.005101,0.01541,0.99756,0.010595,2.2983,2.3425,296.46,1.2312,33.506,0
0.064386,0.23144,-0.032955,0.83508,-29.906,0,0.080533,3.3208,1.1673,0.76856,0.086663,0.40302,0.084712,0.080533,854.26,0.42727,4.3208,0.080533,0.06899,15.712,1.1148,0.086144,0.055157,0.27044,0.76271,0.3575,14.052,-0.039556,3.9315,0.19223,0.074217,67.591,5.4001,4.6625,0.088232,1.1673,3.6894,0.80017,0.075585,0.059824,0.073826,0.073796,48.44,32.728,1.2814,0.58362,16.996,0.067791,0.058074,0.72102,0.19983,0.18518,0.9225,0.96044,-281.49,0.075585,0.083775,0.93144,0.041129,23.231,11.152,62.482,5.8417,1.4011,0
-0.11984,0.39238,0.73568,4.7921,96.401,0,-0.11984,1.5485,1.1431,0.60762,-0.11984,-0.61772,-0.005996,-0.11984,-20894,-0.017469,2.5485,-0.11984,-0.10483,177.15,0.89009,0,-0.10483,-0.058675,0.18716,-0.017469,,10.463,3.5576,0.17404,-0.20967,104.5,3.4928,1.7269,0.015996,1.1431,,0.60762,0.013993,1.15,0.11576,0,225.61,48.458,-0.21599,1.9322,298.86,-0.11298,-0.098837,2.3693,0.194,0.2863,8.6416,8.6416,2656.1,0.40723,-0.19723,0.5946,0,2.0603,7.5322,61.944,5.8924,16.258,0
0.12439,0.39996,0.40458,2.4105,23.653,0.62886,0.15424,1.0586,1.2133,0.42338,0.15424,0.53774,0.21237,0.15424,801.83,0.45521,2.5003,0.15424,0.17991,148.67,1.4631,0.16347,0.1451,0.72531,0.42338,0.38058,2.3136,1.311,4.993,0.46325,0.17991,148.17,2.4634,0.40872,0.16347,0.88086,3.0248,0.53652,0.19068,0.047423,0.068738,0.19068,288.58,139.91,0.35623,1.1931,180.39,0.13564,0.15822,1.7287,0.28683,0.40594,1.372,1.7386,39811,0.17581,0.2938,0.82419,0.26721,2.4551,2.6089,122.12,2.9889,2.778,0
0.002422,0.20693,0.34165,3.3328,88.756,0.001379,0.000062,3.8327,0.70913,0.79308,0.02216,0.000425,0.025033,0.000062,4254.8,0.085786,4.8326,0.000062,0.000088,100.76,1.4912,-0.000179,0.003416,-0.03604,0.74616,0.097192,-0.008107,0.66744,5.1085,0.24274,0.00257,94.371,3.9484,2.7946,0.14267,0.70913,,0.79308,0.20118,0.3099,0.39392,-0.000253,227.88,127.12,0.012374,1.9961,123.56,-0.017868,-0.025197,2.3589,0.14646,0.25327,1.5493,1.5493,3.3328,0.20118,0.003054,0.8111,0,3.6224,2.8714,75.385,4.8418,1.3853,0
0.043512,0.60413,0.12632,1.2266,-50.714,0.12079,0.061135,0.65528,2.0407,0.39587,0.11839,0.10967,0.054509,0.061135,1982.3,0.18413,1.6553,0.061135,0.029958,67.095,1.1348,0.078748,0.021322,0.20228,0.22573,0.15496,1.3754,0.39942,3.9482,0.2815,0.037098,103.86,3.5145,3.2428,0.081656,2.0407,9.2924,0.42908,0.040014,0.089308,0.15629,0.038588,113.39,46.295,0.11599,0.55365,69.892,0.028646,0.014037,1.1318,0.55743,0.28454,1.2518,1.3568,1121.1,0.040014,0.10991,0.97091,0.083895,5.44,7.8842,99.701,3.6609,6.4528,0
0.19642,0.25934,0.3999,3.2908,109.67,0.55986,0.19642,2.8401,1.1529,0.73655,0.19642,1.1252,0.20534,0.19642,361.35,1.0101,3.8559,0.19642,0.15397,22.667,1.0992,0.17272,0.15397,0.55986,0.73655,1.0101,1.5609,0.93974,4.8418,-0.043222,0.15397,57.584,6.3386,0.66598,0.17272,1.3019,5.8419,0.82133,0.13539,1.8218,0.035786,0.13539,73.371,50.705,2.4793,2.837,26.133,0.10718,0.084011,2.2151,0.17457,0.15776,1.7309,1.9301,27779,0.13265,0.26667,0.86735,0.1151,16.103,7.1986,49.946,7.308,2.9979,0
0.060488,0.43241,0.54792,2.2671,66.827,0.41917,0.076119,1.2959,1.0447,0.56036,0.076119,0.17604,0.043289,0.076119,1730.4,0.21093,2.3126,0.076119,0.036128,25.505,0.82688,0.077976,0.028709,0.49764,0.56036,0.17478,0.38662,27.86,3.3291,0.19105,0.036128,78.256,4.6642,0.18033,0.077976,2.1069,,0.56036,0.037009,0.13646,0.15276,0.037009,159.61,134.1,0.41086,1.9267,26.644,0.062888,0.029848,2.2671,0.43241,0.2144,28.492,28.492,1169,0.04276,0.10794,0.95724,0,14.311,2.7218,74.91,4.8725,107.13,0
0.049658,0.23824,0.45608,8.6576,103.09,0.050523,0.059464,3.1887,0.6836,0.75966,0.06085,0.99841,0.10863,0.059464,1171,0.31169,4.1975,0.059464,0.086987,77.741,1.1658,0.056089,0.072643,0.19619,0.70284,0.27053,40.479,0.94161,4.9265,0.3485,0.086987,37.895,9.7683,2.4421,0.10993,0.6836,2.071,0.93833,0.16081,2.5259,0.11204,0.08205,194.99,117.25,0.34106,6.213,91.345,0.041297,0.060411,2.1644,0.059559,0.10237,1.5684,1.9373,8.6576,0.16081,0,0.83023,0.23521,4.6951,3.113,31.801,11.478,1.4113,0
0.0439,0.79921,0.093963,1.1176,-58.553,-1.357,0.0439,0.25124,2.3789,0.20079,0.059598,0.054929,0.02584,0.0439,4745.6,0.076913,1.2512,0.0439,0.018454,65.87,1.2071,0.054394,0.018454,-0.11287,0.072495,0.076913,3.4648,0.87957,3.2897,0.28261,0.019149,125.16,2.9163,2.9163,0.048133,2.3789,,0.20079,0.020233,0.20997,0.37019,0.022865,111.3,45.425,0.10226,0.58041,67.23,0.036824,0.01548,1.1176,0.79921,0.3429,1.8796,1.8796,183.1,0.020233,0.21863,0.98191,0,5.5412,8.0352,122.63,2.9765,22.268,0
0.003342,0.84849,0.01107,1.0139,-68.845,-0.22307,0.003342,0.177,1.0111,0.15019,0.003342,0.00419,0.016318,0.003342,6990.4,0.052215,1.1786,0.003342,0.001231,69.161,1.0119,0.034146,0.001231,-0.22307,0.15019,0.052215,0.12716,0.057845,4.1905,0.31038,0.001231,108.41,3.3669,0.040243,0.034146,2.7607,5.774,0.20113,0.012576,0.010137,0.37141,0.012576,107.62,38.459,0.006496,0.36883,69.929,-0.006816,-0.002511,0.953,0.79755,0.29701,0.78475,1.0509,171.64,0.010984,0.02225,0.98902,0.33922,5.2776,9.4907,107.22,3.4043,14.187,0
0.046657,0.2279,0.023984,1.3176,-16.871,0.25949,0.057348,3.2811,1.1451,0.74776,0.057348,0.75931,0.19338,0.057348,834.97,0.43714,4.3879,0.057348,0.11132,28.028,1.2883,0.066505,0.090565,0.31981,0.74776,0.39023,1.4782,0.026634,5.283,0.39152,0.11132,61.275,5.9567,0.29181,0.066505,0.52278,0.39344,0.90013,0.12909,0.39351,0.068878,0.12909,49.446,21.417,1.1794,0.79376,32.096,0.024228,0.047028,0.43664,0.075526,0.16788,0.83039,0.99961,4602.1,0.12673,0.062396,0.87327,0.20377,13.022,17.042,53.51,6.8212,0.57211,0
0.6077,0.34937,0.63926,2.8298,162.27,-0.2621,0.72156,1.8623,2.1409,0.65063,0.72525,2.0653,0.34212,0.72156,174.1,2.0965,2.8623,0.72156,0.33703,0,2.8264,0.67678,0.28385,0.49221,0.42878,1.7706,183.15,56.206,3.1311,-0.04651,0.33876,89.352,4.085,4.085,0.71376,2.1409,,0.65063,0.33339,1.2875,0.016935,0.31612,91.859,91.859,,2.8298,0,0.66589,0.31103,2.8298,0.34937,0.2448,57.205,57.205,864.44,0.33339,0.93402,0.67238,0,,3.9735,59.563,6.128,188.24,0
-0.18752,0.59381,-0.10452,0.74783,-54.394,-0.16557,-0.19089,0.68405,0.90011,0.40619,-0.19089,-0.46053,-0.12268,-0.19089,-1455.4,-0.2508,1.6841,-0.19089,-0.15724,27.253,0.84497,-0.17679,-0.15447,-0.16304,0.40619,-0.24513,-1.3109,-0.15148,4.8845,0.48245,-0.15724,112.18,3.2538,-0.29773,-0.17679,1.2417,1.2232,0.58551,-0.14563,0.025088,-0.14479,-0.14563,90.072,62.819,-2.0688,0.52915,24.531,-0.21875,-0.1802,0.52201,0.41449,0.30734,0.58866,0.84852,-8011,-0.11097,-0.46165,1.111,0.44144,13.393,5.8103,124.63,2.9288,1.7593,0
0.25885,0.34476,0.42266,4.0232,61.841,0.40241,0.32007,1.6956,1.2007,0.58457,0.32007,2.2895,0.19099,0.32007,344.38,1.0599,2.9006,0.32007,0.1673,28.702,1.6436,0.32474,0.1353,0.4993,0.58457,0.88227,2.038,0.96599,4.2807,0.1395,0.1673,32.024,11.398,0.94193,0.32474,1.9253,2.0103,0.78952,0.16974,0.60183,0.030629,0.16974,91.256,62.554,1.7206,2.9471,34.461,0.27942,0.14605,1.6315,0.1398,0.087737,1.336,1.8045,8067.5,0.16712,0.4428,0.83288,0.3506,12.717,5.835,26.672,13.685,4.3726,0
0.4475,0.5894,0.35787,1.6072,-9.349,0,0.4475,0.69663,4.3053,0.4106,0.44751,0.75924,0.10845,0.4475,460.78,0.79214,1.6966,0.4475,0.10394,37.442,0.83973,0.44749,0.10394,1.5952,0.31676,0.79214,39775,6.7866,2.9902,0.082779,0.10394,54.938,6.6438,6.6438,0.38942,4.3053,,0.4106,0.090452,0.42488,0.04208,0.10394,59.078,21.636,1.0133,0.85786,41.166,0.4281,0.099435,1.6072,0.5894,0.15052,7.7866,7.7866,349.9,0.090452,1.0899,0.89775,0,9.7484,16.87,49.969,7.3045,81.646,0
0.005916,0.63424,0.31336,1.6919,3.4613,0,0.008736,0.57668,2.1736,0.36576,0.041495,0.019289,0.01788,0.008736,5956.6,0.061276,1.5767,0.008736,0.004019,48.648,0.97209,0.039562,0.002722,0.18262,0.34201,0.056831,1.2077,1.3405,3.3234,0.27002,0.019091,76.51,4.7706,3.4063,0.013101,2.1736,2.6273,0.54713,0.006027,0.11155,0.30336,0.018202,120.19,71.539,0.020422,1.0522,48.943,0.009434,0.00434,1.2081,0.45287,0.20962,1.5646,2.3405,659.86,0.006028,0.016175,0.99692,0.49589,7.5028,5.1021,76.049,4.7995,9.2978,0
0.095591,0.071687,0.29555,5.1228,22.374,0.24898,0.11796,11.144,1.0673,0.79889,0.11796,1.6455,0.15321,0.11796,121.21,3.0113,13.95,0.11796,0.083718,56.408,1.1636,0.12045,0.067843,0.30096,0.79889,2.6993,0.9124,0.46709,4.587,0.043113,0.083718,19.821,18.415,1.6802,0.12045,1.4728,,0.79889,0.085484,0.1783,0.010793,0.085484,91.822,35.414,0.43899,2.0853,60.207,0.022534,0.015993,5.1228,0.071687,0.054304,1.2626,1.2626,11419,0.063089,0.11965,0.93691,0,6.4707,10.307,18.57,19.655,2.2268,0
0.024093,0.25072,0.54362,3.1682,61.925,0.038355,0.032208,2.3848,1.004,0.59794,0.032208,0.12846,0.031583,0.032208,1965.4,0.18571,3.9885,0.032208,0.021846,72.377,1.0531,0.023236,0.016342,0.052413,0.59794,0.15335,0.15823,2.6433,4.2132,0.049167,0.021846,62.32,5.8569,0.092676,0.023236,1.5368,,0.59794,0.015761,0.71552,0.21928,0.015761,152.25,79.871,0.082414,2.0022,72.664,0.008881,0.006024,3.1682,0.25072,0.17074,2.9075,2.9075,8881.2,0.003944,0.040293,0.99606,0,5.043,4.5698,62.074,5.88,7.1686,0
0.14337,0.5263,0.049293,1.0939,-53.84,0,0.14337,0.90007,2.4256,0.4737,0.153,0.2732,0.082737,0.14337,957.2,0.38132,1.9001,0.14337,0.059108,56.413,1.297,0.15298,0.059108,0.30127,0.17747,0.38132,15.897,0.11574,3.8201,0.21636,0.062928,84.254,4.3321,4.3197,0.15215,2.4256,132.33,0.47521,0.062727,0.013967,0.083423,0.063068,85.284,28.87,0.38243,0.37956,60.189,0.095665,0.039439,1.0908,0.52479,0.23083,1.1122,1.1157,325.73,0.062727,0.30267,0.94156,0.003178,6.4701,12.643,78.969,4.6221,5.6951,0
2.3523,1.0341,-0.77658,0.18331,-129.45,-7.181,2.3523,-0.032967,1.6664,-0.034091,2.3523,2.4738,1.4917,2.3523,151.84,2.4038,0.96703,2.3523,1.4116,0,,2.3523,1.4116,2.3523,-0.99711,2.4038,,-0.94052,1.7153,0.6172,1.4116,275.16,2.4116,2.2175,0.40505,4.6454,2.0901,0.049307,0.24307,0.005874,0.013867,1.4116,36.956,36.956,,0.18331,0,2.2188,1.3315,0.16856,0.95089,0.41466,-0.041288,0.059715,-40.32,0.24307,-69,0.49364,-2.4463,,9.8767,208.28,1.7525,2.0182,1
-0.14514,0.98001,-0.13721,0.82704,-33.798,-0.41373,-0.14514,-0.034106,0.95479,-0.033424,-0.14514,-0.18296,-0.039005,-0.14514,-3131,-0.11658,1.0204,-0.14514,-0.049554,18.107,1.1304,-0.12679,-0.049554,-0.41373,-0.033424,-0.11658,-0.41332,-0.39898,4.5963,0.32919,-0.049554,94.39,3.8669,-0.12938,-0.12679,2.9632,2.7359,0.15328,-0.043289,0.023231,-0.33598,-0.043289,79.465,61.358,-0.99893,0.64389,17.288,-0.15769,-0.053838,0.66948,0.79331,0.2586,-0.097193,0.44571,-5415.5,-0.047353,4.3424,1.0474,-5.5858,20.158,5.9487,98.86,3.6921,8.517,0
0.032381,0.6708,0.005405,1.0108,591.62,0,0.037455,0.49076,1.3164,0.3292,0.044335,0.07518,0.061653,0.037455,3016.8,0.12099,1.4908,0.037455,0.028452,18.187,1.3211,0.042445,0.024598,0.10207,0.3171,0.11343,6.1687,0.010889,4.7804,0.50957,0.028452,,0.012181,0.009046,0,1.3164,2.5378,0.5018,0,0.023363,0.25955,0.032243,136.41,118.22,0.49368,0.87919,3945.2,-0.00126,-0.000957,0.75075,0.4982,82.098,0.66318,1.0109,1.0108,1,0.098363,0.009678,0.5243,20.07,3.0874,138.14,2.6423,2.6519,0
-0.17468,1.0939,-0.22721,0.36607,-429.8,-0.089346,-0.17468,-0.085822,0.19718,-0.093879,-0.14,-0.48736,-0.30802,-0.17468,-6573.9,-0.055522,0.91418,-0.17468,-0.88589,219.68,2.0978,-0.14165,-0.88589,-0.40748,-0.26402,-0.055522,-4.0844,-0.26152,3.9733,5.5475,-0.71,323.94,1.1268,0.36919,-0.20667,0.19718,0.046126,0.17778,-1.0481,0.000702,-1.3159,-0.7184,242.41,22.73,-1.4719,0.034962,107.26,-0.2556,-1.2963,0.11995,0.35841,0.88751,-0.10806,0.20463,-2136.6,-1.0481,1.8607,1.6556,-2.8938,1.6615,16.058,663.47,0.55014,0.22696,0
-0.010302,0.51555,-0.078133,0.73275,-47.252,-0.010568,-0.013002,0.84135,1.0096,0.43376,-0.013002,-0.044473,0.060396,-0.013002,3151.7,0.11581,1.9397,-0.013002,-0.013152,10.366,1.1302,0.007895,-0.010421,-0.008236,0.43376,0.12105,0.080631,-0.099434,5.4341,0.52104,-0.013152,108.98,3.3492,0.015314,0.007895,1.0034,0.83403,0.65695,0.007986,0.045267,0.21029,0.007986,74.21,63.845,-0.36695,0.63672,10.465,-0.064813,-0.065562,0.41553,0.29236,0.29858,0.55201,0.83606,-21231,0.00952,-0.02375,0.99048,0.51455,35.212,5.717,107.95,3.3813,1.2581,0
0.021619,0.46172,0.52846,2.1445,34.212,0,0.027103,1.1658,1.9641,0.53828,0.064201,0.0587,0.018551,0.027103,4625.1,0.078917,2.1658,0.027103,0.013799,62.845,0.93453,0.004785,0.011007,0.09208,0.52314,0.067039,0.12898,53.777,3.5273,-0.035128,0.014149,86.112,4.2387,4.2387,0.007062,1.9641,,0.53828,0.003595,1.1606,1.09,0.002436,84.421,21.576,0.063927,1.4121,63.071,-0.00455,-0.002316,2.1445,0.46172,0.23592,54.777,54.777,1779.6,0.003595,0.040162,0.98661,0,5.808,16.917,85.803,4.254,199.87,0
0.00346,0.67353,0.12483,1.2693,4.2382,0.000081,0.001984,0.48472,0.84841,0.32647,0.044726,0.00428,0.025541,0.001984,11345,0.032173,1.4847,0.001984,0.002338,49.604,1.2026,0.038218,0.004078,0.034936,0.22424,0.034364,0.89415,0.30325,5.0934,0.63774,0.024819,223.36,1.6503,1.1357,0.09096,0.84841,4.338,0.43552,0.10721,0.28762,0.38773,0.045047,195.76,146.16,0.030006,1.0206,55.015,0.018532,0.021844,0.87353,0.46352,0.60594,0.79308,1.058,1.2693,0.10721,0.010597,0.92597,0.33402,7.3583,2.4973,199.41,1.8304,2.061,0
-0.008194,0.29131,0.17418,1.9154,2.7132,0.041604,-0.010786,1.5594,0.93826,0.45427,-0.010786,-0.056683,0.073119,-0.010786,1111.4,0.32842,3.4328,-0.010786,-0.008243,45.433,0.84291,0.000224,-0.006262,0.039006,0.45427,0.33732,0.001605,0.27406,4.384,0.20563,-0.008243,49.804,7.3288,0.000768,0.000224,1.4171,1.9955,0.5553,0.000171,0.1254,0.089775,0.000171,95.014,49.581,-0.050309,1.0595,42.628,-0.10623,-0.081191,1.2511,0.19028,0.13645,0.71478,0.87374,4217.4,-0.065801,-0.018037,1.0658,0.22239,8.0338,7.3617,53.081,6.8763,2.0587,0
0.068788,0.39274,0.20566,1.6163,-165.61,0,0.068788,1.5462,1.3989,0.60726,0.10093,0.20614,0.052968,0.068788,1934.6,0.18867,2.5462,0.068788,0.049173,110.05,0.96123,0,0.049173,0.22314,0.59993,0.18867,0,0.44647,3.8334,0.27327,0.11677,249.89,1.4607,1.2411,0.80304,1.3989,2.7421,0.65014,0.57404,0.048259,2.4658,0,136.53,26.472,0.16308,0.3523,315.86,-0.005309,-0.003795,1.3733,0.3337,0.68462,1.3183,1.4114,1401.3,0.65157,0.11328,0.38091,0.070601,3.3166,13.788,87.068,4.1921,3.0369,0
0.079491,0.30357,0.28912,1.9524,7.0989,0.23109,0.099895,2.1256,1.0771,0.64527,0.099895,0.32907,0.096959,0.099895,847,0.43093,3.2942,0.099895,0.07404,52.864,1.0626,0.10787,0.058917,0.28806,0.64527,0.36372,0.86113,0.70982,5.588,0.21522,0.07404,88.458,4.1263,0.35532,0.10787,1.4031,,0.64527,0.079947,0.27279,0.071911,0.079947,137.94,85.073,0.40679,1.3087,56.94,0.076943,0.057028,1.9524,0.30357,0.24235,1.5842,1.5842,111970,0.071597,0.12319,0.9284,0,6.9046,4.2904,82.124,4.4445,3.3125,0
-0.1024,0.031115,0.22295,8.3489,56.116,0.36966,-0.12504,29.769,1.1429,0.92623,-0.12504,-4.1214,-0.17828,-0.12504,-121.72,-2.9988,32.139,-0.12504,-0.23891,105.94,0.93677,0.063254,-0.19565,0.45875,0.92623,-2.2712,1.3814,0.29858,4.8882,0.050155,-0.23891,24.183,15.093,2.0329,0.063254,0.55124,130.6,0.92701,0.12086,0.31231,0.01077,0.12086,170.04,64.096,-0.67406,3.3417,121.09,0.031525,0.060235,8.1406,0.030338,0.066254,1.2404,1.2415,17233,0.12507,-0.11055,0.87493,0.000838,3.4452,5.6946,21.158,17.251,0.7009,0
0.098152,0.12935,0.69613,6.9243,144.4,0,0.098152,6.7309,1.5144,0.87065,0.098152,0.83531,0.092995,0.098152,335.25,1.0887,7.7309,0.098152,0.064813,15.976,1.126,0.08312,0.064813,0.4405,0.86984,1.0887,,3.7352,3.4748,-0.20306,0.064813,26.67,13.686,12.432,-0.093731,1.5144,,0.87065,-0.061894,3.7342,0.034275,0.054888,90.346,74.37,1.4807,6.3602,15.045,0.040443,0.026706,6.2901,0.1175,0.07307,4.6717,4.6717,2077.2,-0.061894,0.11273,0.94249,0,22.846,4.9079,28.321,12.888,8.1257,0
-0.14236,2.7199,0.10019,1.734,-8.5754,-1.623,-0.14236,-0.63234,0.45647,-1.7199,0.001112,-1.0429,-0.23724,-0.14236,-9167.3,-0.039815,0.36766,-0.14236,-0.31186,61.301,0.42232,0.001112,-0.31186,-0.018226,-1.7595,-0.039815,0.007753,0.13126,3.1345,5.9491,0.002437,109.85,3.3227,0.16675,0.002939,0.45647,0.062093,0.85723,0.006439,0.27709,2.5775,0.002437,159.01,97.712,-1.8569,1.1724,61.698,-0.03295,-0.072185,0.087019,0.13649,0.30096,-2.2532,1.123,136.56,0.006439,0.08277,1.3119,-1.4984,5.9542,3.7354,109.14,3.3442,0.59801,0
-0.15277,0.68924,-0.11708,0.81447,-66.122,0,-0.15092,0.45088,2.7147,0.31076,-0.11802,-0.23914,-0.055593,-0.15092,-1666.9,-0.21897,1.4509,-0.15092,-0.055593,45.038,1.1842,-0.11825,-0.056274,0.95938,0.25018,-0.22165,-3.5946,-0.24091,4.0292,0.25263,-0.047141,92.15,3.9683,3.6335,-0.11703,2.7147,3.1153,0.36823,-0.04311,0.01795,-0.19429,-0.043559,67.585,22.547,-0.45606,0.28368,48.822,-0.11825,-0.043559,0.74575,0.63108,0.252,0.63943,0.75767,-1252.3,0.079216,-0.49159,0.93461,0.18492,8.1043,16.188,84.85,4.3017,5.5858,1
-0.032789,0.33384,0.013587,1.0776,-77.44,-0.000663,-0.04142,1.6676,0.95349,0.55671,-0.04142,-0.2366,0.031091,-0.04142,7372.9,0.049505,2.9955,-0.04142,-0.077922,82.131,0.66465,-0.022839,-0.061684,0.003356,0.55671,0.07536,-0.40967,0.016746,4.8331,0.61326,-0.077922,114.62,3.1844,-0.068412,-0.022839,0.53546,0.43485,0.71548,-0.042966,0.053066,0.31262,-0.042966,123.16,41.03,-0.27413,0.39438,78.312,-0.080786,-0.15198,0.5651,0.17507,0.31403,0.68615,0.88184,925.14,-0.048776,-0.058898,1.0488,0.2852,4.4441,8.896,120.21,3.0363,0.65515,0
0.21041,0.61788,0.37977,1.8245,-7.8612,-0.033183,0.2298,0.61844,2.544,0.38212,0.32347,0.49891,0.10966,0.2298,808.39,0.45152,1.6184,0.2298,0.090331,58.814,1.3444,0.30315,0.082708,-0.066156,0.17949,0.42013,3.2364,2.3792,4.3043,0.22622,0.098075,75.231,4.8517,3.6168,0.30926,2.544,324.41,0.38345,0.12156,0.13013,0.058456,0.11916,111.97,53.159,0.51329,0.93452,66.953,0.25397,0.099831,1.3601,0.46061,0.20611,2.3939,2.4023,7652.2,0.12156,0.55064,0.91094,0.003472,6.206,6.8663,66.086,5.5231,15.938,0
-0.36555,0.38156,0.11993,1.3292,-21.633,-0.36555,-0.3676,1.4817,0.82275,0.56535,-0.3676,-1.009,-0.13831,-0.3676,-519.17,-0.70304,2.6208,-0.3676,-0.18954,42.036,0.90168,-0.35162,-0.18848,-0.3676,0.56535,-0.69767,,0.23253,3.8962,0.1891,-0.18954,56.409,6.4706,-0.92153,-0.35162,2.0348,15.123,0.5826,-0.1813,0.12917,-0.049725,-0.1813,82.276,40.239,-1.6366,0.71608,34.585,-0.45097,-0.23252,1.2691,0.36431,0.15455,1.0961,1.1296,944.26,-0.21544,-0.6466,1.2154,0.030513,8.6829,9.0708,68.562,5.3237,3.7604,1
0.25126,0.42998,0.55199,2.2922,43.991,0,0.25126,1.3257,2.074,0.57002,0.25132,0.58817,0.28437,0.25126,266.1,1.3717,2.3257,0.25126,0.12115,74.974,1.3772,0,0.12115,0.60274,0.25126,1.3717,0,26.503,3.7788,0.16396,0.24229,144.09,2.5332,2.5167,0.011301,2.074,,0.57002,0.005449,0.2927,0.042338,0,150.32,75.344,0.58978,1.2949,143.7,-0.33852,-0.16322,2.2773,0.42718,0.39476,27.369,27.369,3316.8,0.47824,0.44078,0.53244,0,4.8683,4.8445,75.179,4.8551,99.58,0
0.26338,0.12811,0.61375,5.791,137.62,0.472,0.3265,6.6256,1.2265,0.84878,0.3265,2.5487,0.24857,0.3265,124.38,2.9346,7.8061,0.3265,0.21588,38.717,1.4075,0.29058,0.17414,0.58601,0.84878,2.4419,2.3564,2.3775,4.5026,-0.14601,0.21588,37.919,9.6259,2.2683,0.29058,1.5687,,0.84878,0.19213,2.7302,0.012387,0.19213,94.63,55.912,1.6417,4.5387,47.486,0.24113,0.15944,5.791,0.12811,0.10389,3.288,3.288,19525,0.18465,0.3103,0.81535,0,9.4273,6.5281,30.917,11.806,5.8587,0
0.36209,0.26828,0.52403,2.9533,103.84,0,0.36209,2.7275,2.6651,0.73172,0.41532,1.3497,0.14744,0.36209,249.2,1.4647,3.7275,0.36209,0.13586,13.8,1.993,0,0.13586,0.44947,0.5119,1.4647,0,2.5231,3.0729,-0.054398,0.30297,65.805,5.5467,5.5467,0.11154,2.6651,,0.73172,0.041851,1.5513,0.28992,0,51.511,37.711,3.5935,2.5777,24.716,-0.030845,-0.011573,2.9533,0.26828,0.18029,3.5231,3.5231,619.81,0.44166,0.49485,0.5961,0,26.449,9.6788,36.741,9.9344,12.832,0
0.19014,0.10669,0.45478,5.4272,156.24,0.43058,0.23483,8.3734,0.86947,0.89331,0.26379,2.286,0.31526,0.23483,142.06,2.5693,9.3734,0.23483,0.27008,45.297,0.8228,0.25528,0.21869,0.42239,0.62073,2.1505,8.8159,1.0278,3.0815,0.085572,0.28049,44.986,8.1186,7.8171,0.036001,1.0978,113.48,0.89728,0.041406,0.33363,0.012073,0.2936,219.65,174.35,1.7622,4.3768,47.225,0.216,0.24843,5.2257,0.10272,0.12317,2.0188,2.0278,548.69,0.041406,0.21285,0.78608,0.004435,8.058,2.0934,43.123,8.4642,1.9649,0
-0.11628,0.40752,-0.15707,0.61458,-186.44,0.15082,-0.13533,1.3894,0.77447,0.5662,-0.13533,-0.33208,-0.2527,-0.13533,-1415,-0.25794,2.4539,-0.13533,-0.32533,91.675,0.86838,-0.11724,-0.27954,0.13422,0.5662,-0.2112,-2.1829,-0.20955,4.1664,0.64297,-0.32533,276.94,1.318,-0.28769,-0.11724,0.42211,,0.5662,-0.28185,0.34608,-0.15395,-0.28185,96.012,4.3366,-1.113,0.3582,71,-0.14745,-0.35448,0.61458,0.40752,0.75875,0.75539,0.75539,-2304.1,-0.2912,-0.20537,1.2912,0,3.9814,84.166,357.59,1.0207,0.55495,0
0.057028,0.63163,-0.003827,0.98904,-15.465,0,0.073094,0.5832,1.052,0.36837,0.12307,0.20941,0.11756,0.073094,1864.2,0.1958,1.5832,0.073094,0.06948,11.427,1.1918,0.12254,0.054208,0.24354,0.33818,0.17036,2.452,-0.005845,4.9147,0.60003,0.090238,136.97,2.6648,1.4726,0.12188,1.052,1.1905,0.63067,0.11586,0.004055,0.12162,0.11648,119.28,107.85,1.7315,0.89468,12.924,0.071967,0.068409,0.54654,0.34904,0.37526,0.56258,0.96317,-314.43,0.11586,0.15481,0.93133,0.71206,31.943,3.3842,121.1,3.014,1.6067,0
0.16937,0.34222,0.42421,2.2396,-117.28,0.43466,0.16937,1.9133,1.1553,0.65476,0.16937,0.49491,0.1574,0.16937,678.12,0.53825,2.9221,0.16937,0.14473,233.51,1.0835,0.16057,0.14473,0.43466,0.65476,0.53825,1.5852,1.8162,4.2846,0.29117,0.14473,123.32,2.9598,0.4692,0.16057,1.1871,,0.65476,0.13721,0.006355,0.064144,0.13721,238.37,4.8627,0.22623,0.051912,269.78,0.14574,0.12454,2.2396,0.34222,0.33786,2.8033,2.8033,8169.3,0.13444,0.25867,0.86556,0,1.5631,75.061,106.74,3.4196,5.0104,0
0.046484,0.25178,0.65427,3.5986,85.231,0,0.046484,2.9717,2.9192,0.74822,0.046484,0.18462,0.085167,0.046484,369.64,0.98744,3.9717,0.046484,0.015924,21.35,0.97019,0,0.015924,0.22316,0.68852,0.98744,,6.9642,3.3446,0.053918,0.037205,41.475,8.8005,8.8005,0.000001,2.9192,,0.74822,0,0.40177,0.04152,0,100.64,79.288,0.27223,2.9204,28.128,-0.20214,-0.069243,3.5986,0.25178,0.11363,7.9642,7.9642,1446.8,0.24096,0.062127,0.75907,0,17.096,4.6034,31.481,11.594,31.073,0
0.24135,0.54008,0.2643,1.5159,15.209,0.35148,0.24135,0.85059,1.0669,0.45939,0.24135,0.47113,0.070772,0.24135,756.02,0.48279,1.8516,0.24135,0.065509,11.609,1.5578,0.23436,0.065509,0.35148,0.45939,0.48279,0.67867,1.1831,4.4414,0.13984,0.065509,54.149,6.7407,0.43393,0.23436,3.7077,23.731,0.48717,0.063611,0.052514,0.069975,0.063611,74.272,62.663,2.0596,1.2872,12.386,0.21497,0.058348,1.4379,0.51229,0.14835,2.0563,2.1807,7303.5,0.062721,0.52538,0.93728,0.060486,31.44,5.8248,50.753,7.1917,16.491,0
0.16888,0.32089,0.50505,3.0749,107.32,0,0.20897,2.1163,1.4661,0.67911,0.22428,0.85854,0.15129,0.20897,528.08,0.69119,3.1163,0.20897,0.14254,25.487,1.3147,0.21739,0.11519,0.51569,0.66844,0.56624,14.201,2.0079,3.9717,0.023131,0.14628,71.108,5.1331,3.8936,0.21664,1.4661,8.3385,0.75659,0.14777,1.3189,0.046464,0.14828,106.42,80.929,1.6497,2.6544,29.906,0.20457,0.13954,2.3325,0.24341,0.19482,2.6998,3.0079,4732.3,0.14777,0.24868,0.85835,0.11409,14.321,4.5101,60.6,6.0231,5.8284,0
0.075802,0.15489,0.49163,4.1742,25.846,0.18987,0.099183,4.9567,1.0699,0.76771,0.099183,0.64037,0.097959,0.099183,363.19,1.005,6.4564,0.099183,0.062418,88.416,1.07,0.093604,0.047704,0.23643,0.76771,0.85404,0.63025,1.3908,4.3994,0.063189,0.062418,38.064,9.589,0.60435,0.093604,1.6403,,0.76771,0.058907,0.37848,0.033929,0.058907,135.04,46.625,0.19693,1.689,94.596,0.037129,0.023366,4.1742,0.15489,0.10429,2.1718,2.1718,12334,0.065334,0.098738,0.93467,0,4.1282,7.8283,35.578,10.259,4.4953,0
-0.029886,0.341,0.155,1.8946,-11.592,-0.017451,-0.029886,1.9326,0.73178,0.659,-0.012734,-0.17249,-0.023202,-0.029886,-7330.4,-0.049793,2.9326,-0.029886,-0.04084,89.129,0.86017,-0.018565,-0.04084,0.007099,0.62136,-0.049793,-1.0824,0.23074,4.0756,0.44791,-0.033826,83.798,4.3557,2.2131,-0.022898,0.73178,,0.659,-0.03129,0.077448,-2.009,-0.025369,157.04,67.909,-0.16725,0.86324,86.424,-0.031471,-0.043007,0.96264,0.17326,0.22958,0.98104,0.98104,1844.8,-0.03129,-0.04535,1.0402,0,4.0952,5.3749,86.42,4.2235,1.0894,0
0.21888,0.97724,-0.36318,0.62837,-109.68,0,0.21888,0.023286,3.0841,0.022756,0.30481,0.22398,0.079125,0.21888,1461.7,0.24971,1.0233,0.21888,0.07097,55.029,1.1505,0.29827,0.07097,0.60102,0.004857,0.24971,3.471,-0.94104,3.1943,0.31648,0.098832,129.04,2.8287,2.8287,0.31983,3.0841,,0.022756,0.1037,0.007773,0.10072,0.096712,71.775,16.746,0.47073,0.15256,61.396,0.27312,0.088557,0.62837,0.97724,0.35352,0.058963,0.058963,-568.12,0.1037,9.6186,0.92942,0,6.6329,21.797,115.66,3.1559,7.9913,0
0.028542,0.78184,0.17877,1.4275,5.9522,0.051511,0.033304,0.27903,1.0287,0.21816,0.033304,0.079639,0.019738,0.033304,8568.7,0.042597,1.279,0.033304,0.019738,32.345,1.3996,0.055878,0.016916,0.049564,0.21816,0.036507,0.34068,0.44356,4.9561,0.44566,0.019738,93.062,3.9221,0.07147,0.055878,1.6969,1.2304,0.58181,0.033117,0.076575,0.46001,0.033117,122.21,89.865,0.19089,1.0699,33.274,0.055878,0.033117,0.76353,0.41819,0.25496,0.54129,1.4436,16157,0.027911,0.13083,0.97209,1.6669,11.284,4.0617,90.464,4.0347,4.1864,0
-0.058892,0.65946,-0.068289,0.89543,-18.533,0,-0.058892,0.5164,2.3804,0.34054,-0.048868,-0.090179,0.010165,-0.058892,9947.3,0.036693,1.5164,-0.058892,-0.02474,7.7451,0.86422,-0.049151,-0.02474,-0.4483,0.31004,0.036693,-4.9033,-0.16446,3.5336,0.27527,-0.020529,97.166,3.7565,3.72,-0.072736,2.3804,,0.34054,-0.030556,0.011334,0.64769,-0.020648,88.529,80.784,-1.1659,0.81808,7.5155,-0.13224,-0.055553,0.88673,0.65305,0.26621,0.82011,0.82011,-233.31,-0.030556,-0.17294,1.0242,0,47.126,4.5182,100.13,3.6451,5.7327,0
0.05778,0.2929,-0.019988,0.91676,-28.301,0.17961,0.05778,1.9944,1.0221,0.58416,0.05778,0.24063,0.16113,0.05778,716.77,0.50923,3.4142,0.05778,0.06242,17.006,1.0502,0.063336,0.06242,0.17961,0.58416,0.50923,0.69937,-0.025631,4.3841,0.29391,0.06242,96.779,3.7715,0.21624,0.063336,0.98679,3.3541,0.63693,0.068423,0.090518,0.062242,0.068423,78.232,61.226,1.3398,0.73715,17.382,-0.028035,-0.030287,0.75158,0.24012,0.26515,0.74905,0.81672,-484.09,0.021645,0.098911,0.97836,0.09034,21.464,5.9615,94.684,3.8549,1.1869,0
0.16572,0.25718,0.20927,4.2252,108.05,0,0.16572,2.8884,0.86373,0.74282,0.1678,2.554,0.19186,0.16572,566.45,0.64437,3.8884,0.16572,0.19186,5.4237,1.9341,0,0.19186,0.25932,0.70349,0.64437,0,0.28831,3.6395,0.29775,0.42882,68.036,5.3648,1.3535,0.001726,0.86373,4.5426,0.80035,0.001998,1.4173,,0,76.992,71.569,12.912,4.0274,13.458,0,0,1.066,0.064885,0.1864,1.0234,1.1026,912.48,0.59698,0.22309,0.4087,0.077442,67.298,5.1,27.419,13.312,1.19,0
0.11042,0.1695,0.67201,4.9646,102.97,0.23632,0.13738,4.6906,1.0571,0.79507,0.13738,0.81048,0.073933,0.13738,389,0.93831,5.8996,0.13738,0.063861,12.265,3.2652,0.11434,0.051328,0.31573,0.79507,0.77924,0.56185,4.2401,4.8637,0.076349,0.063861,30.402,12.006,0.67454,0.11434,2.1791,,0.79507,0.05315,0.17177,0.040975,0.05315,137.84,125.58,1.5275,4.5381,12.965,0.09267,0.043078,4.9646,0.1695,0.083294,5.0165,5.0165,49096,0.054018,0.13888,0.94598,0,29.76,2.9066,28.76,12.691,13.573,0
0.081922,0.56007,0.34722,1.6203,-26.383,0.66587,0.11145,0.76592,1.0549,0.42897,0.11145,0.19909,0.035266,0.11145,1690.9,0.21587,1.7855,0.11145,0.032508,40.653,1.0822,0.13292,0.023896,0.84215,0.42897,0.16315,0.40901,3.7337,4.4458,0.15922,0.032508,62.874,5.8053,0.23732,0.13292,3.4547,1820.9,0.42926,0.038771,0.38778,0.12933,0.038771,73.455,32.802,0.21455,0.93816,42.887,0.12346,0.036013,1.6194,0.55978,0.17226,4.6128,4.6159,9691.6,0.052086,0.19097,0.94791,0.000672,8.9784,11.127,59.599,6.1243,36.865,0
0.012928,0.49942,0.27828,1.5572,34.618,0.05461,0.019295,0.93677,1.0074,0.46784,0.019295,0.038635,0.047756,0.019295,2732.7,0.13357,2.0023,0.019295,0.013814,38.234,0.97537,0.021814,0.009256,0.074322,0.46784,0.12082,0.15733,1.2519,4.9177,0.32085,0.013814,131.47,2.7762,0.043679,0.021814,1.4163,,0.46784,0.015617,0.10904,0.23719,0.015617,188.99,150.76,0.08836,1.2642,38.518,-0.025597,-0.018325,1.5572,0.49942,0.3602,2.1046,2.1046,23022,0.007366,0.027634,0.99263,0,9.5465,2.4211,130.5,2.7968,6.2836,0
0.004041,1.0528,-0.29695,0.71794,-93.785,-0.024526,0.002625,-0.054571,0.98789,-0.057451,0.002625,0.002494,0.032095,0.002625,5272.2,0.069231,0.94986,0.002625,0.001156,43.258,1.2013,-0.004033,0.001779,0.005722,-0.057451,0.070575,-0.017546,-1.2162,4.1497,0.45245,0.001156,167.16,2.1835,-0.003831,-0.004033,2.3189,,-0.057451,-0.001776,0.037782,0.52263,-0.001776,115.09,71.832,0.015013,0.46229,42.734,-0.074293,-0.032715,0.71794,1.0528,0.45798,-0.23529,-0.23529,-4192.1,-0.01226,-0.070329,1.0123,0,8.4377,5.0813,169.21,2.1571,9.3006,0
-0.15868,0.23806,0.62735,3.6353,674.29,0.73982,-0.15868,3.2006,0.41165,0.76194,0.06482,-0.66655,-0.30393,-0.15868,-694.51,-0.52555,4.2006,-0.15868,-0.38547,153.82,0.43564,0,-0.38547,0.48357,0.56859,-0.52555,0,4.6613,4.1523,-1.0423,-0.77094,316.49,1.1533,1.1533,0.003296,0.41165,,0.76194,0.008007,2.8129,0.2364,0,173.6,19.777,-0.91467,2.9065,230.64,-0.033567,-0.081542,3.6353,0.23806,0.86709,5.6613,5.6613,8909.3,0.33305,-0.20826,1.2982,0,2.3729,18.456,211.08,1.7292,3.0586,0
0.21917,0.26995,0.70544,3.9653,82.391,0,0.25867,2.7044,2.7167,0.73005,0.2744,1.0873,0.10861,0.25867,333.94,1.093,3.7044,0.25867,0.095213,9.4104,1.1473,0.26906,0.080675,0.14046,0.69838,0.94669,17.105,12.449,3.1983,-0.025318,0.095213,35.984,10.143,8.9389,0.30367,2.7167,,0.73005,0.11178,1.8083,0.029459,0.099038,68.942,59.532,3.1291,3.6709,10.595,0.23267,0.085645,3.4945,0.23789,0.098587,12.883,12.883,1113.8,0.11178,0.30021,0.9055,0,38.787,6.1312,31.962,11.42,47.942,0
0.18572,0.21691,0.51903,3.3928,71.137,0.50047,0.23027,3.2516,1.2368,0.70532,0.23027,1.0616,0.1877,0.23027,290.57,1.2562,4.6102,0.23027,0.15863,73.836,1.1046,0.27315,0.12794,0.62298,0.70532,1.0508,2.3272,1.9656,4.6552,0.11215,0.15863,67.454,5.4111,1.2593,0.27315,1.4729,,0.70532,0.18817,0.2577,0.022614,0.18817,170.99,97.154,0.63244,2.039,91.318,0.23094,0.15909,3.3928,0.21691,0.1848,2.6711,2.6711,23463,0.19144,0.26331,0.80856,0,4.9434,3.7569,54.54,6.6923,5.4975,0
0.01929,0.16519,0.42633,3.6639,74.85,0.096406,0.020639,4.5633,1.0149,0.75382,0.020639,0.12896,0.058632,0.020639,662.65,0.55082,6.0535,0.020639,0.013299,27.39,0.80915,0.051976,0.01243,0.11667,0.75382,0.54265,0.33991,1.0307,3.9839,-0.087345,0.013299,38.201,9.5547,0.31464,0.051976,1.6321,91.14,0.75898,0.033491,1.9203,0.044397,0.033491,65.631,38.241,0.16564,2.9362,27.798,-0.018377,-0.011841,3.5496,0.16004,0.10466,1.8224,1.8349,4107.9,0.014691,0.025589,0.98531,0.00684,13.326,9.5447,37.64,9.6972,3.7519,0
0.043299,0.43257,0.2598,1.8754,5.4858,0,0.043299,1.3117,1.5732,0.56743,0.046684,0.1459,0.057713,0.043299,1738.9,0.2099,2.3117,0.043299,0.027523,55.75,0.94319,0,0.027523,0.1096,0.55605,0.2099,0,0.58591,3.7294,0.26565,0.063781,81.578,4.4743,3.0697,0.001633,1.5732,2.3549,0.70174,0.001038,0.049321,0.30358,0,125.73,69.985,0.18019,1.0657,66.051,-0.047497,-0.030191,1.2867,0.29678,0.2235,1.2797,1.5826,1393.4,0.15596,0.076308,0.84619,0.2367,6.5471,5.2154,68.855,5.301,3.548,0
-0.54392,1.93,-0.97535,0.49464,-122.28,-0.6128,-0.54392,-0.48187,3.378,-0.93001,-0.50953,-0.28182,-0.16102,-0.54392,-1295.1,-0.28182,0.51813,-0.54392,-0.16102,37.29,0.75428,-0.50953,-0.16102,-1.1364,-1.1567,-0.28182,-14.818,-21.511,2.3435,0.5695,-0.159,181.21,2.0142,2.0142,-0.50954,3.378,,-0.93001,-0.15084,0.003254,-0.12626,-0.15084,102.48,65.186,-1.5761,0.31583,32.402,-0.50953,-0.15084,0.49464,1.93,0.49647,-20.511,-20.511,-215.11,-0.15084,0.58485,1.161,0,9.7882,5.5994,208.54,1.7502,74.501,0
0.1428,0.76,0.24,1.3158,10.368,-1.8952,0.1478,0.31579,8.4874,0.24,0.1478,0.19447,0.017414,0.1478,1876.9,0.19447,1.3158,0.1478,0.017414,0,3.2621,0.1478,0.016825,0.131,-1.7524,0.18789,,,0.69897,0.058227,0.017414,33.289,10.964,10.964,0.1544,8.4874,,0.24,0.018192,0.34974,0.1714,0.017414,31.574,31.574,,1.3158,0,0.1478,0.017414,1.3158,0.76,0.091204,,,1.2,0.018192,0.595,0.98261,0,,11.56,32.684,11.168,,0
0.032062,0.43486,0.52887,2.2162,52.309,0.023246,0.037496,1.2796,1.013,0.55645,0.037496,0.086226,0.030666,0.037496,2659.1,0.13726,2.2996,0.037496,0.019264,46.539,0.96371,0.030326,0.016472,0.035153,0.55645,0.12477,0.15782,14.583,4.1789,0.21836,0.019264,82.602,4.4188,0.069736,0.030326,1.9743,,0.55645,0.01558,0.033432,0.27222,0.01558,177.99,131.45,0.12919,1.6455,47.142,0.008131,0.004178,2.2162,0.43486,0.22631,15.343,15.343,7985.1,0.01279,0.057618,0.98721,0,7.8429,2.7767,81.545,4.476,53.67,0
0.14618,0.043863,0.20106,11.915,3617.5,0,0.18048,21.798,0.091483,0.95614,0.18048,9.7982,2.158,0.18048,81.096,4.5008,22.798,0.18048,1.9728,47.341,0.87186,0.057,1.5979,0.49721,0.14618,3.7189,,0.25759,5.733,-1.7272,1.9728,188.93,1.9319,0.81128,0.055897,0.091483,,0.95614,0.61101,11.06,0.019774,0.62306,62.866,15.525,12.32,11.271,121.7,0.040057,0.43787,5.0036,0.01842,0.51762,1.225,1.225,108720,0.61101,0.15289,0.16476,0,7.7099,23.511,73.491,4.9666,0.11721,0
0.000264,0.068406,0.46342,32.449,281.68,0,0.000264,13.619,0.54375,0.93159,0.000761,0.017884,0.036207,0.000264,1268.2,0.28781,14.619,0.000264,0.000485,23.781,1.1688,-0.014419,0.000485,-0.049774,0.93159,0.28781,-28.994,0.88805,2.9736,-0.35034,0.000485,9.6361,37.879,8.1597,-0.014419,0.54375,,0.93159,-0.026518,18.007,0.45558,-0.026518,142.85,119.07,0.007439,30.045,23.166,-0.033843,-0.06224,6.99,0.014736,0.0264,1.7852,1.7852,436.1,-0.026518,0.000283,0.99953,0,15.349,3.0655,9.8916,36.9,1.042,0
0.045691,0.41603,0.51743,2.3125,-65.399,-0.24701,0.045691,1.4037,1.7888,0.58397,0.060847,0.1159,0.030602,0.045691,2774,0.13158,2.4037,0.045691,0.025543,166.1,0.93272,0.059678,0.025543,-0.20132,0.35409,0.13158,3.9377,5.8581,3.6297,0.23257,0.03077,83.324,4.3805,4.1511,0.061844,1.7888,,0.58397,0.034573,0.039321,0.20178,0.033362,182.86,16.764,0.05613,0.24771,172.05,0.050629,0.028303,2.1914,0.39424,0.22829,6.6115,6.6115,2205.9,0.034573,0.078241,0.97448,0,2.1975,21.773,80.443,4.5373,20.252,0
0.44665,0.1492,0.7355,5.9297,198.67,0.95346,0.5543,5.4567,1.56,0.81413,0.5543,3.7152,0.37025,0.5543,93.565,3.901,6.7025,0.5543,0.35261,43.619,1.4111,0.55244,0.28413,1.1914,0.81413,3.1796,5.4821,6.3791,4.465,-0.18529,0.35261,54.041,6.7541,3.7027,0.55244,1.5878,,0.81413,0.35143,2.9981,0.008455,0.35143,101.56,57.937,2.3776,4.6706,68.045,0.52471,0.33379,5.9297,0.1492,0.14806,7.061,7.061,21455,0.35896,0.54863,0.64104,0,8.3679,6.2999,34.642,10.536,13.634,0
0.076119,0.40203,0.2537,2.2034,6.8483,0,0.091991,1.4874,0.7995,0.59797,0.1169,0.43635,0.16673,0.091991,1100.8,0.33158,2.4874,0.091991,0.11506,97.872,1.4615,0.10733,0.095208,0.20272,0.44253,0.2921,4.3094,0.47377,4.1181,0.4815,0.13498,111.05,3.3641,1.7641,0.10655,0.7995,1.3112,0.78873,0.13328,0.20864,0.090154,0.13425,191.99,94.115,0.35506,1.1865,110.33,0.066019,0.082575,1.1554,0.21082,0.29726,1.1167,1.4729,2.2034,0.13328,0.12729,0.88865,0.31902,3.7293,3.8782,96.247,3.7923,1.493,0
-0.043676,1.0947,-0.1058,0.90335,-184.28,-0.074932,-0.043657,-0.086284,0.79372,-0.094454,-0.037188,-0.039881,-0.055003,-0.043657,-9152.3,-0.039881,0.9135,-0.043657,-0.055003,147.2,,-0.037227,-0.055027,-0.043657,-0.11861,-0.039898,-5.755,-9.5884,3.316,1.0836,-0.046853,482.27,0.75977,0.75977,-0.03487,0.79461,,-0.094454,-0.043932,0.21419,-0.98019,-0.046902,346.93,199.73,-0.13645,0.50659,140.47,-0.037227,-0.046902,0.90335,1.0947,1.3162,-8.5604,-8.5604,-219,-0.043822,0.46241,1.0467,0,2.4797,1.8274,503.4,0.72507,71.935,1
0.12191,0.28853,0.18915,1.6816,-2.7085,0.35873,0.15335,2.4616,1.0334,0.71023,0.15335,0.55258,0.043485,0.15335,508.99,0.71711,3.4659,0.15335,0.03223,16.893,1.0781,0.15016,0.025621,0.44864,0.71023,0.60813,0.32612,0.35465,3.8602,0.018145,0.03223,21.999,16.592,0.52044,0.15016,4.7787,22.383,0.72124,0.03156,0.74,0.046564,0.03156,20.045,3.1518,0.55358,0.88804,17.457,0.096607,0.020304,1.6174,0.27752,0.060272,1.3317,1.3523,1370.7,0.032281,0.17165,0.96772,0.015502,21.606,115.81,21.289,17.145,8.9213,0
-0.015391,0.26613,0.20851,1.9279,53.945,0,-0.015391,2.7575,0.93032,0.73387,-0.011901,-0.06849,0.067926,-0.015391,1537.2,0.23745,3.7575,-0.015391,-0.016544,51.597,1.1178,0,-0.016544,,0.69565,0.23745,0,0.36789,4.972,0.28542,-0.034978,162.48,2.2465,1.8969,0.023109,0.93032,,0.73387,0.02484,0.0611,0.11289,0,164.58,112.99,-0.11703,1.3426,95.087,-0.078583,-0.084469,1.6278,0.22472,0.44515,1.2948,1.2948,19547,0.45737,-0.020972,0.54782,0,7.074,3.2304,88.166,4.1399,1.6414,0
0.03254,0.85974,0.18008,1.8562,30.739,0.084834,0.034328,0.11084,1.1002,0.095294,0.034328,0.16322,0.084014,0.034328,2556.2,0.14279,1.1631,0.034328,0.023493,16.131,1.3811,0.13133,0.022269,0.097268,0.095294,0.14071,0.98886,0.29541,5.5377,0.58553,0.023493,57.801,6.3148,0.15276,0.13133,1.4649,0.5017,0.74472,0.089877,0.065651,0.12862,0.089877,94.068,77.937,0.5039,1.5492,17.748,0.042896,0.029356,0.45409,0.21031,0.15836,0.15632,1.2216,62105,0.09111,0.34148,0.90889,6.815,22.628,4.6832,52.535,6.9478,2.397,0
0.003757,0.53553,0.092277,1.18,-29.189,0.1452,0.004551,0.68812,1.0032,0.36851,0.004551,0.008877,0.02553,0.004551,4975.1,0.073365,1.8673,0.004551,0.002958,49.588,1.1133,0.013957,0.002441,0.14818,0.36851,0.071881,0.090982,0.23363,4.8952,0.33658,0.002958,122,2.9917,0.026062,0.013957,1.5582,17.386,0.39128,0.009069,0.043537,0.36157,0.009069,138.21,88.618,0.017968,0.77221,49.747,-0.020781,-0.013503,1.1298,0.51275,0.33425,0.933,0.99066,7248.7,0.003179,0.010194,0.99682,0.061801,7.3606,4.1188,121.61,3.0013,3.8963,0
0.045062,0.53643,0.020789,1.0485,-131.09,0,0.065313,0.86418,0.73775,0.46357,0.10951,0.15234,0.1313,0.065313,2021.3,0.18058,1.8642,0.065313,0.08853,89.463,1.3011,0.070237,0.06108,0.11969,0.39445,0.14283,1.5891,0.037766,5.1015,0.69688,0.11655,323.32,1.2054,0.96337,0.25375,0.73775,3.6566,0.53705,0.34395,0.063022,0.17566,0.095204,209.03,119.57,0.2492,0.62673,127.72,0.038681,0.052431,0.838,0.42874,0.82963,0.84213,0.97562,1.0485,0.34395,0.097206,0.71226,0.15851,4.0799,3.0526,212.12,1.7208,1.3402,0
-0.047909,0.94847,-0.43284,0.51602,-113.21,-0.38161,-0.047909,0.054326,2.3292,0.051527,-0.047767,-0.05357,-0.004161,-0.047909,-35723,-0.010217,1.0543,-0.047909,-0.020569,19.907,0.92298,0,-0.020569,-0.50958,-0.42952,-0.010217,0,-0.80378,3.3592,0.40255,-0.041092,178.43,2.0456,1.9289,0.063764,2.3292,,0.051527,0.027376,0.015961,0.82724,0,70.081,50.174,-0.37713,0.37398,25.345,-0.038218,-0.016408,0.48657,0.89433,0.48885,0.095686,0.095686,-989.76,0.21456,-0.92979,0.78589,0,18.335,7.2746,140.15,2.6044,4.3254,0
0.048466,0.78036,0.040611,1.0568,-158.7,0,0.061346,0.28146,1.5082,0.21964,0.074111,0.085804,0.065986,0.061346,2862.1,0.12753,1.2815,0.061346,0.040675,157.25,0.91777,0.067731,0.032135,0.30683,0.20429,0.11103,5.3062,0.16614,4.0692,0.5119,0.049139,179.63,2.032,1.8617,0.055408,1.5082,3.3626,0.2511,0.036738,0.031852,0.24562,0.044909,177.34,20.093,0.074589,0.14798,163.25,0.029557,0.019598,0.96822,0.71495,0.49213,0.89856,1.0273,476.24,0.036738,0.22066,0.95995,0.14325,2.3211,18.166,173.03,2.1095,6.1701,0
0.043019,0.33942,0.20788,1.6125,24.647,0.030801,0.043019,1.9462,0.91743,0.66058,0.061855,0.12674,0.057685,0.043019,2341,0.15592,2.9462,0.043019,0.04689,59.336,1.0849,0.061836,0.04689,0.091921,-0.1329,0.15592,3.2828,0.45921,3.7727,0.15459,0.067408,147.22,2.4793,2.4793,0.075903,0.91743,,0.66058,0.082734,0.58746,0.15771,0.067401,138.41,79.078,0.28844,1.1731,64.688,0.051933,0.056606,1.6125,0.33942,0.40334,1.4592,1.4592,1231.6,0.082734,0.065123,0.95311,0,6.1514,4.6157,135.04,2.7029,2.0266,0
-0.021644,0.72183,0.086082,1.3081,-65.043,-0.11944,-0.037796,0.36317,1.0054,0.26214,-0.037796,-0.13528,0.022854,-0.037796,16912,0.021582,1.3854,-0.037796,-0.055447,104.12,1.1597,0.00381,-0.031751,-0.1467,0.26214,0.043959,0.056185,0.13566,4.7752,1.035,-0.055447,150.4,2.4268,0.005278,0.00381,0.68634,0.38655,0.70458,0.005589,0.074326,0.415,0.005589,184.58,80.456,-0.1113,0.61212,104.68,-0.049565,-0.072712,0.50632,0.27939,0.41207,0.41314,1.1104,5130.3,0.005329,-0.082563,0.99467,1.6877,3.5055,4.5366,149.6,2.4398,1.0743,0
0.049351,0.44675,0.11669,1.2732,2.8874,0.049351,0.065118,1.173,1.0318,0.52403,0.065118,0.15244,0.074152,0.065118,1324.8,0.27551,2.2384,0.065118,0.039229,22.135,1.0779,0.071919,0.029731,0.065118,0.52403,0.24022,,0.25583,5.4072,0.25667,0.039229,96.916,3.7661,0.16098,0.071919,1.7409,22.64,0.5436,0.043326,0.05688,0.11308,0.043326,114.25,92.113,0.49026,1.0375,22.838,0.01395,0.008404,1.2174,0.42718,0.26552,1.1489,1.1918,29805,0.030795,0.094177,0.96921,0.037357,16.49,3.9625,93.932,3.8858,3.6391,1
0.33066,0.54244,0.59992,3.2944,70.576,0.068711,0.37169,0.84351,3.5891,0.45756,0.39968,1.4215,0.14547,0.37169,379.21,0.96252,1.8435,0.37169,0.10356,0,1.3684,0.39635,0.092127,0.49817,0.39937,0.88688,14.161,4.3282,2.9341,0.081704,0.10939,29.797,12.249,5.9045,0.38629,3.5891,3.1166,0.73395,0.10763,0.95883,0.03307,0.11043,62.104,62.104,,3.2944,0,0.24592,0.068518,1.588,0.26147,0.081636,3.3011,5.2951,515.51,0.10763,0.72266,0.89682,0.60406,,5.8772,26.59,13.727,25.894,0
-0.040164,0.7184,-0.039542,0.90918,-69.436,-0.025626,-0.042413,0.11961,0.99507,0.085927,-0.042413,-0.097412,-0.008379,-0.042413,-35991,-0.010141,1.392,-0.042413,-0.048775,47.274,1.2042,0.005216,-0.046189,-0.02708,0.085927,-0.007011,0.059686,-0.065451,4.4576,0.80566,-0.048775,181.86,2.0071,0.00726,0.005216,0.88483,1.0008,0.36893,0.005998,0.063028,0.58545,0.005998,154.64,107.37,-0.35662,0.65051,47.041,-0.029911,-0.034398,0.55102,0.4354,0.49824,0.14223,0.61067,-1134.2,-0.004951,-0.46741,1.005,3.2936,7.721,3.3995,182.76,1.9972,1.4393,0
0.006891,0.61497,0.028211,1.0588,-115.98,0.13989,0.005576,0.58866,0.98074,0.36201,0.023398,0.011623,0.0373,0.005576,6136,0.059485,1.6261,0.005576,0.005686,102.64,1.4032,0.013355,0.007026,0.009901,0.2358,0.061622,0.74936,0.057338,5.2449,0.62705,0.005686,209.84,1.744,1.3606,0.14622,0.98074,1.7172,0.49722,0.1491,0.023507,0.46211,0.013617,184.86,82.214,0.024985,0.48395,120.31,-0.017651,-0.017997,0.82601,0.47977,0.57339,0.73576,1.0106,1.0588,0.1491,0,0.85323,0.37349,3.5561,4.4396,178.55,2.0442,1.9933,0
0.10993,0.14553,0.80808,11.683,66.842,0,0.13888,5.8714,1.7266,0.85447,0.14105,1.836,0.10268,0.13888,299.63,1.2182,6.8714,0.13888,0.080439,35.157,0.98324,0.095532,0.063673,0.39766,0.85104,1.0193,44.072,6.95,4.1637,0.046757,0.081694,17.017,21.449,11.149,0.10406,1.7266,34.782,0.8751,0.060272,5.4525,0.03622,0.055331,99.629,64.471,0.060272,9.484,37.412,0.057132,0.03309,6.0725,0.075645,0.046623,7.3489,7.5263,11781,0.060272,0.12866,0.92237,0.024139,10.382,5.6615,15.992,22.824,14.849,0
0.016797,0.008963,0.2961,34.034,425.72,0.086947,0.021616,110.29,0.93404,0.98856,0.021616,2.4115,0.21232,0.021616,68.401,5.3362,111.56,0.021616,0.095951,66.107,0.85871,-0.000043,0.074561,0.10986,0.98856,4.7986,-0.001771,0.42608,4.7725,-0.66258,0.095951,13.565,26.908,-0.004766,-0.000043,0.30384,,0.98856,-0.00019,17.774,0.01126,-0.00019,236.15,170.04,0.41168,29.482,61.747,-0.026258,-0.11656,34.034,0.008963,0.037164,1.4225,1.4225,17535,-0.070617,0.016991,1.0706,0,5.5213,2.1465,14.523,25.133,0.32417,0
0.035632,0.40625,0.033306,1.082,-13.439,0.052267,0.042453,1.4154,1.0117,0.57501,0.042453,0.1045,0.040905,0.042453,1447.9,0.25208,2.4616,0.042453,0.016957,15.371,1.15,0.045969,0.014233,0.066732,0.57501,0.23529,0.18577,0.059427,4.5061,0.091986,0.016957,59.923,6.0912,0.11316,0.045969,2.5862,,0.57501,0.018362,0.47746,0.12609,0.018362,35.805,20.434,0.33796,0.82246,15.551,-0.013986,-0.005586,1.082,0.40625,0.16417,1.026,1.026,1068.2,0.011591,0.061967,0.98841,0,23.746,17.863,59.228,6.1626,4.467,0
0.081613,0.64002,0.15982,1.4532,-12.203,0.17536,0.081613,0.44962,1.0943,0.28777,0.081613,0.23145,0.063076,0.081613,1785.6,0.20441,1.5624,0.081613,0.039348,35.073,1.3817,0.14017,0.039348,0.17442,0.28777,0.20441,0.73951,0.3278,4.338,0.30258,0.039348,67.903,5.3753,0.21901,0.14017,2.0879,1.0895,0.57517,0.06758,0.10078,0.11111,0.06758,83.925,48.851,0.40949,0.88803,38.38,0.090955,0.043852,0.80066,0.35262,0.18604,0.59022,1.1797,3480.5,0.086149,0.28361,0.91385,0.99873,10.407,7.4716,62.053,5.882,4.2541,0
0.035685,0.80234,0.19238,1.2417,-182.14,0.056446,0.046221,0.24636,1.1609,0.19766,0.07071,0.058064,0.045981,0.046221,5486,0.066533,1.2464,0.046221,0.039813,224.67,1.1141,0.061287,0.030738,0.26123,0.092131,0.053401,2.5026,16.594,3.2988,0.64862,0.048667,264.25,1.3813,1.3704,0.06141,1.1609,,0.19766,0.052897,0.10022,0.39073,0.052791,285.67,61,0.049936,0.34395,237.22,0.054126,0.046623,1.2319,0.79602,0.72397,17.05,17.05,382.83,0.052897,0.18053,0.96051,0,1.6246,5.9836,250.27,1.4584,100.14,0
-0.006802,0.69589,-0.052191,0.91622,-559.39,-0.007953,-0.008079,0.43702,0.37213,0.30411,0.022953,-0.01297,-0.001462,-0.008079,-466770,-0.000782,1.437,-0.008079,-0.021711,0.55859,0.64006,-0.001738,-0.018278,-0.011333,0.29324,0.001054,-0.056001,-0.12158,6.3956,1.87,-0.021711,785.46,0.46639,0.41749,0.082661,0.37213,7.8147,0.37708,0.22213,0.61858,4.0013,-0.00467,181.85,181.29,-11.944,0.9153,0.7155,-0.009273,-0.024918,0.82016,0.62292,2.1441,0.70845,0.87842,0.91622,0.22213,0,0.8062,0.23991,653.43,2.0133,610.99,0.59739,0.8669,0
0.031822,0.08184,0.73667,10.025,-496.26,0,0.031822,11.219,1.6267,0.91816,0.042355,0.38985,0.50575,0.031822,36.308,10.053,12.219,0.031822,0.019562,32.932,1.0196,0,0.019562,0.091711,0.8808,10.053,0,4.0543,3.9097,-0.026144,0.046633,81.006,4.5058,4.4941,0.034566,1.6267,,0.91816,0.021249,1.605,0.003449,0,154.21,121.28,0.21681,8.2267,145.66,-0.79091,-0.48619,9.9987,0.081627,0.22193,5.0531,5.0531,5983.8,0.77391,0.034659,0.23349,0,11.083,3.0096,18.315,19.929,8.9528,0
-0.004001,0.33105,0.18294,1.5526,-11.26,0.018812,-0.004001,1.9644,1.0132,0.65029,-0.004001,-0.012086,0.02839,-0.004001,2221.2,0.16432,3.0207,-0.004001,-0.002088,44.444,1.1615,0.013282,-0.002088,0.024314,0.65029,0.16432,0.070235,0.37641,3.5365,0.14922,-0.002088,63.896,5.7124,0.040122,0.013282,1.9326,,0.65029,0.006932,0.15727,0.15183,0.006932,87.991,43.547,-0.017148,0.84782,45.033,-0.045118,-0.023546,1.5526,0.33105,0.17506,1.338,1.338,629.17,0.013067,-0.006153,0.98693,0,8.2125,8.3818,63.061,5.7881,3.9425,0
0.082241,0.65231,-0.083379,0.84439,-84.893,0.18952,0.082241,0.50141,1.0725,0.32707,0.082241,0.15349,0.081065,0.082241,1959.9,0.18623,1.533,0.082241,0.054881,56.701,1.3462,0.10063,0.054881,0.18952,0.32707,0.18623,0.72019,-0.15227,4.6859,0.43362,0.054881,139.97,2.6076,0.15426,0.10063,1.5442,1.8857,0.44356,0.06715,0.012271,0.15333,0.06715,108.6,51.9,0.35328,0.40994,60.812,0.061389,0.040966,0.6936,0.53582,0.38349,0.59734,0.81008,-4045.1,0.06761,0.25145,0.93239,0.35615,6.4373,7.0328,130.51,2.7967,2.7368,0
0.02122,0.63054,0.022621,1.0524,-32.187,-0.22625,0.02122,0.58595,1.2051,0.36946,0.028751,0.049117,0.042439,0.02122,4500.2,0.081108,1.586,0.02122,0.017608,30.281,1.4382,0,0.017608,-0.01163,-0.20503,0.081108,0,0.04148,5.1952,0.52,0.035217,145.93,2.5012,1.7137,0.011832,1.2051,8.1493,0.41298,0.009819,0.047412,0.70242,0,131.5,101.22,0.21225,0.82095,33.771,-0.029922,-0.02483,0.72104,0.43202,0.39981,0.67747,0.75727,3545.8,0.10333,0.057433,0.90601,0.11779,12.054,3.606,130.85,2.7894,2.2097,0
-0.2146,0.73734,-0.24662,0.64674,-70.811,0,-0.25424,0.35622,1.6751,0.26266,-0.23585,-0.36417,-0.11804,-0.25424,-1361.1,-0.26817,1.3562,-0.25424,-0.15178,22.389,1.0456,-0.23771,-0.12812,0.54407,0.23231,-0.21442,-12.93,-0.44964,4.2603,0.43915,-0.14085,133.33,2.7825,2.6345,-0.23615,1.6751,11.55,0.29285,-0.14098,0.033432,-0.13563,-0.14191,93.298,70.909,-2.0887,0.49956,19.306,-0.29422,-0.17565,0.61234,0.69813,0.35939,0.47887,0.53392,-4491.4,-0.14098,-0.81704,1.1706,0.11496,16.303,5.1474,152.12,2.3994,3.054,1
0.096042,0.21465,0.78535,4.6586,,0,0.096042,3.6586,2.0366,0.78535,0.099902,0.44743,0.047157,0.096042,815.78,0.44743,4.6586,0.096042,0.047157,0,1.0315,0,0.047157,0.22836,0.69246,0.44743,0,,2.43,-0.2795,0.10575,,0,0,0.003251,2.0366,,0.78535,0.001596,3.6519,,0,38.73,38.73,,4.6586,,0,0,4.6586,0.21465,,,,211.38,1,0.12229,0.014545,0,,9.4243,38.47,9.4879,,0
0.13111,0.48656,0.1191,1.2573,-15.07,0.26879,0.16389,1.0275,1.0786,0.49994,0.16389,0.35411,0.090466,0.16389,904.46,0.40356,2.0553,0.16389,0.075509,30.958,1.3561,0.15589,0.060408,0.3335,0.49994,0.33619,0.77471,0.28487,5.2697,0.23008,0.075509,83.952,4.3477,0.32039,0.15589,2.1897,16.76,0.52368,0.071822,0.010938,0.084928,0.071822,97.008,66.05,0.71223,0.85957,33.392,0.12342,0.056865,1.196,0.46282,0.23001,1.1958,1.2526,22162,0.072914,0.26226,0.92709,0.047479,11.79,5.5261,77.831,4.6897,5.1915,0
0.18775,0.55122,0.21375,1.3878,17.963,0.56631,0.2546,0.75196,1.0769,0.41449,0.2546,0.46189,0.077338,0.2546,724.39,0.50387,1.8142,0.2546,0.070893,0.8577,1.0158,0.23352,0.052278,0.74665,0.41449,0.38259,0.70022,0.90949,5.3713,0.11023,0.070893,60.329,6.0502,0.42365,0.23352,3.6456,,0.41449,0.065024,0.35452,0.070606,0.065024,57.886,57.028,22.247,1.3725,0.92363,0.21038,0.05858,1.3878,0.55122,0.16528,1.7636,1.7636,50259,0.071379,0.45295,0.92862,0,425.55,6.4003,56.022,6.5152,15.28,0
0.16978,0.44102,0.3299,1.748,3.3104,0,0.22769,1.2675,2.454,0.55898,0.2699,0.51627,0.10152,0.22769,646.14,0.56489,2.2675,0.22769,0.092782,45.773,1.2226,0.26886,0.069184,0.83208,0.54845,0.43359,6.37,1.4401,3.6767,0.14986,0.092929,74.675,4.8879,4.8879,0.29835,2.454,,0.55898,0.12158,0.17187,0.050639,0.10956,103.39,57.617,0.55169,1.0502,52.108,0.24742,0.10082,1.748,0.44102,0.20459,2.4401,2.4401,1567,0.12158,0.30373,0.90856,0,7.9742,6.335,65.596,5.5644,10.712,0
0.18159,0,1,,41.034,-0.50524,0.18159,,5.2157,1,0.21347,,0.035938,0.18159,0,,,0.18159,0.034816,29.277,1.4162,0.10697,0.034816,-0.5817,1,,3.3545,,1.7183,-0.003448,0.034816,0,,,0.10697,5.2157,,1,0.020509,,0,0.020509,68.723,39.446,0.43405,,29.89,0.10111,0.019386,,0,0,,,52.278,0.020505,0.18159,0.96588,0,12.467,9.2532,0,,,0
0.12156,0.37364,0.53098,2.4211,66.976,0,0.12156,1.6763,2.032,0.62636,0.12394,0.32535,0.078523,0.12156,854.73,0.42703,2.6763,0.12156,0.059824,48.013,1.2635,0,0.059824,0.26455,0.60506,0.42703,0,5.5673,3.3707,0.057366,0.13371,95.291,3.8304,3.8304,0.000267,2.032,,0.62636,0.000131,0.70005,0.3278,0,115.51,67.497,0.4548,1.7057,68.169,-0.037995,-0.018698,2.4211,0.37364,0.26107,6.5673,6.5673,1246.8,0.29568,0.19408,0.71988,0,7.6022,5.4077,67.116,5.4384,21.306,0
0.07604,0.35432,0.65154,3.1575,13.395,0,0.1033,1.8223,1.6772,0.64568,0.1033,0.34205,0.096687,0.1033,797.5,0.45768,2.8223,0.1033,0.061587,0,1.0633,0.0948,0.045336,0.14391,0.20074,0.38076,89487,14.02,3.9749,0.078964,0.061587,70.007,5.2138,4.4437,0.10275,1.6772,,0.64568,0.061259,2.7055,0.076857,0.056521,29.706,29.706,,3.1575,0,0.03593,0.021422,2.6911,0.30199,0.1918,13.894,13.894,6150.2,0.061259,0.11777,0.93993,0,,12.287,65.719,5.554,36.092,0
0.024487,0.66126,-0.049113,0.92573,-28.943,0,0.030912,0.51227,2.907,0.33874,0.058931,0.046747,0.035931,0.030912,2310.7,0.15796,1.5123,0.030912,0.010633,21.073,0.99846,0.058917,0.008423,0.19266,0.31152,0.14824,2.1027,-0.12663,3.6065,0.22686,0.018501,84.422,4.3235,4.3235,0.048063,2.907,,0.33874,0.016534,0.013254,0.16641,0.020267,75.76,54.686,0.1459,0.67192,21.427,-0.014624,-0.005031,0.92573,0.66126,0.23129,0.87337,0.87337,-198.46,0.016534,0.072288,0.98944,0,17.321,6.6744,83.027,4.3962,7.4951,0
0.04644,0.27748,0.34791,2.2538,20.259,0,0.04644,2.6039,3.4199,0.72252,0.10294,0.16736,0.05658,0.04644,523.41,0.69735,3.6039,0.04644,0.013579,15.984,1.071,0.041022,0.013579,-0.070046,0.69776,0.69735,0.72603,0.92872,3.4123,0.059975,0.013579,29.729,12.278,12.278,0.013158,3.4199,,0.72252,0.003848,0.31381,0.049177,0.011995,57.453,41.469,0.31008,1.7141,16.046,-0.10604,-0.031006,2.2538,0.27748,0.08145,1.9287,1.9287,899,0.003848,0.064274,0.98695,0,22.835,8.8018,29.615,12.325,9.1291,0
0.033738,0.088536,0.34246,6.1866,-762.59,0,0.033738,10.295,0.48632,0.91146,0.035024,0.51097,0.3697,0.033738,179.74,2.0307,11.295,0.033738,0.069375,45.684,1.1394,0,0.069375,0.083336,0.87682,2.0307,0,0.57894,4.2565,-0.10901,0.15621,1409.2,0.25902,0.19317,0.001623,0.48632,114,0.91451,0.003336,2.2715,0.020207,0,194.02,148.33,0.55428,5.2647,1299.1,-0.14605,-0.30032,4.6137,0.066028,3.8607,1.5409,1.546,6181.6,0.96483,0.037015,0.048094,0.003345,7.9896,2.4607,49.556,7.3654,0.82215,0
-0.030482,0.41482,0.13532,4.6088,-302.88,0,-0.030482,1.4107,0.019181,0.58518,-0.028635,-0.81288,-0.13016,-0.030482,-60645,-0.006019,2.4107,-0.030482,-1.5892,0,0.78405,-0.028635,-1.5892,-0.1157,-0.31354,-0.006019,-15.504,0.1636,3.5845,21.626,-1.4929,213.75,1.7076,0.15436,-0.044851,0.019181,0.45803,0.9625,-2.3383,4.4177,-21.281,-1.4929,136.33,136.33,,4.6088,0,-0.056621,-2.9519,0.41662,0.037499,0.58563,0.70744,1.1636,519.86,-2.3383,-0.05209,1.8611,0.64479,,2.6774,713.58,0.51151,0.023188,0
0.13307,0.50517,0.17237,1.4371,-16.021,0.23192,0.16801,0.94056,1.1181,0.47515,0.16801,0.42607,0.16156,0.16801,737.72,0.49477,1.9795,0.16801,0.1086,53.241,1.2746,0.18752,0.086016,0.29335,0.47515,0.4256,1.3553,0.3978,4.8633,0.227,0.1086,104.02,3.5088,0.3712,0.18752,1.5987,3.0767,0.58599,0.12121,0.40226,0.061637,0.12121,96.276,43.036,0.58969,0.86484,59.53,0.10559,0.068252,1.1218,0.39433,0.285,1.0966,1.3524,12583,0.10565,0.28007,0.89435,0.23328,6.8556,8.4813,93.034,3.9233,3.5704,0
0.12023,0.44844,0.11736,1.2679,-25.645,0.31128,0.16055,1.1651,1.0961,0.52249,0.16055,0.3665,0.095863,0.16055,709.06,0.51477,2.2299,0.16055,0.06667,40.071,1.034,0.17137,0.049929,0.41538,0.52249,0.42487,0.78005,0.26399,4.153,0.17315,0.06667,72.78,5.0151,0.38214,0.17137,2.4591,28.01,0.53288,0.071165,0.08214,0.061007,0.071165,78.733,38.662,0.45479,0.66441,43.923,0.10107,0.041972,1.2385,0.43805,0.1994,1.1752,1.1986,1669.4,0.087694,0.23011,0.91231,0.019887,9.1087,9.4409,66.398,5.4972,5.4165,0
0.029036,0.76338,0.15683,1.4829,-17.793,0,0.047314,0.30997,2.7645,0.23662,0.13142,0.14568,0.028879,0.047314,3490.1,0.10458,1.31,0.047314,0.017115,37.331,1.1531,0.13077,0.010503,0.17292,0.15263,0.080637,1.5549,0.30255,4.0757,0.26826,0.022907,45.356,8.0474,3.4239,0.15076,2.7645,0.45437,0.67432,0.054536,0.072172,0.15583,0.047304,60.495,23.163,0.10269,0.61233,39.485,0.09825,0.03554,0.63091,0.32479,0.12426,0.45647,1.3008,1867.2,0.054536,0.12271,0.98291,1.8498,9.7773,15.758,42.883,8.5116,5.3329,0
-0.21368,0.79568,0.026812,1.0472,-72.439,-0.29501,-0.21368,0.20489,0.88019,0.16302,-0.21368,-0.37589,-0.15562,-0.21368,-1817.1,-0.20087,1.2568,-0.21368,-0.20806,88.749,0.99603,-0.13913,-0.20806,-0.29501,0.16302,-0.20087,-1.1924,0.066248,4.9917,0.73055,-0.20806,177.83,2.0526,-0.17485,-0.13913,1.0404,1.5209,0.39023,-0.13547,0.081684,-0.30676,-0.13547,195.06,106.31,-0.85569,0.60788,78.116,-0.19298,-0.1879,0.74814,0.56847,0.4872,0.40281,0.96421,2630.1,-0.13611,-1.3107,1.1361,1.3937,4.1127,3.4334,202.03,1.8066,2.5376,0
0.009595,0.59907,0.33225,1.5546,53.84,0,0.01279,0.66926,1.9091,0.40093,0.01279,0.02135,0.007983,0.01279,14348,0.025439,1.6693,0.01279,0.0067,8.7603,0.92283,0.010385,0.005026,0.025906,0.13449,0.020105,,4.8373,3.2967,0.26584,0.0067,114.4,3.1907,3.1907,-0.002359,1.9091,,0.40093,-0.001236,0.1544,1.5558,0.00544,160.38,151.62,0.2094,1.4781,8.7495,0.007936,0.004157,1.5546,0.59907,0.31341,5.8373,5.8373,657.94,-0.001236,0.023931,0.004157,0,41.665,2.4074,114.54,3.1867,27.795,0
-0.061918,0.17774,0.22465,3.7606,112.15,0,-0.061918,4.6262,0.77036,0.82226,-0.061918,-0.76088,-0.077437,-0.061918,-1087.5,-0.33563,5.6262,-0.061918,-0.080375,16.244,0.97147,0,-0.080375,-0.35633,0.79581,-0.33563,,0.32371,3.4301,-0.061543,-0.16075,49.418,7.386,3.3816,0.079963,0.77036,3.3608,0.90311,0.1038,2.8137,2.6178,0,36.508,20.264,-1.806,3.3393,20.82,-0.002263,-0.002938,1.7217,0.081377,0.13539,1.1849,1.3014,604.79,0.21979,-0.075302,0.79795,0.098332,22.47,18.012,38.557,9.4666,1.1101,0
0.13565,0.21877,0.71096,4.963,69.281,-0.52407,0.17242,3.5709,2.0349,0.78123,0.17274,0.96111,0.096415,0.17242,407.01,0.89679,4.5709,0.17242,0.084732,62.672,1.1692,0.16601,0.066665,0.14443,-0.12925,0.72874,524.96,6.4842,3.6824,-0.00144,0.084887,35.088,10.403,8.5302,0.16869,2.0349,,0.78123,0.0829,1.2748,0.038425,0.081583,118.68,56.011,0.38825,3.0154,68.337,0.14224,0.0699,4.0697,0.1794,0.09613,7.125,7.125,3421.7,0.0829,0.17364,0.91643,0,5.824,6.5166,32.179,11.343,18.559,0
-0.060931,0.75935,0.19052,1.9661,20.684,-0.058157,-0.06429,0.27016,0.83476,0.20514,-0.06429,-0.326,-0.057588,-0.06429,-7949,-0.045918,1.3169,-0.06429,-0.10618,70.217,1.0916,0.014683,-0.10063,-0.060886,0.20514,-0.041494,0.20244,0.31117,4.8929,1.2011,-0.10618,99.24,3.678,0.019337,0.014683,0.76521,0.48253,0.76729,0.024251,0.3358,0.56603,0.024251,193.82,123.6,-0.52312,1.3755,58.614,-0.014739,-0.024343,0.5106,0.19721,0.27189,0.33505,1.2532,14888,-0.19795,-0.29702,1.198,2.7403,5.1982,2.953,118.88,3.0702,0.98888,0
0.018607,0.7929,0.19254,1.2822,19.762,0.053795,0.022002,0.006154,1.0077,0.004879,0.022002,0.032249,0.013608,0.022002,7991.5,0.045673,1.2612,0.022002,0.008267,6.5508,0.68592,0.027165,0.006992,0.065769,0.004879,0.041392,0.10286,1.5378,4.354,0.19938,0.008267,94.295,3.8708,0.034261,0.027165,2.6747,7.4748,0.11552,0.010207,0.3853,0.63,0.010207,83.925,77.374,0.38957,1.2122,6.6015,0.012953,0.004867,1.1033,0.68226,0.25834,0.03897,0.92264,4350.5,0.007673,3.8135,0.99233,22.676,55.718,4.7173,93.572,3.9007,21.255,0
0.07629,0.49233,0.25077,1.9729,91.089,0.23591,0.10245,1.0312,1.2341,0.50767,0.10245,0.39749,0.20797,0.10245,1255.3,0.29076,2.0312,0.10245,0.14885,10.174,1.4498,0.1252,0.11084,0.29997,0.50767,0.23762,2.2447,0.51023,4.663,0.60732,0.14885,168.67,2.164,0.2543,0.1252,0.69091,2.086,0.74225,0.1819,0.67923,0.097567,0.1819,176.83,166.65,3.9762,1.8985,12.556,0.084503,0.12277,1.0329,0.25775,0.46211,1.0329,1.5102,11541,0.18966,0.15027,0.81034,0.46208,35.874,2.1902,136.68,2.6705,1.4005,0
0.33949,0.49423,0.46147,1.9337,44.112,0,0.42196,1.0232,2.6487,0.50568,0.50813,0.85378,0.16336,0.42196,416.9,0.87551,2.0234,0.42196,0.15931,26.499,1.774,0.46085,0.12817,0.54941,0.50115,0.70864,5.3481,10.419,4.0517,0.003218,0.16047,82.607,4.4651,4.4651,0.46493,2.7149,,0.50568,0.17553,0.98294,0.034934,0.17399,64.754,38.256,1.7655,1.372,31.805,0.45011,0.16993,1.9337,0.49423,0.22396,11.417,11.417,5198,0.17553,0.67135,0.81283,0,13.774,9.5411,68.106,5.3593,59.802,1
0.018176,0.52506,-0.2083,0.48675,-145.12,0.12955,0.021106,0.89965,1.0449,0.47237,0.021106,0.052004,0.067703,0.021106,3395.1,0.10751,1.9046,0.021106,0.025314,17.63,0.84219,0.044367,0.0218,0.1514,0.47237,0.10193,0.55605,-0.25958,4.725,0.62833,0.025314,185.66,1.966,0.0845,0.044367,0.85767,1.3194,0.59157,0.053214,0.14784,0.21656,0.053214,60.215,42.585,0.45134,0.38753,18.422,0.009025,0.010825,0.37624,0.40585,0.50865,0.58866,0.73721,-11058,0.043013,0.038479,0.95699,0.25236,20.703,8.5712,177.67,2.0544,1.039,0
0.06005,0.71281,-0.036524,0.92321,-41.19,0.06005,0.063088,0.34221,1.0644,0.24393,0.063088,0.13265,0.072239,0.063088,2799.9,0.13036,1.4029,0.063088,0.049045,27.511,1.1765,0.077288,0.046683,0.063088,0.24393,0.1261,,-0.065114,4.6757,0.54744,0.049045,143.65,2.5409,0.10843,0.077288,1.3122,1.4424,0.48114,0.060085,0.021028,0.21877,0.060085,121.75,94.244,0.61937,0.71936,29.283,0.047453,0.036891,0.61599,0.47561,0.39356,0.43489,0.85777,-1731,0.060528,0.24617,0.93947,0.97241,13.267,3.8729,134.96,2.7046,2.2933,1
0.064342,0.70174,0.29826,1.425,19.508,-0.051236,0.065939,0.42502,2.7524,0.29826,0.066047,0.093964,0.023957,0.065939,3884.5,0.093964,1.425,0.065939,0.023957,20.238,0.9729,0.066047,0.023376,-0.085911,0.013106,0.091689,609.53,,2.2439,0.14687,0.023957,95.3,3.83,3.83,0.064747,2.7524,,0.29826,0.023524,0.42395,0.35416,0.023996,93.158,72.92,0.4216,1.2075,20.726,0.066047,0.023996,1.425,0.70174,0.2611,,,52.298,0.023524,0.21573,0.97606,0,18.035,5.0055,93.059,3.9223,,0
0.01806,0.72308,0.26075,1.4382,-15.439,0,0.032926,0.38297,2.5786,0.27692,0.095394,0.055327,0.018752,0.032926,5458.3,0.066871,1.383,0.032926,0.012769,49.513,1.8276,0.095392,0.007004,0.085599,0.083356,0.046312,1.527,1.8091,3.8715,0.24588,0.014895,87.526,4.1702,3.4321,0.096864,2.5786,3.9861,0.40388,0.037565,0.17776,0.21749,0.036994,106.17,56.661,0.051631,0.85038,51.446,0.079965,0.031011,1.1836,0.59511,0.2398,1.9212,2.8021,1939.8,0.037565,0.065217,0.98724,0.45847,7.3718,6.4418,84.239,4.3329,17.89,0
-0.002843,0.095102,0.44838,6.2793,554.1,0,-0.002843,9.515,0.29344,0.9049,0.005215,-0.033479,0.01109,-0.002843,10667,0.034218,10.515,-0.002843,-0.00969,15.502,0.58712,0.005215,-0.00969,0.13392,0.36983,0.034218,0.64713,0.96079,3.4619,0.21826,0.017771,107.56,3.3936,3.0307,0.005215,0.29344,51.216,0.91507,0.017771,0.38546,0.28023,0.017771,622.65,607.15,-0.22816,6.1326,15.782,-0.000883,-0.003009,5.6078,0.084933,0.29467,1.939,1.9608,1298.9,0.017771,-0.003142,1.0097,0.011239,23.546,0.60117,105.64,3.455,0.62878,0
0.010844,0.55346,0.20945,1.3784,-37.789,0.058913,0.017217,0.68378,1.01,0.37844,0.017217,0.031107,0.028886,0.017217,4067.8,0.08973,1.8068,0.017217,0.010014,47.323,1.1304,0.018603,0.006308,0.087579,0.37844,0.078216,0.10928,0.88339,4.566,0.28792,0.010014,118.68,3.0756,0.033611,0.018603,1.7344,,0.37844,0.01082,0.39803,0.35645,0.01082,115.2,67.877,0.04865,0.9757,47.795,-0.013843,-0.008052,1.3784,0.55346,0.32514,1.5962,1.5962,7710.2,0.009879,0.028654,0.99012,0,7.713,5.3773,117.5,3.1063,7.2512,0
0.18122,0.73316,-0.012628,0.98278,-56.347,0.45215,0.22527,0.33103,1.1422,0.24269,0.22527,0.30727,0.16912,0.22527,914.61,0.39908,1.364,0.22527,0.13021,45.143,1.1724,0.2212,0.10475,0.5636,0.24269,0.33899,1.4605,-0.045183,5.3961,0.37029,0.13021,176.68,2.0659,0.30171,0.2212,1.7623,,0.24269,0.12786,0.12614,0.083544,0.12786,132.51,87.362,0.84694,0.69093,51.563,0.15389,0.088954,0.98278,0.73316,0.48406,0.8684,0.8684,-3143.3,0.12452,0.74669,0.87548,0,8.0855,4.178,154.68,2.3597,6.1903,0
0.089475,0.70007,0.48305,2.2232,21.475,-0.01111,0.11215,0.42843,2.6974,0.29993,0.11427,0.28398,0.045109,0.11215,2100,0.17381,1.4284,0.11215,0.041575,44.536,1.4144,0.095738,0.033171,0.32567,0.20207,0.14142,45.087,3.9577,4.3104,0.1442,0.041931,55.667,6.5568,3.6986,0.10811,2.6974,39.485,0.31383,0.040079,0.78783,0.22168,0.035493,76.701,32.165,0.27185,1.3898,46.396,0.086207,0.031959,1.2541,0.3949,0.15251,2.4574,2.5713,9872.3,0.040079,0.29832,0.95882,0.046342,8.1956,11.348,53.436,6.8306,22.1,0
-0.097707,0.92642,-0.19711,0.69349,-44.834,-0.40234,-0.099249,0.075163,0.9699,0.069632,-0.099249,-0.15434,-0.008621,-0.099249,-20223,-0.018049,1.0794,-0.099249,-0.051173,3.677,1.255,-0.067308,-0.050377,-0.40134,0.069632,-0.016384,-0.33659,-0.35577,4.3782,0.45325,-0.051173,117.38,3.1096,-0.072654,-0.067308,1.9534,1.5049,0.35298,-0.034704,0.108,2.001,-0.034704,70.856,67.179,-5.0008,0.6631,3.5663,-0.14984,-0.077255,0.48138,0.64307,0.32158,0.12568,0.6371,-4708.5,-0.031036,-1.4032,1.031,4.0692,99.266,5.4333,121.02,3.016,3.5007,0
0.2633,0.13648,0.36661,3.6861,19.887,0.70466,0.2633,6.3268,1.1164,0.86352,0.2633,1.9292,0.11408,0.2633,165.53,2.205,7.3268,0.2633,0.099809,31.401,1.0738,0.26083,0.099809,0.70466,0.86352,2.205,1.1038,0.7378,3.9826,0.046824,0.099809,21.081,17.314,1.9111,0.26083,2.6499,,0.86352,0.098873,0.17706,0.015033,0.098873,66.265,34.864,1.1602,2.0233,35.055,0.22318,0.084602,3.6861,0.13648,0.057757,1.7378,1.7378,3522.2,0.10423,0.30492,0.89577,0,11.624,10.469,18.884,19.329,5.309,0
-0.065419,0.87024,0.073738,1.1687,-95.416,0,-0.065419,0.1491,0.78432,0.12976,-0.0127,-0.14964,-0.075819,-0.065419,-5341.5,-0.068333,1.1491,-0.065419,-0.083409,129.19,0.974,-0.013651,-0.083409,-0.019077,0.099009,-0.068333,-0.25894,0.15077,4.2604,1.0116,-0.079188,202.57,1.8018,0.90517,-0.003396,0.78432,0.53872,0.56282,-0.00433,0.18338,-3.7681,-0.017405,200.46,71.262,-0.23565,0.53365,128.64,-0.019604,-0.024994,0.58709,0.43718,0.55499,0.26531,1.1508,1342.9,-0.00433,-0.50416,1.0796,3.3375,2.8252,5.1219,203.45,1.7941,1.6036,0
0.052538,0.029908,0.47883,17.01,158.51,0,0.062877,32.436,0.7019,0.97009,0.073744,2.1024,0.13756,0.062877,113.06,3.2283,33.436,0.062877,0.08958,103.3,0.97471,0.03406,0.074851,0.23267,0.83643,2.8826,3.1341,0.97469,3.8663,-0.25497,0.08958,16.345,22.331,22.331,0.034026,0.7019,,0.97009,0.048477,7.0156,0.014718,0.048525,155.44,52.145,0.26448,10.368,108.56,0.000385,0.000548,17.01,0.029908,0.04478,1.9747,1.9747,3519.7,0.048477,0.054158,0.91522,0,3.5335,6.9998,15.552,23.469,1.4288,0
0.28896,0.42675,0.44467,3.5567,74.576,0,0.28896,1.3433,2.2087,0.57325,0.28896,1.6614,0.14534,0.28896,485.22,0.75224,2.3433,0.28896,0.13083,13.925,1.5342,0,0.13083,0.46326,0.36465,0.75224,,1.1659,3.6354,0.16555,0.29244,37.211,9.8088,3.9976,0.010002,2.2087,2.1653,0.82003,0.004528,0.42977,0.4438,0,89.874,75.949,3.4293,3.0722,18.028,-0.032052,-0.014512,1.4496,0.17392,0.10195,1.503,2.15,1920.6,0.22761,0.50408,0.77878,0.43048,26.212,4.8059,28.742,12.699,5.791,0
0.3783,0.21307,0.25573,3.1087,37.302,0.36637,0.3783,3.6933,1.7932,0.78693,0.38402,3.1193,0.24843,0.3783,174.58,2.0908,4.6933,0.3783,0.21097,22.146,1.2936,0.37921,0.21097,0.91569,0.74467,2.0908,66.267,0.41048,4.4244,0.069935,0.21146,30.943,11.796,6.714,0.36262,1.7932,62.978,0.79119,0.20222,0.7695,0.01591,0.21148,57.743,35.597,3.477,2.2115,27.76,0.31203,0.17401,1.7694,0.12128,0.084775,1.2631,1.27,6795.5,0.20222,0.48073,0.79176,0.005412,16.481,10.254,24.686,14.786,2.8783,0
0.030232,0.52071,0.32103,3.4566,-0.42186,-0.26546,0.030232,0.92047,0.70124,0.47929,0.030232,0.23134,0.091818,0.030232,2951.8,0.12365,1.9205,0.030232,0.043112,163,1.2153,0,0.043112,-0.094195,0.32787,0.12365,,0.58552,4.5424,0.65217,0.05739,91.562,3.9864,1.0005,0.003099,0.70124,0.35881,0.86545,0.00442,0.54958,0.50818,0,197.74,34.737,0.09654,1.0603,219.41,-0.034155,-0.048706,0.86751,0.13068,0.25086,0.87417,1.5785,11194,0.25711,0.063076,0.79045,0.80568,2.2393,10.507,68.021,5.366,1.279,0
0.11267,0.30121,0.13664,1.4537,-17.291,0.28746,0.13767,2.184,1.107,0.65783,0.13767,0.45706,0.13769,0.13767,544.05,0.67089,3.32,0.13767,0.093806,48.623,1.2169,0.13634,0.076769,0.35511,0.65783,0.58788,1.0284,0.24307,5.4537,0.20435,0.093806,82.925,4.4016,0.45264,0.13634,1.474,,0.65783,0.092899,0.010044,0.049329,0.092899,108.14,59.521,0.57629,0.80459,53.824,0.071929,0.049012,1.4537,0.30121,0.22719,1.1702,1.1702,38842,0.09663,0.17127,0.90337,0,7.5067,6.1323,74.912,4.8724,2.6107,0
0.021826,0.24784,0.59989,3.565,10.065,0,0.021826,3.0348,1.0343,0.75216,0.032683,0.093323,0.15378,0.021826,568.76,0.64175,4.0348,0.021826,0.021103,205.56,0.97788,0,0.021103,0.064156,0.5246,0.64175,0,3.6086,4.902,0.2381,0.048107,130.08,2.8059,2.6478,0.036066,1.0343,,0.75216,0.034872,0.019135,0.060202,0,292.66,87.098,0.03747,1.0744,323.99,-0.13723,-0.13268,3.3641,0.23387,0.35639,4.5246,4.5246,47874,0.36551,0.029017,0.64686,0,1.7756,4.1907,82.536,4.4223,6.2216,0
0.030882,0.44764,-0.094844,0.74667,104.37,0,0.030882,1.2339,1.0677,0.55236,0.044373,0.082486,0.72276,0.030882,211.72,1.724,2.2339,0.030882,0.028922,34.872,1.159,0,0.028922,0.15112,0.54694,1.724,0,-0.13164,3.9657,0.41854,0.064953,2297.4,0.15887,0.13287,0.011868,1.0677,2.6512,0.61932,0.011115,0.003855,0.020141,0,95.066,60.194,0.30272,0.47419,626.01,-0.74085,-0.69384,0.62448,0.37439,6.2944,0.76667,0.85962,-876.42,0.94429,0.055909,0.068412,0.12123,10.467,6.0638,127.98,2.852,1.482,0
0.12948,0.43332,0.41741,1.9713,9.4187,0,0.16218,1.3078,2.4148,0.56668,0.17687,0.3774,0.070999,0.16218,922.49,0.39567,2.3078,0.16218,0.067162,53.803,1.4011,0.16853,0.053619,0.29089,0.36179,0.3202,11.474,2.731,3.8123,0.12024,0.067319,69.895,5.2221,5.179,0.17067,2.4148,,0.56668,0.070675,0.33956,0.081239,0.069789,105.99,52.187,0.36375,1.143,57.895,0.15926,0.065951,1.955,0.42975,0.19149,3.7076,3.7076,2709.5,0.070675,0.22849,0.9335,0,6.784,6.9941,64.956,5.6192,15.799,0
0.021206,0.7144,0.19654,1.3159,-17.875,0,0.029741,0.39978,1.8586,0.2856,0.080334,0.047798,0.04776,0.029741,2937.5,0.12425,1.3998,0.029741,0.016002,53.045,1.1032,0.079537,0.01141,0.1061,0.23556,0.11231,1.5721,1.0845,3.9027,0.38376,0.025062,126.12,2.8942,2.5208,0.057747,1.8586,7.8546,0.35546,0.03107,0.022592,0.17186,0.042794,158.03,104.99,0.07851,0.88176,54.746,0.020512,0.011037,1.1461,0.62224,0.34552,1.5759,1.9614,1570.9,0.03107,0.07425,0.98433,0.24458,6.881,3.4766,122.2,2.987,10.256,0
0.10361,0.27623,0.41918,2.5398,34.176,0.059903,0.12928,2.6201,2.1104,0.72377,0.13097,0.47489,0.10399,0.12928,459.41,0.7945,3.6201,0.12928,0.061256,40.708,1.3695,0.11643,0.049095,0.38399,0.20659,0.7016,68.726,1.3584,3.9853,0.12322,0.061879,49.448,7.3814,7.2743,0.10101,2.1104,,0.72377,0.047863,0.065417,0.044564,0.055168,116.5,75.792,0.4402,1.6752,42.755,0.026235,0.012431,2.503,0.27222,0.13548,2.3454,2.3454,4052.6,0.047863,0.14316,0.93962,0,8.9662,4.8158,47.082,7.7525,6.8388,0
0.098545,0.35369,-0.005545,0.98432,-34.292,0.26767,0.089392,1.7259,1.0335,0.61044,0.089392,0.25274,0.070094,0.089392,885.5,0.4122,2.8273,0.089392,0.042978,31.003,1.2387,0.10119,0.047379,0.29257,0.61044,0.43808,0.50282,-0.008506,4.5756,0.15456,0.042978,64.149,5.6899,0.2861,0.10119,2.1351,,0.61044,0.048651,0.10273,0.073788,0.048651,54.719,23.716,0.5578,0.48482,32.042,0.044793,0.021536,0.98432,0.35369,0.17575,0.93647,0.93647,-208.69,0.032442,0.16143,0.96756,0,11.773,15.391,62.068,5.8807,3.1908,0
0.056041,0.30516,0.3617,2.2163,-19.698,0.28509,0.084348,2.1044,1.0546,0.64217,0.084348,0.28365,0.065785,0.084348,812.28,0.44935,3.277,0.084348,0.040466,78.65,1.0305,0.092308,0.026886,0.39604,0.64217,0.35659,0.46701,1.0609,4.6049,0.10408,0.040466,54.913,6.6468,0.30249,0.092308,2.089,26.966,0.64995,0.044285,0.35656,0.06915,0.044285,96.843,18.193,0.12477,0.70593,82.941,0.039533,0.018966,2.1598,0.29737,0.15045,1.8836,1.9064,14563,0.051739,0.087269,0.94826,0.012123,4.6408,20.063,52.072,7.0095,6.114,0
0.13456,0.23267,0.28735,2.275,27.73,0.023969,0.16156,3.1384,1.1345,0.73019,0.16156,0.71686,0.14249,0.16156,425.56,0.85769,4.298,0.16156,0.11536,50.167,1.5,0.16682,0.096081,0.063648,0.73019,0.74164,1.3513,0.5897,4.576,0.081171,0.11536,66.636,5.4775,0.717,0.16682,1.4157,43.931,0.73748,0.11911,0.53987,0.037348,0.11911,101.91,51.748,0.69906,1.4209,56.913,0.12883,0.091988,2.2037,0.22538,0.18256,1.4985,1.5135,10824,0.11853,0.18428,0.88147,0.009983,7.2757,7.0535,58.737,6.2141,2.8742,0
0.030645,0.25323,0.13335,1.5266,2.6789,0.15684,0.041263,2.8698,1.0391,0.72673,0.041263,0.16295,0.061985,0.041263,960.43,0.38004,3.9489,0.041263,0.026577,28.538,0.96458,0.053788,0.019738,0.20193,0.72673,0.33811,0.35999,0.21739,4.3039,0.14421,0.026577,61.861,5.9003,0.21241,0.053788,1.5607,,0.72673,0.034644,0.12077,0.076547,0.034644,83.692,55.155,0.25245,1.0472,29.654,-0.001187,-0.000764,1.5266,0.25323,0.16948,1.1847,1.1847,2685,0.037645,0.042168,0.96235,0,12.79,6.6178,59.532,6.1311,2.5311,0
0.043694,0.35875,0.043934,1.1505,-40.31,0.27168,0.050161,1.7272,1.0436,0.61962,0.050161,0.17183,0.12008,0.050161,1102.4,0.3311,2.7875,0.050161,0.05071,48.11,1.1821,0.047446,0.044172,0.31823,0.61962,0.31307,0.50056,0.066152,5.1361,0.3419,0.05071,112.41,3.247,0.13225,0.047446,1.0137,3.0745,0.68645,0.047965,0.11151,0.10162,0.047965,111.92,63.805,0.33512,0.70386,50.207,-0.021175,-0.021406,0.93618,0.29192,0.30798,0.93295,1.0336,6011.1,0.041774,0.070517,0.95823,0.10786,7.5868,5.7205,107.72,3.3886,1.4894,0
0.031658,0.082124,0.37206,6.2423,69.109,0.078826,0.027457,6.7162,1.0181,0.55156,0.027457,0.38686,0.11365,0.027457,309.16,1.1806,12.177,0.027457,0.032185,74.81,1.1578,0.023407,0.037109,0.073536,0.55156,1.2318,0.27935,0.66802,4.4485,-0.073774,0.032185,30.916,11.806,0.28503,0.023407,0.87806,24.052,0.56271,0.027438,2.7441,0.029061,0.027438,106.23,31.416,0.18106,3.7787,76.165,-0.046092,-0.054029,5.3947,0.070973,0.084702,0.99029,1.0103,10450,0.01779,0.057397,0.98221,0.020216,4.879,11.618,30.366,12.02,1.5317,0
0.082595,0.4281,0.57053,2.3327,53.559,0.22669,0.10532,1.3111,1.0153,0.56129,0.10532,0.24602,0.027076,0.10532,1483.6,0.24602,2.3359,0.10532,0.027076,0,1.0911,0.053132,0.021234,0.28436,0.56129,0.19293,0.13868,417.75,4.1163,0.091567,0.027076,40.786,8.9492,0.12411,0.053132,3.9559,,0.56129,0.013659,0.16929,0.2649,0.013659,86.907,86.907,,2.3327,0,0.053132,0.013659,2.3327,0.4281,0.11174,410.99,410.99,7456.9,0.015057,0.14715,0.98494,0,,4.1999,40.171,9.086,2848.2,0
-0.32302,0.15017,0.70371,5.6872,36.078,-1.3451,-0.31736,5.6592,1.601,0.84983,-0.30953,-2.1138,-0.17858,-0.31736,-191.71,-1.9039,6.6592,-0.31736,-0.19823,117.04,1.5318,-0.31872,-0.20177,-0.69188,-1.6637,-1.9416,-40.703,4.8148,3.8739,0.050237,-0.19343,28.551,12.784,12.781,-0.31838,1.601,,0.84983,-0.19887,0.47215,-0.017425,-0.19908,178.5,61.463,-0.62922,2.2678,97.626,-0.35017,-0.21873,5.6859,0.15013,0.078221,5.8146,5.8146,5263.3,-0.19887,-0.3801,1.1971,0,3.1186,5.9385,34.229,10.664,10.954,0
0.017127,0.48048,0.2518,1.5241,-60.474,0.041066,0.023218,1.0812,1.6363,0.51952,0.039401,0.048323,0.030337,0.023218,3533,0.10331,2.0812,0.023218,0.01419,111.9,1.1562,0.034365,0.010467,0.29062,0.50309,0.090632,2.1236,0.94056,3.4836,0.27972,0.01419,111.64,3.2695,3.2695,0.065294,1.6363,,0.51952,0.039905,0.067484,0.26349,0.021002,156.12,44.221,0.034142,0.48006,116.55,0.007944,0.004855,1.5241,0.48048,0.30586,1.9406,1.9406,766.69,0.039905,0.032967,0.98595,0,3.2619,8.254,107.18,3.4054,6.1119,0
0.028427,0.74015,0.36561,2.2696,44.849,0,0.028427,0.35108,1.57,0.25985,0.033613,0.09871,0.039214,0.028427,4387.9,0.083183,1.3511,0.028427,0.018106,38.808,1.2121,0.03356,0.018106,-0.20035,0.092104,0.083183,6.4708,1.0554,3.6209,0.45965,0.02023,67.149,5.4357,2.115,0.004661,1.57,1.0763,0.71202,0.002969,0.091227,0.36988,0.021375,145.84,107.03,0.17029,1.6899,38.924,0.000419,0.000267,0.88306,0.28798,0.18397,0.75014,2.0554,1527.4,0.002969,0.10939,0.98227,1.7401,9.4053,3.4102,66.949,5.4519,4.5323,0
0.059935,0.60389,0.28059,1.5223,49.262,0.14694,0.076143,0.6218,1.0631,0.3755,0.076143,0.14173,0.092383,0.076143,1940.9,0.18806,1.6559,0.076143,0.061939,36.15,1.7559,0.067957,0.048754,0.18824,0.3755,0.16122,0.58769,1.5401,5.3748,0.46744,0.061939,169.58,2.1524,0.11253,0.067957,1.2632,10.442,0.44216,0.05528,0.065112,0.1884,0.05528,232.43,196.28,0.49226,1.2957,38.432,0.030532,0.024837,1.3542,0.53723,0.46459,2.061,2.4269,66501,0.059361,0.15961,0.94064,0.17753,10.097,1.8596,159.51,2.2883,6.7475,0
0.049204,0.097482,0.44254,5.7164,97.996,0.2789,0.062667,9.0556,1.1052,0.88275,0.062667,0.66788,0.11318,0.062667,352.66,1.035,10.258,0.062667,0.070301,44.965,1.0356,0.085437,0.055198,0.34603,0.88275,0.89689,1.0593,0.95451,4.4941,-0.13688,0.070301,42.462,8.5959,0.87644,0.085437,0.90531,116.83,0.88641,0.095844,3.6563,0.025916,0.095844,79.147,34.182,0.44806,4.546,49.696,0.047211,0.052962,5.5022,0.093831,0.11633,1.904,1.9119,13806,0.095191,0.055739,0.90481,0.004136,8.1174,10.678,38.42,9.5003,1.9227,0
0.024859,0.39192,0.5577,2.5185,-0.32995,0,0.024859,1.5515,2.3911,0.60808,0.041802,0.067685,0.021996,0.024859,2719.9,0.1342,2.5515,0.024859,0.010396,82.149,0.89406,0.04058,0.010396,0.1923,0.46185,0.1342,2.395,7.4301,3.6726,0.15852,0.010763,55.482,6.6044,6.1889,-0.025037,2.4673,,0.60808,-0.010471,0.094329,0.19123,0.016972,135.91,53.76,0.046193,1.5596,80.981,0.012844,0.005372,2.3601,0.36727,0.15142,8.1011,8.1011,2624,-0.010489,0.040881,0.98307,0,4.4431,6.7894,56.064,6.5104,31.855,1
0.28661,0.045777,0.77305,17.887,-9.0377,0.87596,0.28661,20.827,1.3752,0.95342,0.28661,6.2611,0.35532,0.28661,50.617,7.211,21.845,0.28661,0.30851,27.373,1.1427,0.25128,0.30851,0.87596,0.95342,7.211,3.7197,4.267,4.2604,0.033354,0.30851,24.733,14.757,5.4892,0.25128,0.97125,,0.95342,0.27047,16.035,0.005106,0.27047,33.313,5.9399,4.1137,16.365,37.645,0.20779,0.22367,17.887,0.045777,0.067763,5.2626,5.2626,14079,0.27285,0.30062,0.72715,0,13.334,61.449,17.985,20.295,5.128,0
0.003005,0.51673,0.071971,1.1393,3.169,0.19397,0.003005,0.93524,3.1337,0.48327,0.017424,0.005816,0.033033,0.003005,1822,0.20033,1.9352,0.003005,0.000959,4.9911,1.524,0.017424,0.000959,-0.22747,0.19698,0.20033,1.2084,0.17499,3.1453,0.15784,0.00556,61.091,5.9747,5.9747,0.046406,3.1337,,0.48327,0.014808,0.048271,0.14605,0.00556,65.664,60.673,0.070134,1.0564,5.0661,-0.083088,-0.026514,1.1393,0.51673,0.16737,1.175,1.175,100.56,0.014808,0.006219,0.99904,0,73.13,6.0159,60.186,6.0645,7.6192,0
0.094349,0.32668,0.17256,1.6427,2.6466,0,0.094349,2.0611,1.6354,0.67332,0.10913,0.35142,0.099669,0.094349,731.53,0.49895,3.0611,0.094349,0.057691,32.086,1.1717,0.10527,0.057691,0.006021,0.21904,0.49895,7.122,0.30871,3.9447,0.19706,0.065687,63.209,5.7745,4.7457,0.08506,1.6354,99.894,0.67629,0.052012,0.083076,0.06261,0.064371,93.455,61.369,0.65627,1.1072,33.847,0.036623,0.022394,1.3501,0.26848,0.17317,1.2046,1.2099,1519.4,0.052012,0.14013,0.94348,0.00442,11.376,5.9476,59.921,6.0914,2.9258,0
0.028708,0.51227,-0.061343,0.78135,-86.461,0,0.029788,0.95209,0.82866,0.48773,0.12793,0.10618,0.10687,0.029788,2111.3,0.17288,1.9521,0.029788,0.035948,46.938,1.0824,0.069964,0.034644,0.033508,0.29768,0.17077,0.71292,-0.078565,5.9087,0.57997,0.053851,133.94,2.7251,1.4924,0.064141,0.82866,0.70389,0.64776,0.077404,0.11856,0.13264,0.084431,81.903,34.965,0.2694,0.40151,50.876,0.01119,0.013504,0.42791,0.28055,0.36696,0.62466,0.82962,-49711,0.077404,0.05886,0.9671,0.32811,7.7762,10.439,123.57,2.9537,1.0613,0
-0.25009,1.2035,-0.072893,0.79495,-131.06,-0.30877,-0.25009,-0.16912,0.79808,-0.20355,-0.24323,-0.70352,-0.26432,-0.25009,-2082.5,-0.17527,0.83088,-0.25009,-0.31337,68.018,0.69643,0,-0.31337,-0.79822,-0.43857,-0.17527,0,-0.10161,4.7003,1.5044,-0.64724,188.54,1.936,0.57181,0.009207,0.79808,0.16209,0.62235,0.011537,0.049497,1.0249,0,121.19,53.176,-1.6816,0.37658,78.878,-0.039144,-0.049048,0.2348,0.35548,0.51654,-0.28373,0.86749,-3656,0.13767,1.2287,0.87503,-4.0575,5.3662,6.8639,162.58,2.2451,1.1124,0
0.080836,0.39716,0.22751,1.7333,107.99,0.011168,0.082932,1.5179,0.7049,0.60284,0.10198,0.26729,0.1483,0.082932,1386.7,0.26322,2.5179,0.082932,0.11765,25.51,1.2562,0.08911,0.11468,0.26132,0.60008,0.25794,4.6779,0.49221,5.1611,0.24965,0.12361,184.23,1.9813,1.5478,0.090188,0.7049,6.9237,0.6734,0.12794,0.71396,0.11957,0.12641,163.76,138.25,1.6408,1.5745,29.252,0.067503,0.095762,1.3541,0.31026,0.50473,1.3042,1.4569,32973,0.12794,0.13409,0.88452,0.11704,14.308,2.6401,160.65,2.272,1.525,0
-0.001923,0.66514,0.14309,1.2257,0.33062,0.14874,0.000764,0.50344,3.3766,0.33486,0.032215,0.001205,0.009784,0.000764,7349,0.049667,1.5034,0.000764,0.000226,13.84,0.51602,0.021581,-0.00057,0.00312,0.17423,0.045627,0.68615,0.64156,2.9703,0.17464,0.008988,65.822,5.5453,5.2847,-0.1385,3.3766,20.759,0.36612,-0.041018,0.13774,0.41171,0.006391,74.551,60.711,-0.015021,1.0238,13.295,-0.010691,-0.003166,1.1681,0.63388,0.18033,1.5014,1.6416,133.62,-0.041018,-0.005743,0.99979,0.093352,26.373,6.0121,68.521,5.3268,15.139,0
0.055347,0.57117,0.33171,1.5977,41.667,0.13952,0.068912,0.69446,1.0314,0.39666,0.068912,0.12418,0.059408,0.068912,2173.8,0.16791,1.7508,0.068912,0.042688,34.017,1.7684,0.077455,0.034285,0.17328,0.39666,0.14416,0.49486,2.9269,4.6592,0.24272,0.042688,129.41,2.8204,0.13561,0.077455,1.6637,45.396,0.41287,0.04798,0.32899,0.17979,0.04798,159.2,125.18,0.36788,1.3266,35.084,0.050464,0.031261,1.5524,0.55495,0.35456,3.4999,3.643,15134,0.030419,0.13953,0.96958,0.040886,10.73,2.9158,125.48,2.9089,14.244,0
0.020952,0.42806,0.38377,2.8676,16.198,0.19225,0.02998,1.3256,1.0202,0.56745,0.02998,0.1459,0.038697,0.02998,1465.6,0.24904,2.3361,0.02998,0.010883,33.724,1.0346,0.047322,0.007606,0.23486,0.56745,0.22795,0.17525,0.93433,4.0142,0.15005,0.010883,27.776,13.141,0.11055,0.047322,2.7597,1.5039,0.79002,0.017178,0.12605,0.11354,0.017178,74.642,40.918,0.082319,1.629,34.404,-0.0293,-0.010636,1.3766,0.20549,0.076097,1.3815,1.9234,3964.9,0.019787,0.036924,0.98021,0.39223,10.823,8.9202,27.226,13.406,6.7069,0
0.029155,0.25632,0.58565,3.3308,-24.507,0,0.036207,2.9014,1.934,0.74368,0.036816,0.1441,0.025528,0.036207,1894.9,0.19262,3.9014,0.036207,0.018721,134.98,1.0496,0.035775,0.015075,0.10709,0.71966,0.16511,58.772,3.5912,3.3974,0.12117,0.019019,47.387,7.7025,7.5507,-0.001333,1.934,,0.74368,-0.000689,0.092627,0.17458,0.018498,153.56,18.578,0.040764,0.48441,134.88,0.02261,0.011691,3.2652,0.25127,0.12983,4.5602,4.5602,1462.4,-0.000689,0.039203,0.98167,0,2.7042,19.647,47.42,7.6972,11.859,0
-0.2672,0.90146,-0.33219,0.6315,-126.49,-0.2672,-0.2672,0.092489,0.84728,0.083375,-0.2672,-0.29641,-0.13042,-0.2672,-1498.6,-0.24356,1.1093,-0.2672,-0.15872,75.706,0.86868,-0.24231,-0.15872,-0.2672,0.083375,-0.24356,,-0.77122,3.7056,0.5325,-0.15872,165.6,2.2041,-0.26879,-0.24231,1.7569,,0.083375,-0.14394,0.005568,-0.15225,-0.14394,122.34,46.633,-0.76525,0.24416,64.145,-0.28995,-0.17224,0.6315,0.90146,0.45371,0.19356,0.19356,-1686.4,-0.18025,-3.2048,1.1802,0,4.8213,7.8271,195.45,1.8675,3.9083,1
0.095317,0.37206,0.40371,2.2626,21.134,-0.019148,0.11784,1.6877,1.534,0.62794,0.11995,0.36856,0.092657,0.11784,955.42,0.38203,2.6877,0.11784,0.076818,70.59,0.85565,0.095516,0.062135,0.3461,0.62269,0.32149,45.383,1.4598,3.9789,0.20955,0.078023,80.559,4.5309,3.8937,0.085354,1.534,9.9283,0.67092,0.05564,0.23151,0.10351,0.062265,154.52,83.931,0.32128,1.3348,74.749,0.071219,0.046426,1.9444,0.31974,0.22071,2.2706,2.426,3846,0.05564,0.15179,0.92492,0.068455,5.1707,4.3488,76.076,4.7978,5.547,0
0.23976,0.14326,0.47521,5.4868,190.1,0,0.23976,5.9805,1.2038,0.85674,0.23976,2.2637,0.23352,0.23976,186,1.9624,6.9805,0.23976,0.19916,30.783,1.567,0,0.19916,0.39018,0.82993,1.9624,,1.1345,4.1627,-0.16219,0.4443,52.021,7.0164,5.1873,0.001792,1.2038,,0.85674,0.001489,3.2257,0.11544,0,72.611,41.828,2.3615,4.5282,49.868,-0.041367,-0.034363,4.0565,0.10591,0.14252,2.0453,2.0453,6912.3,0.38271,0.27985,0.63263,0,11.857,8.7262,32.112,11.366,2.8739,0
0.24387,0.36584,0.4226,3.5555,42.393,0.33038,0.29796,1.666,1.1838,0.6095,0.29796,1.8018,0.1533,0.29796,397.89,0.91734,2.7334,0.29796,0.13611,34.682,1.2065,0.31881,0.1114,0.4058,0.6095,0.76949,1.724,1.0257,4.1511,0.13183,0.13611,32.641,11.182,0.87143,0.31881,2.1981,1.8953,0.80997,0.14563,0.47474,0.033743,0.14563,84.942,50.26,1.1724,2.2976,41.058,0.28117,0.12843,1.6072,0.16537,0.089427,1.4793,1.9658,5984.8,0.1553,0.40012,0.8447,0.32891,10.524,7.2622,27.572,13.238,5.3132,0
0.16122,0.32615,0.078967,1.31,-17.121,0,0.19158,2.0661,1.2338,0.67385,0.19721,0.75215,0.20146,0.19158,478.95,0.76208,3.0661,0.19158,0.15528,35.818,1.0885,0.19699,0.13067,0.37114,0.34823,0.66898,34.97,0.11851,5.7754,0.25506,0.15937,88.747,4.1128,3.2119,0.18621,1.2338,,0.67385,0.15093,0.064625,0.042808,0.15966,93.844,58.026,1.3316,0.83469,42.185,0.14001,0.11348,1.0231,0.25471,0.24314,1.0113,1.0113,47078,0.15093,0.23925,0.84724,0,10.19,6.2903,75.352,4.8439,1.8516,0
-0.70089,1.256,-0.64146,0.4893,-138.65,-0.25396,-0.70089,-0.20384,1.1125,-0.25603,-0.66823,-0.55802,-0.4315,-0.70089,-955.01,-0.38219,0.79616,-0.70089,-0.63,7.8836,0.59749,-0.66824,-0.63,-1.6211,-0.95484,-0.38219,-20.463,-1.6643,3.2312,1.1196,-0.60428,235.09,1.5526,1.5526,-0.83756,1.1125,,-0.25603,-0.75285,0.008705,-0.09358,-0.60065,198.04,190.16,-29.168,0.47017,4.4976,-0.88908,-0.79916,0.4893,1.256,0.64409,-0.66428,-0.66428,-1092.3,-0.75285,2.7375,1.4859,0,46.299,1.9194,412.08,0.88574,2.8865,0
0.079414,0.27233,0.34462,2.6818,29.502,0.12912,0.096916,2.3717,1.0536,0.6459,0.096916,0.47295,0.081135,0.096916,713.45,0.5116,3.672,0.096916,0.056439,44.799,1.124,0.10846,0.046247,0.16566,0.6459,0.44733,0.66543,0.76505,4.4743,0.1575,0.056439,45.89,7.9539,0.39826,0.10846,1.7406,5.0254,0.71331,0.06316,0.027486,0.059347,0.06316,115.61,70.812,0.37679,1.6532,47.199,0.066051,0.038465,2.0179,0.20492,0.12573,1.4339,1.5835,10271,0.05084,0.12295,0.94916,0.10437,8.1475,5.1545,43.557,8.3799,3.8121,0
0.14593,0.64309,0.16499,1.2799,-15.394,0,0.14593,0.555,1.4635,0.35691,0.15515,0.24754,0.13046,0.14593,1229.5,0.29687,1.555,0.14593,0.099719,53.901,0.99857,0.154,0.099719,0.51054,0.14593,0.29687,16.716,0.67212,4.1917,0.43386,0.10207,162.97,2.2396,2.0531,0.14313,1.4635,,0.35691,0.0978,0.019619,0.10773,0.10523,185.3,131.4,0.67527,0.91328,59.744,0.10902,0.074494,1.1733,0.58953,0.4465,1.454,1.454,2565.3,0.0978,0.40888,0.90122,0,6.7717,2.7778,147.04,2.4824,5.9617,0
0.089957,0.58845,0.32651,1.5549,52.758,0.2804,0.1175,0.67222,1.0439,0.39557,0.1175,0.19968,0.070699,0.1175,1536.5,0.23756,1.6994,0.1175,0.059426,0,1.1144,0.087327,0.045496,0.37854,0.39557,0.19075,0.46103,3.8394,5.1622,0.068588,0.059426,113.39,3.2189,0.1484,0.087327,2.0294,,0.39557,0.044166,0.85822,0.17649,0.044166,75.674,75.674,,1.5549,0,0.065036,0.032892,1.5549,0.58845,0.31066,4.6515,4.6515,47439,0.042023,0.22741,0.95798,0,,4.8233,108.63,3.3601,23.251,0
0.15512,0.61998,0.22418,1.6514,-9.6545,-0.42358,0.19226,0.61294,2.0858,0.38001,0.19856,0.55862,0.16707,0.19226,649.39,0.56207,1.6129,0.19226,0.092175,16.737,1.2792,0.19103,0.074371,-0.18815,0.27166,0.50217,30.318,0.51934,3.8412,0.26017,0.095196,88.957,4.1107,2.2819,0.67363,2.0858,,0.38001,0.32296,0.69601,0.059515,0.091585,57.538,40.801,1.6219,1.3735,24.675,0.034809,0.016689,0.9167,0.34416,0.24327,0.88036,0.88036,1.6514,0.32296,0.4082,0.67621,0,21.808,8.9458,60.227,6.0604,4.832,0
-0.061216,1.0499,0.54943,5.6311,16.905,-0.12449,-0.061216,-0.060337,1.0127,-0.063351,-0.061216,-0.51598,-0.03755,-0.061216,-8763.7,-0.041649,0.95243,-0.061216,-0.052565,155.27,1.962,0.021093,-0.052565,-0.11625,-0.063351,-0.041649,0.18342,1.6552,5.6148,0.90039,-0.052565,37.655,9.6932,0.02009,0.021093,1.1782,0.1854,0.86796,0.018112,0.018833,0.89474,0.018112,208.69,53.418,-0.12357,1.4554,157.24,0.003607,0.003097,0.63629,0.11864,0.10317,-0.19085,2.6149,226310,0.012517,0.9663,0.98748,-14.701,2.3508,6.8329,37.184,9.816,3.5084,0
0.098588,0.12841,0.38435,3.9931,68.583,0.19088,0.098588,6.7873,2.0443,0.87159,0.10647,0.76774,0.10565,0.098588,217,1.682,7.7873,0.098588,0.048225,5.7397,1.2923,0.10154,0.048225,0.33425,0.50524,1.682,12.89,0.78885,3.7899,-0.0125,0.048225,24.086,15.154,15.154,0.098385,2.0443,,0.87159,0.048125,1.229,0.01955,0.04967,63.373,57.633,3.0667,3.7427,6.0299,-0.015861,-0.007759,3.9931,0.12841,0.06599,1.7889,1.7889,2369.6,0.048125,0.11311,0.95201,0,63.592,6.3332,22.927,15.92,4.1958,0
0.039452,0.58475,0.17932,1.4734,-5.4418,0,0.052691,0.71013,1.6724,0.41525,0.074217,0.13911,0.051715,0.052691,2467.8,0.1479,1.7101,0.052691,0.031507,43.212,0.91584,0.072674,0.02359,0.18699,0.39251,0.12526,3.3761,0.4058,3.9446,0.27462,0.042884,86.061,4.2412,2.7472,0.065923,1.6724,4.7837,0.49053,0.039419,0.34475,0.18307,0.043456,93.306,50.095,0.19926,0.95072,44.985,0.038879,0.023248,0.95442,0.37878,0.23578,0.93969,1.11,1578.5,0.039419,0.095007,0.96884,0.18128,8.4468,7.2862,82.669,4.4152,3.7845,0
0.085379,0.62678,0.10109,1.2337,-6.9649,0.071049,0.10574,0.59545,1.659,0.37322,0.13578,0.24449,0.081274,0.10574,1696.8,0.21512,1.5955,0.10574,0.063738,28.41,1.0063,0.13266,0.051465,0.5018,0.29374,0.18263,4.4161,0.21675,5.355,0.35199,0.076001,103.39,3.5302,2.4359,0.13217,1.659,2.6028,0.52861,0.079671,0.10125,0.12916,0.079967,107.76,79.353,0.66121,0.93519,30.869,0.10357,0.062431,0.85131,0.43249,0.28327,0.80019,1.1334,22894,0.079671,0.22876,0.9365,0.41636,12.848,4.5997,95.155,3.8358,3.5569,0
0.11228,0.38825,0.28338,2.0713,17.453,0.25923,0.14297,1.4025,1.0753,0.54453,0.14297,0.5405,0.10708,0.14297,820.16,0.44504,2.5756,0.14297,0.0886,8.3588,1.4675,0.13777,0.06958,0.33364,0.54453,0.36598,0.91802,0.62682,4.0696,0.10624,0.0886,64.337,5.6733,0.35483,0.13777,1.6619,4.1293,0.66826,0.085374,1.4817,0.076169,0.085374,35.278,26.919,3.0383,1.9316,8.9881,0.10795,0.066897,1.4112,0.26452,0.17627,1.2044,1.4781,3326.6,0.07002,0.2062,0.92998,0.22724,43.667,13.559,59.832,6.1004,3.5693,0
0.18028,0.057872,0.81794,15.134,109.31,0,0.22326,16.279,1.7636,0.94213,0.24652,3.8579,0.1343,0.22326,89.183,4.0927,17.279,0.22326,0.12659,71.948,1.0804,0.18793,0.10222,0.48848,0.80115,3.35,8.0811,6.5865,3.8508,-0.19913,0.12781,13.52,26.998,26.998,0.20122,1.7636,,0.94213,0.11409,7.0684,0.009573,0.10656,96.598,24.65,0.51859,9.1265,81.214,0.17434,0.098852,15.134,0.057872,0.03704,7.5865,7.5865,5801.7,0.11409,0.19136,0.87764,0,5.0731,14.807,11.977,30.475,14.202,0
0.20649,0.54441,0.45559,1.8368,-31.028,-0.15838,0.20649,0.83684,5.0256,0.45559,0.20649,0.3793,0.80297,0.20649,49.242,7.4124,1.8368,0.20649,0.041089,8.501,0.7556,0,0.041089,0.048113,0.048122,7.4124,,,2.0889,0.093046,0.085655,,0,0,0.000049,5.0256,,0.45559,0.00001,0.15672,0.00474,0,66.431,57.93,1.7642,1.6218,,-3.8289,-0.76188,1.8368,0.54441,,,,55.905,1,0.45325,0,0,42.936,6.3007,39.54,9.2312,,0
-0.20377,0.47224,-0.013116,0.96832,-63.806,-0.20377,-0.1906,1.1096,0.90202,0.524,-0.1906,-0.46033,-0.10587,-0.1906,-1290.4,-0.28286,2.1176,-0.1906,-0.15106,63.866,1.0767,-0.17078,-0.1615,-0.1906,0.524,-0.31076,,-0.021894,3.9921,0.36464,-0.15106,108.04,3.3785,-0.36164,-0.17078,1.2775,3.0954,0.5822,-0.13535,0.03882,-0.13648,-0.13535,111.33,47.463,-0.92298,0.43509,57.608,-0.2278,-0.18054,0.84899,0.41404,0.29599,0.87469,0.97183,-128.79,-0.10863,-0.38888,1.1086,0.11106,5.7151,7.6902,119.77,3.0474,2.1062,1
-0.005854,0.3925,-0.096661,0.64048,-88.539,0.016821,-0.002231,1.5478,1.0321,0.6075,-0.002231,-0.008299,0.04141,-0.002231,5539.8,0.065887,2.5478,-0.002231,-0.003573,24.49,1.1385,0.021559,-0.009373,0.033172,0.6075,0.056658,0.35629,-0.11677,5.1726,0.6266,-0.003573,162.18,2.2506,0.054929,0.021559,0.62685,1.0539,0.73114,0.034522,0.016847,0.25989,0.034522,97.997,73.507,-0.1397,0.48463,25.276,-0.006532,-0.01046,0.43873,0.26886,0.44432,0.73388,0.88323,-14383,0.031068,-0.009635,0.96893,0.20352,14.904,4.9655,157.14,2.3228,0.75441,0
-0.13423,0.62129,0.23518,1.3789,-13.43,-0.51696,-0.13423,0.60957,2.6059,0.37871,-0.13423,-0.21628,-0.033363,-0.13423,-2608.3,-0.13994,1.6096,-0.13423,-0.051509,40.696,0.64566,0,-0.051509,-0.20125,-0.4788,-0.13994,,1.631,3.216,0.22325,-0.10302,103.36,3.5314,3.5276,0.022248,2.6059,,0.37871,0.008538,0.10337,0.43795,0,110.88,70.189,-0.46199,0.9108,48.387,-0.047287,-0.018146,1.3775,0.62062,0.28318,2.6264,2.6264,386.71,0.15896,-0.35443,0.84341,0,8.969,5.2002,86.929,4.1988,18.072,0
0.079976,0.64281,-0.001442,0.99671,-18.483,0.1903,0.097986,0.50928,1.045,0.32737,0.097986,0.22364,0.053136,0.097986,1733.4,0.21057,1.5557,0.097986,0.038465,16.386,1.3166,0.114,0.031395,0.23615,0.32737,0.18255,0.46766,-0.002559,5.7327,0.24438,0.038465,65.604,5.5637,0.17734,0.114,2.5581,1.5748,0.53205,0.04475,0.063208,0.13962,0.04475,58.602,42.216,0.69932,0.73569,17.124,0.076625,0.030079,0.67934,0.43813,0.17974,0.58116,0.94451,-779.05,0.043102,0.2443,0.9569,0.62523,22.275,8.646,62.777,5.8143,4.5222,0
-0.32347,0.56456,-0.35142,0.32282,-187.8,0,-0.32347,0.7713,0.38384,0.43544,-0.26967,-0.62331,-0.32353,-0.32347,-1659.4,-0.21996,1.7713,-0.32347,-0.84271,3.2667,,-0.26967,-0.84271,-0.32347,-0.405,-0.21996,-5.0129,-0.42214,2.4372,1.0885,-0.71618,218.32,1.7049,1.5672,-0.48376,0.6151,3.5978,0.48105,-1.2603,0.28803,-0.26736,-0.70256,17.167,13.901,-94.16,0.3162,1.4172,-0.46895,-1.2217,0.29674,0.51895,0.58653,0.52307,0.57786,-96.16,-1.2603,-0.74285,1.5259,0.10474,111.73,26.258,493.48,0.73965,0.46108,1
0.068841,0.096145,0.20681,4.0392,241.09,0,0.087437,9.4009,0.48568,0.90385,0.096942,1.2849,0.36818,0.087437,196.25,1.8599,10.401,0.087437,0.18003,0.53816,1.0589,0.088183,0.14174,0.21726,0.57474,1.6665,9.2773,0.2852,4.6746,-0.22714,0.18003,62.459,5.8438,4.136,0.088029,0.48568,12.959,0.92501,0.18125,3.0487,0.017848,0.18157,50.655,50.117,96.134,4.0287,0.65729,-0.003199,-0.006587,2.8588,0.068047,0.17112,1.2465,1.2756,9776.3,0.18125,0.076164,0.82322,0.023405,678.24,7.283,51.139,7.1375,0.66978,0
0.001045,0.56252,0.25148,2.0464,-13.149,0,0.004876,0.77771,2.8384,0.43748,0.073145,0.02029,0.015953,0.004876,4534.4,0.080495,1.7777,0.004876,0.001718,45.104,1.05,0.065134,0.000368,0.040752,0.43121,0.073684,0.95408,0.49486,3.458,0.19487,0.008467,31.803,11.477,4.9034,0.080111,2.8384,0.43784,0.75967,0.028224,0.03913,0.17767,0.022948,62.035,16.931,0.002979,0.58696,46.414,0.02473,0.008713,0.8743,0.24033,0.087132,0.86086,1.4949,722,0.028224,0.002389,0.99829,0.73646,8.0924,21.558,30.906,11.81,5.5853,0
0.16449,0.522,0.3553,1.8517,15.52,0.000789,0.16449,0.91572,5.2511,0.478,0.17055,0.39431,0.037181,0.16449,975.85,0.37403,1.9157,0.16449,0.031325,9.5618,0.93578,0.17055,0.031325,0.68881,0.44644,0.37403,28.154,1.5615,3.2412,0.084611,0.032479,29.966,12.181,9.7344,0.16984,5.2511,7.674,0.56074,0.032344,0.18624,0.086437,0.032479,48.292,38.731,1.1958,1.5219,9.8814,0.1398,0.026624,1.4798,0.41717,0.082098,2.1008,2.4644,619.12,0.032344,0.34413,0.96889,0.17308,38.173,9.4241,28.997,12.588,23.078,0
0.074825,0.7035,0.016108,1.0652,-89.109,0,0.095203,0.42146,0.86851,0.2965,0.12389,0.38524,0.19939,0.095203,1482.8,0.24616,1.4215,0.095203,0.10962,77.293,1.0386,0.12389,0.086152,0.23428,0.29382,0.21719,4.3192,0.021862,4.2711,0.79154,0.13571,117.15,3.1156,1.0945,0.098564,0.86851,0.19308,0.70728,0.11349,0.078947,0.11617,0.14264,102.43,25.133,0.40684,0.32095,87.188,0.045917,0.052869,0.37417,0.24712,0.32096,0.40243,0.95998,300.73,0.11349,0.25236,0.89399,1.3854,4.7223,14.523,103.86,3.5145,1.1788,0
0.17658,0.49397,0.16988,1.6329,-70.475,0,0.049097,0.98762,0.85943,0.48785,0.0728,0.18292,0.092036,0.049097,2279.4,0.16013,2.0244,0.049097,0.057127,44.956,1.098,0.064194,0.20546,0.13994,0.47832,0.41821,2.7083,0.30243,5.5154,0.37296,0.057127,157.74,2.3663,1.2858,0.067048,0.85943,1.4738,0.71341,0.078014,0.90887,0.1748,0.074694,82.535,37.579,1.6681,1.2385,60.833,0.034192,0.039785,0.88728,0.26841,0.42261,0.86851,1.2701,55665,0.27734,0.36195,0.76659,0.46235,8.119,9.7129,113.99,3.2019,1.53,0
-10.083,25.64,-24.662,0.038119,-211.84,-34.052,-10.083,-0.961,37.807,-24.64,-8.8393,-0.39326,-0.26402,-10.083,-937.53,-0.38932,0.039002,-10.083,-0.2667,0,0.92821,-8.8739,-0.2667,-18.377,-44.135,-0.38932,-7.1342,-1089.7,2.0528,0.67255,-0.23448,222.76,1.6386,1.6386,-4.205,37.807,,-24.64,-0.11122,0.008283,-0.097421,-0.23471,7.3854,7.3854,,0.038119,0,-8.975,-0.23739,0.038119,25.64,0.61029,-1088.7,-1088.7,-2785.2,-0.11122,0.40922,1.2638,0,,49.422,247.53,1.4746,1670.5,0
0.29975,0.99502,-0.036665,0.95377,-5.8487,-0.45243,0.29757,0.005006,7.0397,0.004981,0.29757,0.37522,0.047976,0.29757,1075.3,0.33943,1.005,0.29757,0.04227,3.8331,1.085,0.29407,0.042579,0.10902,-0.15265,0.34161,,-0.15051,2.5013,0.11884,0.04227,42.274,8.6341,6.8817,0.19338,7.1439,,0.004981,0.02747,0.19979,0.099233,0.041773,31.003,27.17,4.0546,0.29301,3.9407,0.25391,0.036068,0.76019,0.79306,0.11582,0.020448,0.020448,-11.63,0.027318,60.177,0.9585,0,95.224,13.434,41.119,8.8766,28.899,1
0.098938,0.20326,0.57756,3.9469,153.8,0.3094,0.10919,2.8511,1.078,0.57952,0.10919,0.5571,0.11064,0.10919,528.94,0.69006,4.9198,0.10919,0.086124,22.995,0.61129,0.095084,0.078041,0.38731,0.57952,0.63964,0.80854,2.5505,4.8834,-0.15795,0.086124,60.83,6.0003,0.4678,0.095084,1.2982,95.424,0.58679,0.075001,2.1024,0.052969,0.075001,104.08,81.082,1.2387,3.5394,24.789,0.064009,0.05049,3.8057,0.19599,0.16666,2.5591,2.5912,44156,0.072382,0.17072,0.92762,0.012544,15.873,4.5016,56.427,6.4685,5.5984,0
0.09552,0.35976,0.25928,2.0051,9.942,0.20481,0.12178,1.7428,1.1325,0.62697,0.12178,0.47206,0.15802,0.12178,647.24,0.56394,2.7797,0.12178,0.094847,64.883,1.2002,0.14137,0.074397,0.26023,0.62697,0.49096,1.247,0.53709,4.7494,0.26849,0.094847,83.056,4.3946,0.39296,0.14137,1.3252,2.8394,0.72876,0.11011,0.065954,0.053164,0.11011,142.21,77.326,0.41852,1.1204,73.482,0.060266,0.046939,1.4378,0.25797,0.22755,1.2988,1.5096,14559,0.11702,0.15235,0.88298,0.16235,5.6255,4.7203,73.336,4.9771,2.6596,0
0.000469,0.77694,0.25434,1.3654,0.33563,0,0.000469,0.28709,2.8591,0.22306,0.04782,0.000674,0.00427,0.000469,23229,0.015713,1.2871,0.000469,0.000164,23.183,0.43602,0.036182,0.000164,0.36006,0.2127,0.015713,0.76413,5.1332,3.6836,0.27115,0.007353,87.477,4.1725,3.7385,-0.045447,2.8591,,0.22306,-0.015895,0.10306,0.54043,0.012655,112.18,88.994,0.002585,1.1045,22.821,0.024443,0.008549,1.2233,0.69612,0.23966,4.5019,4.5019,1227.4,-0.015895,0.002104,0.99984,0,15.744,4.1014,88.867,4.1073,57.705,0
0.15837,0.55803,0.33208,1.9193,23.813,0.07502,0.19689,0.79201,2.054,0.44197,0.22935,0.54508,0.11561,0.19689,857.73,0.42554,1.792,0.19689,0.095858,36.623,1.1142,0.22932,0.077105,0.67229,0.42696,0.35652,7.0656,1.0827,3.8238,0.26635,0.10699,71.605,5.1006,3.3016,0.21274,2.0717,2.9389,0.60775,0.10358,0.049185,0.068918,0.11165,120.04,83.421,0.76847,1.3488,40.828,0.18874,0.091892,1.2424,0.36121,0.19606,1.441,1.9815,2213.5,0.10358,0.35833,0.90496,0.37509,9.9665,4.3754,64.189,5.6864,6.6967,0
0.011027,0.18309,0.81691,5.4618,-5.8437,0,0.013302,4.4617,1.1993,0.81691,0.025118,0.07265,0.015034,0.013302,3706.5,0.098474,5.4618,0.013302,0.011091,253.95,0.84629,0.000545,0.009195,0.04059,0.6946,0.08605,0.04616,,2.6115,0.14494,0.018481,55.817,6.5393,6.5393,0.001986,1.1993,,0.81691,0.001656,0.060893,1.1573,0.000455,300.96,47.011,0.013215,0.90453,254.37,-0.004183,-0.003488,5.4618,0.18309,0.15292,,,333.97,0.001658,0.013498,0.98913,0,1.4373,7.7641,55.724,6.5501,,0
0.004645,0.85775,0.1146,1.1336,-38.341,0,0.006779,0.16585,2.7477,0.14225,0.020827,0.007903,0.017943,0.006779,6350.4,0.057477,1.1658,0.006779,0.002467,53.289,1.6831,0.020825,0.00169,0.026938,0.004645,0.054989,1.4823,4.1448,3.0374,0.30193,0.00738,114.15,3.1977,3.1977,0.004881,2.7477,,0.14225,0.001777,0.034014,0.45135,0.007579,125.29,72.002,0.011578,0.66592,53.384,-0.021697,-0.007897,1.1336,0.85775,0.31273,5.1448,5.1448,124.92,0.001777,0.032651,0.99755,0,6.8494,5.0693,113.94,3.2034,99.373,0
0.085567,0.60117,0.33319,10.256,139.34,0.28248,0.10301,0.66341,1.1324,0.39883,0.10301,2.8616,0.13815,0.10301,1629.3,0.22403,1.6634,0.10301,0.10567,4.5072,0.83927,0.13337,0.087775,0.33298,0.39883,0.19502,1.5492,0.52819,4.192,0.61365,0.10567,15.262,23.916,0.22184,0.13337,0.99535,0.63193,0.964,0.13681,0.087603,0.11976,0.13681,137.05,132.54,7.1082,9.9218,5.1038,0.10169,0.10432,0.61411,0.035996,0.041813,0.63224,1.5282,5184.8,0.11689,0.21455,0.88311,1.4171,80.982,2.7538,13.478,27.082,1.5454,0
0.20413,0.29823,0.36336,2.3386,47.552,0,0.25387,2.3531,2.3484,0.70177,0.25708,0.93524,0.12828,0.25387,361.35,1.0101,3.3531,0.25387,0.1081,10.914,1.3987,0.23709,0.086926,0.70129,0.5569,0.84333,73.828,0.99499,3.237,0.1206,0.10899,46.929,7.7778,7.0793,0.23713,2.3683,50.535,0.71294,0.10098,0.13096,0.034947,0.10096,93.142,82.227,2.907,2.0799,12.14,0.18972,0.080788,2.1286,0.27145,0.12857,1.9216,1.9522,627.06,0.10098,0.29088,0.89281,0.01592,33.442,4.4389,42.19,8.6513,6.4305,0
0.019022,0.53343,0.36567,2.3084,31.597,0.067055,0.025627,0.8271,1.0255,0.4412,0.025627,0.0917,0.044711,0.025627,2764.9,0.13201,1.8747,0.025627,0.016271,44.56,1.175,0.050687,0.012077,0.090739,0.4412,0.11963,0.33002,1.0304,4.5021,0.32959,0.016271,66.414,5.4958,0.095021,0.050687,1.5933,1.7831,0.69517,0.032182,0.20336,0.18368,0.032182,136.34,91.775,0.098928,1.6204,45.695,0.005894,0.003742,1.2094,0.27947,0.18196,1.2433,1.9589,11619,0.024839,0.043114,0.97516,0.57563,8.1913,3.9771,64.765,5.6358,4.4383,0
0.000153,0.031475,0.91376,30.031,322.87,0.01783,0.001364,30.454,0.98654,0.95854,0.001364,0.043345,0.01075,0.001364,2022.5,0.18047,31.771,0.001364,0.002582,301.38,0.94487,-0.017175,0.00029,0.02562,0.95854,0.142,-0.32066,16.686,3.8896,-0.72244,0.002582,21.449,17.017,-0.54566,-0.017175,0.54711,,0.95854,-0.032503,13.159,-0.080474,-0.032503,366.83,65.457,0.000352,16.17,297.32,-0.021491,-0.040671,30.031,0.031475,0.058765,17.504,17.504,7086.2,-0.013639,0.00016,1.0136,0,1.2111,5.5762,21.742,16.788,9.6491,0
0.077177,0.75544,0.088193,1.2483,-43.37,-1.3208,0.076852,0.32374,1.3985,0.24456,0.093122,0.21634,0.10532,0.076852,1872,0.19498,1.3237,0.076852,0.054952,55.454,1.3659,0.080169,0.055185,0.073692,-0.5617,0.19541,4.9273,0.15846,4.8859,0.48658,0.064345,107.96,3.4568,1.6256,0.19746,1.3985,0.88296,0.50614,0.14119,0.24453,0.1672,0.057324,93.061,37.607,0.36322,0.65014,63.154,0.009728,0.006956,0.58699,0.35524,0.28928,0.43942,0.9094,1.2483,0.14119,0.31557,0.86019,1.0696,6.582,9.7057,92.715,3.9368,2.5128,0
0.076308,0.47768,0.097288,1.2465,-40.194,0,0.076308,1.0934,1.4068,0.52232,0.10368,0.19331,0.082581,0.076308,1500.8,0.2432,2.0934,0.076308,0.054244,56.619,0.95618,0.10125,0.054244,0.20868,0.014229,0.2432,3.6997,0.19152,4.4594,0.29453,0.073698,109.59,3.3306,2.7523,0.092027,1.4068,3.6901,0.59652,0.065417,0.21473,0.11283,0.071976,105.67,49.051,0.34969,0.69365,60.582,0.06139,0.043639,1.03,0.39474,0.30025,1.0282,1.1743,2802,0.065417,0.1461,0.94651,0.14207,6.4467,7.4412,102.42,3.5637,2.7694,0
0.29522,0.05591,0.38826,7.9444,56.902,0,0.31155,16.886,1.8593,0.94409,0.31319,5.5725,0.20034,0.31155,54.784,6.6625,17.886,0.31155,0.16756,30.004,1.2861,0.31319,0.15878,0.6357,0.90171,6.3703,191.38,0.69852,3.6739,-0.029237,0.16844,13.211,27.629,27.629,0.31464,1.8593,,0.94409,0.16922,1.9883,0.004981,0.16844,65.371,35.367,1.9315,5.2107,36.115,0.25225,0.13566,7.9444,0.05591,0.036194,1.6985,1.6985,1832.3,0.16922,0.3127,0.83244,0,12.165,10.32,10.975,33.256,3.3452,0
-0.13645,0.55519,0.18814,1.6074,-10.345,-0.10598,-0.13645,0.80117,2.667,0.44481,-0.11457,-0.44051,-0.035364,-0.13645,-2148.6,-0.16988,1.8012,-0.13645,-0.051161,34.362,0.8946,-0.11794,-0.051161,-0.16581,-0.24243,-0.16988,-5.3919,0.37469,3.707,0.19489,-0.043714,40.97,8.9091,4.9705,-0.092563,2.667,1.0056,0.69025,-0.034707,0.16323,-0.24411,-0.044222,61.22,26.858,-0.54345,0.7968,33.209,-0.16007,-0.06002,0.89678,0.30975,0.11225,0.88587,1.3747,958.15,-0.034707,-0.30676,1.0508,0.5518,10.622,13.59,42.391,8.6102,5.3116,0
0.046166,0.25774,0.46065,2.7873,93.622,0.48676,0.058476,2.7239,1.0352,0.70206,0.058476,0.22688,0.069256,0.058476,804.42,0.45374,3.8799,0.058476,0.034629,10.907,0.50631,0.055758,0.027339,0.60614,0.70206,0.40598,0.34183,1.6357,4.9281,-0.10943,0.034629,57.674,6.3287,0.21633,0.055758,1.6985,,0.70206,0.033019,1.7216,0.074181,0.033019,59.37,48.462,0.91486,2.5915,11.292,-0.002715,-0.001608,2.7873,0.25774,0.15801,2.493,2.493,39033,0.034039,0.065757,0.96596,0,33.463,7.5316,55.711,6.5517,5.9963,0
0.13963,0.25081,0.25848,2.2523,31.714,0,0.18239,2.9871,1.546,0.74919,0.18931,0.88363,0.14648,0.18239,404.25,0.9029,3.9871,0.18239,0.11798,32.361,1.4354,0.18922,0.090316,0.40733,0.74391,0.7324,27.34,0.48304,3.9757,0.14906,0.1213,55.673,6.6214,5.4493,0.19274,1.556,9.8074,0.78262,0.12467,0.12237,0.035838,0.12239,103.8,71.434,1.0187,1.5882,36.605,0.14515,0.093891,1.8536,0.20641,0.15102,1.4001,1.4625,2443.9,0.12467,0.18637,0.88279,0.044616,11.279,5.1096,48.732,7.4899,2.8891,0
0.12888,0.077473,0.37804,6.1334,4.9723,0,0.15944,11.908,1.0876,0.92253,0.16399,2.165,0.20963,0.15944,124.02,2.943,12.908,0.15944,0.14659,47.592,1.2713,0.1563,0.1185,0.4244,0.80032,2.5486,34.367,0.68946,4.569,0.07123,0.14659,28.813,12.668,12.042,0.15474,1.0876,,0.92253,0.14227,3.0456,0.011485,0.1437,76.313,28.72,0.90877,4.2077,55.486,0.087727,0.080658,5.8302,0.073643,0.07894,1.6825,1.6825,14013,0.14227,0.1397,0.85474,0,7.6693,12.709,24.714,14.769,1.9836,0
-0.0723,0.38133,0.059116,1.1601,-64.434,-0.009077,-0.07175,1.6158,0.97928,0.61614,-0.07175,-0.19426,-0.035514,-0.07175,-2979,-0.12252,2.6224,-0.07175,-0.054538,80.479,0.86871,-0.015794,-0.054956,0.021125,0.61614,-0.12396,-0.11757,0.10343,4.4898,0.25914,-0.054538,100.35,3.6372,-0.041418,-0.015794,1.34,11.554,0.62812,-0.012005,0.12298,1.3576,-0.012005,106.27,25.794,-0.24925,0.37469,78.812,-0.040822,-0.03103,1.1236,0.36935,0.27493,1.0781,1.099,1826.2,-0.021156,-0.11734,1.0212,0.019439,4.5353,14.151,102.47,3.5619,2.3019,0
0.15323,0.19902,0.47259,3.3975,13.775,0.51995,0.18959,4.0246,2.0479,0.80098,0.19534,0.96178,0.10462,0.18959,339.07,1.0765,5.0246,0.18959,0.092578,71.36,1.5648,0.1854,0.074825,0.25617,0.69755,0.8938,32.222,1.4309,3.9355,0.093402,0.094254,38.539,9.471,9.3807,0.18093,2.0479,,0.80098,0.088351,0.048042,0.031583,0.090531,117.68,46.318,0.38272,1.3664,78.275,0.16074,0.078493,3.3651,0.19712,0.10559,2.4251,2.4251,4074,0.088351,0.19131,0.909,0,5.1149,7.8803,35.134,10.389,6.2003,0
0.082957,0.27258,0.70614,3.5906,54.264,0,0.10328,2.6687,4.6844,0.72742,0.10328,0.37889,0.0233,0.10328,911.52,0.40043,3.6687,0.10328,0.022047,0,0.93893,0.10235,0.017709,0.25405,0.71958,0.32588,,33.171,3.8046,0.05113,0.022047,21.625,16.879,16.879,0.083577,4.6844,,0.72742,0.017842,0.17094,0.083955,0.02185,72.629,72.629,,3.5906,0,0.096484,0.020597,3.5906,0.27258,0.059245,34.171,34.171,4502.5,0.017842,0.11404,0.97805,0,,5.0255,21.239,17.186,220.05,0
-0.34749,0.69532,0.17338,1.2508,-80.248,-0.45245,-0.34749,0.43819,1.9991,0.30468,-0.32627,-0.50274,-0.15732,-0.34749,-806.97,-0.45231,1.4382,-0.34749,-0.17383,125.32,0.98268,-0.33334,-0.17383,-1.3051,-0.28609,-0.45231,-15.705,1.2803,3.2575,0.32684,-0.17383,108.08,3.3771,3.3571,-0.33518,1.9991,,0.30468,-0.16766,0.060673,-0.077169,-0.16675,150.2,24.882,-0.50628,0.25784,107.32,-0.36634,-0.18325,1.2434,0.6912,0.29611,2.2499,2.2499,313.68,-0.16766,-1.1405,1.1729,0,2.9126,14.669,126.2,2.8922,14.762,0
-0.063239,0.82521,-0.58194,0.2948,-407.3,-0.21064,-0.049525,0.13605,0.93493,0.11227,-0.049525,-0.060015,0.020562,-0.049525,22238,0.016413,1.2118,-0.049525,-0.075185,75.192,0.99594,-0.008146,-0.096004,-0.20527,0.11227,-0.000205,-0.11562,-0.76902,5.027,1.2362,-0.075185,427.5,0.85379,-0.009871,-0.008146,0.70391,,0.11227,-0.012367,0.023067,0.49396,-0.012367,124.25,49.062,-0.46603,0.13036,70.299,-0.071216,-0.10811,0.2948,0.82521,1.1712,0.14837,0.14837,-61932,-0.069596,-0.56326,1.0696,0,4.8543,7.4396,457.26,0.79824,0.87048,0
0.006096,0.019958,0.052872,3.6492,60.411,0.1597,0.007844,49.103,0.95636,0.97999,0.007844,0.39301,0.17582,0.007844,928.73,0.39301,50.105,0.007844,0.17582,0,0.92238,-0.002231,0.13666,0.19717,0.97999,0.30546,-0.47824,0.057025,5.3962,0.3555,0.17582,156.17,2.3372,-0.11177,-0.002231,0.05563,,0.97999,-0.050006,2.4624,-0.29413,-0.050006,193.8,193.8,,3.6492,0,-0.002231,-0.050006,3.6492,0.019958,0.42786,1.057,1.057,13165,-0.045628,0.006221,1.0456,0,,1.8834,163.29,2.2352,0.048115,0
0.042762,0.65705,0.20266,1.5941,14.007,0,0.042762,0.52195,1.0564,0.34295,0.048881,0.12535,0.062294,0.042762,3644.4,0.10015,1.522,0.042762,0.04048,28.395,1.7986,0,0.04048,0.29798,0.29992,0.10015,0,0.44423,4.3662,0.62118,0.087832,138.31,2.6389,1.3701,0.012038,1.0564,2.8162,0.50686,0.011396,0.25563,0.95046,0,157.76,129.37,0.52034,1.3532,33.321,-0.023043,-0.021814,0.82763,0.34114,0.37894,0.75175,1.111,4709.8,0.14781,0.12469,0.86679,0.47795,12.854,2.8214,117.87,3.0966,2.3156,0
0.070817,0.59524,-0.011643,0.98044,-31.389,0.33395,0.087587,0.68,1.7343,0.40476,0.14678,0.14715,0.094502,0.087587,1325.6,0.27534,1.68,0.087587,0.050503,23.744,1.0256,0.144,0.040833,0.46418,0.40476,0.24717,2.4325,-0.027961,3.492,0.24015,0.084214,136.68,2.6704,2.6704,0.14475,1.7343,,0.40476,0.083466,0.31285,0.090064,0.083029,83.632,59.888,0.6277,0.7909,25.907,0.06769,0.03903,0.98044,0.59524,0.37447,0.97204,0.97204,-36.149,0.083466,0.17496,0.9496,0,15.372,6.0947,125.27,2.9136,4.1649,0
-0.011646,0.20389,0.1915,1.9392,12.493,-0.017365,-0.013858,3.5037,0.98863,0.71438,-0.013858,-0.067969,0.022796,-0.013858,1274.7,0.28634,4.9045,-0.013858,-0.005411,14.544,1.0178,-0.01179,-0.004547,-0.01981,0.71438,0.29719,-0.045512,0.31673,4.2166,0.050859,-0.005411,28.728,12.705,-0.057825,-0.01179,2.584,,0.71438,-0.004604,0.37122,0.11089,-0.004604,45.563,31.019,-0.11411,1.4387,14.379,-0.084031,-0.032811,1.9392,0.20389,0.078707,1.1816,1.1816,3153.5,-0.011502,-0.016302,1.0115,0,25.096,11.767,29.058,12.561,4.2359,0
0.06543,0.4374,0.46913,2.0725,-6.9175,0.49692,0.06543,1.2862,1.9193,0.5626,0.093131,0.14959,0.042994,0.06543,1934.7,0.18866,2.2862,0.06543,0.034091,94.381,1.1223,0.089061,0.034091,0.1312,0.56235,0.18866,3.2151,5.0188,3.5945,0.22132,0.04501,87.864,4.1541,4.1541,0.10229,1.9193,,0.5626,0.053294,0.045809,0.13735,0.046403,168.59,74.205,0.13184,0.93789,99.694,0.071973,0.037499,2.0725,0.4374,0.24072,6.0188,6.0188,1844.1,0.053294,0.1163,0.96634,0,3.8673,4.9188,83.181,4.388,20.533,0
0.10449,0.32199,0.61889,2.9712,-9.9423,0,0.12922,2.1057,3.3603,0.67801,0.15335,0.41159,0.042255,0.12922,827.71,0.44098,3.1057,0.12922,0.038456,76.792,1.0202,0.13916,0.031097,0.44296,0.62475,0.36417,5.7672,9.2159,2.9726,0.075746,0.042302,35.576,10.26,10.004,0.13916,3.3603,,0.67801,0.041412,0.21657,0.070648,0.041412,93.942,17.15,0.14781,0.71947,80.109,0.12639,0.037613,2.8971,0.31396,0.097469,10.096,10.096,581.01,0.041412,0.15412,0.96171,0,4.7531,21.282,34.103,10.703,50.038,0
0.10292,0.19025,0.52759,3.9187,32.191,-0.014509,0.13101,4.2561,1.5748,0.80975,0.13319,0.72479,0.10967,0.13101,402.08,0.90779,5.2561,0.13101,0.083193,92.8,1.1869,0.12349,0.065355,0.36744,0.56796,0.76014,56.82,1.809,4.4878,0.019618,0.083778,46.424,7.8623,7.47,0.15362,1.5748,,0.80975,0.097548,0.90287,0.038392,0.078416,126.35,33.55,0.25705,1.7037,102.83,0.081794,0.051939,3.7232,0.18076,0.12719,2.7765,2.7765,16223,0.097548,0.12711,0.91779,0,3.9332,10.879,41.896,8.7121,5.3998,0
-0.018944,0.84389,-0.052706,0.91688,-300.34,-0.080771,-0.012128,0.18499,0.986,0.15611,-0.012128,-0.019127,0.009896,-0.012128,61795,0.005907,1.185,-0.012128,-0.024079,111.01,1.9295,-0.003135,-0.037612,-0.085409,0.15611,-0.00217,-0.061378,-0.1259,5.699,1.6149,-0.024079,453.06,0.80564,-0.003715,-0.003135,0.5714,2.0407,0.36593,-0.006225,0.37296,1.985,-0.006225,249.93,138.92,-0.12367,0.67528,109.46,-0.020248,-0.0402,0.68891,0.63407,1.2413,0.37291,0.8741,-26354,-0.014197,-0.12135,1.0142,1.344,3.288,2.6275,459.49,0.79436,1.2031,0
-0.006979,0.74287,0.035216,1.0509,-37.07,0.032014,-0.006378,0.20687,0.99771,0.15368,-0.006378,-0.009221,0.011488,-0.006378,9487.1,0.038473,1.3461,-0.006378,-0.002564,34.759,1.5052,0.020624,-0.002805,0.053213,0.15368,0.037665,0.082705,0.12898,4.8727,0.29381,-0.002564,101.25,3.6049,0.027762,0.020624,2.5395,9.5847,0.2048,0.00829,0.091598,0.4394,0.00829,97.354,62.596,-0.029456,0.70841,34.679,-0.014335,-0.005762,0.97858,0.69174,0.2774,0.56284,0.75008,2627.2,-0.002297,-0.045412,1.0023,0.33269,10.501,5.8311,101.48,3.5966,9.1119,0
0.055535,0.64777,0.29997,1.4924,12.575,0,0.055535,0.54375,5.0326,0.35223,0.066323,0.09115,0.011035,0.055535,4257.5,0.085732,1.5438,0.055535,0.011035,9.6023,1.2691,0,0.011035,0.29099,0.33454,0.085732,0,3.3052,3.4514,0.088632,0.026131,47.169,7.7381,7.2781,0.00322,5.0326,,0.35223,0.00064,0.33584,,0,51.104,41.502,0.41946,1.275,10.25,0,0,1.4036,0.60927,0.12923,3.8809,3.8809,848.14,0.063206,0.15767,0.93894,0,38.012,8.7948,44.188,8.2602,55.45,0
-0.025535,0.82524,-0.17363,0.70923,-103.41,-0.099653,-0.025535,0.21177,1.3188,0.17476,0.045589,-0.042761,0.035668,-0.025535,6403.4,0.057001,1.2118,-0.025535,-0.019362,40.51,0.9412,0.044382,-0.019362,-0.12822,0.16899,0.057001,0.62402,-0.30119,4.4427,0.60916,0.027874,174.64,2.0901,1.5124,0.070748,1.3188,1.2179,0.40232,0.053645,0.066193,0.2352,0.033653,106.27,65.763,-0.17445,0.46411,42.806,-0.028192,-0.021377,0.51319,0.59714,0.47846,0.30315,0.69787,-4811.6,0.053645,-0.14611,1.0053,1.3021,9.0102,5.5502,165.27,2.2085,2.2876,0
-0.070156,0.57652,0.17626,1.7507,1.9971,0,-0.084654,0.73456,0.91032,0.42348,-0.049126,-0.36056,-0.007013,-0.084654,-32962,-0.011073,1.7346,-0.084654,-0.092993,66.64,1.0498,-0.049739,-0.077067,-0.052819,0.051064,0.014074,-1.4,0.29928,4.73,0.58516,-0.086389,90.809,4.0194,1.6369,-0.033378,0.91032,0.81235,0.72489,-0.036666,0.2091,0.67356,-0.054639,145.13,78.487,-0.42211,1.0428,64.283,-0.12801,-0.14062,0.71298,0.23479,0.24879,0.71904,1.2308,9465.7,-0.036666,-0.16566,1.0924,0.71172,5.4772,4.6504,94.139,3.8773,1.5457,0
0.008483,0.84062,-0.30884,0.6078,-220.16,0.041537,0.009574,0.15171,0.99765,0.12753,0.009574,0.012158,0.086,0.009574,3152.8,0.11577,1.1896,0.009574,0.00846,103.3,0.82058,0.011418,0.007497,0.044851,0.12753,0.11447,0.10066,-0.59235,4.3398,0.7267,0.00846,253.39,1.4404,0.013583,0.011418,1.155,2.9792,0.18069,0.01009,0.037087,0.2787,0.01009,144.96,41.661,0.02649,0.20111,103.05,-0.076327,-0.067449,0.56936,0.78746,0.69423,0.2446,0.34655,-6753.7,-0.002357,0.066521,1.0024,0.41683,3.5336,8.7613,253.99,1.4371,2.1704,0
-0.047782,0.70623,-0.49354,0.30116,-515.02,-0.53291,-0.047782,0.41597,0.45843,0.29377,-0.024593,-0.067658,-0.09636,-0.047782,-5835.4,-0.062549,1.416,-0.047782,-0.10423,153.49,0.88652,-0.024594,-0.10423,-0.39059,-0.58069,-0.062549,-1.0606,-0.62687,2.9313,1.5053,-0.10423,531.38,0.68689,0.68689,-0.026673,0.45843,,0.29377,-0.058184,0.026445,-1.1217,-0.053648,154.47,0.98398,-0.24787,0.028194,145.05,-0.028202,-0.061518,0.30116,0.70623,1.4558,0.37313,0.37313,-421.32,-0.058184,-0.16265,1.0981,0,2.3781,370.94,562.3,0.64912,0.58227,0
-0.034107,0.97565,-0.031277,0.96206,-15.405,0,-0.034107,0.024962,1.6368,0.024354,-0.01375,-0.041369,0.002635,-0.034107,82563,0.004421,1.025,-0.034107,-0.020838,8.3032,0.92894,-0.014429,-0.020838,0.16386,-0.034107,0.004421,-0.70881,-0.15122,3.2249,0.58987,-0.008401,181.55,2.0194,1.7065,-0.020708,1.6512,4.9996,0.17556,-0.012652,0.013635,1.3556,-0.008815,174.37,166.07,-0.916,0.9169,8.1629,-0.052849,-0.032288,0.81297,0.82445,0.49519,0.11775,0.84878,-52.5,-0.012652,-1.4004,1.0207,6.2084,43.959,2.1979,183.85,1.9853,7.9136,1
0.15213,0.52865,0.32238,1.8806,10.881,0.1868,0.15213,0.89162,1.3359,0.47135,0.21456,0.41555,0.28183,0.15213,512.5,0.71219,1.8916,0.15213,0.11388,85.539,1.3594,0,0.11388,0.17771,0.35962,0.71219,0,1.0348,3.9805,0.27724,0.22776,265.46,1.375,0.95218,0.027893,1.3359,2.3094,0.63391,0.02088,0.43475,0.078538,0,144.62,59.083,0.48593,1.0254,227.01,-0.22437,-0.16796,1.3023,0.36609,0.72728,1.513,2.0348,3082.1,0.62319,0.32275,0.45457,0.34487,4.267,6.1777,100.03,3.649,4.2881,0
0.012352,0.090818,-0.01804,0.63297,-929.05,0.035736,0.016233,9.8581,2.0262,0.89529,0.016233,0.33026,0.61091,0.016233,739.33,0.49369,11.011,0.016233,0.22118,0,1.089,0.036305,0.1683,0.045049,0.89529,0.45096,10.023,-0.018619,5.9825,0.93822,0.22118,495.29,0.73694,0.39976,0.036305,0.073895,0.7467,0.93696,0.49468,0.47978,0.046,0.49468,37.448,37.448,,0.63297,0,0.007703,0.10495,0.34258,0.049152,1.357,0.92404,0.96705,-17326,0.50646,0.013797,0.49354,0.046539,,9.747,244.45,1.4932,0.075749,0
0.018202,0.67239,0.10147,1.1542,-62.814,0,0.02513,0.48723,2.4548,0.32761,0.091227,0.038197,0.029049,0.02513,3441.7,0.10605,1.4872,0.02513,0.010237,74.946,1.0857,0.091219,0.007415,0.082002,0.27512,0.09575,1.3801,0.42167,3.2799,0.2488,0.028956,101.62,3.5918,3.5144,0.091791,2.4548,,0.32761,0.037392,0.096221,0.16312,0.037159,103.5,28.55,0.036111,0.38808,77.857,0.04504,0.018348,1.1294,0.6579,0.27842,1.3615,1.3615,193.32,0.037392,0.05556,0.98979,0,4.8702,12.784,97.822,3.7313,10.202,0
-0.006175,0.54483,-0.10846,0.78474,-90.523,0.070364,-0.011256,0.83429,0.98235,0.45455,-0.011256,-0.02234,0.017768,-0.011256,7921.4,0.046078,1.8354,-0.011256,-0.007967,62.075,0.80204,-0.000315,-0.00437,0.09898,0.45455,0.055404,-0.002192,-0.17939,3.6944,0.38068,-0.007967,127.87,2.8545,-0.000579,-0.000315,1.4613,3.7846,0.49553,-0.000223,0.021321,0.49694,-0.000223,99.369,37.294,-0.025697,0.30784,60.98,-0.036676,-0.025958,0.72571,0.50385,0.35032,0.7518,0.81959,-536.62,-0.017964,-0.013584,1.018,0.090162,5.88,9.7871,130.16,2.8042,2.3368,0
0.23111,0.76888,0.1614,1.2102,-187.81,0,0.23111,0.30059,0.91985,0.23112,0.23111,0.30099,0.26036,0.23111,1171.8,0.31148,1.3006,0.23111,0.25125,202.7,1.0347,0.2269,0.25125,0.66614,0.23111,0.31148,38686,2.2803,4.5059,0.5574,0.25125,405.48,0.90018,0.89893,0.22868,0.91985,,0.23112,0.24861,0.34245,0.10893,0.24667,264.38,61.686,0.45242,0.54491,269.76,0.21852,0.23756,1.2085,0.76782,1.1109,3.2653,3.2653,5173.4,0.24861,0.99996,0.75318,0,1.8007,5.917,304.67,1.198,12.996,0
0.054559,0.50253,0.15917,1.3501,-1.4965,0.099036,0.066574,0.97292,1.0302,0.48892,0.066574,0.14643,0.03617,0.066574,1631.5,0.22372,1.9899,0.066574,0.021419,20.083,1.614,0.086703,0.017553,0.12349,0.48892,0.19981,0.28738,0.41215,4.7942,0.16102,0.021419,55.002,6.6361,0.17253,0.086703,3.1706,9.2455,0.53682,0.027895,0.005586,0.12464,0.027895,71.781,51.699,0.31902,0.97393,20.69,0.040853,0.013143,1.2214,0.45464,0.15069,1.266,1.39,9910.2,0.029341,0.11159,0.97066,0.097955,18.175,7.0601,53.389,6.8367,8.0484,0
-0.090798,0.092088,0.56339,7.1179,311.55,0.51262,-0.090798,6.7823,0.70525,0.62457,-0.090798,-0.98599,-0.17079,-0.090798,-602.4,-0.60591,10.859,-0.090798,-0.27793,211.55,0.86932,-0.10553,-0.27793,0.64131,0.62457,-0.60591,-2.2782,1.6353,4.3095,-0.89236,-0.27793,72.559,5.0304,-1.146,-0.10553,0.39635,,0.62457,-0.32304,4.2032,-0.042923,-0.32304,299.88,88.336,-0.47953,5.0617,149.19,-0.14054,-0.43017,7.1179,0.092088,0.19879,1.8128,1.8128,11489,-0.41794,-0.14538,1.4179,0,1.7254,4.1319,102.88,3.5477,0.94825,0
-0.063868,0.52409,0.16306,1.5832,43.134,-0.014727,-0.079793,0.90806,0.53604,0.47591,-0.045969,-0.28536,-0.14886,-0.079793,-2397.4,-0.15225,1.9081,-0.079793,-0.14886,69.508,0.94042,-0.057622,-0.11915,0.49971,0.18613,-0.12186,-1.7036,0.29259,5.1934,0.97771,-0.14886,413.27,0.97668,0.52109,-0.045245,0.53604,1.3932,0.72038,-0.084407,0.10108,-0.30318,-0.1075,282.19,212.68,-0.62567,-0.14886,136.43,-0.057622,-0.1075,0.84467,0.27962,1.0239,0.85393,1.2926,25455,0.53928,-0.1342,0.57258,0.5137,5.2512,1.7162,190.4,1.917,0.96183,1
0.05744,0.77564,-0.039238,0.94941,-83.347,0.10802,0.060704,0.2557,1.0558,0.19833,0.060704,0.078262,0.03769,0.060704,3274.9,0.11145,1.2893,0.060704,0.026466,72.728,1.1563,0.098317,0.025043,0.12994,0.19833,0.10725,0.45257,-0.14886,4.6109,0.32778,0.026466,130.32,2.8008,0.12676,0.098317,2.2995,,0.19833,0.042865,0.031671,0.20555,0.042865,113.28,40.55,0.12568,0.36019,76.788,0.072573,0.031641,0.94941,0.77564,0.35704,0.75241,0.75241,-1601.6,0.052867,0.28962,0.94713,0,5.0187,9.0012,123.43,2.9571,8.7015,0
0.089573,0.38428,0.23273,1.6206,20.892,0,0.089573,1.6023,2.8354,0.61572,0.090773,0.23887,0.031791,0.089573,1556,0.23457,2.6023,0.089573,0.03159,11.704,0.86318,0,0.03159,0.46911,0.58553,0.23457,0,0.59328,3.2235,0.11118,0.07229,57.128,6.3891,6.2346,0.000233,2.8354,57.637,0.62469,0.000082,0.19156,22.557,0,68.984,57.28,0.98517,1.3782,13.851,-0.000568,-0.0002,1.5815,0.37499,0.15652,1.5696,1.5925,389.34,0.15504,0.14548,0.8454,0.014563,31.186,6.3722,48.271,7.5614,7.2281,0
0.042817,0.60765,0.41913,5.2878,31.354,0.10443,0.043283,0.54267,1.0377,0.32975,0.043283,0.4428,0.042456,0.043283,2893.1,0.12616,1.6457,0.043283,0.023971,50.825,1.4232,0.066317,0.023712,0.12232,0.32975,0.12539,0.38113,0.86755,5.0531,0.32273,0.023971,20.505,17.8,0.10914,0.066317,1.8238,0.5206,0.83965,0.036727,0.44971,0.20038,0.036727,95.597,44.772,0.17029,2.7156,52.743,0.032938,0.018242,0.85063,0.09775,0.056178,0.68255,1.738,47369,0.03637,0.12984,0.96363,1.5463,7.1816,8.1524,19.759,18.472,3.7375,0
0.24106,0.32481,0.23182,1.7137,-2.1363,-0.002729,0.29766,2.0788,2.1175,0.67519,0.31596,0.91643,0.16184,0.29766,345.95,1.0551,3.0788,0.29766,0.14058,32.012,1.562,0.31503,0.11384,0.80617,0.66383,0.8808,17.213,0.52285,3.6435,0.12417,0.14113,65.234,5.6089,5.6089,0.30008,2.1378,,0.67519,0.14172,0.36491,0.030069,0.14878,75.518,43.506,1.298,1.142,37.207,0.27,0.12751,1.7137,0.32481,0.17829,1.5229,1.5229,1020.1,0.14172,0.35702,0.86076,0,11.402,8.3896,55.989,6.5191,4.7758,0
-0.17872,0.51112,0.39819,1.779,-23.619,-0.05792,-0.17872,0.95647,2.9127,0.48888,-0.17872,-0.34966,-0.03645,-0.17872,-1757.2,-0.20771,1.9565,-0.17872,-0.061358,74.718,,-0.17872,-0.061358,-0.17872,-0.23664,-0.20771,,4.3907,1.9175,0.10242,-0.061358,60.348,6.0483,6.0483,-0.17872,2.9127,,0.48888,-0.061358,0.41637,-0.16048,-0.061358,87.28,12.562,-0.29974,0.61249,70.399,-0.25127,-0.086267,1.779,0.51112,0.16534,5.3907,5.3907,32.93,-0.061358,-0.36557,1.0614,0,4.885,29.057,64.051,5.6986,32.117,1
0.017053,0.64031,0.14389,1.2914,-7.4481,0.049786,0.026305,0.55036,1.0218,0.3524,0.026305,0.053266,0.021871,0.026305,3753.4,0.097246,1.5617,0.026305,0.00924,22.391,1.4038,0.059812,0.00599,0.075016,0.3524,0.082797,0.21466,0.39718,4.5638,0.22175,0.00924,64.692,5.6421,0.093411,0.059812,2.8569,3.1617,0.49886,0.021009,0.071108,0.2198,0.021009,77.258,54.867,0.097638,0.9377,22.879,0.023849,0.008377,0.99597,0.49384,0.17724,0.97275,1.3771,5270.6,0.021315,0.04839,0.97868,0.41563,16.301,6.6525,63.313,5.765,7.8589,0
0.21037,0.18437,0.77578,5.3152,236.73,0,0.21037,4.424,1.3427,0.81563,0.21344,1.1702,0.19131,0.21037,261.97,1.3933,5.424,0.21037,0.15668,6.7492,0.84678,0.21195,0.15668,0.87474,0.21037,1.3933,69.119,17.456,3.5164,0.12481,0.15695,57.124,6.3896,6.2306,0.19399,1.3427,,0.81563,0.14448,0.23887,0.023778,0.15785,248.08,241.33,8.4731,5.1771,7.889,0.16545,0.12322,5.1829,0.17978,0.1565,18.353,18.353,2547.6,0.14448,0.25792,0.85081,0,54.08,1.5124,48.871,7.4686,30.212,0
0.016873,0.65507,-0.10049,0.70857,-112.66,0.1345,0.021618,0.50639,1.0525,0.33172,0.021618,0.062693,0.10146,0.021618,2991.2,0.12202,1.5265,0.021618,0.027439,52.916,1.3003,0.039683,0.021416,0.1667,0.33172,0.11478,0.53015,-0.13299,4.5157,0.78107,0.027439,168.14,2.1708,0.060578,0.039683,0.79305,0.41937,0.64197,0.050369,0.11884,0.21976,0.050369,94.21,41.293,0.14772,0.37733,55.696,-0.018633,-0.02365,0.37298,0.34482,0.46067,0.43898,0.84954,-3294.9,0.049911,0.050865,0.95009,0.93527,6.8977,8.8392,159.75,2.2848,1.0426,0
0.020545,0.26483,0.35636,2.3989,35.787,0,0.028207,2.776,1.7445,0.73517,0.032283,0.11073,0.033962,0.028207,1631.5,0.22372,3.776,0.028207,0.016169,39.293,1.2748,0.028081,0.011777,0.016838,0.71915,0.19479,6.8898,0.91634,3.618,0.14934,0.018505,53.851,6.7779,6.5198,0.017901,1.7445,,0.73517,0.010261,0.016886,0.14931,0.016097,126.96,87.665,0.10939,1.6617,39.701,-0.00296,-0.001697,2.3075,0.25475,0.14754,1.8904,1.8904,1478.8,0.010261,0.027946,0.98399,0,9.2891,4.1636,53.299,6.8482,4.4859,0
0,0.30506,0.24594,1.9904,282.58,0.62714,0.18557,2.2781,1.2545,0.69494,0.1868,0.74725,0.17345,0.18557,511.73,0.71327,3.2781,0.18557,0.14793,34.512,1.2563,0.1768,0,0.44887,0.67512,0.10496,144.1,0.48631,5.5777,0.22895,0.14793,121.89,3.0248,2.4624,0.18138,1.2545,141.93,0.69759,0.14459,0.075511,0.048697,0.14093,138.36,103.85,0,1.5127,57.635,0.14478,0.11541,1.6203,0.24833,0.3306,1.3742,1.3794,93015,0.40719,0,0.59978,0.003809,10.576,3.5147,72.256,5.0515,2.4805,0
0.21256,0.15695,0.4521,4.1903,95.489,0,0.27391,5.3716,1.397,0.84305,0.27536,1.9329,0.22994,0.27391,178.33,2.0468,6.3716,0.27391,0.19607,45.678,0.99643,0.269,0.15215,0.92193,0.7843,1.6559,186.21,1.113,4.2177,0.025188,0.1971,48.223,7.5691,6.8343,0.32442,1.397,,0.84305,0.23222,0.89668,0.016538,0.19255,121.94,76.266,1.2158,2.9566,59.494,0.22168,0.15868,3.7835,0.14171,0.13212,2.0755,2.0755,7463.5,0.23222,0.25213,0.80947,0,7.9908,4.7859,37.024,9.8584,3.4394,0
0.001741,0.62963,-0.027875,0.95383,-11.395,0,0.00995,0.58822,3.5544,0.37037,0.095521,0.01648,0.019178,0.00995,3371.4,0.10826,1.5882,0.00995,0.002799,7.9843,1.1625,0.040012,0.00049,0.37592,0.32066,0.095226,0.46758,-0.065723,3.6258,0.16159,0.003042,63.077,5.7866,5.5487,0.060737,3.5544,,0.37037,0.017088,0.096706,0.21366,0.011257,53.141,45.156,0.022396,0.82505,8.1231,-0.018204,-0.005122,0.91462,0.60375,0.17281,0.87324,0.87324,-117.77,0.017088,0.004702,0.99727,0,45.715,8.083,61.999,5.8872,8.3805,0
0.022671,0.28762,0.18007,1.6261,1.2848,0.016151,0.029197,2.1517,1.0055,0.61886,0.029197,0.10152,0.04455,0.029197,923.92,0.39506,3.4769,0.029197,0.011448,24.417,1.1427,0.032464,0.008889,0.025817,0.61886,0.37236,0.12798,0.33828,4.2667,0.10732,0.011448,41.387,8.8191,0.11287,0.032464,2.5731,,0.61886,0.012728,0.050781,0.080895,0.012728,64.841,40.424,0.13287,1.0329,24.552,-0.051963,-0.020374,1.6261,0.28762,0.11339,1.1626,1.1626,3327.8,0.005473,0.036634,0.99453,0,14.948,9.0294,41.161,8.8676,4.7913,0
0.017538,0.5716,0.18724,1.3736,-40.565,0.038309,0.024589,0.68672,1.0079,0.39253,0.024589,0.049062,0.030325,0.024589,3088,0.1182,1.7495,0.024589,0.011036,70.005,1.2272,0.042485,0.007872,0.056956,0.39253,0.10586,0.19219,0.60092,4.3559,0.2501,0.011036,82.751,4.4108,0.074327,0.042485,2.2614,3.7071,0.46297,0.019069,0.037016,0.2199,0.019069,109.74,39.734,0.041041,0.52097,70.556,-0.000489,-0.00022,1.2044,0.50117,0.22671,1.2598,1.4858,4249.6,0.007808,0.044678,0.99219,0.17943,5.2139,9.186,82.105,4.4455,7.1505,0
-0.020186,0.19907,0.31741,2.5944,8.5585,-0.08138,-0.020186,3.2329,0.81119,0.6436,-0.020186,-0.1014,0.059123,-0.020186,1087.1,0.33575,5.0232,-0.020186,-0.017856,90.847,1.0828,-0.020021,-0.017856,-0.079108,0.6436,0.33575,-0.14366,0.65645,4.0708,0.17115,-0.017856,52.139,7.0005,-0.10057,-0.020021,1.4054,,0.6436,-0.01771,0.053028,0.09768,-0.01771,163.35,72.499,-0.07174,1.181,73.694,-0.10705,-0.094689,2.5944,0.19907,0.14285,1.3311,1.3311,3736.2,-0.23275,-0.031364,1.2328,0,4.0178,5.0345,64.274,5.6788,2.3381,0
-0.050258,0.2441,0.32693,6.9358,254.83,-0.009245,-0.047061,3.0966,0.39632,0.7559,-0.044194,-0.85445,-0.051499,-0.047061,-4365.4,-0.083612,4.0966,-0.047061,-0.11875,1.6914,3.4612,-0.069325,-0.12681,-0.043041,0.73029,-0.09671,-24.178,0.52901,4.4304,-0.15531,-0.11825,42.588,8.5742,1.9346,-0.075729,0.39632,524.45,0.75662,-0.19108,5.7278,-0.19067,-0.17492,61.274,59.583,-27.366,6.9024,1.4195,-0.095976,-0.24217,1.5649,0.055078,0.11663,1.2231,1.2243,6.9358,-0.19108,-0.066488,1.1099,0.000959,215.79,6.1259,50.725,7.1956,0.6413,0
-0.19472,0.78783,-0.1952,0.75223,-93.457,-0.19472,-0.19472,0.26926,0.91078,0.21213,-0.19472,-0.24715,-0.1006,-0.19472,-1698.4,-0.2149,1.2693,-0.19472,-0.1157,59.852,,-0.16883,-0.1157,-0.19472,0.21213,-0.2149,,-0.47917,3.9052,0.44935,-0.1157,155.62,2.3454,-0.2143,-0.16883,1.6861,,0.21213,-0.10032,0.042568,-0.18059,-0.10032,121.26,61.404,-0.70557,0.40194,54.512,-0.19424,-0.11542,0.75223,0.78783,0.42636,0.52074,0.52074,-1569.3,-0.097957,-0.9179,1.098,0,6.0984,5.9442,170.86,2.1362,4.1313,1
0.059982,0.10252,0.37591,4.6668,207.17,1.8724,0.076252,8.2746,1.1151,0.8483,0.076252,0.7438,0.20163,0.076252,268.16,1.3611,9.7544,0.076252,0.11018,27.997,0.12581,0.05684,0.08667,2.3361,0.8483,1.2024,0.91583,0.72071,4.9481,-0.11539,0.11018,60.291,6.0539,0.55444,0.05684,0.71419,,0.8483,0.08213,1.7993,0.028057,0.08213,155.04,127.04,1.1299,4.1489,31.22,-0.006448,-0.009317,4.6668,0.10252,0.16518,1.6264,1.6264,33358,0.10322,0.070708,0.89678,0,13.037,2.8732,54.068,6.7507,1.3269,0
0.068347,0.54021,0.45928,1.8933,53.895,0,0.085508,0.85113,1.6978,0.45979,0.10839,0.16632,0.054553,0.085508,2128.8,0.17145,1.8511,0.085508,0.050363,38.621,1.1086,0.10697,0.040256,0.16955,0.4321,0.13969,4.6753,17.273,3.813,0.31228,0.052358,118.05,3.0919,2.9426,0.1082,1.6978,,0.45979,0.06373,0.10257,0.15784,0.063005,197.93,159.31,0.38045,1.5439,41.25,0.099859,0.058816,1.8019,0.51413,0.32343,17.292,17.292,2986.1,0.06373,0.14865,0.9502,0,9.4508,2.2912,110.53,3.3023,63.853,0
0.023122,0.64239,0.21877,1.3406,-27.964,0.23353,0.039303,0.51699,1.0134,0.33211,0.039303,0.061182,0.027616,0.039303,2901.1,0.12581,1.5567,0.039303,0.013429,39.296,0.82806,0.036668,0.0079,0.32528,0.33211,0.10062,0.12697,1.5757,4.9025,0.16831,0.013429,81.189,4.4957,0.057081,0.036668,2.934,,0.33211,0.012529,0.42749,0.27012,0.012529,73.152,33.856,0.073384,0.85008,39.822,-0.00485,-0.001657,1.3406,0.64239,0.22244,2.3921,2.3921,17480,0.01321,0.06962,0.98679,0,9.2886,10.781,80.116,4.5559,21.08,0
0.01358,0.087148,0.51814,6.9456,73.526,-0.036782,0.013112,9.0748,1.0121,0.79085,0.013112,0.15046,0.046701,0.013112,808.05,0.4517,11.475,0.013112,0.015556,110.98,0.99521,0.012101,0.016111,-0.053178,0.79085,0.45707,0.1453,1.3127,4.3199,-0.048582,0.015556,38.195,9.5563,0.13885,0.012101,0.86557,,0.79085,0.014356,2.5844,0.074704,0.014356,164.58,53.599,0.052987,4.0047,112.32,-0.014152,-0.016789,6.9456,0.087148,0.10464,2.0036,2.0036,10824,0.01199,0.017171,0.98801,0,3.289,6.8098,37.737,9.6723,2.1355,0
0.11117,0.33631,0.21181,1.6298,-0.74978,0.45946,0.099919,1.9184,1.0396,0.64518,0.099919,0.2971,0.082784,0.099919,698.53,0.52252,2.9734,0.099919,0.04707,26.665,0.76728,0.097155,0.052371,0.4209,0.64518,0.55598,0.47582,0.46872,5.6331,0.15552,0.04707,60.119,6.0713,0.28888,0.097155,2.1432,,0.64518,0.045768,0.19921,0.063924,0.045768,82.726,56.061,0.71687,1.1687,27.722,0.021342,0.010054,1.6298,0.33631,0.16471,1.4278,1.4278,91002,0.038114,0.17231,0.96189,0,13.688,6.5107,57.827,6.3119,4.6977,0
0.095697,0.21605,0.19621,2.1586,13.2,0.60243,0.12435,3.6285,1.1949,0.78395,0.12435,0.7343,0.13329,0.12435,495.12,0.73719,4.6285,0.12435,0.10407,39.583,1.373,0.11785,0.08009,0.24632,0.70303,0.60455,,0.30926,6.3733,0.18082,0.10407,66.45,5.6464,4.4258,0.26467,1.1949,5.0527,0.83065,0.2215,0.19959,0.047142,0.09863,101.34,61.759,0.73852,1.3934,49.463,0.082932,0.069407,1.692,0.16935,0.1771,1.2356,1.3093,2.1586,0.2215,0,0.79355,0.059574,9.2212,5.9101,51.731,7.0557,1.8833,0
0.15437,0.031296,0.63072,21.153,232.23,0.11367,0.17075,30.953,0.96673,0.9687,0.17602,5.456,0.19338,0.17075,61.103,5.9736,31.953,0.17075,0.17663,48.552,0.96507,0.17602,0.15969,0.75728,0.77033,5.4502,33.397,1.8661,3.9058,-0.005703,0.18143,14.457,25.247,25.247,0.17659,0.96673,,0.9687,0.18266,1.2678,0.005427,0.18207,234.97,186.42,1.2005,17.044,59.402,0.15982,0.16532,21.153,0.031296,0.039608,2.8661,2.8661,5076.8,0.18266,0.15936,0.82338,0,7.5178,1.958,11.816,30.89,2.8602,0
0.0676,0.67386,0.32352,1.4801,68.455,0,0.080761,0.48399,1.774,0.32614,0.087985,0.11985,0.068091,0.080761,2036.2,0.17925,1.484,0.080761,0.045526,0,1.4123,0.049003,0.038107,0.29596,0.23456,0.15972,6.7837,123.44,2.7372,0.34855,0.049598,142.76,2.5567,2.5567,0.051136,1.774,,0.32614,0.028826,0.087663,0.25229,0.027623,193.06,193.06,,1.4801,0,0.008973,0.005058,1.4801,0.67386,0.39113,124.44,124.44,176.64,0.028826,0.20727,0.95557,0,,1.8906,138.65,2.6326,676.85,0
-0.31725,0.42229,-0.073908,0.78469,-38.817,-0.38164,-0.31725,1.3681,1.594,0.57771,-0.30871,-0.92419,-0.15088,-0.31725,-640.86,-0.56955,2.3681,-0.31725,-0.19902,26.777,0.62774,-0.30973,-0.19902,-0.72308,-0.40393,-0.56955,-36.297,-0.10115,3.1134,0.23744,-0.19367,66.767,5.4668,4.4438,-0.28253,1.594,,0.57771,-0.17724,0.13699,-0.060413,-0.19431,50.91,24.134,-2.7129,0.44403,22.745,-0.38647,-0.24245,0.63786,0.34327,0.18292,0.7907,0.7907,-95.957,-0.17724,-0.54914,1.1968,0,13.631,15.124,78.601,4.6437,2.1817,0
0.006735,0.39527,0.60473,2.5299,64.969,0,0.00756,1.5299,3.3529,0.60473,0.00846,0.019127,0.002255,0.00756,19083,0.019127,2.5299,0.00756,0.002255,0,0.86662,0.002379,0.002009,0.19889,0.23304,0.017039,2.6446,,2.1288,-0.075761,0.002523,43.056,8.4774,8.4774,0.002052,3.3529,,0.60473,0.000612,1.6427,5.5386,0.000709,38.179,38.179,,2.5299,0,0.002379,0.000709,2.5299,0.39527,0.11796,,,81.348,0.000612,0.011137,0.99775,0,,9.5603,43.029,8.4826,,0
0.07142,0.48893,0.22543,1.5969,-59.539,0,0.089833,1.0453,1.0078,0.51107,0.11297,0.23786,0.16927,0.089833,1046.1,0.34893,2.0453,0.089833,0.089133,133.01,1.0485,0.11266,0.070864,0.31234,0.46905,0.31127,4.8698,0.56797,4.3767,0.4032,0.11041,140.04,2.637,2.0369,0.023481,1.1089,31.711,0.51851,0.023298,0.24382,0.084257,0.11178,185.07,52.061,0.19447,0.62445,134.6,0.031892,0.031643,1.2335,0.37767,0.37922,1.2876,1.3064,5366.5,0.023298,0.13975,0.91899,0.014552,2.7442,7.011,136.78,2.6686,2.5393,0
0.15258,0.1477,0.18664,2.5573,-189.35,-0.79048,0.17219,5.7703,0.38565,0.8523,0.18244,1.4368,0.46823,0.17219,298.56,1.2225,6.7703,0.17219,0.44649,156.19,38.977,0.17597,0.39565,0.13041,0.16505,1.0898,17.169,0.26912,5.1404,0.383,0.44649,417.44,1.2767,1.0359,0.28086,0.38565,5.0777,0.88015,0.72828,0.60345,0.026707,0.45629,221.62,65.434,0.92461,1.1803,393.68,0.16759,0.43456,2.075,0.11985,0.78329,1.2289,1.2691,2.5573,0.72828,0.17903,0.36181,0.032687,2.3369,5.5781,113.43,3.2179,0.55608,0
0.146,0.49905,0.38789,1.7919,-32.358,0.000282,0.146,1.0038,2.6019,0.50095,0.15423,0.29806,0.84669,0.146,82.683,4.4145,2.0038,0.146,0.056113,28.263,1.2159,0,0.056113,0.32403,0.49275,4.4145,0,3.1724,4.0948,0.07607,0.12386,5354.9,0.068162,0.066904,0.012942,2.6019,254.14,0.50361,0.004974,0.62398,0.008087,0,80.253,51.99,0.72467,1.3806,2202.5,-2.057,-0.79058,1.7588,0.48984,14.671,4.0971,4.1188,4824.9,0.98717,0.29145,0.025779,0.005312,12.914,7.0206,68.715,5.3118,21.28,0
0.000781,0.74162,-0.023295,0.94473,-60.095,0,0.000781,0.3484,0.93485,0.25838,0.060268,0.001854,0.03922,0.000781,7382.8,0.049439,1.3484,0.000781,0.000836,29.558,1.1408,0,0.000836,0.099113,0.24537,0.049439,0,-0.038706,4.7308,0.69773,0.005267,234.24,1.5582,0.88552,0.000216,0.93485,1.7305,0.44472,0.000231,0.22299,0.68891,0,118.76,89.206,0.010319,0.7651,42.076,-0.035884,-0.038385,0.53688,0.42146,0.64176,0.42932,0.73894,-1253.4,0.29751,0.003024,0.76844,0.7212,12.349,4.0917,164.55,2.2181,1.5533,0
0.001961,0.4807,0.33293,1.7446,-82.067,0.028042,0.003307,1.0803,1.2165,0.5193,0.032847,0.007397,0.034226,0.003307,4214.2,0.086613,2.0803,0.003307,0.002719,177.96,1.0302,0.02449,0.001612,0.037642,0.50855,0.083811,0.82906,1.5136,3.9687,0.37267,0.019153,136.99,2.6644,2.4782,0.025185,1.2165,7.7663,0.54337,0.020703,0.067167,0.25508,0.020133,225.04,47.085,0.003306,0.41814,181.72,-0.013837,-0.011375,1.6227,0.44711,0.37532,2.3609,2.4703,3098,0.020703,0.003776,0.9973,0.046356,2.0511,7.7519,134.16,2.7207,5.5304,0
-0.002828,0.22518,0.76079,4.4378,52.846,0,0.003116,3.4409,2.3047,0.77482,0.012924,0.014081,0.003271,0.003116,10904,0.033475,4.4409,0.003116,0.001352,67.018,0.96056,0.005458,-0.001227,0.30401,0.75711,0.00708,0.55644,42.489,3.4508,-0.044492,0.001413,35.142,10.386,10.207,0.006205,2.3047,,0.77482,0.002692,1.4848,0.75977,0.002368,103.5,36.48,-0.006682,2.5256,67.199,0.001036,0.00045,4.3614,0.2213,0.096281,43.273,43.273,2148,0.002692,-0.003649,0.99866,0,5.4463,10.006,35.048,10.414,128.72,0
0.007125,0.64411,0.12751,1.696,1.5307,-0.038164,0.020047,0.55254,0.56362,0.35589,0.05549,0.10943,0.086727,0.020047,4809.6,0.075889,1.5525,0.020047,0.035568,64.125,1.6641,0.054393,0.012641,-0.009763,0.24788,0.055828,1.5346,0.18498,5.0398,1.0267,0.089753,129.37,2.8213,0.80238,0.046796,0.56362,0.57581,0.7235,0.083029,0.50158,0.25797,0.096507,141.7,77.577,0.071954,1.1555,69.931,0.025558,0.045347,0.48236,0.18319,0.35445,0.5163,1.0496,13974,0.083029,0.02002,0.96997,1.0329,5.692,4.705,118.63,3.0768,0.81765,0
0.34592,0.13082,0.50116,4.8309,167.19,0,0.34592,6.6442,1.2519,0.86918,0.35489,2.6443,0.31816,0.34592,119.88,3.0448,7.6442,0.34592,0.27631,29.055,1.3955,0.34056,0.27631,0.64828,0.34592,3.0448,37.983,1.3618,4.0925,-0.077078,0.28347,52.203,6.9919,6.9919,0.33726,1.2519,,0.86918,0.26939,1.7456,0.011097,0.27202,117.68,88.621,3.4712,4.0692,39.768,0.28817,0.23018,4.8309,0.13082,0.14302,2.3618,2.3618,6201.9,0.26939,0.39799,0.72767,0,12.563,4.1187,38.14,9.57,3.4018,0
0.018709,0.69584,0.029369,1.0475,-26.821,0.057334,0.024261,0.43232,1.0263,0.30083,0.024261,0.039252,0.028901,0.024261,3424,0.1066,1.4371,0.024261,0.009453,29.437,1.2416,0.06554,0.00729,0.072994,0.30083,0.098623,0.26208,0.083304,4.3511,0.2711,0.009453,90.212,4.046,0.094188,0.06554,2.5666,5.6642,0.37859,0.025536,0.008106,0.19814,0.025536,91.363,61.926,0.090386,0.71262,30.212,0.015623,0.006087,0.93045,0.61808,0.24716,0.85329,1.0739,659.14,0.025648,0.062193,0.97435,0.25849,12.399,5.8942,87.899,4.1525,7.2801,0
0.016109,0.17132,0.53008,4.1076,229.85,0.037929,0.020302,4.7724,1.0466,0.81762,0.020302,0.11902,0.091245,0.020302,951.7,0.38352,5.837,0.020302,0.028193,60.361,1.2387,0.007477,0.022371,0.048754,0.81762,0.35905,0.10867,1.7708,5.0936,-0.31618,0.028193,90.492,4.0335,0.043643,0.007477,0.74586,778.71,0.81837,0.010383,2.3433,0.10651,0.010383,152.54,92.176,0.13528,3.4094,63.177,-0.037927,-0.052668,4.0897,0.17058,0.24792,2.7313,2.7338,65760,0.04457,0.019703,0.95543,0.000913,6.047,3.9598,86.459,4.2216,2.4056,0
0.1365,0.31946,0.63367,2.9835,61.993,0.31888,0.1697,2.0964,1.1027,0.66971,0.1697,0.53121,0.10987,0.1697,642.51,0.56808,3.1303,0.1697,0.10274,81.491,1.1883,0.18158,0.082638,0.39831,0.66971,0.46414,1.2123,13.52,4.3979,0.041083,0.10274,77.847,4.6887,0.5684,0.18158,1.6984,,0.66971,0.10993,0.81572,0.054318,0.10993,153.04,71.546,0.37014,1.8292,89.862,0.1698,0.1028,2.9835,0.31946,0.21328,14.29,14.29,15839,0.093157,0.20381,0.90684,0,4.479,5.1016,70.595,5.1704,35.243,0
0.004397,0.22873,0.47737,3.087,-2.1648,-2.1648,0.026028,3.143,1.0384,0.7189,0.7189,0.11379,0.018888,0.026028,2144.4,0.17021,4.3719,0.026028,0.012627,85.469,1.0288,0.00337,0.002133,-0.080074,0.7189,0.07564,0.01698,1.6243,4.1742,0.085108,0.012627,42.06,8.6781,0.014735,0.00337,2.1499,,0.7189,0.001635,0.2617,0.46206,0.001635,114.43,28.965,0.009109,0.97682,88.755,-0.009534,-0.004625,3.087,0.22873,0.11523,2.4461,2.4461,7129.9,0.03702,0.006116,0.96298,0,4.2705,12.602,40.503,9.0117,7.0137,0
0.05266,0.54318,0.093966,1.2079,-54.252,0.14013,0.059523,0.58412,1.0536,0.31728,0.059523,0.1317,0.072754,0.059523,2164.5,0.16863,1.841,0.059523,0.047278,77.659,1.1201,0.074606,0.041826,0.16773,0.31728,0.156,0.62435,0.20694,4.3233,0.40022,0.047278,138.05,2.6439,0.13735,0.074606,1.3026,3.0484,0.4085,0.059258,0.089939,0.1674,0.059258,146.49,68.829,0.19659,0.61523,81.821,0.042532,0.033782,1.0051,0.45196,0.37823,0.69875,0.89963,1978.1,0.050874,0.16597,0.94913,0.28749,4.7001,5.303,131.03,2.7856,2.7727,0
0.064213,0.58374,-0.060886,0.85712,-66.29,0,0.064213,0.71308,1.3148,0.41626,0.068184,0.15069,0.06311,0.064213,2567.7,0.14215,1.7131,0.064213,0.048837,47.415,0.87339,0,0.048837,0.15992,0.362,0.14215,0,-0.095918,3.8381,0.43841,0.10913,121.8,2.9968,2.1876,0.006263,1.3148,,0.41626,0.004763,0.017139,1.0368,0,99.361,51.946,0.37594,0.45628,48.82,-0.018768,-0.014274,0.62567,0.42612,0.33369,0.65576,0.65576,-419.36,0.02878,0.15426,0.97465,0,7.6979,7.0266,118.29,3.0856,2.0714,0
0.094865,0.14939,0.84926,6.6849,90.62,0,0.1178,5.6939,1.882,0.85061,0.15142,0.78855,0.06298,0.1178,460.04,0.79341,6.6939,0.1178,0.062594,75.708,0.96424,0.13494,0.050407,0.3739,0.58932,0.63989,4.0132,627.79,3.4925,-0.11922,0.062664,31.02,11.766,11.766,0.1242,1.882,,0.85061,0.065992,2.6131,0.036704,0.071703,117.97,42.264,0.24302,4.0719,81.057,0.13422,0.071317,6.6849,0.14939,0.084987,628.79,628.79,2639.8,0.065992,0.11153,0.93845,0,4.8212,8.6362,28.973,12.598,1391.2,0
-0.13633,0.72476,0.007493,1.0137,-83.545,0,-0.14839,0.37977,1.2693,0.27524,-0.046517,-0.27193,-0.067112,-0.14839,-3105.3,-0.11754,1.3798,-0.14839,-0.1169,89.669,0.96315,-0.046715,-0.1074,0.75896,0.20629,-0.1009,-0.45856,0.016769,4.6086,0.567,-0.087849,148.21,2.5401,1.9125,-0.074608,1.2693,4.1257,0.33374,-0.058777,0.014133,1.4653,-0.036803,156.85,67.184,-0.43718,0.44229,82.114,-0.10992,-0.086594,0.76328,0.5457,0.39368,0.61601,0.74694,304.27,-0.058777,-0.49531,1.1723,0.21254,4.0705,5.4328,156.92,2.3261,2.8409,1
0.18309,0.42996,0.14194,1.7529,36.45,0,0.22784,1.3258,1.3583,0.57004,0.2422,1.2086,0.21415,0.22784,539.51,0.67653,2.3258,0.22784,0.16774,19.618,1.2356,0.24007,0.1348,0.45628,0.55205,0.57246,16.717,0.212,4.4773,0.30421,0.17606,96.467,3.8079,1.6696,0.64498,1.3583,1.8925,0.70608,0.47484,0.10534,0.047283,0.17674,83.467,63.849,2.508,1.3657,37.118,0.17703,0.13033,0.7686,0.18852,0.26261,0.8514,1.0546,1.7529,0.47484,0.32119,0.52907,0.23866,18.606,5.7166,50.66,7.2048,2.0287,0
0.045944,0.095948,0.23633,3.4631,270.19,0.09179,0.046319,3.3427,0.77312,0.32073,0.046319,0.48275,0.63612,0.046319,257.48,1.4176,10.422,0.046319,0.21663,163.99,1.063,0.042116,0.21487,0.093981,0.32073,1.4137,1.5228,0.35393,4.9001,-0.60726,0.21663,126.63,2.8825,0.43895,0.042116,0.3317,,0.32073,0.19697,2.3533,0.023932,0.19697,181.76,17.769,0.47825,2.4618,126.79,-0.047579,-0.22252,3.4631,0.095948,0.34693,0.48033,0.48033,18776,-0.29347,0.14325,1.2935,0,2.2257,20.541,163.79,2.2285,0.32022,0
-0.54284,2.779,-1.8668,0.3276,-988.12,-0.54284,-0.54284,-0.64312,0.69234,-1.7872,-0.54284,-0.19553,-0.65681,-0.54284,-2110.1,-0.17298,0.35984,-0.54284,-0.7417,430.1,,-0.10734,-0.7417,-0.54284,-1.7872,-0.17298,,-20.635,4.0033,3.7945,-0.7417,958.6,0.38076,-0.038626,-0.10734,1.1364,17.585,-1.7846,-0.14666,0.001316,-2.0209,-0.14666,451.77,21.67,-0.62943,0.016967,297.78,-0.16947,-0.23156,0.32729,2.7763,2.6263,-19.756,-19.726,-18810,-0.44438,0.30373,1.4444,-0.001499,0.84863,16.843,1384.6,0.26362,8.0901,1
0.029839,0.23857,0.7234,5.6911,-639.98,0,0.029839,3.1917,1.0574,0.76143,0.031214,0.1935,0.36506,0.029839,225.59,1.618,4.1917,0.029839,0.02822,26.819,1.1903,0,0.02822,0.3973,0.73044,1.618,0,5.9107,3.2077,-0.46825,0.066463,,0,0,0.003492,1.0574,,0.76143,0.003302,4.8391,0.022328,0,45.352,18.534,0.38408,5.1873,,-0.35616,-0.33684,3.6787,0.15421,,6.2214,6.2214,1167.1,1,0.039188,0.024859,0,13.61,19.694,53.233,6.8567,8.6394,0
0.065164,0.12853,0.33326,3.5927,154.26,0.11949,0.085613,6.5306,1.0761,0.8394,0.085613,0.66607,0.19476,0.085613,329.91,1.1064,7.7801,0.085613,0.11725,30.668,0.67928,0.084868,0.089248,0.15893,0.8394,0.94726,1.2508,0.61919,4.1022,-0.053245,0.11725,69.141,5.279,0.66028,0.084868,0.80076,,0.8394,0.11623,1.3444,0.029873,0.11623,144.46,113.79,1.0622,3.1155,33.001,0.028277,0.038728,3.5927,0.12853,0.18943,1.5596,1.5596,4217,0.070685,0.077631,0.92931,0,11.902,3.2075,64.254,5.6806,1.3566,0
0.16597,0.39128,0.25064,1.6406,7.9527,-0.050411,0.16597,1.5557,2.4513,0.60872,0.18841,0.42418,0.091425,0.16597,637.27,0.57276,2.5557,0.16597,0.067708,29.966,1.473,0.16996,0.067708,0.32037,0.11556,0.57276,7.576,0.69998,3.4946,0.15743,0.07686,62.251,5.8634,5.8634,0.15706,2.4513,,0.60872,0.064074,0.013711,0.057181,0.069334,94.785,64.819,0.82472,1.1262,32.017,0.11182,0.045618,1.6406,0.39128,0.17055,1.7,1.7,782.9,0.064074,0.27266,0.93325,0,12.18,5.6311,58.262,6.2648,6.8457,0
0.1183,0.13552,0.61741,5.7293,279.35,0,0.14745,6.3791,0.59632,0.86448,0.148,1.1295,0.26251,0.14745,315.98,1.1551,7.3791,0.14745,0.24726,143.32,1.0536,0.13595,0.19838,0.48227,0.82411,0.94005,246.99,2.4496,4.1749,-0.14503,0.2475,95.173,3.8351,3.6945,0.095653,0.59632,251.72,0.86652,0.1604,1.7143,0.031143,0.22799,320.83,177.5,0.50522,3.9357,170.71,0.12686,0.21274,5.5192,0.13055,0.26075,3.4299,3.438,9236.7,0.1604,0.13685,0.78462,0.002361,2.5467,2.0563,79.907,4.5678,2.3659,0
0.095901,0.041148,0.20218,5.9814,105.38,0,0.098678,23.302,0.53404,0.95885,0.098835,2.4313,0.22798,0.098678,123.36,2.9589,24.302,0.098678,0.18478,33.802,0.86674,0.009052,0.17958,0.22735,0.89215,2.8914,57.353,0.267,4.1431,-0.1635,0.18507,27.463,13.29,13.109,-0.005375,0.53404,,0.95885,-0.010064,3.204,0.042695,0.016949,77.044,43.242,1.9391,4.7629,33.465,-0.014023,-0.026258,5.8998,0.040587,0.075242,1.2663,1.2663,2810.7,-0.010064,0.10002,0.84712,0,10.798,8.4408,27.74,13.158,0.70525,0
0.19348,0.19223,0.31512,2.96,30.04,0.25496,0.21048,4.2021,0.95124,0.80777,0.21048,1.3091,0.24245,0.21048,247.63,1.474,5.2021,0.21048,0.1801,34.691,1.2493,0.14899,0.16556,0.28242,0.80777,1.3856,1.2127,0.60127,4.4473,0.12587,0.1801,47.765,7.6416,0.77507,0.14899,1.45,11.598,0.83922,0.12749,0.95003,0.028485,0.12749,100.93,66.238,1.7419,2.2692,33,0.076121,0.065135,2.4757,0.16078,0.13086,1.5412,1.6013,8826,-0.051265,0.23952,1.0513,0.038941,10.521,5.5104,50.214,7.2689,2.2299,0
0.093866,0.4395,0.50741,2.5658,48.914,0.093866,0.12117,1.2753,1.0357,0.5605,0.12117,0.37389,0.061521,0.12117,881.41,0.41411,2.2753,0.12117,0.040957,15.739,1.4345,0.10195,0.031729,0.12117,0.5605,0.35199,,3.011,3.7733,-0.043919,0.040957,41.41,8.8144,0.23198,0.10195,2.9806,6.0978,0.67594,0.034463,1.7572,0.08876,0.034463,32.331,16.592,0.7358,2.1721,16.301,0.041119,0.013899,1.8919,0.32406,0.11345,3.326,4.011,3011,0.034463,0.16747,0.96554,0.20595,23.19,21.999,39.983,9.129,17.555,1
0.041084,0.61228,0.077364,1.1546,-13.402,0.062793,0.052787,0.54601,1.031,0.33431,0.052787,0.10551,0.039156,0.052787,2895.1,0.12607,1.6332,0.052787,0.026776,26.417,1.2273,0.057703,0.02084,0.082565,0.33431,0.10696,0.30176,0.18319,4.7045,0.30339,0.026776,95.501,3.822,0.094243,0.057703,1.9853,3.8852,0.44627,0.02927,0.038248,0.24516,0.02927,103.41,76.996,0.28794,0.86945,27.235,0.033298,0.01689,0.94349,0.50032,0.26165,0.79161,1.0567,3918,0.030041,0.12289,0.96996,0.3349,13.817,4.7405,92.632,3.9403,4.668,0
0.076812,0.37076,0.45882,2.3573,14.804,-0.1329,0.097011,1.6972,2.5299,0.62924,0.10032,0.28698,0.054825,0.097011,975.69,0.37409,2.6972,0.097011,0.038346,51.632,1.2,0.094162,0.030362,0.23164,0.59421,0.31961,28.474,2.2587,3.6124,0.12719,0.03952,49.767,7.3341,6.6869,0.050633,2.5299,,0.62924,0.020014,0.14708,0.090973,0.03722,107.8,56.164,0.21464,1.2987,52.686,0.052475,0.020742,2.1493,0.33804,0.13635,3.0977,3.0977,1879.7,0.020014,0.12207,0.96241,0,7.0693,6.4988,48.771,7.4839,12.454,0
-0.091069,0.75394,0.78,11.985,123.94,-0.044904,-0.091069,0.32636,1.5407,0.24606,-0.053836,-1.2826,-0.032136,-0.091069,-5558.1,-0.06567,1.3264,-0.091069,-0.059109,52.11,0.49507,-0.10004,-0.059109,-0.022234,-0.13597,-0.06567,-2.6868,5.2352,2.1169,0.098456,-0.034943,15.586,23.419,2.2055,-0.12216,1.5407,0.92402,0.929,-0.079288,8.5083,-0.42973,-0.064931,58.487,6.3771,-0.41403,8.8874,48.282,-0.1416,-0.091905,1.1287,0.071005,0.042701,1.6515,6.2352,102.09,-0.079288,-0.37011,1.0564,2.7755,7.0044,57.236,16.821,21.698,10.341,0
0.082397,0.025546,0.090162,4.5294,25.406,0.10408,0.13711,38.105,1.1653,0.97343,0.13711,5.3673,0.12264,0.13711,49.033,7.444,39.145,0.13711,0.088424,0,0.98543,0.20887,0.053138,0.18285,0.97343,5.3022,1.5697,0.10196,4.9709,-0.052487,0.088424,7.0072,52.089,8.1762,0.20887,1.5832,,0.97343,0.1347,4.1859,0.003207,0.1347,2.0655,2.0655,,4.5294,0,0.15582,0.10049,4.5294,0.025546,0.019198,1.1008,1.1008,8431.6,0.14185,0.084646,0.85815,0,,176.72,6.0132,60.699,1.7535,0
0.19866,0.4136,0.05417,1.131,-19.106,0.37528,0.24846,1.3484,1.0574,0.55771,0.24846,0.60073,0.078323,0.24846,479.59,0.76106,2.4178,0.24846,0.061823,22.818,1.1935,0.19442,0.04943,0.46837,0.55771,0.64065,0.51152,0.10178,4.4273,0.070686,0.061823,39.718,9.1897,0.47007,0.19442,4.0837,,0.55771,0.048377,0.31587,0.052152,0.048377,30.618,7.7996,0.79068,0.52351,24.128,0.12811,0.031876,1.131,0.4136,0.10882,1.0479,1.0479,1449.1,0.054262,0.3562,0.94574,0,15.996,46.797,37.563,9.717,7.551,0
0.023486,0.43091,0.2225,3.0444,168.39,0,0.023486,1.3207,0.43515,0.56909,0.023486,0.2158,0.065496,0.023486,5518.6,0.06614,2.3207,0.023486,0.053973,63.55,0.96172,0,0.053973,0.11393,0.41308,0.06614,,0.33275,4.3632,0.82357,0.12814,128.12,2.8489,0.71952,0.016388,0.43515,0.80539,0.88641,0.03766,0.70376,2.8646,0,213.67,150.12,0.30999,2.3483,89.191,-0.005014,-0.011523,0.76891,0.10883,0.35101,0.85108,1.3256,5134.3,0.28749,0.04127,0.7204,0.55759,5.7435,2.4313,91.287,3.9984,0.65077,0
0.011629,0.51486,0.26426,1.5148,-21.685,0.091489,0.021725,0.85321,1.0277,0.43929,0.021725,0.04232,0.036298,0.021725,3087.2,0.11823,1.9423,0.021725,0.012954,77.316,1.1044,0.019835,0.006934,0.12569,0.43929,0.098623,0.12155,1.1883,4.2401,0.26611,0.012954,114.82,3.1789,0.038525,0.019835,1.7086,278.19,0.44081,0.011827,0.14326,0.28698,0.011827,153.23,75.918,0.032735,0.82277,79.457,-0.019313,-0.011516,1.5103,0.51334,0.31457,1.9753,1.9821,4593.4,0.026945,0.026472,0.97306,0.003456,4.7209,4.8078,111.73,3.2669,7.541,0
0.007502,0.2869,0.71066,3.477,81.019,0,0.009905,2.4856,2.7378,0.7131,0.025556,0.034524,0.004029,0.009905,9492.5,0.038451,3.4856,0.009905,0.003618,12.622,1.1127,-0.000713,0.00274,0.297,0.70918,0.030078,-0.045548,290.62,4.1986,-0.014835,0.00362,38.243,9.5441,9.5441,-0.000433,2.7378,,0.7131,-0.000158,1.1416,23.103,-0.00026,89.331,76.709,0.079244,3.1471,12.62,-0.00184,-0.000672,3.477,0.2869,0.10478,291.62,291.62,11228,-0.000158,0.010521,0.99642,0,28.918,4.7583,38.249,9.5426,1119.6,0
0.21703,0.34473,0.3313,1.961,42.915,0.45938,0.26938,1.7176,1.3778,0.59211,0.26938,0.78142,0.29589,0.26938,408.4,0.89373,2.9008,0.26938,0.25871,76.275,1.2876,0.27507,0.20844,0.57023,0.59211,0.74189,3.6398,1.0226,4.4517,0.31549,0.25871,166.49,2.1923,0.79793,0.27507,1.0721,,0.59211,0.26417,0.12895,0.036119,0.26417,221.39,145.12,0.99743,1.3298,105.09,0.23635,0.22699,1.961,0.34473,0.45615,1.8276,1.8276,9374.9,0.2742,0.36654,0.7258,0,4.7853,2.5152,120.84,3.0205,3.214,0
0.002421,0.61985,0.15464,1.359,-68.518,-0.025087,0.005569,0.61331,1.0561,0.38015,0.024532,0.012928,0.038687,0.005569,5537.3,0.065916,1.6133,0.005569,0.005273,116.4,1.0086,0.023505,0.002293,0.016258,0.31846,0.060839,1.2395,0.373,4.1735,0.58165,0.020909,152.64,2.3913,1.6618,0.02604,1.0561,1.4484,0.55179,0.024656,0.029562,0.35142,0.022256,197.92,81.516,0.007189,0.57712,119.34,-0.011784,-0.011158,0.94443,0.43076,0.41818,0.91692,1.3309,2306,0.024656,0.006369,0.99479,0.45148,3.1357,4.4776,148.87,2.4518,2.5473,0
0.030314,0.79266,0.21022,1.3039,49.975,0.000006,0.0384,0.26158,1.4681,0.20734,0.055865,0.055509,0.034288,0.0384,5747.6,0.063505,1.2616,0.0384,0.026157,2.8238,2.2187,0.054671,0.020649,0.045444,0.12107,0.053304,3.1304,2.1452,3.7614,0.53834,0.038053,178.88,2.0405,1.7808,0.056526,1.4681,9.0967,0.30525,0.038503,0.009972,0.39668,0.037239,222.54,219.72,2.6691,1.2875,2.9368,0.042733,0.029108,1.1379,0.69178,0.49008,2.1157,3.1148,1213.5,0.038503,0.14621,0.97387,0.47221,129.26,1.6612,171.99,2.1222,14.981,0
0.11979,0.39573,0.24489,1.8742,59.463,0.13521,0.15899,1.527,0.80316,0.60427,0.19395,0.56757,0.23544,0.15899,763.84,0.47785,2.527,0.15899,0.19795,16.075,2.0394,0.13665,0.14915,0.23843,0.27365,0.3788,3.9083,0.51557,5.3094,0.49271,0.19795,180.56,2.0692,1.4648,0.2369,0.80316,24.475,0.62428,0.29496,0.4318,0.0791,0.17014,183.62,167.55,3.3866,1.7479,22.274,0.10654,0.13266,1.3267,0.28012,0.48327,1.2722,1.3143,1.8742,0.29496,0,0.70968,0.033107,22.706,2.1785,127.3,2.8672,1.6909,0
0.018575,0.64508,-0.049448,0.92335,-48.799,0.11115,0.018575,0.458,1.0072,0.29545,0.018575,0.028795,0.021277,0.018575,4525.5,0.080654,1.5502,0.018575,0.007597,39.848,2.3712,0.031797,0.007597,0.11115,0.29545,0.080654,0.13097,-0.12228,4.6457,0.24939,0.007597,96.985,3.7635,0.049291,0.031797,2.4601,,0.29545,0.013004,0.067315,0.32503,0.013004,82.428,42.581,0.069583,0.50952,40.135,-0.001656,-0.000677,0.92335,0.64508,0.26571,0.73064,0.73064,-2187.1,0.007156,0.062871,0.99284,0,9.1599,8.572,96.291,3.7906,6.0471,0
0.087853,0.37451,0.49829,2.3344,38.963,0.19456,0.10995,1.5752,1.0581,0.58994,0.10995,0.29446,0.055517,0.10995,1121.3,0.3255,2.6702,0.10995,0.050075,44.467,1.1912,0.11874,0.04001,0.23939,0.58994,0.26649,0.57218,3.8837,4.5299,0.16413,0.050075,65.677,5.5575,0.31705,0.11874,2.2054,547.28,0.59105,0.054076,0.057811,0.094213,0.054076,141.31,96.845,0.32841,1.618,47.051,0.10679,0.048634,2.3276,0.37341,0.17994,4.598,4.6066,16881,0.054907,0.14892,0.94509,0.001871,8.2083,3.7689,62.071,5.8804,17.114,0
0.013686,0.61309,0.029628,1.05,-11.579,0,0.022113,0.63109,1.9818,0.38691,0.044503,0.037338,0.02459,0.022113,4591.9,0.079488,1.6311,0.022113,0.011158,8.4091,1.2879,0.044503,0.006906,0.18244,0.38341,0.065743,1.9877,0.078355,4.1548,0.30839,0.022375,112.51,3.2441,3.1338,0.060527,1.9818,,0.38691,0.030541,0.079062,0.28734,0.022455,105.91,97.498,0.29975,0.97293,8.674,0.017882,0.009023,1.0143,0.59224,0.30825,1.0232,1.0232,423.14,0.030541,0.035373,0.98886,0,43.406,3.7436,109.07,3.3463,5.2412,0
0.037633,0.14491,0.83405,6.97,104.52,0,0.037633,5.901,1.2866,0.85509,0.037637,0.26937,0.036198,0.037633,1135.6,0.32141,6.901,0.037633,0.02925,132.46,0.8407,0.03234,0.02925,0.32007,0.66907,0.32141,10038,31.783,4.5089,-0.025347,0.029252,40.808,8.9444,8.6234,0.037046,1.2866,,0.85509,0.028793,1.3202,0.11701,0.025136,223.92,91.455,0.080596,3.6278,136.39,0.0234,0.018187,6.7199,0.13971,0.1118,32.585,32.585,26923,0.028793,0.044011,0.97095,0,2.7555,3.991,39.633,9.2095,49.029,0
-0.056698,0.5762,0.35907,1.6232,22.001,-0.002788,-0.048491,0.73552,5.6818,0.42381,-0.047949,-0.084156,-0.002485,-0.048491,-14898,-0.024501,1.7355,-0.048491,-0.008535,0,0.99318,-0.047949,-0.009979,0.075214,0.06695,-0.038743,-88.487,5.547,2.1469,0.026974,-0.008439,36.798,9.9191,9.9191,-0.033639,5.6818,,0.42381,-0.005921,0.75463,-1.4148,-0.008439,32.149,32.149,,1.6232,0,-0.082323,-0.014489,1.6232,0.5762,0.10082,6.547,6.547,50.361,-0.005921,-0.13378,1.0085,0,,11.353,37.016,9.8607,87.772,0
-0.050922,0.66457,-0.26164,0.60631,-129.22,-0.018498,-0.050922,0.50472,1.9209,0.33543,0.065551,-0.076624,-0.013095,-0.050922,-9643.4,-0.03785,1.5047,-0.050922,-0.026509,61.185,0.92509,0.039873,-0.026509,0.017356,0.3058,-0.03785,0.34234,-0.43821,3.3345,0.34398,-0.026509,132.35,2.7578,2.7578,0.088156,1.9209,,0.33543,0.045893,0.10351,0.33748,0.020758,63.492,2.3069,-0.15814,0.12178,64.128,0.014105,0.007343,0.60631,0.66457,0.36261,0.56179,0.56179,-565.21,0.045893,-0.15181,1.026,0,5.9655,158.22,126.28,2.8904,3.2173,0
0.051834,0.56091,0.15924,1.6231,-19.905,0.17106,0.066387,0.71779,1.0399,0.40261,0.066387,0.25978,0.069623,0.066387,1847.1,0.19761,1.7828,0.066387,0.0417,55.014,0.85785,0.086364,0.032559,0.21387,0.40261,0.17166,0.56412,0.2721,4.7422,0.33489,0.0417,60.926,5.9908,0.15397,0.086364,1.6227,0.57257,0.70797,0.054249,0.11445,0.14097,0.054249,88.394,33.38,0.21602,0.68417,57.207,0.041911,0.026326,0.7395,0.25555,0.16692,0.68798,1.2098,8795.5,0.038339,0.12874,0.96166,0.75844,6.6347,10.935,58.591,6.2297,2.7204,0
0.067184,0.55368,0.11052,1.2296,-42.175,0,0.087383,0.80608,2.1216,0.44632,0.11557,0.18152,0.059863,0.087383,1591.2,0.22938,1.8061,0.087383,0.041187,28.427,1.1086,0.11034,0.031667,0.44809,0.4027,0.1929,3.9138,0.27084,3.7296,0.24901,0.052489,87.194,4.1861,3.6396,0.10642,2.1216,5.9029,0.5186,0.050162,0.41983,0.12307,0.052007,67.064,38.637,0.40661,0.88635,29.928,0.070716,0.033332,1.0691,0.4814,0.23889,1.0937,1.2708,592.99,0.050162,0.15053,0.9592,0.16196,12.84,9.4468,82.82,4.4071,5.199,0
0.059137,0.34831,0.24574,1.7088,45.172,0,0.076578,1.871,1.3801,0.65169,0.082654,0.22087,0.086456,0.076578,1065.5,0.34257,2.871,0.076578,0.055487,22.98,1.4226,0.078026,0.042849,0.2757,0.64342,0.29249,12.841,0.603,4.3836,0.25075,0.059862,97.055,3.7608,3.7435,0.076197,1.3801,,0.65169,0.05521,0.00821,0.096138,0.056536,155.94,132.96,0.68059,1.4582,24.323,0.035284,0.025566,1.7009,0.34672,0.2659,1.5991,1.5991,5943.9,0.05521,0.090745,0.94522,0,15.883,2.7453,91.697,3.9805,3.3865,0
0.00121,0.87735,0.072284,1.084,-208.43,0.11534,0.00121,0.1398,1.199,0.12265,0.006802,0.001406,0.005092,0.00121,52452,0.006959,1.1398,0.00121,0.001009,230.33,1.0616,0.006463,0.001009,0.068541,0.12147,0.006959,1.1557,1.0737,3.2265,0.73174,0.005661,263.75,1.3839,1.3572,0.00829,1.199,10.387,0.13961,0.006914,0.002579,2.5748,0.00539,283.25,52.925,0.001599,0.20464,231.93,0.001567,0.001307,1.0631,0.86039,0.72259,1.8219,2.0737,121.78,0.006914,0.009862,0.99899,0.13821,1.5847,6.8965,261.92,1.3935,17.81,0
-0.056484,0.84783,0.063073,1.0744,-23.483,0.51767,-0.056484,0.081757,0.99272,0.069316,-0.056484,-0.066622,-0.007111,-0.056484,-11873,-0.030743,1.1795,-0.056484,-0.01541,29.711,0.66472,-0.025609,-0.01541,0.62145,0.069316,-0.030743,-0.069358,0.70789,4.3698,0.21507,-0.01541,83.812,4.355,-0.030205,-0.025609,3.6709,,0.069316,-0.006987,0.074422,5.7949,-0.006987,84.424,54.713,-0.18931,0.72248,29.495,-0.056028,-0.015285,1.0744,0.84783,0.22962,0.77796,0.77796,1478.1,-0.007329,-0.81488,1.0073,0,12.285,6.6712,84.426,4.3233,41.138,0
0.022328,0.5429,0.15586,1.3085,-47.936,0,0.035847,0.84197,1.672,0.4571,0.087703,0.070946,0.038002,0.035847,3118.7,0.11704,1.842,0.035847,0.02144,69.55,1.0318,0.073841,0.013354,0.32332,0.26511,0.092135,1.4239,0.45995,4.2057,0.31937,0.039152,116.4,3.1359,2.9185,0.087531,1.672,9.1023,0.49473,0.052352,0.10586,0.17823,0.044164,132.65,63.102,0.070084,0.67794,73.392,0.046149,0.027601,1.2178,0.50527,0.31889,1.3489,1.46,2502.9,0.052352,0.048847,0.97888,0.082328,5.2481,5.7843,110.3,3.3091,4.934,0
0.003073,0.21486,0.28288,2.5202,-1.0231,0.034214,0.005609,3.6288,0.95855,0.77968,0.005609,0.030145,0.033524,0.005609,2069.4,0.17638,4.6543,0.005609,0.004962,39.384,1.1101,0.012531,0.002718,0.047265,0.77968,0.16458,0.10626,0.5327,3.9979,0.13649,0.004962,57.591,6.3378,0.058323,0.012531,1.2022,12.058,0.80845,0.011085,1.2077,0.15761,0.011085,78.859,39.475,0.025193,1.8647,37.752,-0.019756,-0.017477,2.1827,0.18608,0.15778,1.4682,1.5224,2815,-0.043245,0.003941,1.0432,0.036907,9.2676,9.2465,60.082,6.075,2.1288,0
0.027122,0.62768,0.011291,1.0201,-14.378,0.098621,0.041921,0.56003,1.0315,0.35152,0.041921,0.074764,0.074933,0.041921,2152.1,0.1696,1.5932,0.041921,0.029508,14.566,0.83755,0.049143,0.019091,0.13693,0.35152,0.14602,0.3568,0.026382,4.2858,0.37622,0.029508,148.59,2.4564,0.078293,0.049143,1.471,7.6945,0.41849,0.034592,0.17875,0.18153,0.034592,121.21,106.64,0.47839,0.91902,15.024,-0.015391,-0.010834,0.91129,0.56071,0.4071,0.8213,0.97778,218.07,0.030494,0.077158,0.96951,0.19052,25.058,3.4226,144.06,2.5337,3.3193,0
0.1716,0.046786,0.58691,13.544,515.38,1.4774,0.1716,20.374,0.97357,0.95321,0.1716,3.6677,0.42993,0.1716,99.519,3.6677,21.374,0.1716,0.42993,0,1.2,-0.008869,0.42993,1.4774,0.95321,3.6677,-0.21635,1.6022,2.5573,-0.52549,0.42993,41.655,8.7624,-0.18957,-0.008869,0.58161,,0.95321,-0.022222,5.4828,-0.17342,-0.022222,344.93,344.93,,13.544,0,-0.008869,-0.022222,13.544,0.046786,0.11412,2.6022,2.6022,211.75,-0.027153,0.18002,1.0272,0,,1.0582,42.786,8.5308,1.0896,0
-0.019807,0.25253,0.36945,2.4659,31.835,0.0186,-0.017818,2.9042,0.98527,0.73341,-0.017818,-0.070697,0.011661,-0.017818,5128.5,0.071172,3.9599,-0.017818,-0.01156,54.471,1.1705,-0.01876,-0.012851,0.032141,0.73341,0.063295,-0.11992,0.97602,4.5642,0.15999,-0.01156,58.805,6.2069,-0.074288,-0.01876,1.552,782.9,0.73391,-0.012172,0.040461,0.48749,-0.012172,144.76,90.289,-0.086112,1.5532,53.668,-0.054551,-0.035393,2.461,0.25203,0.16111,1.9375,1.9389,13544,-0.014955,-0.027007,1.015,0.000682,6.7008,4.0426,59.685,6.1155,4.0718,0
0.046658,0.35585,0.15667,1.7372,-1.2986,0.078109,0.058747,1.7954,1.0626,0.6389,0.058747,0.27641,0.099515,0.058747,926.79,0.39383,2.8101,0.058747,0.041715,41.658,1.1321,0.082234,0.033131,0.099629,0.6389,0.35986,0.62047,0.24838,5.5769,0.25208,0.041715,58.533,6.2358,0.23109,0.082234,1.414,1.4547,0.78222,0.058392,0.006021,0.071497,0.058392,95.36,53.702,0.29029,0.98092,44.265,0.000834,0.000592,1.0375,0.21254,0.16036,1.0129,1.2401,59144,0.058903,0.073029,0.9411,0.22432,8.7619,6.7968,55.085,6.6261,2.2326,0
0.067526,0.12319,0.26996,4.3114,43.521,0,0.083884,7.1174,1.5026,0.87681,0.088806,1.029,0.10426,0.083884,287.01,1.2717,8.1174,0.083884,0.055825,26.277,1.0151,0.08436,0.044938,0.65098,0.36616,1.139,17.141,0.41627,4.8337,-0.002339,0.055839,21.097,17.301,11.449,0.092192,1.5026,,0.87681,0.061353,1.5551,0.026131,0.056141,54.582,28.306,0.62422,2.9845,27.994,0.011576,0.007704,2.8531,0.081523,0.0578,1.352,1.352,18409,0.061353,0.077014,0.94508,0,13.891,12.895,19.802,18.432,2.317,0
-0.008047,0.070891,0.93271,57.751,66.963,0,-0.008047,13.106,4.5484,0.92907,0.07482,-0.4896,0.017217,-0.008047,330.41,1.1047,14.106,-0.008047,-0.001769,0,,0.074136,-0.001769,0.33426,0.020953,1.1047,0.89464,18.333,4.1381,-0.13573,-0.00056,1.2173,309.5,71.753,-0.37963,5.1614,,0.92907,-0.083464,42.036,0.014723,0.016299,20.726,20.726,,42.036,0,-0.012223,-0.002687,13.389,0.016435,0.003231,18.261,18.261,12820,-0.083464,-0.008661,0.98551,0,,17.611,1.3189,276.75,89.401,1
0.14715,0.51631,-0.037746,0.90699,-50.693,0,0.14715,0.93681,1.4735,0.48369,0.18615,0.36259,0.12061,0.14715,1060.4,0.34422,1.9368,0.14715,0.099863,34.219,1.0346,0.18347,0.099863,0.41948,0.45193,0.34422,4.7037,-0.059732,3.7878,0.34882,0.11306,113.84,3.2064,2.5202,0.17228,1.4735,2.4521,0.57746,0.11692,0.013211,0.080404,0.12452,89.848,55.629,1.0652,0.56659,38.75,0.1529,0.10377,0.71289,0.40582,0.31188,0.76542,0.91381,-231.54,0.11692,0.30422,0.90112,0.19386,10.667,6.5613,100.53,3.6309,2.3318,0
-0.17774,0.93361,-0.11319,0.78716,-53.113,0,-0.18738,0.07111,2.2406,0.066389,-0.096951,-0.35234,-0.026905,-0.18738,-5652.8,-0.06457,1.0711,-0.18738,-0.083631,34.226,1.1576,-0.096966,-0.079327,-0.10247,-0.1321,-0.054241,-1.0723,-0.1947,3.4111,0.40146,-0.068405,82.794,4.4085,2.5112,-0.10394,2.2406,0.56258,0.43704,-0.046391,0.071377,1.0328,-0.043277,62.011,27.785,-0.84596,0.39209,32.709,-0.22406,-0.1,0.44839,0.53181,0.22683,0.11419,0.75172,-291.69,-0.046391,-2.6772,1.0826,5.5829,10.664,13.137,86.635,4.2131,3.8539,0
0.1646,0.55315,0.39068,2.3485,16.812,0.34517,0.20571,0.64548,1.1412,0.35705,0.20571,0.71005,0.1137,0.20571,981.5,0.37188,1.8078,0.20571,0.1137,63.658,1.4325,0.21648,0.090975,0.42571,0.35705,0.29756,1.3654,1.2224,4.4554,0.2647,0.1137,66.696,5.4726,0.39136,0.21648,1.8334,1.3849,0.62049,0.11965,0.26007,0.084007,0.11965,122.06,58.406,0.52163,1.2594,72.644,0.21648,0.11965,1.23,0.28971,0.18273,1.1171,1.9414,11150,0.12369,0.46099,0.87631,0.73784,5.7338,6.2494,58.446,6.245,5.6608,0
0.44012,0.62177,0.36346,1.6618,-50.976,0,0.44012,0.60832,2.707,0.37823,0.46158,0.80136,0.17153,0.44012,488.75,0.74681,1.6083,0.44012,0.16258,76.466,1.2692,0,0.16258,0.96442,0.36682,0.74681,0,4.1618,3.3659,0.20936,0.32516,131.65,2.7725,2.449,0.052864,2.707,4.7626,0.45079,0.019528,0.11572,0.85562,0,114.49,38.023,0.77606,0.62918,135.94,-0.024223,-0.008948,1.4679,0.54921,0.36068,4.331,5.1618,843.98,0.4375,1.1636,0.5787,0.19183,4.7734,9.5995,74.052,4.929,30.997,0
0.022719,0.48524,-0.000995,0.99701,-68.989,0.066056,0.034776,1.051,1.0618,0.50999,0.034776,0.10442,0.09567,0.034776,1858.6,0.19639,2.0608,0.034776,0.034912,59.905,0.94989,0.05387,0.022808,0.093683,0.50999,0.17154,0.57425,-0.001489,4.2954,0.48703,0.034912,129.58,2.8168,0.11102,0.05387,1.0024,1.1075,0.66219,0.054082,0.011466,0.13946,0.054082,120.27,60.368,0.13897,0.50614,63.608,-0.00665,-0.006676,0.68429,0.33304,0.35502,0.76351,0.99137,-19.64,0.058216,0.044547,0.94178,0.29844,6.0929,6.0462,122.04,2.9909,1.4912,0
0.059593,0.65904,0.049671,1.1191,-36.758,0.11068,0.059593,0.48762,1.0986,0.32136,0.059593,0.14295,0.14254,0.059593,1481.3,0.2464,1.5174,0.059593,0.052308,43.639,0.85,0.088347,0.052308,0.1129,0.32136,0.2464,0.85196,0.093115,5.069,0.5211,0.052308,146.74,2.4874,0.13405,0.088347,1.1425,1.3643,0.5635,0.077546,0.17799,0.11336,0.077546,125.7,82.065,0.43751,0.79242,47.944,-0.014449,-0.012683,0.70795,0.41689,0.40203,0.60244,1.0564,5821.8,0.08979,0.18544,0.91021,0.75349,8.3641,4.4477,133.56,2.7328,2.1357,0
0.13846,0.07828,0.50877,8.5517,206.18,0,0.13846,11.775,0.86611,0.92172,0.14337,2.0551,0.22764,0.13846,144.92,2.5187,12.775,0.13846,0.15986,47.677,1.2002,0.13622,0.15986,0.36138,0.59404,2.5187,27.722,1.2003,3.6681,-0.20003,0.16553,33.151,11.01,9.476,0.12433,0.86611,42.445,0.93263,0.14355,3.7989,0.013386,0.15728,134.94,87.263,1.2238,6.8724,55.668,0.077516,0.089499,7.36,0.067372,0.090824,2.1746,2.2003,2369.2,0.14355,0.15022,0.84392,0.011835,7.6556,4.1827,28.392,12.856,2.0434,0
-0.10104,0.27523,-0.0467,0.8081,-96.589,-0.24478,-0.079965,2.6333,0.92498,0.72477,-0.079965,-0.32859,-0.061297,-0.079965,-2790.9,-0.13078,3.6333,-0.079965,-0.13617,58.92,1.0412,-0.039627,-0.17206,-0.25233,0.72477,-0.20735,-0.62419,-0.058133,5.3331,0.40944,-0.13617,139.92,2.6087,-0.14398,-0.039627,0.6027,3.1961,0.75664,-0.067482,0.21302,2.0839,-0.067482,90.014,31.094,-1.0659,0.41858,54.5,-0.083597,-0.14236,0.71452,0.24336,0.38333,0.90219,0.94187,-10056,-0.081108,-0.13941,1.0811,0.043975,6.1948,11.739,151.26,2.413,0.73099,0
-0.49414,3.3633,-2.8176,0.16226,-498.77,-0.49414,-0.49414,-0.78767,0.90134,-2.6492,-0.49414,-0.14692,-0.22253,-0.49414,-2604.9,-0.14012,0.29733,-0.49414,-0.23333,69.888,1.6822,-0.22426,-0.23333,-0.49414,-2.6492,-0.14012,,-6.2023,4.1378,1.5819,-0.23333,522.47,0.6986,-0.066678,-0.22426,2.1829,,-2.6492,-0.10589,0.004077,-0.54906,-0.10589,91.692,21.804,-1.2186,0.041691,62.993,-0.24713,-0.11669,0.16226,3.3633,1.4314,-5.8316,-5.8316,-38698,-0.10945,0.18653,1.1095,0,5.2226,16.74,579.66,0.62968,4.6619,1
0.010065,0.35157,0.052654,1.1601,54.449,0.35437,0.012882,1.8419,1.0606,0.64757,0.012882,0.039168,0.18374,0.012882,1887.7,0.19336,2.8444,0.012882,0.034819,4.1262,0.079882,0.024556,0.027205,0.41572,0.64757,0.18535,0.70395,0.085138,3.7997,0.93773,0.034819,344.15,1.0606,0.069846,0.024556,0.38519,16.645,0.67024,0.066371,0.026369,0.14511,0.066371,367.86,363.73,2.4065,1.1474,4.3764,-0.030542,-0.08255,1.0853,0.3289,0.94286,1.0471,1.0838,331.97,0.057171,0.015543,0.94283,0.03501,88.459,1.0035,324.47,1.1249,0.59824,0
0.097964,0.1438,0.36283,3.545,215.22,0.20684,0.12191,5.5375,1.227,0.7963,0.12191,0.8551,0.28012,0.12191,330.54,1.1042,6.9541,0.12191,0.21506,67.806,1.2858,0.10359,0.17282,0.25827,0.7963,0.93773,2.2421,0.73358,5.5516,-0.095291,0.21506,112.63,3.2406,0.72036,0.10359,0.5947,324.3,0.79753,0.18274,1.4112,0.033656,0.18274,195.87,128.07,0.93027,2.8063,83.197,0.066707,0.11768,3.5146,0.14257,0.30858,1.61,1.6125,129220,0.18499,0.12302,0.81501,0.001549,5.383,2.8501,91.796,3.9762,1.1461,0
-0.059244,0.31207,0.08552,1.4635,-219.35,-0.098862,-0.057898,2.2044,0.29161,0.68793,-0.037749,-0.31377,-0.013069,-0.057898,-29888,-0.012212,3.2044,-0.057898,-0.19855,228.79,0.80803,-0.047726,-0.20316,-0.14203,0.60547,-0.016525,-2.3687,0.11716,5.1891,1.0702,-0.19855,302.92,1.3267,0.78447,0.069267,0.29161,0.68415,0.81547,0.23754,0.028473,1.6355,-0.16367,331.44,102.65,-0.32412,0.47289,272.52,-0.10181,-0.34915,0.86533,0.18453,0.75375,0.94243,1.1172,1.4635,0.23754,-0.086119,0.8604,0.18541,1.5953,3.5559,230.97,1.5803,0.39948,0
0.19539,0.253,0.5366,3.1285,164.26,-0.05306,0.19927,2.9526,1.2566,0.747,0.21851,0.79041,0.16896,0.19927,434.92,0.83923,3.9526,0.19927,0.15857,0,1.3222,0.21851,0.15549,0.18273,0.14233,0.82389,11.353,2.5396,3.9071,0.17101,0.15857,88.579,4.1206,4.106,0.21779,1.2566,,0.747,0.17332,0.42311,0.036418,0.17389,198.11,198.11,,3.1285,0,0.20546,0.1635,3.1174,0.25211,0.24268,3.5354,3.5354,4332.4,0.17332,0.26156,0.84213,0,,1.8425,73.227,4.9845,5.9473,0
0.081354,0.64064,0.24803,1.3954,-83.086,0.22727,0.081354,0.55064,1.1027,0.35276,0.081354,0.12969,0.088629,0.081354,2207.1,0.16538,1.5609,0.081354,0.068056,147.82,1.1465,0.095968,0.068056,0.22727,0.35276,0.16538,0.88528,1.9894,4.4323,0.53465,0.068056,211.21,1.7281,0.1498,0.095968,1.2003,29.317,0.36611,0.080281,0.015872,0.1747,0.080281,264.23,116.41,0.16805,0.62366,163,0.071374,0.059708,1.3663,0.6273,0.57866,2.8294,2.9365,6710.5,0.093152,0.23062,0.90685,0.037828,2.4693,3.1354,191.54,1.9056,9.5881,0
0.037449,0.60651,0.064913,1.1751,-47.439,0,0.046555,0.64877,1.3915,0.39349,0.06986,0.12555,0.04623,0.046555,3441.3,0.10607,1.6488,0.046555,0.033456,61.753,1.0849,0.06983,0.026912,,0.31413,0.091051,2.9964,0.11503,3.7626,0.43487,0.044979,99.817,3.6567,2.2355,0.035625,1.3915,0.89031,0.61844,0.025602,0.019409,0.23077,0.050183,112.4,50.647,0.15907,0.54014,63.376,0.052055,0.037409,0.71838,0.3708,0.27347,0.69731,1.096,375.81,0.025602,0.095172,0.96765,0.5717,5.9106,7.2068,97.261,3.7528,2.466,0
-0.18122,0.62816,-0.039983,0.92438,-136.26,-0.000258,-0.18122,0.59194,1.0065,0.37184,-0.1541,-0.34271,-0.13196,-0.18122,-1726.3,-0.21143,1.5919,-0.18122,-0.18005,139.42,0.88874,-0.1541,-0.18005,-0.17858,0.034766,-0.21143,-5.6819,-0.078213,4.2869,0.61649,-0.16117,235.36,2.2225,1.8708,-0.11132,1.0219,1.633,0.43574,-0.11061,0.018464,-0.19811,-0.15311,173.72,34.302,-0.47138,0.19734,119.4,-0.2025,-0.2012,0.77812,0.52877,0.44995,0.72736,0.85236,0.92438,0.18524,-0.48736,0.88519,0.17185,2.618,10.641,191.76,1.9034,1.9688,1
0.085704,0.2361,0.34896,2.5831,26.787,0.37813,0.10732,3.2355,1.0442,0.7639,0.10732,0.48687,0.095096,0.10732,457.13,0.79845,4.2355,0.10732,0.054139,36.54,1.0295,0.1018,0.043233,0.47472,0.7639,0.70688,0.53621,0.8104,5.4758,0.087167,0.054139,42.38,8.6126,0.43117,0.1018,2.0058,23.678,0.77957,0.051353,0.35651,0.042418,0.051353,90.369,53.829,0.43186,1.6828,38.154,0.020609,0.010396,2.4117,0.22043,0.11611,1.774,1.8104,104380,0.042303,0.11219,0.9577,0.020508,9.989,6.7807,40.587,8.993,4.6037,0
0.1466,0.34967,0.48467,2.3969,40.215,0.23396,0.18973,1.7465,1.1151,0.61071,0.18973,0.54681,0.099715,0.18973,589.41,0.61926,2.8598,0.18973,0.087371,42.044,1.4967,0.20738,0.067509,0.3237,0.61071,0.49592,1.0649,2.879,4.0762,0.13677,0.087371,65.032,5.6126,0.59306,0.20738,2.2128,215.9,0.6134,0.095496,0.20937,0.04909,0.095496,127.57,85.531,0.58608,1.6759,46.882,0.18057,0.083152,2.3784,0.34698,0.17817,3.6276,3.6436,5776.3,0.10321,0.24005,0.89679,0.00441,8.6815,4.2675,58.32,6.2585,12.899,0
0.047216,0.49277,-0.03286,0.91976,-56.735,0.14062,0.05957,0.81815,1.0312,0.40316,0.05957,0.14547,0.081466,0.05957,1386.1,0.26332,2.0293,0.05957,0.0374,44.778,1.1827,0.12023,0.029643,0.17703,0.40316,0.23825,0.77839,-0.052715,4.7522,0.30701,0.0374,96.771,3.7718,0.24398,0.12023,1.6723,2.1768,0.48642,0.075483,0.019212,0.085081,0.075483,84.509,39.732,0.24164,0.4426,46.175,0.05004,0.031417,0.76435,0.40951,0.26513,0.64676,0.78034,-1857.2,0.030267,0.11711,0.96973,0.20653,8.1514,9.1866,93.842,3.8895,2.5552,0
0.16019,0.32415,0.51429,2.8306,1.3669,0,0.19823,2.085,1.4217,0.67585,0.21941,0.70559,0.15053,0.19823,552.85,0.66021,3.085,0.19823,0.13943,116.87,1.2009,0.21733,0.11267,0.45571,0.61079,0.54286,10.262,2.5115,4.348,0.22438,0.14517,85.399,4.2741,3.7043,0.22099,1.4217,8.8373,0.71432,0.15544,0.21254,0.046351,0.15286,188.83,71.959,0.35189,1.2102,138.38,0.20155,0.14176,2.4533,0.28094,0.23397,3.3005,3.4884,11462,0.15544,0.23702,0.86092,0.056926,3.1231,5.0724,72.125,5.0607,6.943,0
0.019134,0.89446,-0.87013,0.027205,-2668.8,-0.003929,0.019134,0.11799,0.15779,0.10554,0.024719,0.021392,0.12126,0.019134,17063,0.021392,1.118,0.019134,0.12126,0,1.6211,0.024694,0.12126,-0.051724,0.048176,0.021392,4.4219,-0.89183,2.3875,5.5405,0.12126,2781.5,0.13122,0.13122,0.04042,0.15779,,0.10554,0.25615,0.022587,1.2074,0.1565,9.5534,9.5534,,0.027205,0,0.024694,0.1565,0.027205,0.89446,7.6206,0.10817,0.10817,-212.37,0.25615,0.1813,0.87878,0,,38.206,2069,0.17641,0.16173,0
0.12713,0.2228,0.59975,3.7056,54.862,0,0.15912,3.4883,1.6051,0.7772,0.21635,0.71783,0.11308,0.15912,448.06,0.81463,4.4883,0.15912,0.099136,82.843,1.1882,0.16078,0.079205,0.3742,0.66256,0.67104,2.8096,3.3585,3.8511,-0.042145,0.09924,55.875,6.5324,6.4994,0.15703,1.6051,,0.7772,0.097835,1.3923,0.040549,0.10017,116.61,33.767,0.34897,2.0621,91.827,0.1384,0.086224,3.6868,0.22167,0.15308,4.3522,4.3522,4256.3,0.097835,0.16358,0.90444,0,4.4059,10.809,50.409,7.2408,8.9884,0
0.088355,0.55375,0.2047,1.4425,24.638,0,0.11315,0.80587,1.7546,0.44625,0.13732,0.2446,0.078986,0.11315,1458.4,0.25027,1.8059,0.11315,0.064488,18.615,1.5804,0.12953,0.050356,0.30725,0.24851,0.20549,5.3598,0.61527,3.6677,0.31141,0.070563,103.84,3.515,2.9364,0.12857,1.7546,,0.44625,0.073277,0.028159,0.11911,0.073822,136.11,117.49,0.98736,1.2491,20.087,0.10409,0.059325,1.2051,0.4626,0.2845,1.3413,1.3413,952.36,0.073277,0.19799,0.93679,0,19.608,3.1067,96.232,3.7929,5.2738,0
0.011029,0.1153,0.20832,2.8389,22.596,0.032891,0.011029,6.4591,1.0093,0.74473,0.011029,0.097356,0.057844,0.011029,904.52,0.40353,8.6731,0.011029,0.013712,67.497,1.2123,0.011604,0.013712,0.032891,0.74473,0.40353,0.1456,0.30707,4.5747,0.13087,0.013712,51.884,7.0349,0.10064,0.011604,0.82222,85.886,0.74674,0.014426,0.19258,0.080479,0.014426,136.04,68.541,0.074148,1.5259,68.123,-0.023894,-0.029706,2.7893,0.11329,0.14215,1.0978,1.1007,7823.8,0.009185,0.014809,0.99081,0.002703,5.4076,5.3253,51.407,7.1001,1.1857,0
-0.17505,1.7683,-0.98002,0.44579,-39.754,-0.85325,-0.21292,-0.43448,0.98426,-0.76829,-0.21292,-0.12041,-0.016102,-0.21292,-3031.4,-0.12041,0.56551,-0.21292,-0.016102,13.9,1.0834,-0.21356,-0.013238,-1.0568,-0.76829,-0.098993,-0.15896,-4.6287,2.695,0.11851,-0.016102,48.041,7.5977,-0.12077,-0.21356,13.224,,-0.76829,-0.01615,0.11378,-0.27222,-0.01615,16.205,2.3056,-0.34762,0.16101,13.681,-0.21356,-0.01615,0.44579,1.7683,0.13162,-3.6287,-3.6287,-485.5,-0.015995,0.22784,1.016,0,26.259,158.31,48.809,7.4781,62.455,0
0.035339,0.68802,-0.12005,0.69043,-95.9,-0.17773,0.040714,0.45346,1.3696,0.31198,0.085686,0.10499,0.07851,0.040714,2335.5,0.15629,1.4535,0.040714,0.029727,47.114,1.2387,0.085418,0.025802,0.042639,0.21395,0.14847,1.8994,-0.16395,4.0964,0.50206,0.06104,113.74,3.2342,1.823,0.1251,1.3696,0.4275,0.52476,0.091339,0.04455,0.15065,0.062367,66.751,19.637,0.1999,0.23456,51.448,0.018605,0.013584,0.38916,0.3878,0.3092,0.42606,0.71664,0.69043,0.091339,0.11327,0.87477,0.68201,7.7472,18.587,103.35,3.5317,1.8704,0
0.11901,0.34264,0.23521,1.8927,-4.3786,0.23401,0.12105,1.8874,1.135,0.6467,0.12105,0.45944,0.14116,0.12105,787.54,0.46347,2.9185,0.12105,0.10761,79.461,1.1732,0.133,0.10579,0.24398,0.6467,0.45752,1.3418,0.46918,4.1343,0.29281,0.10761,97.025,3.7619,0.38816,0.133,1.1276,3.2062,0.72585,0.11822,0.057445,0.065973,0.11822,156.89,77.431,0.48596,0.96319,90.184,0.095249,0.084669,1.4554,0.26348,0.26582,1.29,1.4479,3204.6,0.11891,0.18403,0.88109,0.1224,4.5935,4.7139,85.488,4.2696,2.244,0
-0.079521,0.47259,0.38192,2.1792,-66.52,0,-0.079521,1.116,0.98574,0.52741,-0.053984,-0.24554,-0.0567,-0.079521,-3086.2,-0.11827,2.116,-0.079521,-0.080672,198.75,0.9796,-0.05591,-0.080672,1.0086,0.42988,-0.11827,-2.1893,1.2981,3.837,0.47752,-0.063546,113.28,3.3053,2.2652,-0.057833,0.98574,,0.52741,-0.058669,0.12497,-0.488,-0.056719,246.35,47.602,-0.14815,0.52191,183.02,-0.07954,-0.08069,1.4935,0.32387,0.30254,1.7926,1.7926,2623.9,-0.058669,-0.15078,1.1119,0,1.8365,7.6678,119.92,3.0436,3.3505,1
-0.091703,0.66751,-0.031838,0.95001,-62.75,-0.070601,-0.10169,0.46153,1.0123,0.30808,-0.10169,-0.15967,-0.040134,-0.10169,-3471.6,-0.10514,1.4981,-0.10169,-0.05815,53.773,0.95818,-0.006997,-0.052441,-0.078878,0.30808,-0.090182,-0.040505,-0.08061,4.9602,0.36163,-0.05815,134.56,2.7125,-0.010483,-0.006997,1.7605,11.338,0.33872,-0.004002,0.064834,0.89544,-0.004002,117.67,63.895,-0.35596,0.54549,54.432,-0.038503,-0.022018,0.9064,0.63687,0.36866,0.78,0.85758,-2904.9,0.012108,-0.29766,0.98789,0.099457,6.7878,5.7125,132.93,2.7458,4.4274,0
-0.00623,0.56749,0.032256,1.0572,-22.746,-0.011629,0.002894,0.64915,1.0008,0.36838,0.002894,0.005135,0.03514,0.002894,2854.7,0.12786,1.7622,0.002894,0.001402,27.158,1.2227,0.010528,-0.003017,0.001088,0.36838,0.11178,0.05103,0.079829,4.3484,0.2316,0.001402,99.724,3.6601,0.018552,0.010528,2.0798,116.07,0.3722,0.005099,0.16648,0.23265,0.005099,88.754,61.596,-0.040547,0.78466,27.181,-0.059137,-0.02864,1.0501,0.56368,0.27322,0.91169,0.92112,719.43,0.000847,-0.01691,0.99915,0.010344,13.44,5.9258,99.639,3.6632,5.1102,0
0.004972,0.18146,0.4112,3.2661,104.2,0.078852,0.010542,4.4043,0.99612,0.7992,0.010542,0.058094,0.045409,0.010542,1532,0.23825,5.5109,0.010542,0.011072,52.248,1.228,-0.003149,0.005222,0.10115,0.7992,0.20756,-0.032941,1.0095,4.5668,-0.027747,0.011072,69.297,5.2672,-0.017351,-0.003149,1.0125,,0.7992,-0.003307,1.1881,0.20194,-0.003307,144.56,92.308,0.03648,2.515,52.045,-0.035839,-0.037644,3.2661,0.18146,0.18985,1.962,1.962,15166,-0.003896,0.006221,1.0039,0,6.986,3.9541,69.567,5.2468,2.3373,0
0.062107,0.27772,0.67135,3.4174,61.42,0,0.085127,2.6007,3.521,0.72228,0.085145,0.30652,0.026557,0.085127,1084.1,0.3367,3.6007,0.085127,0.024177,7.4322,1.036,0.080666,0.017639,0.3083,0.66808,0.25381,4342.4,13.183,3.3843,-0.016446,0.024177,29.498,12.374,12.374,0.084573,3.521,,0.72228,0.024019,1.2618,0.10396,0.02291,62.059,54.626,0.86625,3.1592,7.6152,0.072284,0.020529,3.4174,0.27772,0.080816,14.183,14.183,1626.3,0.024019,0.085988,0.97588,0,49.11,6.6817,28.789,12.678,69.142,0
-0.52873,0.017826,0.98217,56.098,108.17,0,-0.52873,55.098,0.014598,0.98217,0.051204,-29.66,-36.219,-0.52873,-12.306,-29.66,56.098,-0.52873,-36.219,102.71,,-0.073376,-36.219,-0.52873,0.88974,-29.66,-0.12653,,2.7366,-0.48241,-36.212,80.086,5.2181,5.2181,-0.066646,0.14424,,0.98217,-4.5653,54.694,-0.008098,-5.0264,625.45,522.74,-128.71,55.867,16.12,-0.073376,-5.0264,56.098,0.017826,0.19164,,,535.55,-4.5653,-0.53833,4.6655,0,3.5536,0.69825,445.7,0.81893,,1
0.039279,0.62303,0.012278,1.0207,-88.283,0.090994,0.047133,0.59443,1.059,0.37035,0.047133,0.079458,0.058673,0.047133,3345.5,0.1091,1.6051,0.047133,0.040684,74.969,0.98778,0.062257,0.033904,0.11567,0.37035,0.096496,0.5691,0.031119,4.7765,0.4805,0.040684,197.92,1.8442,0.099927,0.062257,1.1738,12.315,0.40019,0.053739,0.17505,0.24649,0.053739,158.04,83.071,0.16507,0.61955,79.394,0.041417,0.03575,0.97181,0.59318,0.54224,0.93869,1.0143,733.9,0.055729,0.10606,0.94427,0.080581,4.8687,4.3938,186.89,1.9531,2.9364,0
0.46179,0.21354,0.7055,5.516,106.09,0,0.61387,3.6829,2.9493,0.78646,0.64018,3.9295,0.21848,0.61387,120.96,3.0175,4.6829,0.61387,0.20814,1.3174,1.2229,0.58686,0.15658,0.89866,0.70559,2.3053,22.307,5.1022,2.7998,-0.12057,0.20814,24.157,15.11,11.054,0.58882,2.9493,,0.78646,0.19965,3.6958,0.01153,0.19898,35.191,33.874,43.38,5.4479,1.6461,0.55635,0.18864,4.0353,0.15622,0.066182,5.6876,5.6876,444.97,0.19965,0.58718,0.79557,0,277.05,10.775,19.334,18.879,21.329,0
0.014765,0.35785,0.037928,1.1205,-22.047,-0.002963,0.015865,1.7425,1.0251,0.62354,0.015865,0.050417,0.077075,0.015865,1187.4,0.3074,2.7945,0.015865,0.011116,29.728,1.3353,0.033889,0.010345,0.003778,0.62354,0.30433,0.24341,0.058584,4.9271,0.184,0.011116,82.492,4.4247,0.094703,0.033889,1.4461,5.4736,0.66672,0.023745,0.30644,0.091893,0.023745,65.513,35.785,0.12702,0.75111,30.474,-0.060249,-0.042214,0.98532,0.31467,0.22601,0.96313,1.0298,3206.4,0.024471,0.02368,0.97553,0.06925,12.278,10.2,80.473,4.5357,2.2045,0
0.000849,0.2995,0.25642,3.301,6.3418,0,0.001988,2.3389,1.0678,0.7005,0.029707,0.017837,0.039996,0.001988,2559.6,0.1426,3.3389,0.001988,0.001862,79.81,0.63603,0.024734,0.000795,0.19521,0.61762,0.1388,0.89231,0.40563,4.1784,0.26126,0.027819,38.138,9.5706,3.5611,0.001298,1.0678,0.73408,0.88354,0.001216,0.22771,0.15252,0.023162,117.06,37.254,0.003635,1.2057,79.907,-0.015988,-0.014972,1.2282,0.11144,0.10449,1.1081,1.3977,3866.4,0.001216,0.001212,0.99819,0.2613,4.5734,9.7976,38.091,9.5823,1.6892,0
0.019612,0.81015,0.019281,1.054,-20.219,0,0.024926,0.23433,1.4882,0.18985,0.060266,0.069876,0.067652,0.024926,2937.1,0.12427,1.2343,0.024926,0.016749,22.738,0.91057,0.053539,0.013178,0.063036,0.18349,0.11771,1.515,0.030899,3.9962,0.54066,0.037288,89.467,4.0797,1.7964,0.032877,1.4882,1.3204,0.4044,0.022092,0.026898,0.20887,0.035975,89.866,67.128,0.21154,0.79416,23.252,-0.022215,-0.014927,0.46411,0.35672,0.24511,0.30424,0.64808,191.14,0.022092,0.1033,0.98377,1.1301,16.052,5.4374,87.49,4.1719,2.385,0
0.007567,0.38134,-0.08127,0.32988,-125.28,0,0.007567,1.6223,0.3929,0.61866,0.007567,0.062392,0.019325,0.007567,18332,0.019911,2.6223,0.007567,0.019259,0.85072,0.98801,0,0.019259,0.086654,0.59981,0.019911,,-0.084657,4.0268,0.96276,0.045187,182.13,2.004,0.63734,0.005632,0.3929,0.15034,0.87868,0.014335,0.044995,488.13,0,32.097,31.246,8.2628,0.32233,1.3753,-0.000026,-0.000066,0.10491,0.12128,0.49899,0.64444,0.9153,-864.48,0.38141,0.012231,0.62272,0.42029,429.05,11.681,112.66,3.2397,0.40927,0
0.031812,0.21387,0.11737,1.7497,-14.202,0.079064,0.046122,3.6758,1.033,0.78613,0.046122,0.29463,0.032919,0.046122,1692.5,0.21566,4.6758,0.046122,0.032919,44.507,1.1775,0.046882,0.022705,0.10678,0.78613,0.14875,0.34565,0.16165,6.3908,0.15234,0.032919,42.127,8.6643,0.21921,0.046882,1.4057,1.7981,0.84345,0.033461,0.002948,0.14998,0.033461,71.237,26.73,0.1862,0.65839,45.975,0.046882,0.033461,1.2808,0.15655,0.11542,1.0827,1.1616,288620,0.031931,0.040467,0.96807,0.072917,8.2009,13.655,40.782,8.9501,1.9297,0
-0.017312,0.94695,-0.10071,0.80097,-65.716,0.095898,-0.006682,0.054796,1.099,0.051889,-0.006682,-0.013207,0.088181,-0.006682,3741,0.097568,1.056,-0.006682,-0.006378,19.125,1.1159,0.08578,-0.016523,0.12232,0.051889,0.086343,0.89976,-0.16933,5.2681,0.89544,-0.006378,193.71,1.8842,0.090586,0.08578,1.0547,0.79454,0.49286,0.081871,0.017974,0.16842,0.081871,138.01,118.89,-0.31534,0.69246,21.018,-0.013294,-0.012688,0.42797,0.50598,0.53072,0.087248,0.82871,-18670,0.090072,-0.33363,0.90993,8.4983,19.085,3.0701,176.27,2.0707,1.7617,0
0.056022,0.060775,-0.006315,0.8961,-11.057,-0.98999,0.056022,9.0076,0.65264,0.54744,0.056022,0.9218,0.57044,0.056022,172.77,2.1126,16.454,0.056022,0.2489,2.2177,0.38701,0.058661,0.2489,-0.98999,0.54744,2.1126,1.701,-0.006679,4.225,0.26708,0.2489,64.322,5.6745,0.96523,0.058661,0.43519,,0.54744,0.26063,0.022178,0.015249,0.26063,86.131,83.913,40.966,0.87359,1.4474,-0.013709,-0.060908,0.8961,0.060775,0.17623,0.57897,0.57897,-106.02,-0.53223,0.10234,1.5322,0,164.58,4.3497,98.557,3.7034,0.23804,0
0.035193,0.56521,0.1184,1.705,-85.922,0,0.035193,0.76925,0.57234,0.43479,0.043334,0.20957,0.097894,0.035193,3682.1,0.099128,1.7693,0.035193,0.061491,136.09,1.0531,0,0.061491,0.074849,0.4289,0.099128,0,0.1659,3.9287,0.98319,0.13299,141.94,2.5715,0.76402,0.015735,0.57234,0.26029,0.71498,0.027493,0.033275,0.90427,0,179.04,42.947,0.16492,0.43429,180.37,-0.020835,-0.036403,0.50659,0.16793,0.38888,0.60923,1.0018,1004.6,0.24549,0.080943,0.77268,0.64443,2.682,8.4989,107.1,3.4082,0.80196,0
0.059988,0.54551,0.035844,1.0673,-3.2523,0.19698,0.07534,0.83316,1.0926,0.45449,0.07534,0.14151,0.14017,0.07534,1875.7,0.19459,1.8332,0.07534,0.099482,19.439,1.1299,0.076563,0.07921,0.24608,0.45449,0.16645,1.1046,0.083016,5.2047,0.17894,0.099482,280.36,1.3019,0.14035,0.076563,0.78611,40.246,0.46761,0.1011,0.77291,0.16703,0.1011,75.545,56.107,1.4873,0.99157,21.24,0.045751,0.060412,1.0417,0.53239,0.76812,1.0526,1.083,5743.2,0.084788,0.13199,0.91521,0.02886,18.777,6.5055,256.59,1.4225,1.754,0
0.049845,0.19585,0.77573,4.9862,337.31,0,0.061552,4.106,0.72163,0.80415,0.072375,0.31629,0.1144,0.061552,865.92,0.42152,5.106,0.061552,0.085295,49.863,0.37372,0.06498,0.069073,,0.80081,0.36174,6.0037,26.152,4.1747,-0.17115,0.091415,96.803,3.7705,3.7466,-0.012137,0.72163,,0.80415,-0.016818,1.6889,0.075926,0.090045,324.55,274.69,0.50562,4.4796,49.038,0.043978,0.060942,4.9545,0.19461,0.26521,27.11,27.11,11599,-0.016818,0.061985,0.92396,0,7.3201,1.3288,98.431,3.7082,24.328,0
-0.15187,1.3941,-0.47717,0.58419,-222.78,0.30779,-0.15187,-0.30297,0.99368,-0.42238,-0.15187,-0.13234,-0.052223,-0.15187,-7734.7,-0.04719,0.7173,-0.15187,-0.12055,72.575,1.3523,0.028957,-0.12055,0.30779,-0.42238,-0.04719,0.22841,-1.4478,4.5439,1.0453,-0.12055,330.39,1.1047,0.020771,0.028957,1.3507,1.7033,-0.17585,0.022986,0.070455,0.39844,0.022986,170.81,98.239,-0.60628,0.36592,72.117,-0.05712,-0.045341,0.48088,1.1476,0.90519,-1.2815,-0.53352,-16694,-0.006358,0.35955,1.0064,-0.58368,5.0293,3.7154,332.49,1.0978,3.8222,0
0.074249,0.071071,0.58675,9.2559,307.76,0.17192,0.092611,12.646,1.1143,0.89875,0.092611,1.3031,0.15752,0.092611,215.68,1.6923,14.07,0.092611,0.12129,11.483,1.2037,0.07297,0.097243,0.21509,0.89875,1.434,1.0649,1.7148,4.6063,-0.61147,0.12129,37.859,9.641,1.0267,0.07297,0.78798,,0.89875,0.095568,7.5779,0.023218,0.095568,57.011,45.528,3.0909,8.9179,12.796,0.045305,0.059336,9.2559,0.071071,0.10372,2.6266,2.6266,23700,0.10261,0.082613,0.89739,0,31.786,8.0171,33.974,10.743,2.2314,0
0.10681,0.11861,0.528,5.4516,15.226,0.24617,0.13021,7.3693,1.0519,0.87408,0.13021,1.0978,0.11351,0.13021,276.63,1.3195,8.4309,0.13021,0.094443,124.79,1.2245,0.12995,0.07747,0.29874,0.87408,1.1222,0.99143,1.4941,4.1862,0.05161,0.094443,33.031,11.05,1.0956,0.12995,1.4456,,0.87408,0.09425,0.41953,0.024959,0.09425,158.01,33.219,0.09425,1.4774,131.27,0.10365,0.075181,5.4516,0.11861,0.090496,2.4735,2.4735,8106,0.049351,0.1222,0.95065,0,2.9249,10.988,31.401,11.624,3.9015,0
0.06743,0.38394,0.2437,2.5376,33.547,0,0.083709,1.6045,1.1127,0.61606,0.10814,0.52818,0.11504,0.083709,1094.8,0.33338,2.6045,0.083709,0.075231,50.788,0.98527,0.10701,0.060601,0.34954,0.33001,0.29098,4.3807,0.40764,4.2511,0.33763,0.097016,58.404,6.2496,2.5798,0.12221,1.1127,1.1776,0.82612,0.10983,0.056598,0.084585,0.096175,128.99,78.2,0.43553,1.5607,57.054,0.062723,0.05637,1.0475,0.15849,0.16001,1.0305,1.3819,4345,0.10983,0.10945,0.9251,0.34098,7.1868,4.6675,51.989,7.0207,1.8613,0
-0.011423,0.51816,0.26135,2.4259,-10.148,-0.13475,-0.016041,0.9299,0.93153,0.48184,0.026419,-0.087518,0.033882,-0.016041,5992.2,0.060913,1.9299,-0.016041,-0.017219,110.3,0.99164,0.025727,-0.012262,-0.11656,0.14384,0.069825,0.60592,0.47058,4.2492,0.54434,0.004575,73.101,4.9931,1.7662,0.016378,0.93153,0.62617,0.74235,0.017582,0.083967,0.23554,0.027618,168.19,57.887,-0.040577,0.89003,112.27,-0.021876,-0.023484,0.85809,0.18328,0.20028,0.8676,1.3367,4639.3,0.017582,-0.023706,1.0169,0.54066,3.3091,6.3053,71.815,5.0825,1.6773,0
0.25638,0.77889,0.001185,1.0015,-70.18,0.25638,0.35172,0.28389,1.0236,0.22111,0.35172,0.45157,0.13378,0.35172,772.43,0.47254,1.2839,0.35172,0.12784,68.98,0.65856,0.39548,0.093189,0.35172,0.22111,0.35013,,0.00539,4.4808,0.27733,0.12784,105.78,3.4507,0.50776,0.39548,3.1152,,0.22111,0.14375,0.022997,0.062181,0.14375,101.11,32.135,0.4931,0.33398,70.611,0.37915,0.13781,1.0015,0.77889,0.2898,1.0054,1.0054,35.86,0.023097,1.1595,0.9769,0,5.2914,11.358,103.33,3.5322,12.51,1
-0.017813,0.2635,0.053498,1.203,-38.096,-0.10175,-0.022023,2.1349,0.99708,0.56253,-0.022023,-0.083578,0.053911,-0.022023,1734.4,0.21045,3.7951,-0.022023,-0.021411,52.425,1.3094,-0.012909,-0.017318,-0.12622,0.56253,0.22642,-0.12514,0.078328,4.8875,0.25391,-0.021411,93.231,3.915,-0.048992,-0.012909,1.0472,,0.56253,-0.01255,0.034376,0.13417,-0.01255,109.27,56.849,-0.12058,0.64236,52.272,-0.090384,-0.087872,1.203,0.2635,0.25543,0.82361,0.82361,4128.7,-0.002924,-0.031666,1.0029,0,6.9624,6.4205,93.504,3.9036,1.506,0
0.010211,0.36052,0.27739,1.9024,12.139,0.050591,0.009497,1.5223,0.9949,0.54883,0.009497,0.030894,0.031562,0.009497,1358.7,0.26863,2.7738,0.009497,0.003095,20.347,1.0228,0.005194,0.003328,0.054977,0.54883,0.27062,0.01684,0.66808,4.935,0.099571,0.003095,36.378,10.034,0.014407,0.005194,3.1133,7.788,0.60195,0.001693,0.19604,0.12807,0.001693,62.392,42.045,0.059696,1.3459,20.243,-0.082157,-0.026774,1.6221,0.3074,0.099665,1.3218,1.4498,23883,-0.005126,0.018606,1.0051,0.096796,17.939,8.6812,36.564,9.9824,7.3904,0
0.17599,0.12972,0.39945,4.0793,43.639,0.000088,0.21761,6.709,0.42754,0.87028,0.21827,1.6776,0.61303,0.21761,180.65,2.0205,7.709,0.21761,0.50899,4.8109,1.377,0.131,0.41163,,0.85823,1.6996,198.28,0.84838,3.6177,0.22813,0.50899,108.76,3.356,3.356,-0.007802,0.42754,,0.87028,-0.018249,2.9188,0.02464,0.30641,128.53,123.71,31.23,4.0359,4.7247,0.086519,0.20237,4.0793,0.12972,0.29797,1.8484,1.8484,1656.6,-0.018249,0.20222,0.678,0,75.869,2.9503,110.74,3.2959,0.90804,0
0.026667,0.50178,0.28065,1.9129,-148.32,0.084302,0.034376,0.93888,1.094,0.47111,0.034376,0.11182,0.088913,0.034376,3026.6,0.1206,1.9929,0.034376,0.050508,280.93,1.1816,0.059739,0.039181,0.10673,0.47111,0.10523,0.96029,0.68128,4.2949,0.71647,0.050508,180.37,2.0237,0.11905,0.059739,0.69203,0.33041,0.66549,0.087775,0.053672,0.1921,0.087775,306.52,25.594,0.050907,0.20892,307.35,0.033601,0.04937,1.1719,0.30741,0.49416,1.1436,1.6155,5534.7,0.085961,0.056603,0.91404,0.41258,1.2993,14.261,164.86,2.214,1.6522,0
0.070689,0.38421,0.25793,1.6808,-17.153,0,0.090682,1.6027,2.0494,0.61579,0.10435,0.23935,0.052519,0.090682,1302.9,0.28014,2.6027,0.090682,0.044248,61.324,0.81158,0.098465,0.034492,0.25425,0.31521,0.2281,7.2026,0.71016,4.0522,0.11242,0.045088,70.936,5.1455,5.0738,0.099978,2.0494,54.677,0.62114,0.048784,0.42098,0.11096,0.048046,85.008,23.683,0.2053,0.77197,64.469,0.081515,0.039775,1.6574,0.37886,0.19435,1.6954,1.7102,2909,0.048784,0.11479,0.95595,0.008687,5.952,15.412,67.476,5.4094,5.6426,0
0.10292,0.19025,0.52759,3.9187,32.191,-0.014509,0.13101,4.2561,1.5748,0.80975,0.13319,0.72479,0.10967,0.13101,402.08,0.90779,5.2561,0.13101,0.083193,92.8,1.1869,0.12349,0.065355,0.36744,0.56796,0.76014,56.82,1.809,4.4878,0.019618,0.083778,46.424,7.8623,7.47,0.15362,1.5748,,0.80975,0.097548,0.90287,0.038392,0.078416,126.35,33.55,0.25705,1.7037,102.83,0.081794,0.051939,3.7232,0.18076,0.12719,2.7765,2.7765,16223,0.097548,0.12711,0.91779,0,3.9332,10.879,41.896,8.7121,5.3998,0
0.022612,0.65596,0.16212,1.3754,-101.05,0.071757,0.029916,0.34263,0.97933,0.22475,0.029916,0.069278,0.097977,0.029916,3346.9,0.10906,1.5245,0.029916,0.040974,177.46,1.0508,0.057604,0.030969,0.095655,0.22475,0.09792,0.77264,0.39927,4.3134,0.88524,0.040974,211.41,1.7265,0.087816,0.057604,0.81461,1.0662,0.44888,0.078895,0.03321,0.21735,0.078895,289.75,112.29,0.063697,0.55338,173.79,0.015984,0.021892,0.90547,0.43183,0.57922,0.55351,1.1055,3336.5,-0.021107,0.10061,1.0211,0.99722,2.0568,3.2504,215.88,1.6908,1.7981,0
0.071284,0.29647,0.39687,3.4068,388.41,0,0.071284,2.3731,0.79644,0.70353,0.07211,0.4323,0.14766,0.071284,920.15,0.39668,3.3731,0.071284,0.089504,37.759,0.69013,0.000065,0.089504,0.026568,0.44663,0.39668,0.078156,0.90559,3.9646,0.053893,0.20518,179.39,2.0347,1.1317,0.041459,0.79644,58.799,0.71169,0.052056,1.5525,0.21306,0.000081,140.13,102.37,0.86519,2.9071,89.634,-0.046253,-0.058075,1.8948,0.16489,0.49148,1.6054,1.624,3658.1,0.57874,0.10132,0.43787,0.011588,9.6665,3.5656,75.57,4.83,1.8173,0
-0.079296,0.99222,-0.3698,0.6273,-57.598,0,-0.079296,0.007839,2.6093,0.007778,-0.079296,-0.079918,-0.001558,-0.079296,-89084,-0.004097,1.0078,-0.079296,-0.03039,7.2858,0.51721,-0.12941,-0.03039,0.027048,-0.022606,-0.004097,,-0.9794,3.2163,0.37696,-0.03039,132.24,2.7602,2.7602,-0.12941,2.6093,,0.007778,-0.049594,0.012978,-0.61051,-0.049594,85.265,77.979,-1.5225,0.5748,6.9415,-0.20464,-0.078426,0.6273,0.99222,0.36229,0.0206,0.0206,-608.55,-0.049594,-10.195,1.0298,0,50.098,4.6807,138.8,2.6298,6.9106,1
-0.030989,0.59849,-0.18079,0.6154,-45.632,-0.001916,-0.030989,0.37644,0.98865,0.22529,-0.030989,-0.065924,0.00806,-0.030989,14218,0.025672,1.6709,-0.030989,-0.016257,10.604,1.0084,-0.010238,-0.016257,0.006638,0.22529,0.025672,-0.053099,-0.25438,4.2713,0.31316,-0.016257,88.99,4.1016,-0.017106,-0.010238,1.9241,1.8215,0.35371,-0.005371,0.008307,0.54481,-0.005371,54.646,44.042,-0.5596,0.49759,10.484,-0.056591,-0.029689,0.48335,0.47007,0.24381,0.31699,0.49768,-3376.7,-0.011481,-0.13755,1.0115,0.57,34.421,8.2876,90.012,4.055,2.682,0
-0.033482,0.3651,-0.082603,0.74846,-230.8,-0.35245,-0.034565,0.51499,0.94253,0.18802,-0.034565,-0.10526,0.057897,-0.034565,5021.2,0.072692,2.739,-0.034565,-0.075406,146.11,1.5032,0.002369,-0.073041,-0.35536,0.18802,0.07566,0.048717,-0.10952,4.3184,0.78399,-0.075406,246.46,1.481,0.00649,0.002369,0.50102,1.6972,0.22472,0.005169,0.037262,0.1891,0.005169,185.97,39.857,-0.18246,0.18969,137.72,-0.058736,-0.12813,0.67322,0.32839,0.67523,0.24929,0.29796,-1719.5,-0.060969,-0.17808,1.061,0.19521,2.4981,9.1577,261.49,1.3959,0.60778,0
0.10215,0.089326,0.61942,7.9344,56.01,0.21235,0.10215,10.193,1.1344,0.91054,0.10215,1.1436,0.19373,0.10215,260.2,1.4028,11.195,0.10215,0.15794,121.65,1.0525,0.078786,0.15794,0.2502,0.91054,1.4028,1.3818,2.1268,4.313,0.093418,0.15794,57.183,6.383,0.88201,0.078786,0.67411,,0.91054,0.12181,3.892,0.02881,0.12181,203.77,82.125,0.4739,5.5212,137.99,0.055636,0.086018,7.9344,0.089326,0.15667,3.1263,3.1263,12734,0.11847,0.11219,0.88153,0,3.0005,4.4444,50.409,7.2408,2.2207,0
0.10082,0.057416,0.56505,10.841,175.36,0.28264,0.12518,15.129,1.138,0.86868,0.12518,2.1802,0.20758,0.12518,117.6,3.1038,17.417,0.12518,0.14581,94.123,1.0555,0.11406,0.11744,0.35071,0.86868,2.6795,1.5119,1.4967,4.1383,-0.25449,0.14581,27.78,13.139,1.9865,0.11406,0.88016,,0.86868,0.13286,4.8404,0.011298,0.13286,146.49,52.363,0.45541,6.9855,107.12,0.061031,0.07109,10.841,0.057416,0.07611,2.3009,2.3009,7769.4,0.12129,0.11606,0.87871,0,3.8779,6.9705,24.411,14.952,2.274,0
0.056553,0.69262,0.083111,1.1441,-31.749,0,0.07203,0.44379,1.9255,0.30738,0.10306,0.12492,0.055242,0.07203,2376.7,0.15357,1.4438,0.07203,0.037408,44.429,1.2317,0.080847,0.02937,0.2206,0.30148,0.13123,2.6054,0.24425,3.937,0.3067,0.04255,114.24,3.1952,2.66,0.083111,1.9255,3.6871,0.42274,0.043163,0.19121,0.20044,0.041987,104.16,59.73,0.24129,0.73766,46.434,0.046508,0.024154,0.95252,0.57662,0.31297,0.90335,1.2424,718.95,0.043163,0.18398,0.96304,0.37531,8.2153,6.1108,109.3,3.3393,5.6589,0
0.13669,0.088531,0.90683,11.313,138.26,0,0.1698,10.295,2.2139,0.91147,0.1698,1.9309,0.079419,0.1698,183.79,1.986,11.295,0.1698,0.076697,18.73,0.97995,0.13975,0.061744,0.50219,0.87155,1.6121,,173.26,3.6999,-0.2207,0.076697,15.51,23.534,23.375,0.14442,2.2139,,0.91147,0.065236,6.5716,0.020243,0.063127,68.735,50.005,1.2032,10.021,20.037,0.13373,0.060405,11.236,0.087934,0.042492,174.14,174.14,4543.5,0.065236,0.14997,0.92433,0,19.487,7.2993,14.498,25.176,422.97,0
-0.041766,0.13246,0.68271,6.2522,273.56,-0.097541,-0.041766,6.5494,0.95369,0.86754,-0.041756,-0.32131,0.059904,-0.041766,846.29,0.43129,7.5494,-0.041766,-0.043794,4.4373,0.90149,-0.044694,-0.043794,-0.055796,-0.13931,0.43129,-4504.3,3.6449,3.7109,0.036416,-0.043784,48.505,7.525,7.3843,-0.024453,0.95369,,0.86754,-0.025641,0.77493,0.081462,-0.046864,272.49,268.05,-3.6024,6.163,4.3264,-0.14359,-0.15056,6.1353,0.12999,0.13289,4.6317,4.6317,3509,-0.025641,-0.048143,1.0434,0,82.257,1.3617,49.749,7.3369,5.0916,0
-0.020976,0.55279,-0.002457,0.99556,-162.57,0.014353,-0.025169,0.64738,0.96554,0.35786,-0.025169,-0.045531,0.012111,-0.025169,14530,0.025121,1.809,-0.025169,-0.021952,163.71,1.2765,-0.025019,-0.018294,0.020685,0.35786,0.032707,-0.21068,-0.005463,4.6407,0.47032,-0.021952,169.91,2.1482,-0.045259,-0.025019,1.1702,,0.35786,-0.02182,0.027864,1.2947,-0.02182,170.29,6.576,-0.040787,0.065234,158.07,-0.064074,-0.055883,0.99556,0.55279,0.46551,0.79583,0.79583,-107.4,-0.035686,-0.058614,1.0357,0,2.2295,55.504,175.97,2.0742,2.5498,0
0.003108,0.67582,0.074705,1.1225,-193.25,0.010234,0.006397,0.4656,1.034,0.31466,0.006397,0.010492,0.050428,0.006397,4326.2,0.08437,1.4797,0.006397,0.005658,201.97,1.2269,0.041851,0.002749,0.020904,0.31466,0.079503,0.38272,0.23673,5.1035,0.596,0.005658,203.52,1.7934,0.061927,0.041851,1.1423,0.88936,0.38076,0.037014,0.01775,0.24027,0.037014,217.45,15.482,0.004968,0.096409,208.83,-0.008771,-0.007757,1.0127,0.60972,0.55758,0.99712,1.2066,9480.6,0.032884,0.009877,0.96712,0.21005,1.8072,23.575,196.83,1.8544,3.583,0
0.049631,0.079358,0.49521,7.2402,196.03,0,0.061899,11.601,0.7256,0.92064,0.061926,0.77999,0.12072,0.061899,330.67,1.1038,12.601,0.061899,0.085307,74.752,1.0776,0.061878,0.0684,0.17053,0.88951,0.94923,2300,1.164,4.1511,-0.10371,0.085307,43.827,8.3281,8.3281,0.064695,0.7256,,0.92064,0.089161,1.9572,0.030205,0.085278,210.89,136.14,0.33399,5.3677,82.069,0.03618,0.049862,7.2402,0.079358,0.12008,2.164,2.164,7012.9,0.089161,0.053909,0.91473,0,4.8828,2.681,39.92,9.1433,1.7056,0
0.019036,0.83684,-0.40682,0.44307,-209.15,-0.018342,0.019923,0.19497,1.0386,0.16316,0.019923,0.027275,0.07552,0.019923,4766.6,0.076575,1.195,0.019923,0.02348,17.608,1.3133,0.031531,0.022434,-0.015822,0.16316,0.075514,0.38593,-0.60148,4.324,0.95217,0.02348,326.34,1.1185,0.037678,0.031531,0.85285,2.6575,0.26954,0.037159,0.041261,0.3635,0.037159,126.25,108.64,0.46504,0.38703,18.288,-0.012627,-0.014881,0.38674,0.73046,0.89408,0.24123,0.39852,-8579.3,0.037159,0.11667,0.96284,0.652,20.729,3.3596,314.21,1.1616,1.2546,0
0.18236,0.29603,0.11049,2.1208,71.667,0,0.22633,2.378,0.71786,0.70397,0.23498,2.2958,0.5155,0.22633,291.98,1.2501,3.378,0.22633,0.31528,17.616,1.0599,0.22984,0.25403,0.50781,0.69721,1.1016,26.557,0.1397,4.5071,0.28112,0.32722,69.903,5.2216,1.7389,0.2031,0.71786,2.9546,0.763,0.28292,0.97588,0.026415,0.32017,57.388,39.772,5.2635,1.7693,24.567,0.086103,0.11994,0.70626,0.098585,0.19151,0.89006,0.9647,3551.7,0.28292,0.25905,0.69813,0.083861,20.72,9.1773,50.126,7.2817,0.90763,0
0.045395,0.11299,0.40418,5.5912,88.207,0,0.058366,7.85,1.1609,0.88701,0.058591,0.66299,0.096043,0.058366,369.91,0.98673,8.85,0.058366,0.050277,45.397,1.0077,0.05046,0.039103,0.18617,0.74323,0.87194,223.44,0.79597,4.444,0.002214,0.050277,28.982,12.594,9.8118,0.052208,1.1609,,0.88701,0.044972,1.2676,0.03636,0.043466,119.67,74.277,0.3144,3.9511,47.535,-0.00267,-0.0023,4.3561,0.088033,0.079404,1.7468,1.7468,11236,0.044972,0.051177,0.95028,0,8.0402,4.914,27.679,13.187,2.2862,0
0.090849,0.33604,0.42567,2.2667,74.75,0.34795,0.11754,1.6032,1.05,0.53873,0.11754,0.34976,0.098344,0.11754,573.74,0.63617,2.9758,0.11754,0.054069,2.0511,0.75665,0.11329,0.041792,0.45761,0.53873,0.55676,0.54719,1.7864,3.97,0.046982,0.054069,59.245,6.1608,0.33712,0.11329,2.1938,,0.53873,0.052114,0.7067,0.052727,0.052114,88.023,85.972,7.4369,2.2304,2.1537,0.01704,0.007839,2.2667,0.33604,0.16232,2.2609,2.2609,3972.4,0.047619,0.16864,0.95238,0,177.95,4.2456,56.424,6.4689,9.1228,0
0.091946,0.4872,0.071225,1.2171,-11.991,0.19198,0.11729,0.96075,1.0873,0.46808,0.11729,0.35757,0.12658,0.11729,858.16,0.42533,2.0525,0.11729,0.071648,23.646,1.0475,0.14728,0.056165,0.24935,0.46808,0.3733,0.97821,0.11856,4.2176,0.29472,0.071648,79.523,4.5899,0.30229,0.14728,1.6679,1.8419,0.62726,0.089965,0.052004,0.067526,0.089965,85.213,61.567,0.86698,0.89382,25.711,0.057349,0.035032,0.81947,0.32802,0.21787,0.77915,1.0441,1175.4,0.080313,0.19643,0.91969,0.34007,15.436,5.9285,73.136,4.9907,2.725,0
0.021122,0.80584,0.41513,2.444,-6.7507,0,0.021209,0.24094,1.5483,0.19416,0.052863,0.073772,0.015287,0.021209,12427,0.029373,1.2409,0.021209,0.013698,104.28,1.2094,0.051359,0.013642,0.11491,0.17772,0.029265,1.6225,1.396,5.3583,0.51932,0.028913,70.257,5.1952,1.8534,0.054719,1.5483,0.52095,0.69378,0.035341,0.008771,0.4991,0.033171,165.04,60.765,0.047751,0.90535,108.1,0.048899,0.031582,0.87191,0.28749,0.19249,0.6529,2.333,94736,0.035341,0.10879,0.98644,2.5733,3.5002,6.0068,67.774,5.3855,5.2066,0
0.45466,0.34278,0.24727,1.7214,18.334,0,0.45466,1.9173,2.043,0.65722,0.47521,1.3264,0.27817,0.45466,220.16,1.6579,2.9173,0.45466,0.22255,24.229,0.92193,0.45599,0.22255,0.5209,0.6468,1.6579,22.184,0.60318,3.5842,0.12936,0.23261,60.932,5.9903,5.9903,-0.010343,2.043,,0.65722,-0.005063,0.26655,0.020059,0.22319,89.094,64.865,3.3525,1.3257,24.107,0.34235,0.16757,1.7214,0.34278,0.16694,1.6032,1.6032,949.13,-0.005063,0.69179,0.82096,0,15.065,5.627,61.241,5.9601,4.9835,0
0.19743,0.12325,0.45156,4.6638,167.45,0.32847,0.24516,6.6848,1.2887,0.82389,0.24516,1.9892,0.24862,0.24516,159.81,2.284,8.1137,0.24516,0.21653,19.196,1.5639,0.24359,0.17437,0.41032,0.82389,1.8967,2.7726,1.062,4.4016,-0.1834,0.21653,51.203,7.1284,1.9764,0.24359,1.1495,,0.82389,0.21514,2.6871,0.014475,0.21514,78.541,59.345,3.3155,4.1807,24.739,0.20725,0.18304,4.6638,0.12325,0.14028,1.9377,1.9377,11385,0.22404,0.23963,0.77596,0,19.014,6.1505,39.732,9.1866,2.6629,0
0.53557,0.26014,0.79223,20.891,,0,0.53557,2.8442,3.2932,0.73986,0.53557,13.447,0.16263,0.53557,177.29,2.0588,3.8442,0.53557,0.16263,44.653,1.1052,0,0.16263,1.4105,0.53947,2.0588,,4.7174,3.5432,0.040584,0.36323,,0,0,0.066843,3.2932,819.71,0.74039,0.020298,3.1757,,0,78.203,33.551,1.3294,10.776,,0,0,3.1986,0.03983,,4.4056,4.4087,2767.4,1,0.72388,0.001362,0.000708,8.1742,10.879,4.4146,82.681,19.609,0
0.31738,0.077164,0.44842,6.8112,74.693,0.17383,0.31738,11.959,1.3322,0.92284,0.31738,4.1131,0.3297,0.31738,64.123,5.6922,12.959,0.31738,0.23823,86.231,0.84943,0,0.23823,1.407,0.36419,5.6922,,0.94518,3.7194,0.053386,0.47647,37.597,9.7082,9.7082,0.045403,1.3322,,0.92284,0.034081,0.12404,0.021108,0,141.37,55.143,1.0084,2.7324,153.35,-0.12185,-0.091466,6.8112,0.077164,0.10301,1.9452,1.9452,2350.2,0.43769,0.34392,0.56594,0,4.2328,6.6191,21.141,17.265,2.8081,0
-0.01939,0.55321,0.053342,1.0985,-31.278,0,-0.01939,0.80764,3.2191,0.44679,0.00513,-0.035787,0.003358,-0.01939,18678,0.019541,1.8076,-0.01939,-0.006024,34.907,0.89303,0.005126,-0.006024,0.70947,0.23095,0.019541,0.20906,0.13176,3.3349,0.14928,-0.000711,64.918,5.6225,5.5067,0.17272,3.2191,,0.44679,0.053655,0.14802,0.52199,0.001592,58.389,23.483,-0.062985,0.53026,36.886,-0.025074,-0.007789,1.0758,0.54181,0.17786,1.1036,1.1036,115.33,0.053655,-0.043398,1.006,0,10.456,15.543,61.435,5.9413,7.9514,0
0.10374,0.88185,-0.039758,0.9523,-59.288,0,0.10374,0.13398,2.0249,0.11815,0.12401,0.12447,0.078155,0.10374,2033.9,0.17946,1.134,0.10374,0.051234,38.617,1.1006,0.10475,0.051234,0.030742,-0.01649,0.17946,5.1693,-0.19271,3.3687,0.37788,0.051235,155.84,2.3421,2.2136,0.072835,2.0249,,0.11815,0.03597,0.21021,0.18457,0.051731,111.49,72.87,0.48425,0.69525,40.058,0.050237,0.02481,0.90003,0.83345,0.42696,0.57268,0.57268,-92.914,0.03597,0.87805,0.9502,0,9.4518,5.0089,150.23,2.4295,9.8148,0
0.17133,0.25881,0.24216,2.2849,2.6334,0.13508,0.21373,2.8639,1.1713,0.74119,0.21373,1.1341,0.17443,0.21373,387.85,0.94109,3.8639,0.21373,0.15306,60.868,1.4551,0.21117,0.1227,0.17025,0.74119,0.77727,1.7713,0.42529,5.4537,0.1496,0.15306,57.7,6.3258,0.81593,0.21117,1.42,2.8109,0.81154,0.15123,0.26909,0.035306,0.15123,99.303,38.435,0.73578,1.0493,71.295,0.18134,0.12986,1.6638,0.18846,0.15808,1.3017,1.4253,68836,0.14625,0.23116,0.85375,0.094917,5.9966,9.4965,49.261,7.4095,2.4524,0
0.094114,0.19287,0.41266,3.14,-59.087,0,0.11627,4.185,0.49081,0.80713,0.11628,0.60297,0.29261,0.11627,490.17,0.74464,5.185,0.11627,0.2369,350.51,1.4214,0.11023,0.19175,0.18913,0.094114,0.62974,13001,1.046,3.9229,0.25019,0.23692,182.14,2.004,2.0037,0.10437,0.49081,,0.80713,0.21265,0.36484,0.046731,0.22459,397.97,47.465,0.19968,0.69582,445.17,0.08289,0.16888,3.1395,0.19284,0.49901,2.046,2.046,3455.7,0.21265,0.1166,0.76903,0,1.0414,7.6898,143.41,2.5452,1.2441,0
0.006366,0.53917,0.44951,2.8288,12.994,0,0.012464,0.85471,2.4766,0.46083,0.042686,0.050709,0.023296,0.012464,3410.9,0.10701,1.8547,0.012464,0.005033,55.255,1.1137,0.040206,0.00257,0.12384,0.40736,0.0957,0.005033,1.4753,4.1739,0.21505,0.013366,43.016,8.5951,3.9183,0.39101,2.4766,1.2787,0.71139,0.15788,0.030534,0.21035,0.016234,101.37,46.11,0.016979,1.3034,64.775,-0.005026,-0.002029,1.2896,0.2458,0.11634,1.5124,2.3347,2.8288,0.15788,0.013814,0.8578,0.5437,6.6057,7.9158,36.224,10.076,8.1282,0
-0.019927,0.76726,0.035631,1.2146,-71.195,0.076644,-0.024386,0.26883,1.0637,0.20626,-0.024386,-0.14687,0.16172,-0.024386,2803.4,0.1302,1.3033,-0.024386,-0.039476,73.371,1.2777,0.041204,-0.032258,0.097861,0.20626,0.13601,0.70953,0.044633,5.257,1.2407,-0.039476,104.36,3.4975,0.053703,0.041204,0.6362,0.1289,0.80748,0.066702,0.015363,0.15243,0.066702,117.66,44.284,-0.16047,0.46674,78.047,-0.08308,-0.13449,0.26285,0.16604,0.28592,0.25837,1.0115,6439.9,0.059914,-0.096609,0.94009,2.9148,4.9747,8.2422,98.109,3.7204,0.77379,0
0.071373,0.4621,0.13342,1.33,-5.1225,0.35453,0.071373,1.164,1.7426,0.5379,0.094287,0.17653,0.11131,0.071373,869.57,0.41975,2.164,0.071373,0.040958,32.176,1.1343,0.094235,0.040958,0.31592,0.4259,0.41975,4.1125,0.2886,4.0301,0.25788,0.044677,89.035,4.0995,3.5868,0.08512,1.7426,6.6456,0.5957,0.048848,0.035521,0.07104,0.054078,109.62,77.447,0.46462,0.95004,33.829,-0.028358,-0.016274,1.1636,0.4043,0.24393,1.1636,1.2886,1430,0.048848,0.13269,0.95931,0.10745,11.344,4.7129,84.686,4.3101,3.7695,0
0.035267,0.19632,0.36114,2.8395,25.183,0.18811,0.04549,4.0937,1.0289,0.80368,0.04549,0.23171,0.044398,0.04549,775.2,0.47084,5.0937,0.04549,0.021849,38.8,1.2529,0.060484,0.016939,0.23377,0.80368,0.41877,0.2989,0.81606,4.9581,0.094246,0.021849,35.412,10.307,0.30809,0.060484,2.0843,,0.80368,0.029051,0.008415,0.060079,0.029051,97.44,58.64,0.15935,1.7122,39.921,0.013537,0.006502,2.8395,0.19632,0.097018,1.8161,1.8161,32791,0.028075,0.043882,0.97192,0,9.4072,6.2245,34.418,10.605,4.7047,0
0.034629,0.18068,0.50008,3.8722,53.32,0,0.042862,4.5348,1.7748,0.81932,0.04939,0.24617,0.044986,0.042862,825.98,0.4419,5.5348,0.042862,0.02415,50.355,0.97013,0.037674,0.019511,0.24431,0.81671,0.39633,5.7712,1.5349,4.5561,0.06631,0.024609,36.369,10.036,9.6716,0.02738,1.7748,307.04,0.82072,0.015427,0.37265,0.080674,0.021227,125.31,74.954,0.14143,2.4659,51.144,0.000694,0.000391,3.7315,0.17411,0.09964,2.5148,2.5191,17996,0.015427,0.042265,0.97616,0.001707,7.2485,4.8697,35.808,10.193,5.4475,0
-0.07908,0.032647,0.48304,15.796,69.38,-0.073463,-0.093489,28.187,0.94875,0.92022,-0.093489,-2.8637,-0.052757,-0.093489,-268.31,-1.3604,30.631,-0.093489,-0.11106,14.594,0.93179,-0.043385,-0.093939,-0.086324,0.92022,-0.91902,-0.48895,0.99739,4.2211,-0.041479,-0.11106,13.43,27.179,-1.3289,-0.043385,0.86197,,0.92022,-0.051537,10.886,0.18854,-0.051537,69.497,54.904,-2.3495,14.765,13.846,-0.092462,-0.10984,15.796,0.032647,0.036793,1.9001,1.9001,8037.4,-0.054024,-0.085937,1.054,0,25.011,6.648,14.155,25.786,1.7382,0
0.009063,0.90818,-0.26735,0.47729,-214.66,-0.069677,0.015582,0.10111,0.75778,0.091823,0.098925,0.030466,0.05512,0.015582,7936.2,0.045992,1.1011,0.015582,0.020563,50.413,0.93845,0.098865,0.01196,0.037744,-0.010966,0.038813,1.1862,-0.35369,5.0725,1.1842,0.066699,281.89,1.2948,0.72922,0.09552,0.75778,0.40044,0.44008,0.12605,0.035329,0.24208,0.13047,108.88,58.468,0.086592,0.27266,57.685,0.072678,0.09591,0.2688,0.51147,0.77231,0.12148,0.58221,-31588,0.12605,0.098701,0.97961,3.7927,7.2401,6.2427,246.36,1.4816,1.0025,0
0.042725,0.85274,0.12012,1.1423,-6.9149,0.090385,0.053466,0.15131,1.0366,0.12903,0.053466,0.063361,0.035525,0.053466,4915.8,0.074251,1.1727,0.053466,0.029998,31.02,1.1456,0.049828,0.023972,0.11217,0.12903,0.061655,0.28981,3.3324,5.2069,0.45508,0.029998,179.14,2.0375,0.058433,0.049828,1.8047,91.253,0.13794,0.027957,0.051118,0.46977,0.027957,188.57,157.55,0.28206,0.96284,32.156,0.039977,0.02243,1.1304,0.84384,0.49079,3.5798,3.8268,19344,0.035325,0.33112,0.96467,0.069003,11.766,2.3167,172.81,2.1122,49.447,0
0.38715,0.48971,0.048769,1.1083,-2.9891,0.023296,0.3766,1.042,2.1584,0.51029,0.3947,0.83631,0.20265,0.3766,408.65,0.89318,2.042,0.3766,0.17448,7.307,1.3204,0.37289,0.17937,0.67588,0.29323,0.91472,20.604,0.09736,5.4416,0.14949,0.17502,92.153,3.9608,3.6422,0.37483,2.1584,,0.51029,0.17366,0.41505,0.037639,0.17276,52.791,45.484,8.9596,1.0123,8.8426,0.31209,0.14459,1.0191,0.45031,0.25247,1.0187,1.0187,13481,0.17366,0.75868,0.82762,0,49.952,8.0249,76.15,4.7932,4.3089,0
0.04465,0.78214,0.15273,1.1962,-34.923,0.04465,0.055631,0.2276,1.0228,0.17802,0.055631,0.07145,0.022905,0.055631,3922,0.093065,1.2785,0.055631,0.017505,50.558,1.2782,0.075931,0.01405,0.055631,0.17802,0.079026,,2.224,4.8867,0.22941,0.017505,91.467,3.9905,0.097081,0.075931,3.2022,138.6,0.18156,0.023893,0.083953,0.27623,0.023893,99.46,48.902,0.10143,0.6308,51.712,0.058772,0.018494,1.1907,0.77859,0.2506,2.5921,2.6437,11767,0.022325,0.25082,0.97768,0.019905,7.2194,7.464,89.425,4.0816,46.275,1
0.03288,0.7053,0.073085,1.1237,-4.2435,0,0.036584,0.41783,2.6865,0.2947,0.071819,0.061904,0.029225,0.036584,3278.9,0.11132,1.4178,0.036584,0.013618,11.241,1.1506,0.068557,0.012239,-0.028766,0.1037,0.10607,1.9457,0.21755,3.1961,0.23528,0.025745,82.289,4.4356,3.7166,0.065144,2.6865,5.4786,0.40081,0.024249,0.15901,0.21279,0.025519,77.456,66.215,0.3974,0.98367,11.52,0.026627,0.009912,0.94153,0.59098,0.22545,0.87724,1.1931,114.8,0.024249,0.11157,0.98657,0.36006,32.47,5.5123,80.294,4.5458,7.997,0
-0.054477,0.00609,0.99391,164.22,20.717,0.09842,-0.054477,163.22,0.16573,0.99391,-0.054477,-8.9459,-0.3287,-0.054477,-40.801,-8.9459,164.22,-0.054477,-0.3287,687.59,0.19229,-0.054477,-0.3287,0.043943,0.171,-8.9459,,,1.7836,0.036743,-0.3287,10.093,36.162,36.162,-0.054477,0.16573,,0.99391,-0.3287,109.86,-0.003726,-0.3287,728.91,41.321,-0.17449,112.95,517.49,-0.054477,-0.3287,164.22,0.00609,0.027653,,,60.39,-0.3287,-0.05481,1.3287,0,0.53084,8.8333,13.411,27.216,,1
0.078281,0.62615,0.075567,1.1426,-45.718,0.24976,0.078281,0.59553,1.0506,0.37289,0.078281,0.14771,0.052978,0.078281,1911.8,0.19091,1.5971,0.078281,0.034692,55.174,1.5157,0.093154,0.034692,0.24976,0.37289,0.19091,0.43373,0.19156,4.5789,0.27263,0.034692,90.063,4.0527,0.14877,0.093154,2.2609,2.7487,0.46909,0.041284,0.024481,0.15315,0.041284,95.849,40.676,0.22951,0.49898,57.966,0.051894,0.022998,0.96705,0.52995,0.24675,0.94525,1.1891,2866,0.048175,0.20993,0.95182,0.25799,6.6155,8.9734,85.724,4.2578,5.7199,0
0.052364,0.21012,0.1705,2.6025,20.265,0.196,0.065,3.7445,1.1108,0.78679,0.065,0.61092,0.181,0.065,585.56,0.62333,4.7592,0.065,0.089829,54.256,1.1181,0.071695,0.072366,0.22845,0.78679,0.5632,1.1006,0.23578,5.2325,0.284,0.089829,59.616,6.1225,0.34121,0.071695,0.7261,1.6326,0.89051,0.099082,0.32518,0.050178,0.099082,122.22,67.964,0.48684,1.5915,60.267,0.00572,0.007905,1.3178,0.1064,0.16333,1.0881,1.2315,29124,0.099748,0.066554,0.90025,0.13183,6.7274,5.3705,53.669,6.8009,1.0007,0
-0.028695,0.92679,-0.095163,0.89732,-19.756,-0.086878,-0.028695,0.068003,1.0015,0.063024,-0.028695,-0.030962,-0.003552,-0.028695,-32016,-0.011401,1.079,-0.028695,-0.009646,8.1371,0.74453,0.008953,-0.009646,-0.086878,0.063024,-0.011401,0.030138,-0.56518,6.1272,0.30973,-0.009646,113.88,3.2051,0.00966,0.008953,2.9952,,0.063024,0.003009,0.006356,1.1251,0.003009,101.31,93.173,-0.43267,0.82576,8.1493,-0.009177,-0.003085,0.89732,0.92679,0.312,0.37431,0.37431,-127540,0.001503,-0.4553,0.9985,0,44.857,3.9174,113.71,3.21,17.668,0
0.11663,0.53999,0.25414,1.4706,-9.9612,0,0.11663,0.8519,4.0243,0.46001,0.1766,0.21598,0.033452,0.11663,1464.1,0.24931,1.8519,0.11663,0.028981,31.931,1.0435,0.17555,0.028981,-0.21388,0.38214,0.24931,2.927,1.2345,2.8076,0.12906,0.041374,51.553,7.0801,7.0801,0.20114,4.0243,,0.46001,0.049981,0.051821,0.093,0.043622,69.489,37.558,0.33127,0.81867,33.611,0.15755,0.039151,1.4706,0.53999,0.14124,2.2345,2.2345,163.18,0.049981,0.25353,0.97103,0,11.431,9.7184,48.976,7.4526,19.548,0
-0.004671,0.63686,0.15431,1.296,15.88,-0.001408,-0.00353,0.57021,0.995,0.36314,-0.00353,-0.006773,0.028302,-0.00353,5096.5,0.071618,1.5702,-0.00353,-0.002191,18.577,1.0141,0.005348,-0.002898,0.00188,0.36314,0.069828,0.033022,0.47565,4.2882,0.38061,-0.002191,117.47,3.1072,0.008398,0.005348,1.6384,5.1346,0.47874,0.003319,0.050843,0.38425,0.003319,147.01,128.43,-0.056945,1.1387,18.484,-0.043793,-0.027174,1.0608,0.52126,0.32183,1.1193,1.4756,2996.3,-0.005024,-0.012862,1.005,0.31833,19.648,2.842,118.06,3.0917,4.9674,0
0.093699,0.23708,0.17178,1.7246,-22.012,0.28027,0.093699,3.2011,1.0494,0.7589,0.093699,0.39523,0.091713,0.093699,526.47,0.6933,4.218,0.093699,0.052282,54.436,0.99647,0.094762,0.052282,0.28027,0.7589,0.6933,0.55488,0.29059,4.092,0.11793,0.052282,50.67,7.2035,0.39971,0.094762,1.8072,,0.7589,0.052875,0.12793,0.047116,0.052875,77.092,22.656,0.35056,0.59716,57.126,0.024094,0.013444,1.7246,0.23708,0.13882,1.2838,1.2838,2123,0.04709,0.12347,0.95291,0,6.7052,16.11,48.284,7.5595,3.0317,0
0.20523,0.18839,0.18514,2.5438,35.435,0.1831,0.20523,4.3082,1.4875,0.81161,0.20526,1.7113,0.17391,0.20523,265.81,1.3732,5.3082,0.20523,0.13797,15.009,1.1448,0.19991,0.13797,0.39042,0.41925,1.3732,7536.3,0.26641,4.2864,0.063407,0.13799,34.04,10.723,6.826,0.20159,1.4875,,0.81161,0.13552,0.80658,0.024784,0.13439,51.12,36.112,3.3553,2.0337,17.362,0.14645,0.098455,1.6193,0.11993,0.09326,1.1679,1.1679,3580.5,0.13552,0.25287,0.86472,0,24.319,10.108,29.427,12.404,2.1405,0
0.44767,0.2109,0.61494,4.9178,140.05,0,0.44767,3.7415,1.7905,0.7891,0.44844,2.8522,0.27304,0.44767,157.47,2.3179,4.7415,0.44767,0.25003,16.486,1.1347,0.40457,0.25003,0.75584,0.68359,2.3179,530.87,2.6959,3.7646,-0.08366,0.25046,41.312,8.8351,6.5753,0.40369,1.7905,,0.7891,0.22547,2.3656,0.015771,0.22596,81.664,65.177,5.5356,4.4026,21.286,0.36339,0.20296,3.66,0.15696,0.11318,3.4594,3.4594,3576.2,0.22547,0.56732,0.75963,0,22.139,5.6001,31.998,11.407,7.8493,0
0.088117,0.31157,0.44344,4.0668,52.741,0,0.088117,2.2096,2.1027,0.68843,0.11467,0.60942,0.11721,0.088117,461.42,0.79103,3.2096,0.088117,0.041906,39.968,1.3531,0,0.041906,0.22483,0.68017,0.79103,0,1.0764,5.3704,0.084191,0.093758,33.231,10.984,5.0973,0.006523,2.1027,3.376,0.79441,0.003102,0.95618,0.06559,0,78.075,38.107,0.3827,2.4744,52.918,-0.15834,-0.075303,1.8874,0.14459,0.091045,1.6711,1.9284,104060,0.24472,0.128,0.76892,0.15394,9.1323,9.5783,25.099,14.542,5.1041,0
0.17816,0.22531,0.24051,2.6506,-7.6416,0.56949,0.17816,3.0638,1.1867,0.69028,0.17816,1.2226,0.24192,0.17816,299.17,1.22,4.4384,0.17816,0.15679,79.896,0.96035,0.18043,0.15679,0.62864,0.69028,1.22,1.8844,0.39186,5.4445,0.19257,0.15679,55.547,6.571,0.80081,0.18043,1.1478,1.7277,0.76987,0.15879,0.11368,0.026726,0.15879,118.75,38.851,0.7163,0.94369,94.812,0.083701,0.073665,1.7142,0.14572,0.15218,1.1247,1.2543,66928,0.15732,0.25809,0.84268,0.1153,4.5684,9.3948,46.809,7.7977,1.8512,0
0.008647,0.64462,-0.01825,0.96709,-83.273,0,0.012682,0.55131,1.4012,0.35538,0.035368,0.022865,0.04276,0.012682,3926.9,0.092949,1.5513,0.012682,0.00905,66.496,1.1787,0.035226,0.006171,0.023715,0.20523,0.08669,1.5527,-0.039363,4.6985,0.45894,0.021466,147.93,2.4673,2.1229,0.032794,1.4012,3.5681,0.43416,0.023404,0.060624,0.26057,0.025139,130.96,64.462,0.033874,0.50682,68.09,-0.012008,-0.00857,0.83208,0.55462,0.40529,0.76653,0.93645,-911.59,0.023404,0.024332,0.99114,0.22167,5.489,5.6622,144.47,2.5265,3.0223,0
0.046239,0.75939,0.15971,1.2238,-35.209,0,0.046239,0.31685,2.338,0.24061,0.046789,0.064804,0.61496,0.046239,192.78,1.8934,1.3169,0.046239,0.019777,8.5803,0.99111,0,0.019777,0.15973,0.2251,1.8934,0,1.2599,4.5875,0.31449,0.045331,725.58,0.50305,0.47267,0.035178,2.338,78.68,0.25101,0.015046,0.039054,0.01819,0,131.97,123.39,0.84129,1.1468,55.89,-1.3916,-0.59518,1.1499,0.71352,1.9879,1.8981,1.9801,6178.2,0.84648,0.19217,0.16143,0.043223,42.54,2.958,111.39,3.2768,18.444,0
0.12943,0.28668,0.34203,2.9811,24.146,0,0.12943,2.4883,1.1918,0.71332,0.13969,0.74968,0.1602,0.12943,548.08,0.66597,3.4883,0.12943,0.1086,82.79,1.1964,0.13904,0.1086,0.14548,0.1315,0.66597,13.553,0.70475,4.4055,0.19823,0.11598,57.831,6.3115,3.801,0.10212,1.1918,3.9083,0.77585,0.085687,0.30802,0.047654,0.11667,141.34,58.552,0.4788,1.4154,90.549,0.077553,0.065074,1.7953,0.17265,0.15844,1.4698,1.5986,8700.2,0.085687,0.18145,0.89557,0.087651,4.4088,6.2338,52.876,6.903,2.4556,0
-0.1546,0.41484,0.55625,2.3409,23.762,0.20094,-0.1546,1.4106,1.7525,0.58516,-0.10743,-0.37267,-0.084497,-0.1546,-1022.5,-0.35697,2.4106,-0.1546,-0.088215,86.808,0.4074,-0.10772,-0.088215,0.3329,0.046341,-0.35697,-2.2836,19.239,3.5065,0.20505,-0.088215,81.907,4.4563,4.4563,-0.096102,1.7525,,0.58516,-0.054836,0.17676,-0.13663,-0.061466,186.98,100.17,-0.37091,1.3361,82.296,-0.11424,-0.065184,2.3409,0.41484,0.2244,20.239,20.239,1785.5,-0.054836,-0.2642,1.0882,0,4.2047,3.6439,86.399,4.2246,60.614,0
0.014961,0.48901,-0.012553,0.96652,-28.057,0,0.014961,1.0449,1.9637,0.51099,0.034784,0.039903,0.042358,0.014961,2145.9,0.1701,2.0449,0.014961,0.007619,24.938,1.0229,0.034527,0.007619,-0.094777,0.48598,0.1701,1.7418,-0.019688,3.2609,0.23979,0.017713,70.153,5.2029,3.9892,0.01296,1.9637,2.0005,0.62507,0.0066,0.048354,0.15865,0.017583,63.986,39.049,0.11151,0.60868,25.103,-0.03369,-0.017156,0.74105,0.37493,0.1922,0.8014,0.98031,-22.891,0.0066,0.029278,0.99251,0.22325,14.636,9.3473,69.69,5.2375,3.0798,0
0.09937,0.29076,-0.10931,0.62404,-62.374,0,0.09937,2.4393,0.76733,0.70924,0.09937,0.34176,0.13892,0.09937,995.56,0.36663,3.4393,0.09937,0.1295,0,1.69,0.099257,0.1295,0.16712,0.24896,0.36663,,-0.13354,2.939,0.37037,0.1295,164.84,2.2143,2.2143,0.12351,0.76733,,0.70924,0.16096,0.025942,0.091015,0.12935,82.721,82.721,,0.62404,0,0.092027,0.11993,0.62404,0.29076,0.45162,0.86646,0.86646,-94.996,0.16096,0.14011,0.87052,0,,4.4124,138.31,2.6391,0.93742,0
0.013513,0.10707,0.88902,9.3574,166.53,0,0.012278,8.3397,1.4775,0.89293,0.048897,0.11542,0.025382,0.012278,1042.1,0.35026,9.3397,0.012278,0.00831,48.664,1.1201,-0.025365,0.009146,-0.097955,0.83881,0.3618,-0.69266,193.17,3.4541,-0.3211,0.008631,25.643,14.234,14.141,-0.036596,1.4775,,0.89293,-0.024769,5.4975,-25.451,-0.017167,101.43,52.768,0.068598,7.5055,47.488,-0.050589,-0.034239,9.2967,0.10638,0.070256,194.02,194.02,2529.6,-0.024769,0.015134,0.99218,0,7.5004,6.917,26.278,13.89,321.04,0
0.70753,0.32081,0.6532,3.2153,27.44,0,0.70753,2.1171,4.6966,0.67919,0.75689,2.3995,0.15637,0.70753,159.45,2.2892,3.1171,0.70753,0.15065,27.171,1.478,0.74828,0.15065,1.4875,0.66717,2.2892,15.159,12.575,3.2409,0.053418,0.16116,27.325,13.358,12.277,0.7579,4.6966,27.713,0.70079,0.16137,0.25548,0.013796,0.15932,67.825,40.653,2.0237,2.0296,32.4,0.72142,0.15361,2.9552,0.29486,0.074862,13.076,13.492,1137.6,0.16137,1.0417,0.84992,0.031794,13.433,8.9784,22.915,15.928,90.419,0
0.067869,0.4544,-0.10666,0.70397,-25.513,0.41027,0.067869,1.1824,1.0203,0.53727,0.067869,0.18838,0.049524,0.067869,835.41,0.43691,2.2007,0.067869,0.01693,14.184,1.1566,0.090642,0.01693,0.41027,0.53727,0.43691,0.23071,-0.1429,3.9522,0.10463,0.01693,33.471,10.905,0.19948,0.090642,4.0551,1.0396,0.63138,0.022611,0.11574,0.067505,0.022611,19.296,5.1114,0.43565,0.27156,14.473,-0.040022,-0.009984,0.55816,0.36028,0.0917,0.71984,0.84594,-955.46,0.019934,0.12632,0.98007,0.17518,25.733,71.409,32.803,11.127,5.3711,0
0.013255,0.2587,0.17216,2.5099,18.054,0,0.014251,2.8655,0.85035,0.7413,0.030083,0.12498,0.12524,0.014251,886.61,0.41168,3.8655,0.014251,0.016759,55.973,1.2381,0.028705,0.015587,-0.074049,0.72015,0.40783,1.8131,0.24119,4.0979,0.26511,0.030501,47.439,7.6941,3.3913,-0.02698,0.85035,1.6741,0.83436,-0.031729,0.31266,0.071293,0.033756,107.54,51.567,0.10165,1.3663,54.252,-0.063545,-0.074729,1.1063,0.11403,0.12997,1.0385,1.1689,2157,-0.031729,0.01788,0.98604,0.12553,6.521,7.0781,48.944,7.4575,1.1913,0
0.057323,0.37475,0.57413,2.55,13.643,0,0.057323,1.6684,2.0964,0.62525,0.071702,0.15476,0.027344,0.057323,2386.2,0.15296,2.6684,0.057323,0.027344,83.177,1.0182,0.09294,0.027344,0.16758,0.35381,0.15296,6.4637,10.351,3.7125,0.16175,0.032992,98.195,5.4364,5.3733,0.088524,2.1066,,0.62525,0.042227,0.15054,0.13441,0.044334,154.74,71.567,0.11999,1.2603,86.594,0,0,2.5204,0.3704,0.26903,11.272,11.272,2961.2,0.34324,0.09168,0.96271,0,4.3882,5.1001,64.491,5.6597,37.794,0
0.022836,0.041778,0.85846,21.548,18.022,0.021835,0.022836,22.936,0.64446,0.95822,0.024147,0.5466,0.064798,0.022836,365.16,0.99957,23.936,0.022836,0.035434,411.24,1.2259,0.024146,0.035434,0.077253,0.044671,0.99957,18.413,8.6051,3.7262,0.064826,0.037469,24.468,14.918,14.918,0.02123,0.64446,,0.95822,0.032943,2.4441,0.032333,0.037468,452.03,40.796,0.03145,4.1683,425.25,0.005222,0.008103,21.548,0.041778,0.067035,9.6051,9.6051,4570,0.032943,0.023831,0.96483,0,0.88756,8.947,23.662,15.426,6.4599,0
-0.049155,0.9937,0.081852,1.9124,195.32,0.011822,-0.062347,-0.009682,1.4328,-0.009621,-0.062347,-0.69502,-0.066626,-0.062347,-21735,-0.016793,1.0063,-0.062347,-0.24893,14.642,1.3663,0.073901,-0.19626,0.016563,-0.009621,-0.003517,4.2277,0.098802,5.3795,3.4861,-0.24893,187.31,1.9486,0.074369,0.073901,0.25532,0.17866,0.89438,0.29506,1.3635,0.27325,0.29506,71.763,57.122,-4.8925,1.8004,20.979,0.02824,0.11275,0.17264,0.089706,0.51319,-0.011613,1.0796,19614,0.30208,5.1093,0.69792,-93.964,24.929,6.3899,130.73,2.792,0.30233,0
-0.16289,0.71451,0.03556,1.0623,-37.534,-0.17822,-0.15982,0.36333,0.93025,0.2596,-0.15982,-0.2801,-0.089824,-0.15982,-2182.2,-0.16727,1.3996,-0.15982,-0.12012,48.939,1.2526,-0.10892,-0.12242,-0.17624,0.2596,-0.17155,-0.76151,0.090289,4.1234,0.45398,-0.12012,145.61,2.5067,-0.15244,-0.10892,1.3437,2.9723,0.40352,-0.081861,0.19727,-0.3424,-0.081861,135.41,86.467,-0.91307,0.74967,45.525,-0.14923,-0.11216,0.84835,0.5706,0.39893,0.65915,1.0246,472.44,-0.074985,-0.62745,1.075,0.55437,7.4583,4.2213,156.53,2.3318,3.3783,0
-0.090417,0.47202,-0.057735,0.87768,-74.275,0,-0.090417,1.1186,1.7205,0.52798,-0.014474,-0.19155,-0.049203,-0.090417,-2035.2,-0.17934,2.1186,-0.090417,-0.052553,57.663,1.5926,0,-0.052553,0.023392,0.39463,-0.17934,0,-0.098571,3.574,0.27151,-0.10511,107.23,3.4038,3.4038,0.020913,1.7205,,0.52798,0.012155,0.011975,2.73,0,86.691,29.027,-0.33265,0.30185,61.748,-0.005763,-0.00335,0.87768,0.47202,0.29379,0.90143,0.90143,-216.48,0.066148,-0.17125,0.97803,0,6.3298,12.574,100.14,3.645,2.9374,0
0.07193,0.55551,0.59654,2.9142,26.661,0.25988,0.09087,0.79894,1.0338,0.44382,0.09087,0.29158,0.031034,0.09087,2015.1,0.18113,1.8001,0.09087,0.028027,39.892,1.1438,0.10165,0.022185,0.32527,0.44382,0.14704,0.32411,6.4973,4.2113,0.16201,0.028027,36.269,10.064,0.18298,0.10165,3.2485,2.271,0.68769,0.031351,0.13117,0.16394,0.031351,97.638,57.746,0.20299,1.7771,41.24,0.091898,0.028344,1.6349,0.31164,0.099368,4.8339,7.49,9704,0.032687,0.16207,0.96731,0.54947,9.1497,6.3208,35.084,10.404,35.313,0
0.16498,0.52609,0.14447,1.308,6.9686,0.28988,0.16498,0.90081,2.0709,0.47391,0.17579,0.35177,0.096904,0.16498,956.86,0.38145,1.9008,0.16498,0.079666,16.45,1.1202,0.17347,0.079666,0.65238,0.45487,0.38145,16.051,0.37377,4.1435,0.25315,0.084568,90.572,4.03,3.5927,0.18083,2.0709,9.1117,0.53099,0.087321,0.036405,0.08384,0.083764,105.12,88.666,1.7677,1.109,18.024,0.13777,0.066526,1.1661,0.46901,0.24814,1.2261,1.3738,2010.6,0.087321,0.34813,0.92054,0.12046,22.188,4.1166,82.663,4.4155,5.3578,0
-0.013613,0.58307,0.56697,3.6966,42.118,0,0.000736,0.71506,1.1321,0.41693,0.069229,0.003503,0.015397,0.000736,12209,0.029895,1.7151,0.000736,0.000651,142.67,1.0609,0.064519,-0.012024,0.12916,0.22411,0.005286,0.94198,2.5451,3.8288,0.39601,0.022269,73.034,4.9977,1.8022,0.081305,1.1321,0.89785,0.78974,0.071817,0.65744,0.23932,0.05699,206.02,63.352,-0.030763,1.592,153.7,0.047824,0.042243,1.333,0.21026,0.20009,1.8716,3.5451,3822.5,0.071817,-0.03265,0.99936,0.89419,2.5584,5.7615,67.789,5.3844,5.082,0
0.024181,0.46179,0.093319,1.429,-2.9572,-0.025222,0.040182,1.1655,0.80048,0.53821,0.053757,0.18472,0.16766,0.040182,1255.9,0.29062,2.1655,0.040182,0.050197,38.577,1.2226,0.04104,0.030209,0.02399,0.006676,0.25597,3.0231,0.13541,3.7317,0.49387,0.067155,105.91,3.4465,1.6234,0.050796,0.80048,0.96571,0.77248,0.063457,0.37038,0.11397,0.051269,105,66.424,0.28582,1.0401,41.19,-0.052984,-0.066191,0.67312,0.21752,0.29015,0.78096,1.1209,503.18,0.063457,0.04493,0.95083,0.43529,9.4617,5.495,99.186,3.68,1.1615,0
0.083516,0.20416,0.21588,2.1732,115.7,0.21751,0.10775,3.362,1.2187,0.68637,0.10775,0.58552,0.27023,0.10775,451.81,0.80786,4.8982,0.10775,0.17654,34.794,1.1657,0.10562,0.13684,0.27585,0.68637,0.68918,2.1091,0.35973,5.5407,0.044749,0.17654,134.12,2.7215,0.51736,0.10562,0.6719,16.966,0.70651,0.17306,1.0432,0.041227,0.17306,124.34,89.551,1.4355,1.857,42.404,0.048437,0.079363,1.9588,0.18402,0.36745,1.1437,1.1773,74981,0.17947,0.12168,0.82053,0.029344,10.49,4.0759,110.05,3.3167,1.017,0
0.026061,0.68553,0.13071,1.235,-91.443,0.09156,0.032335,0.39938,1.0401,0.27378,0.032335,0.058136,0.05334,0.032335,3086.5,0.11826,1.4587,0.032335,0.021275,116.74,1.2782,0.064931,0.017147,0.11325,0.27378,0.10911,0.44436,0.41745,5.0986,0.44882,0.021275,138.93,2.6272,0.094716,0.064931,1.5327,1.5527,0.40312,0.042722,0.012236,0.19829,0.042722,163.33,46.593,0.053615,0.36106,121.42,0.016197,0.010657,1.002,0.55619,0.38063,0.87442,1.2875,16404,0.038569,0.095189,0.96143,0.4724,3.1267,7.8338,133.57,2.7326,4.8541,0
0.041506,0.69972,-0.17544,0.67313,-55.418,0.19114,0.055689,0.30361,1.036,0.21244,0.055689,0.10376,0.053492,0.055689,2541.2,0.14363,1.4291,0.055689,0.029639,13.887,1.129,0.06559,0.022091,0.24561,0.21244,0.12336,0.36167,-0.27466,5.4387,0.36528,0.029639,108.02,3.379,0.093737,0.06559,1.9078,1.7776,0.37546,0.034909,0.072218,0.20836,0.034909,62.652,48.765,0.58061,0.53993,14.388,0.020775,0.011057,0.5163,0.53671,0.29595,0.3326,0.58783,-48177,0.034791,0.19537,0.96521,0.76735,26.283,7.4848,104.26,3.5008,2.9416,0
0.10793,0.55937,0.41814,4.5094,14.364,0.22936,0.13488,0.76072,1.1496,0.42552,0.13488,1.132,0.15483,0.13488,1018.3,0.35843,1.7877,0.13488,0.10415,105.88,1.1507,0.17852,0.083347,0.28974,0.42552,0.31026,1.5849,0.9037,4.5806,0.40487,0.10415,38.61,9.4536,0.31915,0.17852,1.3148,0.36721,0.86574,0.13786,0.29586,0.075326,0.13786,141.51,35.628,0.28733,1.3567,121.72,0.11291,0.087189,0.96054,0.11915,0.10578,0.91964,1.871,15920,0.13017,0.25365,0.86983,1.0345,3.4474,10.245,33.584,10.868,2.7987,0
-0.04893,0.77298,0.031274,1.0405,-83.984,0.092191,-0.04893,0.29369,2.2379,0.22702,-0.038379,-0.0633,0.016795,-0.04893,7506.4,0.048625,1.2937,-0.04893,-0.021864,57.783,1.0713,-0.044842,-0.021864,0.19362,0.05847,0.048625,-4.25,0.15977,2.5514,0.3454,-0.017209,123.59,2.9532,2.9532,-0.044848,2.2379,,0.22702,-0.02004,0.24497,0.61828,-0.020037,100.29,42.505,-0.13811,0.58212,56.648,-0.13136,-0.058696,1.0405,0.77298,0.33861,1.1598,1.1598,11.133,-0.02004,-0.21553,1.0218,0,6.3168,8.5872,126.07,2.8952,11.433,0
-1.3732,0.72154,0.39854,1.9412,-95.718,-1.3732,-1.3732,0.18283,0.80944,0.13192,-0.72531,-3.2429,-1.5843,-1.3732,-205.36,-1.7773,1.3859,-1.3732,-1.6965,60.745,0.50879,-0.72915,-1.6965,0.94136,-1.3732,-1.7773,-1.1254,2.2389,4.187,0.74522,-1.6965,249.42,2.0559,1.2065,-0.59489,0.80944,2.3056,0.43001,-0.73494,1.3921,-0.037675,-0.9008,104.84,44.093,-10.194,1.2181,56.481,-0.81991,-1.0129,1.1392,0.42344,0.48641,0.74105,2.4156,6130,0.23446,-10.41,1.8759,2.2597,6.0087,8.2779,190.94,1.9116,4.5471,1
-0.050808,0.58305,0.28583,1.6298,-4.6033,0,-0.050808,0.71511,2.183,0.41695,-0.044609,-0.11195,0.019483,-0.050808,5003.8,0.072944,1.7151,-0.050808,-0.023275,51.171,1.1043,-0.044848,-0.023275,-0.052774,0.009522,0.072944,-7.2348,1.0979,3.5361,0.22486,-0.021541,75.258,4.85,3.7751,-0.018096,2.183,22.911,0.43587,-0.00829,0.21799,0.40081,-0.020545,107.13,55.961,-0.16602,0.95546,50.75,-0.13819,-0.063302,1.2686,0.45384,0.20619,1.6016,1.6743,982.17,-0.00829,-0.12186,1.0227,0.045393,7.1329,6.5225,75.882,4.8101,8.3852,0
0.19206,0.37405,0.090522,1.242,-1.3272,-0.11802,0.2229,1.6735,1.6863,0.62595,0.25052,0.59592,0.17784,0.2229,455.26,0.80175,2.6735,0.2229,0.13219,16.339,1.6416,0.25051,0.1139,0.003928,0.34497,0.71929,9.0721,0.16906,2.9696,0.20901,0.13761,94.286,3.8712,3.8712,0.23826,1.6863,,0.62595,0.14129,0.11146,0.038071,0.14856,91.534,75.195,2.5443,1.0402,19.028,0.17352,0.1029,1.242,0.37405,0.25832,1.1691,1.1691,84.406,0.14129,0.30683,0.86887,0,22.339,4.854,80.964,4.5082,3.1494,0
0.062122,0.54464,0.2571,1.5091,18.209,0.38805,0.062122,0.83609,1.4832,0.45536,0.075599,0.12301,0.049618,0.062122,2701.3,0.13512,1.8361,0.062122,0.041885,8.7967,2.2852,0.070182,0.041885,0.41,0.45018,0.13512,5.2074,1.0808,4.2392,0.36447,0.042827,130.22,2.8029,2.599,0.067627,1.4832,143.28,0.46043,0.045597,0.30575,0.22234,0.04732,149.56,140.76,1.7379,1.4383,9.2169,0.058712,0.039586,1.3993,0.50501,0.35677,1.9142,1.9355,4459.7,0.045597,0.13642,0.95835,0.011133,41.493,2.5931,124.28,2.9368,6.2347,0
0.059011,0.75177,0.5338,7.1769,179.15,-0.001216,0.073333,0.33019,0.54686,0.24823,0.082125,0.84858,0.18468,0.073333,2717,0.13434,1.3302,0.073333,0.1341,187.2,1.6715,0.061029,0.10791,0.10475,0.13456,0.11529,6.9417,1.4056,4.5676,1.1444,0.15018,62.32,5.8568,0.67326,0.040721,0.54686,145.31,0.25056,0.074463,1.6334,0.28256,0.1116,319.75,132.56,0.2104,3.9315,202.26,0.03337,0.061022,0.82501,0.086419,0.17074,0.6536,0.65976,19724,0.074463,0.23773,0.87641,0.009419,1.9498,2.7536,57.68,6.3281,1.4399,0
0.026576,0.21594,0.2593,2.235,31.068,0.010711,0.032553,3.5414,1.0303,0.76473,0.032553,0.15504,0.041943,0.032553,1185.2,0.30797,4.6309,0.032553,0.020531,29.367,0.94342,0.033028,0.016761,0.017643,0.76473,0.28029,0.21462,0.48857,4.182,0.12738,0.020531,49.798,7.3296,0.15295,0.033028,1.6067,57.173,0.7707,0.020831,0.075361,0.106,0.020831,104.38,75.018,0.20833,1.6274,30.256,-0.000921,-0.000581,2.1731,0.20996,0.13643,1.4409,1.4521,3943,0.029391,0.034752,0.97061,0.007815,12.429,4.8655,48.334,7.5515,2.9874,0
0.002206,0.77318,0.56796,2.3392,-73.885,0.10811,0.002206,0.29336,2.065,0.22682,0.025622,0.005203,0.85212,0.002206,160.38,2.2758,1.2934,0.002206,0.001069,0.26658,0.71007,0,0.001069,0.2025,0.19079,2.2758,0,71.608,3.1423,0.26355,0.002137,,0,0,0.004235,2.065,,0.22682,0.002051,1.0251,0.014665,0,98.514,98.247,1.463,2.3357,,-1.7574,-0.85105,1.2831,0.4241,,28.597,28.597,788.19,1,0.009728,0.011353,0,1369.2,3.7151,74.963,4.8691,260.35,0
0.035989,0.43475,0.023682,1.0545,-9.5101,0.045357,0.047376,1.2412,1.0207,0.53961,0.047376,0.10897,0.02659,0.047376,1798.8,0.20291,2.3002,0.047376,0.01428,11.455,1.2219,0.067826,0.010848,0.062123,0.53961,0.17672,0.20868,0.043729,4.7675,0.11151,0.01428,48.821,7.4763,0.15601,0.067826,3.3246,,0.53961,0.020444,0.15901,0.13153,0.020444,42.83,31.375,0.34565,0.81498,11.692,0.026986,0.008134,1.0545,0.43475,0.13376,0.99638,0.99638,1386.4,0.020293,0.066696,0.97971,0,31.864,11.633,47.83,7.6312,6.126,0
0.045913,0.63823,0.1449,1.2528,-87.84,0,0.045913,0.56682,2.29,0.36177,0.046524,0.080117,0.17036,0.045913,597.14,0.61124,1.5668,0.045913,0.02005,60.508,0.98974,0,0.02005,0.20598,0.35184,0.61124,0,0.51377,3.9573,0.27419,0.045455,152.15,2.3989,2.154,0.010942,2.29,25.252,0.37516,0.004778,0.047244,0.061808,0,110.12,49.615,0.12094,0.59041,100.79,-0.3442,-0.15031,1.1249,0.57308,0.41686,1.2828,1.3303,1313.3,0.39966,0.12692,0.60061,0.037038,6.0322,7.3567,91.344,3.9959,8.1198,0
0.1088,0.68018,0.30036,1.5343,-13.381,0,0.13847,0.47019,2.5652,0.31982,0.17486,0.24633,0.068019,0.13847,1422.9,0.25652,1.4702,0.13847,0.053982,54.892,1.2448,0.17482,0.042415,0.32991,0.23679,0.2129,4.8044,2.1844,3.2569,0.25788,0.065869,84.606,4.3141,3.5654,0.14001,2.5652,4.0525,0.43745,0.054582,0.039272,0.10754,0.068152,119.58,64.693,0.28204,0.84806,58.061,0.13881,0.054115,1.268,0.56214,0.2318,2.3259,3.1815,542.66,0.054583,0.3402,0.94696,0.36783,6.6495,5.642,79.988,4.5632,18.656,0
0.35315,0.25918,0.53434,3.116,200.22,-0.20575,0.35315,2.8583,1.3664,0.74082,0.36138,1.3985,0.29605,0.35315,233.85,1.5608,3.8583,0.35315,0.25845,47.986,1.0413,0,0.25845,0.45859,0.69881,1.5608,0,2.507,3.6667,-0.039945,0.53021,136.96,2.6651,2.5966,0.012605,1.3664,,0.74082,0.009225,1.2781,0.16816,0,123.98,75.989,1.9658,2.4046,97.432,-0.051375,-0.037598,3.036,0.25252,0.37523,3.4758,3.4758,2480.4,0.50749,0.47671,0.51172,0,7.6063,4.8033,67.453,5.4112,6.411,0
0.11829,0.38131,0.51893,2.3794,-40.108,0,0.11829,1.6226,2.155,0.61869,0.14263,0.31444,0.054891,0.11829,1176.6,0.31022,2.6226,0.11829,0.054891,118.39,1.1437,0,0.054891,0.42917,0.60049,0.31022,0,4.948,4.1379,0.15773,0.11852,74.221,4.9178,4.8518,0.028863,2.155,,0.61869,0.013394,0.17934,,0,140.18,21.796,0.16923,0.52141,137.9,0,0,2.3475,0.3762,0.20335,5.8993,5.8993,7128.3,0.14152,0.19119,0.8706,0,3.0831,16.747,63.717,5.7284,20.548,0
0.01103,0.36131,0.16089,1.448,5.3613,0,0.01103,1.7677,1.3215,0.63869,0.023153,0.030713,0.044616,0.01103,2236.8,0.16318,2.7677,0.01103,0.008347,37.92,1.3521,0.022605,0.008347,0.4646,0.63219,0.16318,1.8646,0.33521,3.886,0.27247,0.010433,100.99,3.6141,3.5924,0.023523,1.3215,175.99,0.64087,0.0178,0.01737,0.17075,0.017106,141.91,103.99,0.080343,1.0657,38.607,-0.025324,-0.019164,1.4393,0.35913,0.27669,1.3307,1.3352,1237.3,0.0178,0.01727,0.99167,0.003405,9.6256,3.5099,99.195,3.6796,2.7532,0
0.090874,0.45999,0.47015,2.0221,22.455,0,0.090874,1.174,3.1076,0.54001,0.14291,0.19756,0.045844,0.090874,1178.5,0.30971,2.174,0.090874,0.029243,1.3892,1.0239,0.14152,0.029243,0.034099,0.42737,0.30971,2.7199,6.7292,2.6473,0.14802,0.045986,56.579,6.4512,6.4512,0.14017,3.1076,,0.54001,0.045104,0.60099,0.079401,0.045539,76.778,75.389,7.6834,1.9964,1.4548,0.089928,0.028938,2.0221,0.45999,0.15501,7.7292,7.7292,208.69,0.045104,0.16828,0.97078,0,262.75,4.8415,54.027,6.7559,44.479,0
0.074155,0.27698,0.60203,3.1735,128.78,0.14209,0.09176,2.5898,1.0657,0.71734,0.09176,0.33128,0.12523,0.09176,927.4,0.39357,3.6103,0.09176,0.10541,131.64,0.90836,0.053468,0.085188,0.17365,0.71734,0.33001,0.6546,4.9758,4.1238,-0.015376,0.10541,123.77,2.9489,0.19304,0.053468,0.90894,,0.71734,0.061422,1.0558,0.12876,0.061422,245.96,114.31,0.2362,2.04,140.3,0.036215,0.041603,3.1735,0.27698,0.33911,5.9288,5.9288,8006.9,0.06168,0.10337,0.93832,0,2.7726,3.193,116.14,3.1428,7.1946,0
-0.1543,1.0093,-0.12517,0.79656,-40.986,-0.005298,-0.003973,-0.009186,1.1974,-0.009272,0.019868,-0.006459,0.034845,-0.003973,8829.5,0.041339,0.99081,-0.003973,-0.003319,0,0.7603,0.016556,-0.12887,0.07351,-0.055629,-0.10761,0.69444,-0.24545,3.179,0.83739,0.012168,191.25,1.9085,1.1634,0.023179,1.1974,1.9577,0.24106,0.019358,0.016146,0.54043,0.013827,146.36,146.36,,0.79656,0,-0.029139,-0.024336,0.48556,0.61523,0.52397,-0.018182,0.47273,-189,0.019358,16.643,1.0033,-27,,2.4938,187.55,1.9462,2.3481,0
-0.002334,0.55829,0.10537,1.3104,-13.181,0,-0.002334,0.79118,1.9415,0.44171,0.05553,-0.006876,0.055766,-0.002334,1882.1,0.19393,1.7912,-0.002334,-0.001202,31.366,0.99233,-0.00576,-0.001202,0.22435,-0.002334,0.19393,-0.099541,0.18978,3.7746,0.27984,0.000095,61.905,5.8962,3.5849,-0.059958,1.9415,,0.44171,-0.030882,0.06703,0.1775,-0.002967,79.348,47.982,-0.01399,0.81891,30.426,-0.11636,-0.059935,0.79674,0.33945,0.1696,0.7956,0.7956,627.08,-0.030882,-0.005284,1.0011,0,11.637,7.607,63.816,5.7195,3.497,0
0.065258,0.6484,0.10828,1.2097,-20.349,0,0.084882,0.54226,2.6421,0.3516,0.11381,0.16436,0.053326,0.084882,1679.7,0.2173,1.5423,0.084882,0.032127,33.055,1.31,0.11288,0.024699,0.052574,0.32411,0.18703,3.9025,0.28851,4.3022,0.24158,0.03626,74.168,4.9212,3.9196,0.10064,2.6421,6.5507,0.41044,0.038089,0.037954,0.12797,0.042722,83.593,50.538,0.27273,0.74634,34.364,0.056865,0.021523,0.96346,0.51643,0.2032,0.93687,1.0937,2171.4,0.038089,0.1856,0.9686,0.16735,11.042,7.2223,71.343,5.1161,7.0402,0
0.37924,0.12643,0.27886,3.238,63.91,0.4137,0.47294,6.9098,1.7766,0.87357,0.4791,3.7956,0.30226,0.47294,85.931,4.2476,7.9098,0.47294,0.2662,11.75,1.3979,0.47582,0.21346,1.0502,0.8467,3.5065,77.203,0.46746,4.5706,-0.069748,0.26967,35.125,10.391,10.241,0.48185,1.7766,,0.87357,0.27122,2.0347,0.007806,0.26782,30.803,19.053,6.6309,2.779,16.123,0.41175,0.23176,3.1912,0.1246,0.096233,1.4644,1.4644,10375,0.27122,0.43412,0.73473,0,31.064,19.157,25.598,14.259,2.9782,0
0.006473,0.68704,-0.21972,0.6105,-131.01,0,0.006473,0.45552,1.2122,0.31296,0.006579,0.011475,0.05755,0.006473,3594.7,0.10154,1.4555,0.006473,0.00534,21.295,1.0941,0,0.00534,0.017083,0.2421,0.10154,0,-0.33515,3.8487,0.56398,0.011151,222.03,1.644,1.3498,0.012346,1.2122,11.106,0.3376,0.010185,0.048587,0.36186,0,95.447,74.152,0.091528,0.48513,27.835,-0.063288,-0.05221,0.50128,0.56412,0.60829,0.47736,0.51495,-1550.8,0.23495,0.020684,0.76447,0.078737,17.14,4.9223,169.86,2.1488,1.849,0
-0.10541,1.0078,-0.16605,0.82151,-57.401,0,-0.10638,-0.007772,1.1107,-0.007833,-0.09944,-0.11435,-0.058928,-0.10638,-5620.5,-0.064941,0.99223,-0.10638,-0.095778,6.522,0.81,-0.099456,-0.094903,-0.078939,-0.10541,-0.063977,-14.335,-0.70431,3.6842,0.89987,-0.089532,280.15,1.3029,1.2026,-0.10139,1.1107,9.6112,0.069618,-0.091289,0.009894,-0.57399,-0.089546,248.13,241.6,-5.3112,0.80017,5.9764,-0.14039,-0.1264,0.7583,0.93029,0.76752,-0.033223,0.29529,-802.48,-0.091289,13.457,1.0955,-9.8879,55.965,1.5107,305.72,1.1939,4.711,0
0.1176,0.28491,0.39736,2.3947,19.534,0.27415,0.14371,2.3247,1.0872,0.66231,0.14371,0.50441,0.102,0.14371,598.03,0.61034,3.5099,0.14371,0.084295,34.871,1.0243,0.15693,0.06898,0.34956,0.66231,0.5187,1.0008,1.2506,4.5884,0.096849,0.084295,66.319,5.5037,0.5508,0.15693,1.7556,,0.66231,0.092048,0.95061,0.050061,0.092048,88.086,53.215,0.72203,1.823,37.913,0.12675,0.074345,2.3947,0.28491,0.1817,2.0845,2.0845,15401,0.080234,0.17756,0.91977,0,10.467,6.8589,60.998,5.9838,5.3657,0
0.080313,0.44217,0.25732,2.2099,-36.391,0.20151,0.1007,1.2204,1.1723,0.53962,0.1007,0.47348,0.14181,0.1007,1297.6,0.28128,2.2616,0.1007,0.11481,137.37,1.1483,0.129,0.091573,0.24927,0.53962,0.23518,1.7243,0.48552,4.3008,0.50257,0.11481,103.76,3.5177,0.29175,0.129,0.88064,0.60972,0.76911,0.14709,0.008828,0.095213,0.14709,194.82,57.453,0.24332,0.65794,161.03,0.10532,0.12009,1.0629,0.21268,0.28427,1.0181,1.4512,5143.8,0.14698,0.14883,0.85302,0.42529,2.6571,6.3531,88.51,4.1238,1.6548,0
0.027769,0.56872,0.14793,1.3907,-36.721,0,0.035851,0.75834,1.9051,0.43128,0.056623,0.094687,0.053019,0.035851,2055.1,0.17761,1.7583,0.035851,0.018818,56.691,1.1481,0.051417,0.014576,0.009584,0.38781,0.1634,2.4753,0.31245,5.0688,0.28422,0.0287,90.299,4.089,2.7223,0.37467,1.9051,1.9482,0.54967,0.19666,0.07589,0.16262,0.026989,95.377,38.686,0.093848,0.60919,69.76,-0.01374,-0.007212,0.92586,0.37863,0.24456,0.91094,1.161,1.3907,0.19666,0.064388,0.81298,0.27451,6.4384,9.4349,72.541,5.0317,4.0239,0
0.14878,0.22773,0.35806,2.5723,27.602,0,0.27313,3.3912,3.0852,0.77227,0.2871,1.1994,0.10062,0.27313,267.76,1.3632,4.3912,0.27313,0.08853,18.266,1.2312,0.24483,0.048224,0.56604,0.669,0.81714,17.519,0.86442,3.6488,0.018623,0.092976,31.377,11.633,11.633,0.43613,3.0852,,0.77227,0.14136,0.76268,0.026905,0.079359,48.755,30.489,0.96364,1.8943,21.273,0.20753,0.067268,2.5723,0.22773,0.085966,1.8644,1.8644,1594.8,0.14136,0.19265,0.91267,0,19.982,11.972,26.942,13.548,7.4482,0
0.00022,0.82575,-0.10236,0.81468,-86.568,-0.020518,0.005149,0.21102,1.0469,0.17425,0.005149,0.009323,0.038052,0.005149,7346.4,0.049684,1.211,0.005149,0.004776,44.255,1.0154,0.048158,0.000204,-0.012198,0.17425,0.043715,0.46759,-0.18609,5.91,0.75384,0.004776,195.74,1.8647,0.05832,0.048158,1.0871,1.1675,0.44768,0.044666,0.034275,0.32305,0.044666,145.92,101.66,0.001685,0.578,46.329,0.01228,0.01139,0.54491,0.55232,0.53628,0.3168,0.81391,-83191,0.044764,0.001264,0.95524,1.5692,8.2477,3.5902,186.98,1.9521,1.9602,0
0.12125,0.73483,-0.017083,0.96429,-43.036,0,0.12125,0.36085,1.9009,0.26517,0.15685,0.25346,0.10459,0.12125,1349.1,0.27056,1.3609,0.12125,0.063786,34.745,1.095,0.15644,0.063786,0.29931,0.23984,0.27056,4.3952,-0.031711,3.9329,0.38223,0.074293,99.229,3.6784,2.3947,0.14126,1.9009,1.6618,0.43387,0.074309,0.023577,0.10468,0.082297,86.41,51.665,0.67009,0.58604,37.534,0.078884,0.041497,0.62777,0.47839,0.27186,0.49224,0.80541,-146.35,0.074309,0.45728,0.93708,0.63622,10.505,7.0648,91.855,3.9736,3.5288,0
0.25618,0.49052,0.37814,1.8929,43.28,0,0.25618,1.0387,3.2463,0.50948,0.25693,0.60488,0.078913,0.25618,698.89,0.52226,2.0387,0.25618,0.078913,0,1.2317,0,0.078913,0.47992,0.49424,0.52226,0,1.9064,4.2337,0.096761,0.17681,55.062,6.6289,5.7235,0.06029,3.2463,93.112,0.51809,0.018572,0.51242,,0,65.733,65.733,,1.8929,0,0,0,1.6343,0.42352,0.15085,2.5686,2.612,6475.9,0.13519,0.50281,0.86508,0.016898,,5.5527,47.618,7.6652,16.367,0
0.054095,0.22732,0.68942,4.0329,104.1,0,0.054095,3.3992,1.5323,0.77268,0.073211,0.23797,0.074944,0.054095,722.5,0.50519,4.3992,0.054095,0.035303,86.357,0.93819,0,0.035303,0.37845,0.7223,0.50519,0,8.2805,3.854,0.14541,0.07888,69.757,5.2324,5.2324,0.00014,1.5323,,0.77268,0.000091,0.022044,0.12474,0,217.18,130.82,0.14921,2.438,111.25,-0.060743,-0.039641,4.0329,0.22732,0.19112,9.2805,9.2805,4925.7,0.22377,0.070009,0.78935,0,4.2266,2.7901,54.148,6.7408,18.404,0
-0.24085,1.0176,-0.17126,0.82642,-123.45,-0.50891,-0.24085,-0.017269,1.154,-0.017572,-0.20443,-0.24412,-0.19273,-0.24085,-1669.9,-0.21858,0.98273,-0.24085,-0.2087,36.873,0.83798,-0.20443,-0.2087,-0.38156,-0.74976,-0.21858,-5.6121,-0.92744,2.7374,0.88025,-0.20679,265.16,1.3769,1.335,-0.20404,1.154,,-0.017572,-0.17681,0.17579,-0.18237,-0.17714,203.03,166.16,-2.0659,0.29395,31.333,-0.22286,-0.19311,0.80128,0.98662,0.72647,-0.095163,-0.095163,-93.56,-0.17682,13.706,1.1772,0,9.8989,2.1967,312.05,1.1697,6.2496,1
0.25896,0.26283,0.41813,5.5757,62.352,0,0.25896,2.8048,1.5127,0.73717,0.27574,2.8338,0.20095,0.25896,315.59,1.1566,3.8048,0.25896,0.17119,49.354,1.1153,0.26475,0.17119,0.84255,0.62809,1.1566,15.781,0.85249,3.6612,0.019011,0.17581,26.73,13.655,4.7478,0.26484,1.5127,1.7789,0.90862,0.17508,2.6191,0.028282,0.17502,65.193,15.839,1.2661,3.3374,59.829,0.21974,0.14526,1.9386,0.091381,0.073232,1.503,1.8525,1916.5,0.17508,0.35129,0.83006,0.23257,7.3955,23.044,22.05,16.553,3.084,0
0.21872,0.78813,0.19088,1.2422,10.259,-0.06759,0.32738,0.26883,7.0697,0.21187,0.32847,0.41539,0.052491,0.32738,775.19,0.47085,1.2688,0.32738,0.046307,0,1.3528,0.32846,0.030938,1.2314,0.1815,0.33299,300.79,9.096,3.2166,0.1026,0.046308,42.668,8.5545,8.5545,0.32768,7.0697,,0.21187,0.046349,0.079697,0.070587,0.046461,47.302,47.302,,1.2422,0,0.28475,0.040277,1.2422,0.78813,0.1169,10.096,10.096,314.29,0.046349,1.0324,0.95381,0,,7.7163,40.69,8.9702,336.89,1
0.059653,0.57398,0.19502,1.3867,-39.979,0.29136,0.059653,0.72211,1.0768,0.41447,0.059653,0.11829,0.028487,0.059653,2886.5,0.12645,1.7422,0.059653,0.023414,65.34,1.3411,0.17476,0.023414,0.29136,0.41447,0.12645,0.73861,0.64859,4.2212,0.22408,0.023414,77.797,4.6917,0.30447,0.17476,2.5511,3.4912,0.48415,0.068593,0.006587,0.10054,0.068593,99.711,34.371,0.13079,0.48232,70.358,0.16183,0.06352,1.2184,0.50431,0.21314,1.3785,1.6102,3245.3,0.071317,0.14392,0.92868,0.1681,5.5861,10.619,72.249,5.052,8.4734,0
0.10115,0.38649,0.316,1.9476,-7.307,0.29869,0.10115,1.5561,1.0685,0.60143,0.10115,0.30332,0.057114,0.10115,966.47,0.37766,2.5874,0.10115,0.039578,51.565,1.2468,0.11665,0.039578,0.29869,0.60143,0.37766,0.4877,0.90148,4.1572,0.14847,0.039578,50.889,7.1724,0.30181,0.11665,2.5707,5.44,0.65445,0.045643,0.028956,0.078696,0.045643,91.379,39.815,0.28015,0.86493,55.098,0.071831,0.028107,1.6804,0.33347,0.13942,1.7157,1.867,4538.4,0.064118,0.16818,0.93588,0.088155,7.0785,9.1675,47.627,7.6638,7.2906,0
0.0239,0.82351,-0.001119,0.99863,-29.537,-0.042749,0.035841,0.20614,1.0164,0.16976,0.035841,0.043951,0.017833,0.035841,4398.2,0.082988,1.2143,0.035841,0.009353,27.258,1.1962,0.052896,0.006237,-0.058774,0.16976,0.068487,0.14029,-0.00603,3.9227,0.20697,0.009353,78.94,4.6238,0.064232,0.052896,3.8659,65.767,0.17779,0.013803,0.060958,0.31705,0.013803,72.828,45.57,0.083511,0.64768,27.704,0.020396,0.005322,0.98889,0.81548,0.21627,0.91448,0.95774,-9.37,0.016097,0.14079,0.9839,0.047307,13.391,8.0097,77.669,4.6994,20.644,0
0.15839,0.11227,0.59734,18.067,323.35,0,0.19365,7.9072,0.80671,0.88773,0.19461,5.5329,0.25458,0.19365,199.53,1.8293,8.9072,0.19365,0.24005,16.971,1.1863,0.17358,0.19634,0.50937,0.87986,1.5152,181.25,1.6247,3.8027,-0.52295,0.24005,20.174,18.093,5.6404,0.17347,0.80671,,0.88773,0.21503,15.306,0.020196,0.21517,43.717,26.745,4.2226,16.995,21.621,0.16186,0.20064,5.6324,0.035,0.055271,2.4146,2.4146,3792.9,0.21503,0.17842,0.76608,0,21.507,13.647,15.836,23.049,2.1942,0
0.14686,0.35552,0.22036,1.7482,23.137,0,0.14686,1.8128,1.587,0.64448,0.15378,0.49861,0.092539,0.14686,883.6,0.41308,2.8128,0.14686,0.092539,29.152,1.1382,0.18136,0.092539,0.32945,0.34507,0.41308,26.203,0.45427,4.2633,0.19616,0.096845,101.1,4.8008,3.9773,0.17993,1.6005,8.3788,0.69081,0.11338,0.15939,0.065343,0.11428,107.63,78.475,1.1586,1.3178,32.719,0,0,1.4483,0.29454,0.27699,1.3286,1.4241,4040.6,0.32995,0.22787,0.88777,0.071879,12.52,4.6511,67.742,5.3881,3.2715,0
-0.075672,0.54273,0.18957,1.4007,-27.691,-0.33924,-0.076865,0.75427,0.97136,0.40937,-0.076865,-0.16245,-0.013531,-0.076865,-6072.4,-0.060108,1.8425,-0.076865,-0.031881,39.124,1.1048,-0.063902,-0.031386,-0.33049,0.40937,-0.057908,-0.25746,0.56204,4.73,0.22362,-0.031881,69.579,5.2458,-0.11774,-0.063902,2.4382,5.8104,0.47895,-0.026504,0.25835,-0.90765,-0.026504,81.824,42.7,-0.29281,0.85446,38.003,-0.10814,-0.044855,1.2211,0.47315,0.19063,1.2137,1.42,10181,-0.029479,-0.18485,1.0295,0.16997,9.3294,8.548,71.631,5.0956,7.1482,0
-0.17598,0.10383,0.23788,3.2911,19.284,0,-0.17598,8.6315,1.9216,0.89617,-0.17311,-1.6949,-0.052489,-0.17598,-375.73,-0.97144,9.6315,-0.17598,-0.09158,24.744,1.2598,-0.17509,-0.09158,-0.095695,0.88525,-0.97144,-61.084,0.36136,4.2121,0.03127,-0.091562,18.359,19.881,19.881,-0.14263,1.9216,,0.89617,-0.074227,0.43158,-0.034619,-0.091117,56.396,31.652,-1.3509,2.0365,23.034,-0.2502,-0.13021,3.2911,0.10383,0.050299,1.3614,1.3614,3876.4,-0.074227,-0.19636,1.0914,0,14.751,11.532,19.722,18.507,2.919,0
0.037473,0.38094,0.034552,1.1148,-45.029,-0.000804,0.037473,1.6251,0.81528,0.61906,0.064956,0.12454,0.076899,0.037473,2217.8,0.16458,2.6251,0.037473,0.045964,55.992,1.4803,0.064396,0.045964,,0.52654,0.16458,2.3431,0.051993,4.7661,0.4587,0.059513,141.8,2.574,2.0332,0.040767,0.81528,3.3384,0.68208,0.050003,0.033837,0.14169,0.078986,145.62,89.629,0.29963,0.69918,58.94,0.039176,0.048052,0.88058,0.30089,0.3885,0.93155,1.0264,2016.4,0.050003,0.060533,0.95632,0.10179,6.5187,4.0724,134.71,2.7095,1.2268,0
-0.13895,0.31277,0.23491,2.3473,-6.8001,0,-0.13895,2.1973,2.255,0.68723,-0.13758,-0.79694,-0.038805,-0.13895,-1304.6,-0.27978,3.1973,-0.13895,-0.061618,44.642,1.408,-0.13834,-0.061618,-0.34031,0.4709,-0.27978,-101.28,0.39765,3.2338,0.11835,-0.061014,26.555,13.745,7.6621,-0.14145,2.255,,0.68723,-0.062726,0.28271,-0.11997,-0.06135,58.265,13.624,-0.5038,0.76547,42.007,-0.18979,-0.084163,1.3085,0.17435,0.072755,1.1633,1.1633,402.42,-0.062726,-0.20219,1.0615,0,8.1762,26.791,28.221,12.934,3.8173,0
0,0.61894,0.020542,1.041,-73.612,0,0.034213,0.61567,1.5599,0.38106,0.098955,0.068298,0.07597,0.034213,1906.3,0.19147,1.6157,0.034213,0.021933,68.657,0.94729,0.098211,0,0.15809,0.35623,0.13619,1.517,0.042929,4.0613,0.39129,0.045054,126.93,2.8757,2.3275,0.11935,1.5599,2.0055,0.49478,0.076509,0.025967,0.11305,0.062959,118.98,50.321,0,0.45527,74.345,0.013919,0.008923,0.84255,0.50094,0.34774,0.79635,1.034,236.56,0.076509,0,0.97821,0.29842,5.3163,7.2535,117.21,3.114,3.2599,0
0.13406,0.42674,-0.019868,0.95344,-43.186,0.66645,0.16072,1.2723,1.1088,0.54293,0.16072,0.37661,0.15634,0.16072,782.71,0.46633,2.3434,0.16072,0.12626,31.402,0.63998,0.16664,0.10532,0.81735,0.54293,0.40387,1.4516,-0.033497,4.1432,0.33542,0.12626,135.69,2.69,0.39049,0.16664,1.3618,,0.54293,0.13091,0.008253,0.068464,0.13091,115.66,84.259,1.2242,0.69682,34.82,0.12835,0.10084,0.95344,0.42674,0.37174,0.91537,0.91537,-276.27,0.09815,0.24692,0.90185,0,11.623,4.3319,122.37,2.9828,2.146,0
0.079639,0.71827,-0.13899,0.70136,-87.169,-0.17053,0.10242,0.39224,1.0617,0.28173,0.10242,0.22007,0.072176,0.10242,2524.2,0.1446,1.3922,0.10242,0.071176,47.457,1.1964,0.13372,0.055343,-0.20248,0.28173,0.11288,0.98666,-0.20635,4.6422,0.49845,0.071176,125.34,2.9121,0.18618,0.13372,1.5145,0.55102,0.53459,0.092929,0.005868,0.17471,0.092929,82.104,34.647,0.42566,0.29936,50.387,0.13229,0.091929,0.45446,0.46541,0.3434,0.41827,0.79365,-6097.4,0.058148,0.28268,0.94185,0.89749,7.6912,10.535,118.05,3.0919,2.1364,0
0.060476,0.5493,0.041972,1.1587,-53.209,0.26036,0.075959,0.81944,1.1383,0.45012,0.075959,0.28716,0.13415,0.075959,1748.9,0.2087,1.8205,0.075959,0.088884,43.998,1.0271,0.10757,0.070767,0.32452,0.45012,0.18052,1.4328,0.06052,4.1235,0.63772,0.088884,128.6,2.8382,0.19583,0.10757,0.85988,0.71447,0.73491,0.12587,0.18342,0.12348,0.12587,110.18,66.183,0.58707,0.76923,50.084,0.068887,0.080608,0.55795,0.26452,0.35234,0.64904,1.0597,557.81,0.12151,0.13436,0.87849,0.63269,8.2958,5.515,112.98,3.2308,1.2323,0
0.048506,0.61109,0.33138,3.0879,248.65,0,0.048506,0.63643,0.51489,0.38891,0.092107,0.30561,0.1877,0.048506,2307.9,0.15815,1.6364,0.048506,0.094207,45.142,1.0908,0.082202,0.094207,0.10104,0.38707,0.15815,1.8854,0.64989,3.7353,1.1868,0.094207,135.6,2.6917,0.69911,0.087675,0.51489,1.0652,0.78922,0.17028,0.037003,0.15628,0.15965,343.26,298.12,0.76172,2.6866,54.406,0.034063,0.066156,0.80201,0.15872,0.37152,0.76273,1.5478,1801.6,0.17028,0.12472,0.91127,1.0293,8.0857,1.2243,112.51,3.2441,1.0098,0
-0.079421,1.0779,-0.17905,0.8339,-358.72,0,-0.079421,-0.072303,0.86819,-0.077939,0.03552,-0.073679,-0.085526,-0.079421,-5298.8,-0.068884,0.9277,-0.079421,-0.091479,112.82,1.2501,0,-0.091479,-0.17802,-0.096451,-0.068884,0,-1.7708,3.6356,1.1797,-0.18296,486.4,0.7504,0.7504,0.000132,0.86819,,-0.077939,0.000152,0.37777,6.952,0,206.71,93.897,-0.29597,0.58496,121.09,-0.005169,-0.005953,0.8339,1.0779,1.3326,-0.77085,-0.77085,-773.73,0.068297,1.019,1.1306,0,3.2354,3.8872,453.18,0.80541,8.5867,0
0.056857,0.25191,0.34045,2.8701,3.9122,0.17264,0.073288,2.7603,1.0914,0.69534,0.073288,0.40258,0.13731,0.073288,608.51,0.59983,3.9697,0.073288,0.066598,95.641,1.2351,0.08568,0.051666,0.21374,0.69534,0.5346,0.84972,0.71297,4.4484,0.17335,0.066598,65.898,5.5388,0.34013,0.08568,1.1235,3.3517,0.7652,0.077859,0.56647,0.050656,0.077859,139.1,43.455,0.19718,1.2862,104.38,0.007867,0.007149,2.0742,0.18205,0.18054,1.4562,1.6025,9560.3,0.083715,0.081768,0.91629,0.10047,3.8164,8.3994,60.382,6.0449,2.3046,0
0.03889,0.096403,0.45846,6.5564,51.476,0,0.048522,9.3731,1.2236,0.9036,0.066003,0.58807,0.067661,0.048522,425,0.85881,10.373,0.048522,0.039654,81.622,1.0187,0.048567,0.031782,0.14282,0.54826,0.75889,2.7783,0.99878,3.6535,0.021698,0.043886,25.414,14.362,12.293,0.038602,1.2236,,0.9036,0.031547,1.0925,0.038792,0.039691,134.48,52.859,0.14213,3.2401,84.28,0.014298,0.011685,5.6116,0.082511,0.069628,1.9685,1.9685,2064.4,0.031547,0.043039,0.96122,0,4.4719,6.9052,24.612,14.83,2.6657,0
0.33755,0.10861,0.5874,6.4086,201.68,0,0.41705,8.2076,1.3634,0.89139,0.41705,3.84,0.33889,0.41705,85.795,4.2543,9.2076,0.41705,0.30589,15.665,1.2639,0.39185,0.24758,0.91257,0.88489,3.5223,,1.9323,3.8857,-0.30972,0.30589,40.806,8.9448,8.9448,0.39193,1.3634,,0.89139,0.28747,4.9788,0.008287,0.2874,41.571,25.906,5.7687,5.8698,21.985,0.34685,0.2544,6.4086,0.10861,0.1118,2.9323,2.9323,4514.4,0.28747,0.37868,0.70193,0,23.3,14.089,29.075,12.554,4.485,0
0.069626,0.71678,0.17319,1.4493,6.0769,0,0.069626,0.39512,1.412,0.28322,0.075255,0.18064,0.053093,0.069626,3489.8,0.10459,1.3951,0.069626,0.04931,38.255,0.94288,0,0.04931,0.082074,0.069626,0.10459,0,0.39238,3.4249,0.42513,0.098619,105.21,3.4694,1.8656,0.049251,1.412,1.2408,0.61417,0.034879,0.30929,4.4728,0,113.59,75.331,0.47048,1.0654,40.394,-0.005342,-0.003783,0.77935,0.38544,0.28823,0.64167,1.3915,460.74,0.052959,0.24584,0.92024,1.1686,9.5413,4.8453,99.634,3.6634,3.1992,0
0.3395,0.52096,0.072856,1.1398,-1.4466,0,0.3395,0.91954,2.4685,0.47904,0.43868,0.65169,0.14904,0.3395,516.84,0.70622,1.9195,0.3395,0.13753,10.444,1.2432,0.43819,0.13753,1.124,0.47498,0.70622,4.4179,0.17936,3.9099,0.20131,0.1422,94.102,3.8788,3.8788,0.4478,2.4685,,0.47904,0.18141,0.065768,0.037217,0.17751,82.738,72.293,4.8064,1.0043,12.759,0.40978,0.166,1.1398,0.52096,0.25781,1.1794,1.1794,592.05,0.18141,0.70871,0.86264,0,34.947,5.0489,77.031,4.7383,6.0772,0
0.004144,0.72846,0.15806,1.3176,-203.82,-0.052274,0.004144,0.35028,1.1302,0.25517,0.004144,0.008326,0.078655,0.004144,5851.4,0.062378,1.3728,0.004144,0.007172,265.9,0.9471,0.050007,0.007172,-0.048618,0.25517,0.062378,0.97834,0.45907,4.6985,1.251,0.007172,355.36,1.0271,0.068648,0.050007,0.58702,1.0175,0.48598,0.086561,0.017962,0.2623,0.086561,408.63,142.73,0.009845,0.47191,300.53,0.00871,0.015078,0.90013,0.49764,0.9736,0.74112,1.4115,7893.9,0.11523,0.016238,0.88477,0.90455,1.3727,2.5573,314.42,1.1609,1.6779,0
0.009455,0.17004,0.42753,3.6116,44.498,0,0.009455,4.881,1.8685,0.82996,0.009459,0.057756,0.01908,0.009455,1740.9,0.20966,5.881,0.009455,0.00506,38.628,0.9671,0.008835,0.00506,-0.025856,0.56843,0.20966,2266.5,1.0459,2.7102,0.041997,0.00506,31.971,11.417,10.991,-0.000448,1.8685,,0.82996,-0.00024,0.57162,0.1618,0.004728,97.213,58.585,0.047814,2.4037,38.619,-0.01736,-0.009291,3.477,0.1637,0.087591,2.0304,2.0304,219.35,-0.00024,0.011392,0.995,0,9.4491,6.2302,31.978,11.414,4.5711,0
0.080618,1.0208,0.13109,1.1541,-9.2254,-0.24852,0.080618,-0.020339,2.3527,-0.020761,0.082922,0.094753,0.037077,0.080618,4271.2,0.085456,0.97966,0.080618,0.034267,28.226,1.6756,0.082922,0.034267,-0.1679,-0.1679,0.085456,35.986,7.2466,3.6774,0.433,0.034804,136.81,2.668,2.2238,0.082701,2.3527,58.735,-0.007141,0.035152,0.010828,0.38003,0.035246,150.91,122.68,0.44311,0.94025,29.254,0.07631,0.032436,0.96194,0.85082,0.37482,-1.1476,-0.39475,623.65,0.035152,-3.8831,0.96577,-0.65603,12.931,2.9752,132,2.7652,130.05,0
0.016961,0.83197,0.099863,1.319,-28.477,0,0.017133,0.20197,0.93478,0.16803,0.10409,0.054731,0.042632,0.017133,7620,0.0479,1.202,0.017133,0.018329,53.74,1.1496,0.098849,0.018145,0.032805,0.08702,0.047694,1.1368,0.1701,4.5828,0.88932,0.053229,126.68,2.9547,1.1118,0.032806,1.029,0.71787,0.55149,0.035095,0.10944,0.22812,0.10575,147.85,94.109,0.12324,0.87935,54.311,0.076131,0.081443,0.4963,0.31304,0.33844,0.28621,0.93936,3821.4,0.035095,0.10094,0.98335,2.2821,6.7919,3.8785,122.23,2.9861,1.5922,1
-0.023552,0.6707,0.28808,1.7546,-53.549,0.035007,-0.032001,0.49098,1.0227,0.3293,-0.032001,-0.083824,0.008784,-0.032001,18506,0.019724,1.491,-0.032001,-0.021248,119.65,1.1324,0.037837,-0.015638,0.044182,0.3293,0.032321,0.25693,0.87254,4.2397,0.42954,-0.021248,94.618,3.8576,0.056415,0.037837,1.5368,0.6096,0.61824,0.025123,0.079869,0.26545,0.025123,154.95,35.297,-0.047704,0.46138,122.36,-0.007392,-0.004908,0.99871,0.38176,0.25923,0.99739,1.8725,5003.2,0.022172,-0.07152,0.97783,0.87744,3.0506,10.341,92.52,3.9451,4.5617,0
-0.37606,3.9104,-3.7241,0.047653,-8350.5,-4.3614,-0.37606,-0.74427,0.003162,-2.9104,-0.17674,-0.096169,-118.93,-0.37606,-3795.4,-0.096169,0.25573,-0.37606,-118.93,248.11,0.069167,-0.13907,-118.93,-1.2311,-4.7305,-0.096169,-0.58686,-4.5769,3.7253,1236.7,-51.607,2340500,0.041081,0.041081,-0.032729,0.021573,,-2.9104,-10.351,0,-0.9373,-43.98,21509,21261,-174.96,0.00055,4.8838,-0.13907,-43.98,0.047653,3.9104,24.342,-3.5769,-3.5769,-19786,0.80714,0.12921,5.8109,0,1.4711,0.017167,451380,0.000809,0.003886,1
0.054537,0.6201,-0.038524,0.91405,-83.167,0.096413,0.066913,0.47255,1.0625,0.29303,0.066913,0.14929,0.10432,0.066913,1543.5,0.23648,1.6127,0.066913,0.0476,64.359,1.7306,0.092725,0.038796,0.12045,0.29303,0.21652,0.70087,-0.06526,4.4534,0.43896,0.0476,123.66,2.9517,0.14953,0.092725,1.4214,0.94144,0.46491,0.065962,0.008621,0.11822,0.065962,105.37,41.014,0.22003,0.36103,68.384,0.012996,0.009245,0.66068,0.44821,0.33879,0.49639,0.78757,-1094.2,0.058861,0.18612,0.94114,0.58658,5.6713,8.8995,116.38,3.1363,2.3813,0
0.23759,0.47507,0.15073,1.9068,33.352,0,0.23759,1.105,1.8435,0.52493,0.25985,1.4294,0.21318,0.23759,441.24,0.82721,2.105,0.23759,0.12888,1.4324,1.4955,0.25443,0.12888,0.2823,0.23759,0.82721,11.435,0.22067,4.3688,0.25514,0.13816,37.575,9.7139,3.3988,0.22882,1.8435,2.2738,0.66114,0.12413,0.078387,0.03864,0.13802,60.175,58.743,32.843,1.8633,1.6354,0.099043,0.053727,0.66717,0.16622,0.10295,0.76851,0.96793,3523.4,0.12413,0.45262,0.87513,0.25948,254.82,6.2135,32.911,11.091,2.6989,0
0.033972,0.65068,0.52464,2.5283,17.811,0.14692,0.044946,0.53571,1.0296,0.34858,0.044946,0.13093,0.025387,0.044946,3312.3,0.11019,1.5368,0.044946,0.015914,49.818,1.0637,0.077683,0.012028,0.18576,0.34858,0.093328,0.28319,3.9722,4.6683,0.22406,0.015914,45.676,7.991,0.11939,0.077683,2.8391,1.5694,0.65598,0.027504,0.065879,0.20483,0.027504,109.24,59.423,0.088126,1.4053,51.293,0.050927,0.018031,1.3339,0.34328,0.12514,2.6392,4.9667,24444,0.028752,0.097458,0.97125,0.88187,7.3267,6.1424,44.363,8.2276,21.384,0
0.28148,0.42707,0.3954,2.0694,-5.0213,0,0.28148,1.3415,2.8148,0.57293,0.28624,0.7613,0.10091,0.28148,548.8,0.66509,2.3415,0.28148,0.1,53.349,1.2933,0,0.1,0.24804,0.49107,0.66509,0,1.6835,3.5318,0.12065,0.2223,64.029,5.7006,4.9353,0.009811,2.8148,,0.57293,0.003486,0.27266,5.5649,0,86.144,32.795,0.68418,0.95668,71.246,-0.002558,-0.000909,1.7916,0.36974,0.17542,2.4394,2.4394,1345.3,0.2512,0.49131,0.7505,0,6.8417,11.13,47.945,7.6129,11.985,0
-0.31554,1.0433,-0.45153,0.56721,-61.529,0,-0.31554,-0.041498,3.0936,-0.043295,-0.28781,-0.30244,-0.083909,-0.31554,-1467,-0.24881,0.9585,-0.31554,-0.102,11.44,1.0421,-0.28781,-0.102,0.062463,-0.071039,-0.24881,-10.382,-1.1061,3.2558,0.33718,-0.098008,115.38,3.1635,3.1635,-0.20682,3.0936,,-0.043295,-0.066853,0.005992,-0.14999,-0.093035,69.083,57.643,-3.2543,0.47428,10.723,-0.34377,-0.11112,0.56721,1.0433,0.31611,-0.10606,-0.10606,-813.74,-0.066853,7.288,1.1018,0,31.906,6.3321,123.09,2.9652,7.5781,0
0.25495,0.31741,0.26602,2.7975,32,0.76584,0.25495,2.1025,1.1305,0.66738,0.25495,1.7227,0.24007,0.25495,314.82,1.1594,3.1505,0.25495,0.16632,36.572,1.0413,0.27109,0.16632,0.76584,0.66738,1.1594,1.9993,0.45397,4.4451,0.15781,0.16632,39.838,9.1621,0.85407,0.27109,1.6492,1.5371,0.8368,0.17685,0.52337,0.027165,0.17685,80.137,43.565,1.6599,1.7597,41.346,0.15804,0.10309,1.3043,0.14799,0.10915,1.1389,1.428,7413.2,0.11546,0.38202,0.88454,0.25386,9.9804,8.3783,35.238,10.358,2.616,0
0.0872,0.098167,0.85925,9.7529,171.45,-0.14251,0.088631,9.1864,1.9177,0.9018,0.091462,0.90285,0.070444,0.088631,265.23,1.3761,10.187,0.088631,0.046217,0,0.29681,0.083326,0.045471,0.071822,0.75279,1.3616,29.432,20.176,2.5258,-0.39496,0.046217,19.61,18.686,18.686,0.090568,1.9259,,0.9018,0.047227,8.7945,0.025212,0.043451,17.907,17.907,,8.7945,0,0.036865,0.019223,9.7529,0.098167,0.053727,21.176,21.176,288.32,0.047227,0.096695,0.95251,0,,20.383,18.684,19.535,45.031,1
0.20244,0.35272,0.16038,1.529,15.66,0,0.24133,1.8352,3.3215,0.64728,0.24215,0.79595,0.078869,0.24133,491.45,0.7427,2.8352,0.24133,0.072658,2.7597,1.1204,0.24212,0.060949,0.24578,0.57344,0.63244,296.73,0.29899,2.9098,0.073008,0.072902,35.998,10.14,8.7161,0.24717,3.3215,,0.64728,0.074416,0.37156,0.044747,0.072895,38.564,35.804,8.0613,1.4461,2.9815,0.22149,0.066683,1.3143,0.3032,0.098624,1.2067,1.2067,130.32,0.074416,0.31275,0.92744,0,132.26,10.194,33.319,10.955,6.192,0
-0.1589,0.72937,-0.34444,0.52775,-73.942,-0.21963,-0.1589,0.37105,1.1777,0.27063,-0.14365,-0.21786,-0.085624,-0.1589,-2640.1,-0.13825,1.3711,-0.1589,-0.13493,0.092829,1.1012,-0.14682,-0.13493,-0.86107,0.25603,-0.13825,-9.6284,-0.56,2.9038,0.61846,-0.12198,153.08,2.3844,2.3844,-0.56146,1.1777,,0.27063,-0.47676,0.002163,-0.27392,-0.12467,118.81,118.72,-530.53,0.52734,0.06286,-0.20488,-0.17398,0.52775,0.72937,0.41939,0.44,0.44,-276.01,-0.47676,-0.58714,1.0996,0,3932,3.0744,226.06,1.6146,1.9147,0
0.034464,0.030239,0.24254,9.3326,94.746,0,0.034931,32.07,0.94832,0.96976,0.035091,1.2001,0.065056,0.034931,178.9,2.0402,33.07,0.034931,0.036834,0,0.95856,0.02167,0.036342,-0.14718,0.87411,2.0248,135.26,0.333,3.0985,-0.0031,0.037003,11.47,31.821,30.63,0.022103,0.94832,,0.96976,0.023308,1.3398,0.020811,0.022851,89.544,89.544,,9.3326,0,-0.005093,-0.005371,8.9833,0.029107,0.031426,1.3314,1.3314,304.28,0.023309,0.035538,0.96368,0,,4.0762,11.203,32.58,1.302,0
0.28473,0.079573,0.46261,6.8137,-81.158,-0.79551,0.28473,11.567,6.0718,0.92043,0.37338,3.5783,0.56545,0.28473,8.4595,43.147,12.567,0.28473,0.046894,0,1.9735,0,0.046894,0.60335,0.88141,43.147,0,1.0105,3.1078,-0.040453,0.096101,26.072,14,14,0.069359,6.0718,,0.92043,0.011423,4.1363,0.000842,0,12.807,12.807,,6.8137,0,-3.1486,-0.51855,6.8137,0.079573,0.071431,2.0105,2.0105,592.89,0.81653,0.30935,0.19889,0,,28.5,4.7834,76.305,13.263,0
0.32105,0.051875,0.47438,10.145,77.651,0.38586,0.32105,18.277,1.5484,0.94813,0.32105,6.189,0.24528,0.32105,49.854,7.3214,19.277,0.32105,0.20734,50.468,1.176,0.31162,0.20734,0.87727,0.45765,7.3214,,1.0013,4.0464,-0.038917,0.20734,15.254,23.929,23.929,0.30713,1.5484,,0.94813,0.19835,2.262,0.004669,0.20125,96.391,45.923,1.4996,6.0175,62.955,0.25288,0.16331,10.145,0.051875,0.041791,2.0013,2.0013,5279,0.19835,0.33862,0.79451,0,7.2323,7.9482,12.228,29.849,3.2685,0
0.30304,0.27999,0.33387,2.5418,-1.2201,0,0.32796,2.5716,1.7871,0.72001,0.41454,1.5145,0.21516,0.32796,265.78,1.3733,3.5716,0.32796,0.18352,63.722,1.091,0.39446,0.16957,1.0766,0.65227,1.2843,4.556,0.7426,6.1234,0.12098,0.18359,52.881,6.9024,5.3383,0.29242,1.7871,8.6613,0.74754,0.16363,0.41805,0.020693,0.22072,93.928,30.205,0.97129,1.101,76.189,0.33789,0.18907,1.9658,0.21655,0.14488,1.6015,1.6627,443550,0.16363,0.42088,0.82903,0.038231,5.728,12.084,44.228,8.2527,3.9749,0
0.000477,0.66681,0.31237,1.5294,-43.601,-0.038764,0.000477,0.49968,1.8255,0.33319,0.039286,0.000809,0.012299,0.000477,10841,0.03367,1.4997,0.000477,0.000262,105.11,0.81397,0.037421,0.000262,0.006563,0.21413,0.03367,0.96424,3.2004,3.2253,0.36277,0.000262,116.59,3.1305,2.77,-0.021596,1.8255,4.9059,0.40998,-0.01183,0.020914,0.37422,0.0205,177.97,72.859,0.000908,0.63849,103.88,0.015447,0.008462,1.3533,0.59002,0.31944,3.4137,4.2004,524.72,-0.01183,0.001433,0.99975,0.23047,3.4726,5.0097,117.97,3.0939,18.702,0
0.080382,0.045364,0.52423,12.556,163.59,0.23794,0.10053,20.806,1.137,0.94382,0.10053,2.2162,0.17586,0.10053,122.19,2.9872,22.044,0.10053,0.13047,109.75,1.1429,0.094677,0.10432,0.29689,0.94382,2.543,1.397,1.218,4.8522,-0.17161,0.13047,24.431,14.94,2.0871,0.094677,0.78382,,0.94382,0.12287,3.9252,0.011503,0.12287,185.46,75.715,0.34694,7.4488,124.78,0.0597,0.077477,12.556,0.045364,0.066935,2.1928,2.1928,37301,0.12047,0.085167,0.87953,0,3.3258,4.8207,21.488,16.986,1.7903,0
-0.21686,0.89248,0.16565,1.2038,-42.518,-0.19909,-0.21686,0.12048,2.0796,0.10752,-0.1281,-0.26687,-0.097042,-0.21686,-1614.2,-0.22612,1.1205,-0.21686,-0.10428,69.651,1.8107,-0.13136,-0.10428,-0.23623,0.056041,-0.22612,-1.4801,7.6183,3.2884,0.37627,-0.096208,133.84,2.7271,2.483,-0.13645,2.0796,,0.10752,-0.065612,0.17072,-0.25577,-0.063168,147.35,77.697,-0.54647,0.71549,65.362,-0.14642,-0.070405,1.0961,0.81261,0.36669,4.9451,4.9451,321.76,-0.065612,-2.0169,1.1029,0,5.2404,4.6977,142.62,2.5592,95.645,0
0.071387,0.32695,0.29955,2.0634,22.711,0,0.091575,2.0586,1.9992,0.67305,0.096918,0.3251,0.066571,0.091575,896.65,0.40707,3.0586,0.091575,0.045805,32.45,1.0639,0.091392,0.035707,0.38288,0.30193,0.34532,17.104,0.71531,4.0788,0.093385,0.046676,53.885,6.7736,5.8359,0.091195,1.9992,9.0299,0.71773,0.045615,0.51229,0.081999,0.045713,79.77,47.319,0.40163,1.4324,34.001,0.049875,0.024947,1.7777,0.28169,0.14763,1.6072,1.7139,3591.8,0.045615,0.10606,0.95461,0.06639,11.248,7.7136,51.427,7.0974,4.7741,0
-0.12283,0.71949,0.06517,1.0906,-78.475,-0.37768,-0.12283,0.38988,2.4087,0.28051,-0.071801,-0.17072,-0.035,-0.12283,-3115.1,-0.11717,1.3899,-0.12283,-0.050995,92.83,1.0579,-0.071801,-0.050995,-0.50051,0.040844,-0.11717,-1.407,0.30261,2.6996,0.2976,-0.029809,100.83,3.6246,3.6246,-0.19667,2.5369,,0.28051,-0.08165,0.021264,-0.72077,-0.029809,116.59,23.755,-0.20051,0.8727,85.853,-0.11033,-0.045804,1.0906,0.71949,0.27626,1.3025,1.3025,32.63,-0.08126,-0.43788,1.0279,0,3.9319,15.365,109.03,3.3478,11.184,1
0.15735,0.14201,0.85648,7.0309,38.828,0,0.19467,6.0416,1.4919,0.85799,0.19467,1.3708,0.13071,0.19467,265.82,1.3731,7.0416,0.19467,0.13048,174.4,0.94702,0.19046,0.10547,0.7698,0.82845,1.1104,,567.66,3.2286,-0.052993,0.13048,39.094,9.3364,9.3364,0.16604,1.4919,,0.85799,0.11129,1.5614,0.024811,0.12766,190.03,15.634,0.22074,2.0114,196.24,0.19012,0.12744,7.0309,0.14201,0.10711,568.66,568.66,1449.8,0.11129,0.1834,0.8722,0,2.0929,23.346,34.744,10.506,988.83,0
0.049226,0.037546,0.94585,26.192,-311.82,0.90792,0.049226,25.634,0.86973,0.96245,0.049226,1.3111,0.84258,0.049226,18.701,19.518,26.634,0.049226,0.056599,146.64,0.9935,0,0.056599,0.16967,0.95715,19.518,,56.962,3.9478,-0.11015,0.1132,,0,0,0.028898,0.86973,,0.96245,0.033226,3.6669,0.001831,0,354.92,208.28,0.14088,16.886,,-0.68359,-0.78598,26.192,0.037546,,57.962,57.962,8387.7,1,0.051147,0.010848,0,2.4891,1.7524,15.757,23.165,52.378,0
0.021659,0.62077,0.083473,1.1998,-20.073,-0.009069,0.032208,0.61089,2.0875,0.37923,0.058216,0.077089,0.044258,0.032208,2452.4,0.14883,1.6109,0.032208,0.015429,34.022,1.2768,0.049008,0.010376,0.012193,0.12455,0.13184,1.8843,0.16737,3.6069,0.29681,0.027201,73.842,4.943,3.3268,0.02232,2.0875,3.0843,0.47867,0.010692,0.004461,0.18951,0.023476,87.322,53.3,0.11131,0.73407,34.39,-0.011175,-0.005353,0.8075,0.4178,0.20231,0.76039,0.95978,337.64,0.010692,0.057114,0.98493,0.26221,10.728,6.848,73.052,4.9964,4.1857,0
0.08421,0.45379,0.12837,1.6127,10.034,0.21791,0.10734,1.2037,1.0762,0.54621,0.10734,0.51232,0.060461,0.10734,1543.1,0.23653,2.2037,0.10734,0.060461,16.15,1.1465,0.1236,0.047435,0.27494,0.54621,0.18557,0.74928,0.19388,5.8928,0.19196,0.060461,46.357,7.8737,0.27238,0.1236,1.7862,1.0616,0.79049,0.069624,0.55772,0.1207,0.069624,45.445,29.295,1.0721,1.2378,17.38,0.1236,0.069624,0.74458,0.20951,0.127,0.82494,1.1939,100300,0.070788,0.15417,0.92921,0.44723,22.601,12.459,43.075,8.4736,2.6812,0
0.045897,0.33549,0.28283,2.3216,47.646,0,0.058725,1.9807,1.4689,0.66451,0.083363,0.2744,0.061275,0.058725,1360.5,0.26828,2.9807,0.058725,0.03998,13.687,0.84285,0.073887,0.031246,0.35722,0.64119,0.23004,2.9989,0.56209,3.9333,0.22083,0.056753,55.987,6.5448,4.175,0.07368,1.484,8.7183,0.71518,0.050161,0.26924,0.10633,0.050301,109.14,95.454,0.83329,0.5266,14.409,0.042606,0.029006,1.4809,0.21401,0.15339,1.3207,1.4214,2425.6,0.050161,0.069068,0.94383,0.076252,26.669,3.8238,53.179,6.8636,2.9193,0
-0.080588,0.068878,0.47362,10.173,-1744.9,-0.030369,-0.090561,13.518,0.34654,0.93112,-0.046165,-1.7539,-0.24025,-0.090561,-301.96,-1.2088,14.518,-0.090561,-0.26133,1.1859,0.93385,-0.067977,-0.23255,-0.11649,-0.010391,-1.064,-1.5312,0.99763,4.4925,-1.239,-0.25455,52.782,6.9271,5.1929,-0.072095,0.34654,88.065,0.93707,-0.20804,9.671,-0.03784,-0.19616,27.277,26.091,-71.571,10.151,1.149,-0.07528,-0.21723,7.6259,0.051634,0.14436,1.9613,1.9738,14722,-0.030356,-0.086549,1.1602,0.006392,307.77,13.99,54.384,6.7115,0.72996,0
0.015143,0.34265,0.63635,2.858,-12.673,0,0.024181,1.9184,2.3287,0.65735,0.080718,0.070606,0.017362,0.024181,3093.4,0.11799,2.9184,0.024181,0.010384,105.5,1.0885,0.067204,0.006503,0.12226,0.59624,0.091615,1.1887,30.062,3.36,0.1388,0.015084,54.243,6.729,6.7258,0.024067,2.3287,,0.65735,0.010335,0.1848,0.13686,0.028859,143.5,38.008,0.0225,0.89283,106.6,0.050955,0.021882,2.8566,0.34249,0.14861,31.054,31.054,1457.8,0.010335,0.023037,0.99007,0,3.4599,9.6032,53.682,6.7993,110.01,0
0.049513,0.25059,0.075223,1.4858,-22.479,0.39721,0.061715,2.9906,0.93022,0.74941,0.07074,0.39858,0.12846,0.061715,765.4,0.47687,3.9906,0.061715,0.066344,32.642,1.1265,0.068154,0.053227,0.19285,0.70171,0.42818,7.5518,0.0977,5.0204,0.26939,0.066344,76.202,5.5783,3.4468,0.069461,0.93446,1.5338,0.84516,0.074672,0.27357,0.066326,0.073267,73.65,41.008,0.59518,0.94855,35.155,0.01037,0.011148,0.91807,0.15484,0.17927,0.97334,1.0977,1.4858,0.20272,0,0.80648,0.12777,11.182,8.9007,60.754,6.0078,1.2082,0
0.0908,0.81724,0.32892,1.6249,-21.647,0.052964,0.079024,0.22363,1.0346,0.18276,0.079024,0.15015,0.033665,0.079024,2995.5,0.12185,1.2236,0.079024,0.026715,61.637,1.1802,0.11322,0.030696,0.041188,0.18276,0.13626,0.39603,2.272,4.3558,0.259,0.026715,67.193,5.4321,0.13855,0.11322,2.9734,1.2227,0.47369,0.038277,0.097251,0.20084,0.038277,99.213,37.576,0.18178,0.67585,63.773,0.092668,0.031328,1.0465,0.52631,0.18409,1.2624,3.272,7461.8,0.033485,0.49683,0.96651,1.5919,5.9218,9.7136,64.943,5.6203,20.432,0
0.13505,0.31803,0.53128,2.6705,64.561,0.26241,0.16638,1.8817,1.0869,0.59844,0.16638,0.52317,0.089009,0.16638,618.56,0.59008,3.1444,0.16638,0.078916,26.821,1.1648,0.16083,0.064055,0.33048,0.59844,0.49156,0.82909,3.5257,5.122,0.003265,0.078916,59.842,6.0994,0.5057,0.16083,2.1198,,0.59844,0.076281,1.0799,0.057416,0.076281,87.577,60.756,0.8717,2.1834,29.152,0.13955,0.066188,2.6705,0.31803,0.16395,3.9713,3.9713,70365,0.079949,0.22567,0.92005,0,13.609,6.0077,55.058,6.6294,13.991,0
0.045643,0.50982,0.12882,1.4365,-46.091,0,0.058781,0.96148,1.0633,0.49018,0.080786,0.19916,0.1332,0.058781,1313.8,0.27782,1.9615,0.058781,0.05528,83.032,1.0466,0.080613,0.042924,0.18738,0.48053,0.25205,3.6634,0.22363,3.7145,0.47815,0.075426,107.06,3.4094,1.9738,0.057064,1.0633,2.0059,0.58095,0.053665,0.022154,0.10396,0.075811,143.29,60.254,0.053665,0.61689,87.741,-0.002246,-0.002112,0.8316,0.29515,0.29331,0.85096,1.0085,667.55,0.053665,0.093114,0.94594,0.18517,4.3959,6.0577,101.31,3.6027,1.846,0
0.060197,0.41455,0.38641,1.998,-58.112,0,0.060197,1.4122,1.8286,0.58545,0.079287,0.15547,0.03292,0.060197,2513.6,0.14521,2.4122,0.060197,0.03292,132.32,1.3235,0.092139,0.03292,0.26312,0.5834,0.14521,4.8267,1.7068,4.4284,0.20855,0.043359,117.13,4.4952,4.1985,0.10892,1.8343,4.6545,0.60923,0.059564,0.09721,0.14997,0.050387,146.9,14.579,0.090806,0.28585,139.02,0,0,1.8661,0.38719,0.32092,2.5859,2.6909,10361,0.34021,0.10282,0.95926,0.040617,2.7584,25.036,77.284,4.7228,8.0769,0
0.3125,0.47546,0.22552,1.4959,,0,0.15323,1.1032,5.4841,0.52454,0.15323,0.33692,0.027941,0.15323,1132.6,0.32228,2.1032,0.15323,0.027941,8.3164,1.4333,0,0.056982,0.9096,0.3125,0.65725,,0.70545,5.4563,0.079935,0.062152,,0,0,0.002675,5.4841,26.881,0.5452,0.000488,0.081549,,0,42.811,34.494,2.5009,1.2211,,0,0,1.4309,0.4548,,1.6408,1.7054,64489,1,0.59576,0.001733,0.039387,43.889,10.581,30.27,12.058,17.155,0
0.008738,0.29392,0.32163,2.2758,-17.438,0,0.015283,2.4022,1.4403,0.70608,0.027651,0.060622,0.039662,0.015283,1878.1,0.19435,3.4022,0.015283,0.010611,97.735,1.0799,0.025563,0.006067,0.061451,0.60976,0.17208,2.0668,0.75451,4.2209,0.20163,0.016085,64.994,5.6159,4.8168,0.024524,1.4403,124.41,0.70759,0.017027,0.023954,0.14535,0.017749,143.86,46.13,0.022657,0.74601,99.428,-0.016279,-0.011302,1.952,0.2521,0.17807,1.6564,1.6599,5348.2,0.017027,0.012375,0.9895,0.002141,3.7346,7.9125,63.887,5.7132,3.3788,0
0.062332,0.67667,0.27865,1.6135,-7.6186,0.20115,0.076711,0.34367,1.0994,0.23255,0.076711,0.16891,0.072664,0.076711,2481.1,0.14711,1.4778,0.076711,0.055994,70.444,1.1715,0.11024,0.045498,0.2508,0.23255,0.12586,0.88471,1.0429,6.0452,0.48737,0.055994,133.04,2.7436,0.16292,0.11024,1.3816,2.1052,0.45506,0.080469,0.10815,0.16717,0.080469,182.16,111.71,0.23575,1.0314,77.448,0.087404,0.0638,1.083,0.45417,0.36448,0.87039,1.7032,309180,0.090447,0.26803,0.90955,0.95678,5.1815,3.2673,121,3.0165,5.1274,0
-0.052367,0.81333,0.40456,1.7389,-7.5625,-0.46745,-0.052367,0.22952,6.9623,0.18667,0.01925,-0.095647,-0.00531,-0.052367,-8029.6,-0.045457,1.2295,-0.052367,-0.007522,28.84,1.2993,0.018408,-0.007522,-0.51981,-0.17772,-0.045457,0.25704,8.4395,2.6546,0.11494,-0.002364,28.804,12.684,8.5384,0.024766,6.9633,1.5121,0.4525,0.003557,0.023831,0.80201,0.002644,49.228,20.388,-0.095192,1.0286,28.941,0.003013,0.000433,1.1706,0.5475,0.078914,3.8942,9.4395,182.63,0.0035,-0.28053,0.99729,1.424,12.656,17.903,28.703,12.716,145.24,1
0.009099,0.76025,-0.33092,0.51914,-63.835,-0.032952,0.009081,0.30855,1.0222,0.23457,0.009081,0.013195,0.007631,0.009081,10896,0.033499,1.3154,0.009081,0.002721,25.7,1.2712,0.031713,0.002726,-0.034223,0.23457,0.033523,0.097134,-0.51487,4.7735,0.22748,0.002721,76.937,4.7441,0.041714,0.031713,3.3509,1.6972,0.30663,0.009503,0.016253,0.51964,0.009503,37.851,12.151,0.038721,0.1777,26.27,0.015326,0.004592,0.46994,0.68819,0.21079,0.36497,0.47707,-19645,0.02171,0.038788,0.97829,0.30716,14.203,30.038,75.267,4.8494,5.1925,0
0.046998,0.85089,-0.05937,0.88184,-34.99,0,0.058305,0.17524,2.5566,0.14911,0.1035,0.11604,0.048941,0.058305,2482.1,0.14705,1.1752,0.058305,0.022805,25.007,2.0074,0.10347,0.018383,0.13557,0.12123,0.13376,2.2893,-0.1066,4.6169,0.32835,0.029573,73.279,4.981,2.9412,0.054014,2.5566,1.7797,0.29964,0.021127,0.027146,0.16656,0.040471,61.307,36.301,0.26832,0.53321,25.547,0.036651,0.014336,0.52071,0.50244,0.20076,0.26774,0.53802,-2457.2,0.021127,0.31519,0.97763,1.0095,14.596,10.055,71.731,5.0885,4.5905,0
0.14676,0.13432,0.51194,5.096,92.382,0.31384,0.18195,6.2741,1.1262,0.84274,0.18195,1.4558,0.16288,0.18195,214.14,1.7045,7.4449,0.18195,0.12944,51.207,1.0036,0.17678,0.10441,0.29695,0.84274,1.4425,1.4163,1.41,4.1776,0.043096,0.12944,36.549,9.9866,1.3161,0.17678,1.4563,47.099,0.85207,0.12577,0.64202,0.019734,0.12577,144.55,93.347,0.74424,3.5183,57.666,0.12978,0.092331,4.7418,0.12498,0.10013,2.3211,2.3468,7705.9,0.11202,0.17415,0.88798,0.011078,7.128,3.9101,32.455,11.246,3.8715,0
0.10713,0.64593,0.35407,1.5482,42.541,0,0.13304,0.54816,2.0948,0.35407,0.13305,0.20597,0.076553,0.13304,1470.2,0.24826,1.5482,0.13304,0.063513,22.216,0.7712,0.12906,0.051141,0.55378,0.10713,0.20814,104530,,2.9084,-0.055341,0.063514,122.31,2.9843,2.9843,0.1671,2.0948,,0.35407,0.079773,1.1826,0.13768,0.061613,41.146,18.929,0.84022,1.3508,24.142,0.10175,0.048573,1.5482,0.64593,0.33508,,,286.76,0.079773,0.30256,0.93665,0,16.429,19.282,112.55,3.243,,0
0.09767,0.59184,0.48871,2.4983,51.704,0.033226,0.13104,0.68965,2.3885,0.40816,0.1456,0.40174,0.071037,0.13104,1273.2,0.28668,1.6897,0.13104,0.054864,23.863,1.0324,0.12353,0.040892,0.38027,0.2676,0.2303,8.4864,2.6402,4.7199,0.15156,0.060916,52.054,7.0119,3.8645,0.10132,2.3885,3.8404,0.57969,0.042419,0.73413,0.12166,0.051717,87.936,64.072,0.62546,2.0195,24.921,0.084897,0.035544,1.3769,0.32618,0.14261,2.205,3.1317,25643,0.042419,0.23929,0.94644,0.42024,15.295,5.6967,49.846,7.3225,12.903,0
0.28558,0.80267,0.42228,1.7895,-36.44,-0.10019,0.34504,0.24584,3.8326,0.19733,0.40122,0.64508,0.091492,0.34504,835.5,0.43686,1.2458,0.34504,0.090026,73.276,2.3874,0.40051,0.074513,0.38483,0.18539,0.36279,7.1292,9.8579,3.6306,0.19105,0.10047,56.833,6.4223,4.2797,0.39747,3.8326,0.70413,0.46395,0.10371,0.13173,0.065879,0.1045,84.445,11.169,0.37116,0.35098,81.755,0.3949,0.10304,1.1925,0.53488,0.15571,4.6066,10.831,1804,0.10371,1.4472,0.91006,1.3511,4.9811,32.681,50.939,7.1654,89.47,0
0.005599,0.45175,0.12123,1.3867,10.656,0,0.005599,1.2136,1.3395,0.54825,0.015465,0.017861,0.051115,0.005599,2408.2,0.15157,2.2136,0.005599,0.00418,20.156,0.97769,0.015465,0.00418,0.04186,0.52229,0.15157,1.5675,0.21446,3.5857,0.33316,0.011545,79.217,4.6076,3.1973,-0.10485,1.3395,3.0945,0.66482,-0.078272,0.03778,0.19223,0.011545,115.22,95.068,0.075692,1.1508,18.693,-0.047406,-0.03539,0.96228,0.31348,0.21703,0.96985,1.1761,466.95,-0.078272,0.010213,0.99618,0.21263,18.109,3.8394,85.417,4.2731,2.3696,0
0.00468,0.48323,0.24154,1.5225,-38.345,0.088088,0.005086,0.90992,1.0181,0.43971,0.005086,0.011004,0.066311,0.005086,2283,0.15988,2.0694,0.005086,0.004366,110.45,1.1529,0.040365,0.004017,0.10816,0.43971,0.15904,0.35274,0.81535,4.9413,0.4034,0.004366,147.43,2.4757,0.083532,0.040365,1.3533,16.721,0.46071,0.034646,0.035491,0.14117,0.034646,215.34,104.88,0.013275,0.75979,112.45,-0.031806,-0.027299,1.4564,0.46223,0.40392,1.4843,1.5552,21100,0.017798,0.010644,0.9822,0.047768,3.3046,3.48,144.81,2.5206,3.933,0
0.048781,0.42511,0.29591,2.0202,72.45,0,0.064215,1.3523,1.0673,0.57489,0.084032,0.22138,0.11438,0.064215,1271,0.28717,2.3523,0.064215,0.060166,37.263,1.2577,0.080501,0.045705,0.10963,0.47843,0.25086,4.0622,0.7147,2.7146,0.28634,0.060166,107.29,3.4021,2.3213,0.080493,1.0673,3.5322,0.70994,0.075418,0.41196,0.10241,0.075425,159.53,122.27,0.4477,1.6445,40.302,0.022638,0.02121,1.3784,0.29006,0.29394,1.3885,1.7147,153.38,0.075416,0.084852,0.94003,0.23491,9.7954,2.9853,99.197,3.6796,2.5778,0
-0.64241,1.5916,-0.4906,0.65476,-27.096,-0.27542,-0.64241,-0.37169,6.8594,-0.59157,-0.64163,-0.45207,-0.089924,-0.64241,-941.79,-0.38756,0.62831,-0.64241,-0.093654,3.8723,2.5759,-0.64169,-0.093654,-0.88951,-0.9179,-0.38756,-819.33,-7.0516,2.1853,0.23067,-0.093539,69.106,5.2853,4.719,-0.64084,6.8636,5.2564,-0.4284,-0.093425,0.006568,-0.086109,-0.093549,49.013,45.141,-8.8278,0.057778,3.5365,-0.66728,-0.097279,0.5846,1.421,0.1892,-8.5028,-6.1576,-75.17,-0.094196,1.0859,1.0943,-0.27582,94.26,8.0859,75.615,4.8271,98.593,1
0.1185,0.23155,0.32472,2.5153,-1.2428,0.33779,0.15079,2.756,1.1497,0.63815,0.15079,0.70363,0.1369,0.15079,423.86,0.86114,4.3187,0.15079,0.10353,80.443,1.1455,0.19901,0.081359,0.42349,0.63815,0.72169,1.5709,0.70443,5.3087,0.13108,0.10353,61.742,5.9117,0.85947,0.19901,1.5407,12.64,0.6554,0.13664,0.22662,0.030743,0.13664,122.91,42.466,0.36915,1.0174,92.483,0.1504,0.10326,2.3279,0.2143,0.16916,1.3844,1.4218,66101,0.13018,0.18569,0.86982,0.027029,4.5374,8.595,53.704,6.7965,3.1596,0
-0.044586,0.67531,0.048843,1.0866,-124.89,0,-0.044586,0.4808,0.92976,0.32469,-0.024311,-0.079095,-0.047955,-0.044586,-5528.4,-0.066023,1.4808,-0.044586,-0.047955,160.08,,-0.024335,-0.047955,-0.04011,0.28866,-0.066023,-1.2002,0.12606,4.2477,0.64806,-0.029698,247.49,1.8473,1.542,-0.10826,1.017,3.2905,0.38692,-0.11644,0.13323,-0.92503,-0.026173,210.99,50.908,-0.10934,0.36327,142.93,0,0,0.90705,0.5637,0.67806,0.838,0.99862,863.95,0.10585,-0.13732,1.0438,0.19167,2.2801,7.1698,221.3,1.6494,2.3997,1
0.11824,0.44564,0.033973,1.0898,-24.935,-0.54208,0.071199,1.2439,1.0077,0.55436,0.10987,0.18821,0.19263,0.071199,837.99,0.43557,2.2439,0.071199,0.070658,33.524,1.0356,0.075619,0.11734,0.026631,-0.31748,0.54113,1.9552,0.057804,3.2797,0.34259,0.10117,142.52,2.561,2.174,0.038837,1.0077,,0.55436,0.038542,0.26553,0.074825,0.075044,112.95,79.427,1.2776,0.84516,34.868,-0.04729,-0.046931,0.92512,0.3783,0.39048,0.94322,0.94322,64.686,0.038542,0.21329,0.93402,0,10.888,4.5954,137.03,2.6636,1.7145,0
0.018069,0.56092,0.30534,1.7594,-16.998,0.19441,0.024247,0.78258,1.0153,0.43897,0.024247,0.060303,0.048459,0.024247,2017,0.18096,1.7828,0.024247,0.011575,66.449,1.0108,0.040521,0.008626,0.24456,0.43897,0.16995,0.19641,1.0436,4.3401,0.21673,0.011575,71.136,5.131,0.072239,0.040521,2.1093,2.0527,0.59781,0.019345,0.31013,0.15657,0.019345,101.54,35.09,0.047381,0.81098,67.468,-0.036739,-0.017539,1.2612,0.40208,0.19489,1.5003,2.0432,6681.2,0.015099,0.041162,0.9849,0.36187,5.4929,10.402,70.062,5.2097,7.1593,0
0.10114,0.060786,0.17103,4.251,79.927,0.38051,0.12521,14.584,1.1854,0.88653,0.12521,2.38,0.20302,0.12521,136.73,2.6694,16.451,0.12521,0.15665,10.044,0.959,0.12154,0.12654,0.4755,0.88653,2.2735,1.8026,0.22029,4.3764,-0.11833,0.15665,28.479,12.817,1.9995,0.12154,0.80961,24.655,0.89471,0.15206,3.0969,0.0126,0.15206,27.725,17.68,4.5983,3.8329,11.907,0.084481,0.1057,3.679,0.052608,0.078023,1.1419,1.1524,4068.9,0.15641,0.11409,0.84359,0.009225,36.339,20.645,24.024,15.193,1.0295,0
0.026569,0.13409,0.06327,1.5527,-64.13,0,0.026569,6.4576,0.52397,0.86591,0.026639,0.2321,0.43739,0.026569,213.56,1.7092,7.4576,0.026569,0.050708,29.138,1.0963,0.000434,0.050708,0.10146,0.049347,1.7092,6.279,0.076947,6.0732,0.25251,0.10742,301.98,1.2087,1.0319,0.007328,0.52397,1351.8,0.86601,0.013986,0.10287,0.022013,0.000828,115.62,86.477,0.63519,1.1873,110.34,-0.20218,-0.38585,1.3256,0.11448,0.82735,1.0531,1.0532,74884,0.73593,0.030684,0.36406,0.000116,12.527,4.2208,79.744,4.5771,0.63724,0
0.013689,0.64627,0.12616,1.1957,-27.764,-0.049361,0.019764,0.32198,1.018,0.20808,0.019764,0.030664,0.019753,0.019764,5969.4,0.061146,1.5473,0.019764,0.00988,38.24,1.5778,0.026456,0.006843,-0.047939,0.20808,0.051746,0.13463,0.55019,5.3459,0.31958,0.00988,119.71,3.0489,0.040937,0.026456,2.035,323.04,0.20982,0.013225,0.11415,0.45981,0.013225,127.19,88.954,0.065317,0.87057,38.927,0.006703,0.003351,1.1925,0.64453,0.32798,0.90745,0.91503,27980,0.017671,0.065788,0.98233,0.008348,9.5451,4.1033,117.6,3.1038,8.7242,0
0.13699,0.24449,0.53816,4.1349,38.818,0,0.14805,3.0901,2.1118,0.75551,0.16782,0.86243,0.080089,0.14805,527.62,0.69179,4.0901,0.14805,0.070106,56.625,1.0641,0.16734,0.064868,0.56336,0.6735,0.64655,8.4669,1.8546,4.1625,0.11428,0.071899,32.168,11.347,7.9669,0.16399,2.1118,,0.75551,0.077654,0.034586,0.043252,0.079239,121.66,65.033,0.077654,2.2264,61.392,0.14626,0.069256,2.9033,0.17167,0.088132,2.6037,2.6037,7823.2,0.077654,0.18132,0.93088,0,6.4459,5.6125,29.67,12.302,7.2779,0
-0.16769,1.1346,-0.54191,0.47481,-227.06,-0.5742,-0.16769,-0.13538,0.97611,-0.1536,-0.16769,-0.16252,-0.096659,-0.16769,-3639.9,-0.10028,0.8814,-0.16769,-0.14247,48.29,1.4298,-0.026705,-0.14247,-0.5742,-0.1536,-0.10028,-0.22146,-1.0624,4.6633,0.89044,-0.14247,312.33,1.1686,-0.023537,-0.026705,1.1824,3.254,-0.050895,-0.022688,0.11182,1.3705,-0.022688,116.15,67.859,-1.0769,0.32389,47.136,-0.080626,-0.068499,0.43183,1.0319,0.8557,-0.30114,-0.099781,-24959,-0.024478,1.0917,1.0245,-0.66866,7.5585,5.3788,319.98,1.1407,2.3076,0
0.25349,0.39313,0.42377,2.4645,46.595,0.33502,0.25349,1.5437,2.3997,0.60687,0.25358,0.87605,0.18114,0.25349,330.11,1.1057,2.5437,0.25349,0.10563,24.206,1.259,0,0.10563,0.45913,0.60685,1.1057,0,1.4773,4.6263,0.097497,0.21127,54.514,6.6956,4.9282,0.002066,2.3997,8.8726,0.66931,0.000861,0.67901,0.072324,0,78.583,54.377,1.5928,1.9145,29.982,-0.18119,-0.075503,1.814,0.28936,0.14935,2.1155,2.3332,17925,0.19265,0.4177,0.80906,0.10288,15.079,6.7123,44.012,8.2933,8.3653,0
-0.15503,1.2297,-1.0132,0.12629,-708.57,-0.10222,-0.15503,-0.18681,0.60375,-0.22972,-0.15282,-0.13369,-0.24057,-0.15503,-3090.3,-0.11811,0.81319,-0.15503,-0.25678,42.532,0.80498,0,-0.25678,-0.23168,-0.25725,-0.11811,0,-1.187,3.2592,1.9438,-0.51357,755.43,0.48317,0.45562,0.059648,0.60375,,-0.22972,0.098796,0.048449,4.1886,0,54.571,12.04,-2.2037,0.065622,45.831,-0.009786,-0.016209,0.11909,1.1596,2.0697,-0.26913,-0.26913,-1840.1,0.071982,0.67488,0.93187,0,8.5818,30.317,701.06,0.52064,0.70733,0
0.031745,0.26311,0.18792,1.7274,-2.9493,0,0.04499,2.8006,2.4211,0.73689,0.065025,0.17415,0.040884,0.04499,970.25,0.37619,3.8006,0.04499,0.018583,29.404,1.0379,0.060264,0.013112,0.44984,0.72909,0.32585,3.0079,0.33936,3.8073,0.072005,0.018605,40.083,9.106,8.9408,0.068611,2.4211,,0.73689,0.028339,0.389,0.076762,0.024891,52.128,22.723,0.16276,0.97244,30.262,0.006272,0.002591,1.6961,0.25834,0.10982,1.3307,1.3307,1205.8,0.028339,0.04308,0.98147,0,12.413,16.063,38.947,9.3716,4.3722,0
0.016059,0.34939,0.38702,3.3112,21.879,0.19408,0.017487,1.4385,1.0596,0.50259,0.017487,0.10443,0.025522,0.017487,3642.9,0.10019,2.8622,0.017487,0.012749,82.074,0.97384,0.068405,0.011708,0.19687,0.50259,0.096107,0.52844,0.86868,4.4644,0.1203,0.012749,47.216,7.7304,0.19579,0.068405,1.3803,1.3524,0.68452,0.049871,1.107,0.13368,0.049871,98.222,16.148,0.052069,1.4693,86.965,0.050886,0.037099,1.587,0.16745,0.12936,1.1281,1.5364,11275,0.056243,0.031953,0.94376,0.36198,4.4472,22.603,44.561,8.1911,3.0787,0
-0.1416,1.4865,-0.95265,0.35666,-183.16,-0.40581,-0.13937,-0.34012,1.0207,-0.50561,-0.13937,-0.094117,-0.030835,-0.13937,-7344.2,-0.049699,0.6727,-0.13937,-0.058168,31.477,2.0458,0.057665,-0.059099,-0.40003,-0.50561,-0.0512,0.24566,-2.0189,4.7986,0.61534,-0.058168,230.26,1.5852,0.038792,0.057665,2.4119,55.913,-0.49986,0.024068,0.009396,0.39684,0.024068,78.337,46.86,-0.6853,0.21712,32.129,-0.007823,-0.003265,0.35528,1.4808,0.63084,-1.0715,-1.0593,-59910,0.020281,0.28006,0.97972,-0.011373,11.596,7.7891,225.59,1.618,5.0776,0
0.027698,0.74691,-0.10864,0.81241,-47.682,-0.3212,0.027698,0.33886,1.4796,0.25309,0.029966,0.047828,0.041898,0.027698,4397.6,0.082999,1.3389,0.027698,0.01872,16.107,0.92501,0,0.01872,-0.069688,0.19633,0.082999,0,-0.20516,3.2213,0.41881,0.03744,148.61,2.456,1.9043,0.002886,1.4796,6.2701,0.31772,0.00195,0.23682,0.72598,0,82.229,66.122,0.42421,0.69966,16.756,-0.034294,-0.023178,0.62991,0.57912,0.40716,0.47797,0.60001,-180.85,0.038713,0.10944,0.9646,0.25533,22.661,5.5201,142.86,2.555,2.7943,0
-1.056,1.3259,-0.9687,0.26806,-217.64,0.006413,-1.056,-0.2458,0.91809,-0.32592,-1.0291,-0.79789,-1.0899,-1.056,-483.64,-0.75469,0.7542,-1.056,-1.1502,60.046,0.56928,-1.0323,-1.1502,-0.6496,-0.92714,-0.75469,-38.371,-1.5019,3.6117,1.4301,-1.1226,262.7,1.4838,1.4811,-0.92054,0.9346,,-0.32592,-1.0027,0.035526,-0.04524,-1.1244,122.35,62.305,-6.9917,0.14965,29.979,-1.0876,-1.1846,0.26756,1.3235,0.71972,-0.50531,-0.50531,-3962,-1.0029,3.2401,2.1012,0,6.0787,5.8583,526.16,0.6937,1.4234,1
0.045491,0.30989,0.2554,1.941,-3.4629,0.1048,0.058824,1.9812,1.0622,0.61395,0.058824,0.21675,0.14006,0.058824,802.22,0.45499,3.227,0.058824,0.058433,95.291,1.2125,0.064225,0.045188,0.12872,0.61395,0.41196,0.67765,0.53972,4.5411,0.29995,0.058433,104.52,3.4921,0.20725,0.064225,1.0443,6.858,0.65244,0.063797,0.032535,0.069593,0.063797,187.8,92.508,0.17309,0.97265,101.22,-0.017947,-0.017827,1.7,0.2714,0.28636,1.2974,1.3788,8878.4,0.058559,0.074095,0.94144,0.062695,3.8304,3.9456,98.401,3.7093,2.1274,0
0.15199,0.61592,0.27975,1.478,53.784,0,0.15199,0.62357,1.7381,0.38408,0.17988,0.2597,0.12554,0.15199,1030.3,0.35425,1.6236,0.15199,0.087449,21.797,1.9424,0,0.087449,0.071708,0.3762,0.35425,0,2.0725,4.8025,0.34061,0.1749,174.91,2.0868,1.983,0.007653,1.7381,24.927,0.41461,0.004403,0.04662,0.31013,0,175.93,154.13,1.4644,1.3006,31.018,-0.0662,-0.038088,1.4044,0.58528,0.4792,2.8455,3.0717,17754,0.29728,0.39574,0.74287,0.079511,16.746,2.3681,122.91,2.9697,12.877,0
-0.092924,0.083884,0.43458,6.1807,32.999,0,-0.092924,10.921,3.8292,0.91612,-0.092924,-1.1078,-0.016212,-0.092924,-493.2,-0.74006,11.921,-0.092924,-0.024267,7.0552,0.87401,-0.092924,-0.024267,1.0048,-0.092924,-0.74006,,0.90247,3.0076,0.011622,-0.024267,7.7679,46.999,46.999,-0.11232,3.8292,,0.91612,-0.029333,0.49332,-0.045041,-0.024267,45.475,38.42,-1.2554,5.2983,6.8526,-0.12377,-0.032322,6.1807,0.083884,0.021277,1.9025,1.9025,442.24,-0.029333,-0.10143,1.0296,0,51.735,9.5004,7.9957,45.649,7.9521,1
-0.029985,0.74536,0.20383,1.2735,9.519,-0.077669,0.019263,0.23438,1.0231,0.1747,0.019263,0.025844,0.009998,0.019263,12644,0.028868,1.3416,0.019263,0.008951,24.958,1.5512,0.042855,-0.013933,-0.036442,0.1747,-0.037205,0.20372,4.0113,4.8598,0.30977,0.008951,129.33,2.8223,0.057496,0.042855,2.1531,,0.1747,0.019913,0.10704,0.54324,0.019913,147.45,122.49,-0.20376,1.076,25.534,0.040601,0.018865,1.2735,0.74536,0.35432,3.438,3.438,14757,0.022556,-0.17164,0.97744,0,14.625,2.9798,126.41,2.8874,42.354,0
-0.14582,0.76397,-0.061788,0.9114,2433.6,0,-0.13276,0.30895,0.88463,0.23603,-0.059493,-0.19036,-0.078926,-0.13276,-3993.8,-0.091392,1.309,-0.13276,-0.15007,116.98,0.53911,-0.059493,-0.16484,-0.096655,0.21697,-0.10849,-0.81205,-0.16957,4.0542,0.8636,-0.15007,,0.014808,0.013518,-0.067173,0.90264,5.2905,0.30259,-0.075933,0.014808,7.3974,-0.067252,258,141.02,-0.51432,0.50487,10020,-0.12243,-0.1384,0.832,0.69741,67.53,0.64777,0.83043,0.9114,1,-0.6178,0.092607,0.28197,3.1202,2.5883,287.75,1.2684,2.4278,1
0,0.7421,0.31493,2.2257,,0.044251,0.020008,0.34753,0.92083,0.2579,0.020008,0.077868,0.021728,0.020008,13538,0.026961,1.3475,0.020008,0.021728,54.186,1.2811,0,0,0.076075,0.069059,0,,0.73562,6.7151,0.80443,0.032896,,0,0,0.012517,0.92083,0.89698,0.74306,0.013594,0.59901,,0,165.67,111.49,0,1.6937,,0,0,0.77062,0.25694,,0.6024,1.7356,1634200,1,0,0.009279,1.8812,6.7361,3.2739,101.85,3.5838,2.1509,0
0.19677,0.38583,0.60542,2.7554,-24.13,0,0.15304,1.5918,7.9545,0.61417,0.17058,0.44374,0.80435,0.15304,22.011,16.583,2.5918,0.15304,0.01924,11.696,1.2986,0,0.024736,0.6899,0.29955,16.696,0,12.185,3.1073,0.039577,0.043976,122.11,2.9891,2.672,0.003087,7.9545,,0.61417,0.000388,0.20892,0.002059,0,40.3,28.604,0.77198,2.0164,90.241,-6.2452,-0.78511,2.463,0.34489,0.33454,12.361,12.361,775.07,0.8704,0.32038,0.1336,0,31.208,12.76,15.826,23.064,160.1,0
0.015732,0.18357,0.77556,5.2248,221.16,0.48537,0.020383,4.1126,0.99983,0.75496,0.020383,0.11104,0.026212,0.020383,2182.3,0.16725,5.4475,0.020383,0.017402,18.58,0.83484,0.003998,0.013431,0.60249,0.75496,0.14191,0.034122,18.977,4.3014,-0.47213,0.017402,57.194,6.3818,0.021776,0.003998,1.2037,,0.75496,0.003413,4.0265,0.42155,0.003413,68.548,49.968,0.26385,4.9,18.577,-0.006322,-0.005397,5.2248,0.18357,0.1567,18.473,18.473,15523,-0.000166,0.020838,1.0002,0,19.645,7.3047,57.204,6.3807,28.66,0
-0.035921,0.005165,0.1007,20.497,,-0.23469,-0.035921,192.61,0.23135,0.99484,-0.035921,-6.9547,-0.15527,-0.035921,-52.482,-6.9547,193.61,-0.035921,-0.15527,4.01,0.95742,0,-0.15527,-0.27061,0.34135,-6.9547,,0.11262,3.0274,-0.37192,-0.31054,,0,0,0.000196,0.23135,,0.99484,0.000848,18.689,,0,14.727,10.717,-14.133,20.005,,0,0,20.497,0.005165,,1.1126,1.1126,107.25,1,-0.036108,0,0,91.023,34.057,8.1488,44.792,0.25874,0
0.07542,0.30117,0.41765,2.3951,75.01,0.12371,0.10058,1.8614,1.0844,0.5606,0.10058,0.33598,0.08189,0.10058,799.06,0.45678,3.3204,0.10058,0.059873,19.679,1.3723,0.097165,0.044895,0.16738,0.5606,0.37324,0.62718,1.4759,4.4215,0.080558,0.059873,70.531,5.175,0.32263,0.097165,1.7144,347.47,0.5624,0.057839,0.59402,0.073808,0.057839,117.15,97.473,0.83272,2.0926,21.339,0.060177,0.035822,2.3808,0.29936,0.19324,1.981,1.9874,11022,0.077794,0.13453,0.92221,0.003216,18.548,3.7446,65.044,5.6116,5.9365,0
0.0216,0.12825,0.50342,4.9252,108.88,0.21029,0.031469,6.797,1.023,0.87175,0.031469,0.24536,0.059942,0.031469,576.74,0.63287,7.797,0.031469,0.023239,31.587,0.9975,0.020015,0.015951,0.27236,0.87175,0.55592,0.1512,1.3668,4.4626,-0.16627,0.023239,35.364,10.321,0.15606,0.020015,1.369,,0.87175,0.014781,2.7626,0.060484,0.014781,74.764,43.177,0.18432,4.0115,32.312,-0.029684,-0.021922,4.9252,0.12825,0.096889,2.3668,2.3668,14605,0.022436,0.024778,0.97756,0,11.555,8.4536,34.571,10.558,3.6764,0
0.031619,0.21033,0.68339,4.3576,92.629,0,0.041316,3.7543,1.5141,0.78967,0.046011,0.20299,0.044059,0.041316,1150.8,0.31716,4.7543,0.041316,0.027287,73.248,1.0036,0.037455,0.020883,0.15554,0.74055,0.27106,7.9782,6.0438,3.895,0.010478,0.027352,50.005,7.2993,7.0634,0.028455,1.5141,,0.78967,0.018793,0.97414,0.11156,0.024737,166.01,92.761,0.10406,2.8647,74.651,0.01206,0.007965,4.2167,0.20354,0.137,6.9837,6.9837,5366.4,0.018793,0.040041,0.97337,0,4.9831,3.9348,49.065,7.4391,13.391,0
0.11847,0.17466,0.43434,3.4867,23.474,0.32062,0.147,4.546,1.0828,0.79402,0.147,0.84165,0.10669,0.147,352.27,1.0361,5.7253,0.147,0.086662,71.473,1.1536,0.1358,0.069842,0.39725,0.79402,0.87279,0.86687,1.1108,4.3458,-0.022559,0.086662,40.695,8.9693,0.77752,0.1358,1.7171,,0.79402,0.080058,1.2319,0.033823,0.080058,84.742,13.269,0.35667,1.585,77.391,0.10183,0.060032,3.4867,0.17466,0.11149,2.0308,2.0308,9629.2,0.076464,0.14921,0.92354,0,5.1068,27.507,37.583,9.7119,4.3384,0
0.054364,0.55034,0.10038,1.2901,20.294,0,0.067593,0.81705,1.6179,0.44966,0.069339,0.19533,0.071839,0.067593,1728.2,0.2112,1.817,0.067593,0.041777,2.8352,1.5922,0.066672,0.033601,0.075464,0.22864,0.18716,38.175,0.18133,3.6556,0.30997,0.042269,81.3,4.4896,2.8229,0.064353,1.6179,2.1236,0.65396,0.039775,0.1497,0.15909,0.041208,89.025,86.19,4.3258,1.2538,2.9526,0.018034,0.011146,0.81117,0.34604,0.22274,0.81228,1.1813,454.18,0.039775,0.1209,0.95848,0.45435,128.74,4.2348,78.066,4.6755,2.9227,0
0.040146,0.64963,0.004261,1.0074,-1.1239,0,0.050934,0.53933,2.1464,0.35037,0.060453,0.087997,0.059207,0.050934,1865.8,0.19563,1.5393,0.050934,0.02373,0.034711,2.8828,0.059433,0.018704,0.090603,0.29018,0.17902,6.2435,0.010219,3.2997,0.30064,0.028164,101.23,3.6055,3.2125,0.059486,2.1464,8.2309,0.42118,0.027714,0.025344,0.15971,0.027689,96.657,96.623,196.68,1.007,0.0357,-0.016719,-0.007789,0.89755,0.57882,0.27735,0.84037,1.0102,8.495,0.027714,0.11458,0.97629,0.20212,10515,3.7776,98.427,3.7083,5.1483,0
-0.003152,0.62032,0.034896,1.0563,-28.457,-0.030912,-0.011051,0.1551,0.99434,0.096212,-0.011051,-0.017815,0.015562,-0.011051,8458.7,0.043151,1.6121,-0.011051,-0.006425,34.392,1.3686,-0.00374,-0.001833,-0.067184,0.096212,0.055884,-0.021622,0.10121,4.7431,0.35199,-0.006425,130.89,2.7887,-0.00603,-0.00374,1.7355,,0.096212,-0.002175,0.034563,0.59845,-0.002175,134.49,100.09,-0.019449,0.79498,34.197,-0.041559,-0.024161,1.0563,0.62032,0.35859,0.27905,0.27905,1931.4,-0.005693,-0.032762,1.0057,0,10.613,3.6466,131.63,2.7729,4.9889,0
0.076565,0.58168,0.13788,1.3771,-30.399,0.005242,0.0961,0.71916,1.7376,0.41832,0.11426,0.26282,0.079666,0.0961,1533.7,0.23798,1.7192,0.0961,0.055306,56.612,1.119,0.11426,0.044063,,0.3982,0.2044,6.2927,0.27772,4.3603,0.33397,0.06408,82.24,4.4382,2.7899,0.11479,1.7376,1.1519,0.62147,0.066059,0.008759,0.12383,0.065755,105.1,48.485,0.28409,0.64001,60.617,0.071927,0.041394,0.86564,0.36565,0.22531,0.84258,1.2518,3160.8,0.066059,0.18303,0.94492,0.48565,6.4474,7.5282,76.807,4.7522,3.4999,0
0.072197,0.79244,0.28691,1.4024,35.065,0,0.093762,0.26193,2.2096,0.20756,0.13134,0.13149,0.042434,0.093762,3084.8,0.11832,1.2619,0.093762,0.042434,13.667,1.2931,0.13134,0.032674,,0.094016,0.091108,3.4951,,2.6438,0.32434,0.05944,126.94,2.8753,2.5874,0.15926,2.2096,36.271,0.23285,0.072076,0.11253,0.20112,0.059439,151.93,138.27,0.87259,1.2863,14.729,0.13134,0.059439,1.2619,0.71309,0.34779,,,126.34,0.072076,0.34783,0.95757,0.12184,26.706,2.6399,117.79,3.0986,,0
-0.15262,0.74697,-0.48094,0.34591,-179.02,-3.1792,-0.15262,0.33874,0.99055,0.25303,-0.13931,-0.20757,-0.11956,-0.15262,-2302.2,-0.15854,1.3387,-0.15262,-0.15408,21.049,1.1309,-0.14405,-0.15408,-0.058497,-3.3318,-0.15854,-10.821,-0.64499,3.5854,0.75298,-0.1428,239.76,1.5223,1.4985,-0.12879,0.99055,,0.25303,-0.13002,0.003621,-0.22665,-0.14542,92.74,71.692,-2.6718,0.26823,18.627,-0.17824,-0.17994,0.3405,0.73528,0.65689,0.33934,0.33934,-1851.2,-0.13002,-0.60317,1.1426,0,17.341,5.0912,270.94,1.3472,1.3284,0
0.33202,0.13117,0.66933,6.6431,274.34,0,0.41235,6.6239,1.2025,0.86883,0.43905,3.4765,0.36236,0.41235,109.88,3.3219,7.6239,0.41235,0.34292,13.789,1.0013,0.39588,0.27612,1.39,0.78073,2.7096,14.827,3.1563,4.055,0.040125,0.34317,52.7,6.9259,6.2628,0.38099,1.2025,,0.86883,0.31684,0.83159,0.010428,0.32922,209.23,195.44,7.3087,6.2601,20.185,0.37249,0.30977,6.0071,0.11861,0.14438,4.097,4.097,7597.2,0.31684,0.38215,0.67386,0,26.47,1.8676,36.003,10.138,5.6703,0
0.071387,0.51097,0.21538,1.4341,10.177,0,0.088683,0.95704,2.4376,0.48903,0.11042,0.17875,0.050287,0.088683,1521.5,0.23989,1.957,0.088683,0.036382,20.123,1.4224,0.10825,0.029286,0.21052,0.45272,0.20604,4.98,0.7466,4.0421,0.2025,0.0399,77.874,4.687,4.551,0.11212,2.4376,47.812,0.5011,0.045999,0.067649,0.11983,0.044408,101.52,81.394,0.53119,1.1632,21.094,0.074351,0.030502,1.3925,0.49614,0.21335,1.6952,1.737,2373.3,0.045999,0.14598,0.96369,0.024683,18.138,4.4844,74.292,4.913,8.4497,0
0.093396,0.50229,0.12079,1.2851,-20.964,-0.41405,0.11302,0.99088,1.2641,0.49771,0.13448,0.26673,0.11417,0.11302,1270.3,0.28733,1.9909,0.11302,0.089407,53.264,1.3564,0.12839,0.073884,-0.20425,-0.13743,0.24826,5.9825,0.26518,5.5237,0.27732,0.099381,135.95,2.6848,2.2648,0.1265,1.2641,,0.49771,0.10007,0.35985,0.10485,0.10156,113.2,59.933,0.5063,0.84972,59.186,0.097082,0.0768,1.084,0.42371,0.37246,1.0927,1.0927,40336,0.10007,0.18765,0.91288,0,6.8527,6.0901,122.34,2.9834,2.7752,0
0.077911,0.47453,0.35758,1.7708,28.972,0.1959,0.097122,0.85811,1.0645,0.4072,0.097122,0.20934,0.071747,0.097122,1472.8,0.24782,2.1073,0.097122,0.059253,51.927,1.186,0.096003,0.047533,0.24654,0.4072,0.20734,0.62346,2.0035,4.7452,0.28066,0.059253,109.97,3.319,0.20231,0.096003,1.653,55.537,0.41779,0.058571,0.035854,0.13394,0.058571,179.24,127.31,0.33412,1.2681,55.274,0.075524,0.046077,1.7312,0.46394,0.30129,2.2815,2.3409,19885,0.060559,0.19133,0.93944,0.026016,7.0292,2.867,103.31,3.533,9.1837,0
0.025068,0.64091,0.079186,1.1448,-35.765,0,0.032453,0.56029,2.0673,0.35909,0.054374,0.059357,0.030772,0.032453,3677.3,0.099257,1.5603,0.032453,0.015698,46.906,1.0166,0.048088,0.012126,0.060318,0.33699,0.087736,2.1936,0.21168,4.1997,0.30089,0.026303,98.816,3.6937,3.151,0.047787,2.0673,6.7772,0.41225,0.023116,0.054768,0.26957,0.023262,105.23,58.32,0.09436,0.65892,48.016,0.016926,0.008188,0.97661,0.54673,0.27073,0.95993,1.102,1254.1,0.023116,0.06981,0.9844,0.14803,7.7814,6.2586,96.532,3.7811,5.5262,0
0.13695,0.31523,0.64568,3.0483,68.454,0,0.13695,2.1723,1.4037,0.68477,0.15943,0.43445,0.10402,0.13695,788.01,0.46319,3.1723,0.13695,0.097563,107.03,1.0022,0.15697,0.097563,0.407,0.62727,0.46319,6.9812,16.518,3.8935,-0.060601,0.10315,94.316,3.87,3.87,0.18378,1.4037,,0.68477,0.13093,1.282,0.063286,0.11183,144.78,37.751,0.33271,1.7425,123.16,0.14791,0.10537,3.0483,0.31523,0.2584,17.518,17.518,5053.1,0.13093,0.19999,0.90316,0,3.4102,9.6687,81.968,4.453,35.909,0
0.074169,0.72681,-0.075654,0.84169,-103.66,0,0.080542,0.37588,1.4631,0.27319,0.11465,0.16854,0.096463,0.080542,1879.7,0.19418,1.3759,0.080542,0.05505,72.998,1.1779,0.10901,0.050694,0.046905,0.2556,0.18541,3.1958,-0.12656,3.4536,0.49668,0.070225,128.34,2.844,1.8699,0.10398,1.4631,0.67583,0.4354,0.071072,0.0121,0.14284,0.074511,98.904,25.907,0.25348,0.2294,78.583,0.048425,0.033098,0.55342,0.47788,0.35162,0.45702,0.72838,-215.02,0.071072,0.27149,0.94619,0.59376,5.0002,14.089,119.22,3.0615,2.4475,0
0.082773,0.20978,0.60409,4.4277,37.883,0,0.1022,3.7669,1.5913,0.79022,0.11073,0.57993,0.085303,0.1022,564.06,0.64709,4.7669,0.1022,0.064225,109.25,1.1523,0.10596,0.052015,0.33221,0.48877,0.55447,12.428,2.7499,3.9781,0.10875,0.064702,51.626,7.0701,5.9396,0.34533,1.5913,,0.79022,0.21701,0.20942,0.050126,0.066585,170.52,61.264,0.17378,1.725,139.53,0.072416,0.045507,3.7197,0.17623,0.14144,3.5972,3.5972,5743.2,0.21701,0.10475,0.93948,0,3.3409,5.9578,40.423,9.0296,7.2439,0
0.1276,0.57709,0.17189,1.5484,9.4631,0.17856,0.16226,0.7223,1.1303,0.41683,0.16226,0.5177,0.14726,0.16226,853.17,0.42782,1.7328,0.16226,0.096779,26.999,1.4791,0.19873,0.076105,0.23155,0.41683,0.36776,1.3398,0.33397,4.3844,0.32773,0.096779,77.122,4.7327,0.34437,0.19873,1.7099,1.3702,0.68051,0.11853,0.12363,0.066956,0.11853,97.219,70.22,1.0289,1.1528,0.11853,0.1141,0.068054,0.84095,0.31342,0.21129,0.80987,1.3222,4165.4,0.11526,0.30611,0.88474,0.63257,13.519,5.1979,68.233,5.3493,3.2574,0
0.074641,0.21641,0.13664,1.6314,2.273,0.16011,0.0838,2.8211,1.0154,0.6105,0.0838,0.38724,0.054511,0.0838,709.19,0.51467,4.6209,0.0838,0.041014,18.457,1.497,0.083262,0.036531,0.18231,0.6105,0.47235,0.41378,0.21121,5.0152,0.10553,0.041014,39.254,9.2984,0.38475,0.083262,2.0996,,0.6105,0.04075,0.099755,0.064189,0.04075,59.212,40.756,0.72245,1.154,18.741,0.055684,0.027253,1.6314,0.21641,0.10755,0.94365,0.94365,14150,0.015167,0.12226,0.98483,0,19.776,8.9558,38.659,9.4416,3.1582,0
0.13511,0.40767,0.31995,1.9239,-0.70122,0.61679,0.17798,1.1642,1.1304,0.47461,0.17798,0.51394,0.10748,0.17798,686.55,0.53164,2.453,0.17798,0.088266,57.821,0.93771,0.20689,0.067006,0.78504,0.47461,0.42648,1.1598,0.95865,4.5199,0.20117,0.088266,70.861,5.1509,0.50749,0.20689,2.0329,5.6521,0.53597,0.1026,0.01717,0.054563,0.1026,119.52,61.703,0.42298,1.0015,65.362,0.16814,0.083383,1.6343,0.34631,0.19414,1.4221,1.6059,10592,0.11537,0.28468,0.88463,0.12929,6.3126,5.9154,62.686,5.8227,6.0419,0
0.06754,0.53339,0.13285,1.316,-21.151,0.23498,0.084375,0.72452,1.0435,0.38645,0.084375,0.20068,0.080394,0.084375,1236.8,0.29511,1.8748,0.084375,0.043093,13.476,1.0324,0.091818,0.034494,0.2927,0.38645,0.26355,0.48932,0.29738,5.8677,0.2311,0.043093,81.782,4.4631,0.17214,0.091818,2.0054,4.2583,0.49941,0.046894,0.58846,0.10637,0.046894,57.02,43.544,0.93432,1.144,14.061,0.018781,0.009592,1.0373,0.42044,0.22406,0.8651,1.118,97961,0.041647,0.17477,0.95835,0.29229,27.086,8.3823,78.376,4.657,4.3831,0
-0.008294,0.76445,0.027549,1.036,-62.386,-0.024701,-0.009148,0.29568,1.0579,0.22604,-0.009148,-0.011966,0.007279,-0.009148,12692,0.028757,1.3081,-0.009148,-0.003029,62.447,1.5355,0.18745,-0.002746,-0.028175,0.22604,0.029874,0.65657,0.13245,4.9839,0.22577,-0.003029,97.735,3.7346,0.2452,0.18745,3.0738,,0.22604,0.062063,0.10824,0.11498,0.062063,85.715,23.269,-0.01605,0.3601,66.063,0.15631,0.051756,1.036,0.76445,0.26777,1.0867,1.0867,2654.7,0.054737,-0.036692,0.94526,0,5.845,15.686,92.386,3.9508,14.521,0
0.16255,0.15257,0.52832,4.4629,46.443,0.46918,0.20222,5.5084,1.1386,0.84042,0.20222,1.3255,0.15556,0.20222,218.31,1.6719,6.5544,0.20222,0.12333,77.746,1.3177,0.20097,0.099131,0.58207,0.84042,1.4118,1.3955,1.6556,4.3348,0.087618,0.12333,38.67,9.4388,1.3172,0.20097,1.6435,,0.84042,0.12256,0.058994,0.019762,0.12256,149.56,71.818,0.4654,2.1737,88.523,0.14811,0.090327,4.4629,0.15257,0.10595,2.6336,2.6336,11420,0.12175,0.19341,0.87825,0,4.6948,5.0823,33.962,10.747,5.1384,0
0.11483,0.64092,0.35301,1.5705,53.259,0,0.14212,0.56026,2.0942,0.35908,0.14772,0.22968,0.0711,0.14212,1571.1,0.23232,1.5603,0.14212,0.06786,12.493,2.0333,0.14725,0.054831,0.23428,0.19368,0.18975,26.254,12.498,3.0825,0.27408,0.070506,120.05,3.0405,2.9353,0.21296,2.0942,44.976,0.37909,0.10169,0.11467,0.1387,0.070311,157,144.51,1.602,1.4547,13.907,0.14046,0.067071,1.5162,0.61874,0.3289,12.713,13.421,426.86,0.10169,0.31979,0.93217,0.055732,29.217,2.5258,107.84,3.3847,74.144,0
-0.028125,0.49551,-0.061661,0.87179,-86.246,0.11476,-0.032824,0.83333,0.99335,0.41293,-0.032824,-0.068252,0.06788,-0.032824,2230.5,0.16364,2.0181,-0.032824,-0.027479,46.045,1.0018,0.016043,-0.023544,0.13457,0.41293,0.17312,0.13341,-0.10618,4.9169,0.37607,-0.027479,145.97,2.5004,0.032377,0.016043,1.2391,18.412,0.42752,0.01343,0.197,0.12536,0.01343,99.162,53.117,-0.18664,0.55845,45.739,-0.097867,-0.081929,0.84612,0.48093,0.39993,0.71105,0.73617,-5092,-0.006693,-0.06811,1.0067,0.035325,7.927,6.8717,146.95,2.4838,2.057,0
0.14904,0.43064,0.20435,1.5463,-81.638,0.1467,0.18292,1.3221,1.3766,0.56936,0.21056,0.489,0.16128,0.18292,708,0.51554,2.3221,0.18292,0.13288,79.895,1.1785,0.17705,0.10827,0.39295,0.56711,0.43688,6.4056,0.48472,6.1977,0.31283,0.13288,197.47,1.9446,1.6891,0.68515,1.3766,4.8979,0.62594,0.49772,0.13624,0.066414,0.12861,139.85,59.96,0.49463,0.74077,151.2,0.13795,0.10021,1.3432,0.37406,0.51425,1.3505,1.4847,1.5463,0.49772,0,0.52192,0.099365,4.5685,6.0874,99.184,3.68,3.2652,0
-0.060709,1.0407,-0.093214,0.90449,-42.745,-0.10393,-0.060709,-0.039129,3.9274,-0.040722,-0.049585,-0.062203,-0.005223,-0.060709,-18518,-0.019711,0.96087,-0.060709,-0.015458,34.453,1.0614,-0.052711,-0.015458,-0.37401,-0.16464,-0.019711,-4.7384,-0.79508,2.6229,0.17737,-0.012625,90.243,4.0446,3.793,-0.020056,3.9274,10.159,0.009683,-0.005107,0.35257,-2.7717,-0.013421,50.061,15.608,-0.16376,0.52465,34.278,-0.092907,-0.023656,0.84822,0.97598,0.24724,-0.34735,0.082588,-39.115,-0.005107,1.4908,1.0154,-1.2378,10.594,23.385,90.704,4.0241,33.499,0
0.17706,0.59465,0.070892,1.224,-8.5416,0,0.17706,0.68167,1.5603,0.40535,0.18425,0.55953,0.19181,0.17706,725.24,0.50328,1.6817,0.17706,0.11348,23.072,1.0249,0.18159,0.11348,0.54817,0.17825,0.50328,25.248,0.11571,4.0779,0.35021,0.11755,78.061,4.6758,2.4882,0.080652,1.5603,6.6656,0.44867,0.051691,0.16656,0.065243,0.11639,78.28,55.208,1.7952,0.91235,24.33,0.059373,0.038053,0.65136,0.31644,0.21387,0.66162,0.73231,848.15,0.051691,0.4368,0.89374,0.10685,15.82,6.6114,74.026,4.9307,2.5467,0
0.044829,0.16757,0.31015,2.8509,15.809,-0.00024,0.050913,4.1464,1.0423,0.6948,0.050913,0.30384,0.086172,0.050913,587.65,0.62112,5.9678,0.050913,0.042153,78.488,1.2428,0.044759,0.037116,0.011026,0.6948,0.58481,0.38625,0.59384,4.4433,0.073975,0.042153,52.78,6.9155,0.26711,0.044759,1.2351,,0.6948,0.037058,0.47801,0.056258,0.037058,120.16,41.674,0.1726,1.301,81.806,-0.008407,-0.006961,2.8509,0.16757,0.1446,1.3303,1.3303,8607.3,0.040563,0.06452,0.95944,0,4.6504,8.7585,50.639,7.2079,2.3126,0
0.12169,0.5906,0.4094,1.6932,251.31,0,0.049108,0.69318,0.63558,0.40939,0.049121,0.083149,0.077265,0.049108,4389.7,0.083149,1.6932,0.049108,0.077265,0,1.0363,0.049121,0.19146,0.095448,0.12169,0.20605,3585.5,,2.1643,0.45805,0.077286,367.58,0.99298,0.99298,0.049121,0.63558,,0.40939,0.077286,0.50708,0.40078,0.077286,402.29,402.29,,1.6932,0,0.049121,0.077286,1.6932,0.5906,1.0071,,,59.766,0.077286,0.29725,0.92274,0,,0.9073,339.17,1.0762,,0
0.16802,0.11538,0.54136,9.0869,73.451,0,0.21978,7.667,0.93642,0.88462,0.22001,3.2831,0.31913,0.21978,140.93,2.59,8.667,0.21978,0.2347,61.691,1.0426,0.20573,0.17943,0.53537,0.72443,2.1414,914.22,1.3821,4.9686,0.11644,0.23494,32.816,11.123,6.4534,0.19183,0.93642,,0.88462,0.20485,3.7891,0.013505,0.2197,138.24,76.548,1.0616,6.7227,77.584,0.12668,0.13528,5.2722,0.066943,0.089906,2.2585,2.2585,50365,0.20485,0.18994,0.77326,0,5.9166,4.7683,26.093,13.988,2.3907,0
0.024609,0.54496,0.24196,1.7977,-41.368,0.33676,0.03907,0.83501,1.1867,0.45504,0.078671,0.12881,0.092235,0.03907,1817.3,0.20085,1.835,0.03907,0.032923,31.563,1.1668,0.057727,0.020737,0.10224,0.41853,0.17432,1.4577,0.53213,4.9286,0.45922,0.032923,115.12,3.1765,1.768,0.22503,1.1867,1.832,0.69668,0.18962,0.79705,0.14179,0.048645,93.355,61.792,0.23981,1.4594,38.875,-0.012658,-0.010667,1.0006,0.30332,0.31481,1.0007,1.5321,1.7977,0.18962,0.054081,0.82588,0.53102,11.564,5.9069,93.294,3.9124,2.6098,0
-0.18286,0.79665,-0.57911,0.22082,-283.53,-0.14774,-0.17048,0.25525,0.7944,0.20335,-0.041293,-0.22937,-0.14948,-0.17048,-2448.7,-0.14906,1.2553,-0.17048,-0.2146,16.183,0.98004,-0.041293,-0.23019,-0.17109,-0.015016,-0.16461,-0.31964,-0.69282,3.8618,0.97577,-0.17247,322.47,1.1319,1.056,-0.046871,0.7944,3.1409,0.24439,-0.059002,0.039013,2.5451,-0.05198,62.087,45.904,-5.1918,0.17344,15.281,-0.09302,-0.11709,0.20602,0.74323,0.88347,0.24327,0.29237,-4212.8,-0.059002,-0.89926,1.2113,0.20182,22.554,7.9514,341.49,1.0688,0.95038,0
0.048179,0.55041,0.10765,1.2437,-22.959,0,0.05928,0.81682,1.515,0.44959,0.09199,0.13419,0.055575,0.05928,2386.1,0.15297,1.8168,0.05928,0.039129,36.074,0.99455,0.067616,0.031802,0,0.4292,0.1328,2.0671,0.23891,5.8823,0.36331,0.039129,140.12,2.6583,2.1336,0.3642,1.515,6.3783,0.51225,0.2404,0.067283,0.19828,0.044632,125.21,89.134,0.32177,0.90475,46.538,0.042701,0.028186,0.99819,0.44176,0.37618,0.99779,1.1369,1.2437,0.2404,0.10716,0.77048,0.13938,10.118,4.095,106.43,3.4294,3.3622,0
0.19497,0.27433,0.098937,1.709,27.393,0.42775,0.19497,2.6452,1.2962,0.72567,0.19497,1.3971,0.26983,0.19497,408.24,0.89409,3.6452,0.19497,0.21448,19.837,1.1665,0.20769,0.21448,0.42775,0.72567,0.89409,2.9616,0.12992,4.3633,0.29002,0.21448,72.633,5.0253,0.75707,0.20769,0.91535,1.4029,0.86045,0.22848,0.076633,0.034958,0.22848,91.466,71.63,3.9466,1.3549,25.713,0.15738,0.17313,0.86934,0.13955,0.199,0.95293,1.1299,2284,0.22853,0.26868,0.77147,0.18574,18.4,5.0957,56.034,6.5139,1.1937,0
0.01897,0.57234,-0.041892,0.8924,-261.31,0,0.020566,0.7472,0.47,0.42766,0.044181,0.052826,0.077776,0.020566,5714.9,0.063868,1.7472,0.020566,0.043758,144.42,1.0607,0.019188,0.040361,0.033148,0.37757,0.061079,0.81253,-0.064196,5.813,1.1652,0.084718,427.73,0.89734,0.61039,0.13778,0.47,0.99499,0.58993,0.29315,0.067762,0.54236,0.040826,249.32,104.9,0.10201,0.41473,194.3,0.0032,0.006808,0.60702,0.38932,1.1144,0.65533,0.904,0.8924,0.29315,0.044357,0.7382,0.37945,2.5274,3.4794,302.34,1.2072,0.72022,0
0.006757,0.56495,-0.028304,0.94763,-200.26,0.013774,0.013454,0.7448,1.0457,0.42077,0.013454,0.024896,0.060368,0.013454,4427.5,0.08244,1.7701,0.013454,0.017439,165.28,1.3248,0.040654,0.008759,0.028045,0.42077,0.070585,0.55104,-0.058014,4.629,0.72896,0.017439,267.37,1.3652,0.07196,0.040654,0.78821,6.6367,0.4453,0.052694,0.031242,0.25177,0.052694,234.3,69.02,0.019343,0.3012,172.83,0.007534,0.009765,0.90649,0.54042,0.73251,0.86246,0.91273,-1204.6,0.043733,0.016059,0.95627,0.058288,2.2084,5.2883,255.68,1.4276,1.5813,0
0.083314,0.10656,0.24494,3.2987,142.33,0.21276,0.084481,8.3138,1.1157,0.88589,0.084481,0.79283,0.27811,0.084481,183.04,1.9941,9.3847,0.084481,0.11057,11.65,1.121,0.080383,0.10905,0.21445,0.88589,1.9832,1.1739,0.3777,5.2519,-0.19754,0.11057,56.796,6.4265,0.75437,0.080383,0.77146,,0.88589,0.10521,2.4204,0.016811,0.10521,44.708,33.059,3.4166,3.0698,12.998,-0.04762,-0.062328,3.2987,0.10656,0.15561,1.366,1.366,43745,0.10372,0.094046,0.89628,0,31.331,11.041,50.906,7.1701,1.1781,0
-0.001923,0.83392,0.16006,1.4516,31.749,-0.09887,-0.016947,0.19915,1.0195,0.16608,0.034226,-0.047812,0.013421,-0.016947,22245,0.016408,1.1992,-0.016947,-0.016623,23.171,1.1811,0.033204,-0.001886,-0.014167,-0.083839,0.034425,0.64885,0.32969,4.2063,0.80878,0.014932,117.7,3.1011,1.3181,-0.079657,1.0195,2.0967,0.3806,-0.078131,0.029469,0.43546,0.032568,180.46,157.29,-0.029703,1.269,21.492,0.002573,0.002524,0.61698,0.35445,0.32247,0.34208,0.78395,2574,-0.078131,-0.011576,1.015,1.2917,15.752,2.3206,126.9,2.8763,2.1,0
-0.20769,0.96566,-0.40473,0.44811,-335.34,-0.74007,-0.20453,0.035564,0.50133,0.034343,-0.17646,-0.27889,-0.2701,-0.20453,-2603,-0.14022,1.0356,-0.20453,-0.40797,145.37,,-0.18246,-0.41427,-0.19879,-0.94609,-0.1435,-6.5007,-0.60283,4.4778,1.9026,-0.36628,410.4,0.98729,0.74978,-0.15085,0.54752,1.066,0.15531,-0.3009,0.023824,-0.28399,-0.36396,226.54,81.165,-1.0402,0.29609,100.66,-0.25158,-0.50183,0.34031,0.73334,1.0129,0.051152,0.23133,-12162,-0.30096,-6.0475,1.3224,3.5223,2.5108,4.497,533.92,0.68362,0.74672,1
0.13542,0.63431,0.22695,1.7944,49.434,0,0.13542,0.57653,1.4915,0.36569,0.15493,0.47401,0.11977,0.13542,1296,0.28164,1.5765,0.13542,0.090795,6.7638,0.99443,0.15225,0.090795,0.45986,0.13542,0.28164,7.8034,0.46568,3.9903,0.28404,0.10077,77.027,4.7386,2.1343,0.13773,1.4915,1.8638,0.62592,0.092339,0.80505,0.10817,0.10208,69.168,62.405,4.8997,1.6976,7.4519,0.10903,0.073097,0.8082,0.28569,0.21103,0.75037,1.2843,2219.4,0.092339,0.37032,0.91057,0.71158,53.964,5.8489,69.914,5.2207,3.0605,0
0.11386,0.29973,0.30088,3.1022,35.862,0.34764,0.14382,2.2207,1.1538,0.66559,0.14382,1.0049,0.17784,0.14382,562.44,0.64896,3.3364,0.14382,0.13149,70.354,0.96834,0.14936,0.1041,0.44934,0.66559,0.54899,1.5757,0.54115,4.732,0.16354,0.13149,55.11,6.6232,0.49833,0.14936,1.1052,1.489,0.8222,0.13656,0.8492,0.049256,0.13656,107.61,37.259,0.54007,1.6293,81.175,0.098672,0.090216,1.4814,0.14312,0.15099,1.1971,1.4788,16233,0.13331,0.17106,0.86669,0.23529,5.1881,9.7963,47.763,7.6419,1.9671,0
0.34986,0.1832,0.57339,4.1884,40.852,0,0.34986,4.4584,3.134,0.8168,0.3588,1.9455,0.12652,0.34986,168.65,2.1643,5.4584,0.34986,0.11164,29.863,1.3192,0.34753,0.11164,1.5152,0.81612,2.1643,38.901,2.3236,3.4729,0.042863,0.1118,23.609,15.46,15.176,0.35371,3.134,,0.8168,0.11286,0.30947,0.015493,0.11089,81.243,51.381,1.3645,2.7626,33.662,0.30088,0.096007,4.1114,0.17984,0.064683,3.3099,3.3099,1703.5,0.11286,0.42834,0.88897,0,12.223,7.1038,20.945,17.427,12.7,0
0.043293,0.58761,-0.031585,0.9249,-34.188,0.16801,0.055338,0.61106,1.0565,0.35906,0.055338,0.13159,0.066911,0.055338,1910.8,0.19102,1.7018,0.055338,0.032988,24.386,1.1412,0.091131,0.025808,0.20795,0.35906,0.17052,0.57397,-0.051689,5.1404,0.34967,0.032988,96.676,3.7755,0.15509,0.091131,1.6876,1.6573,0.52613,0.054326,0.006559,0.1305,0.054326,84.031,59.645,0.38628,0.65839,25.765,0.034226,0.020403,0.66193,0.42054,0.26487,0.58762,0.86103,-4364.1,0.053504,0.12057,0.9465,0.46529,14.967,6.1195,91.504,3.9889,2.7453,0
0.064074,4.884,-4.3592,0.10744,-238.54,-4.4918,0.12829,-0.79525,7.2685,-3.884,0.50381,0.026267,0.019466,0.12829,12599,0.02897,0.20475,0.12829,0.01765,0.97431,1.0618,0.50381,0.008815,0.061504,-4.1516,0.015823,1.3416,-9.1722,1.9703,0.64613,0.05155,269.22,1.3558,1.3558,0.6471,7.2685,,-3.884,0.089028,0.0384,0.31488,0.069314,16.933,15.958,3.3024,0.10347,1.0695,0.49061,0.067498,0.10744,4.884,0.7376,-8.1722,-8.1722,-407.12,0.089028,-0.016497,0.98235,0,374.63,22.872,245.26,1.4882,15.294,0
-0.32786,0.99188,-0.28719,0.6834,-115.91,-0.90134,-0.3243,0.008182,1.8944,0.008116,-0.27798,-0.35751,-0.10806,-0.3243,-1768.6,-0.20638,1.0082,-0.3243,-0.17119,73.859,0.82067,-0.28076,-0.17307,-0.93219,-0.8376,-0.20997,-6.0618,-0.75557,3.6168,0.50367,-0.14809,148.98,2.4499,2.2405,-0.32789,1.8944,24.244,0.017873,-0.17308,0.048765,-0.20515,-0.1482,110.92,37.056,-0.85528,0.26079,62.961,-0.40035,-0.21133,0.62498,0.90709,0.40818,0.021352,0.047023,-1188.5,-0.17308,-40.399,1.1637,1.2023,4.9419,9.8498,174.77,2.0885,4.9841,0
-0.28689,0.21279,0.68281,4.2088,31.536,0,-0.28689,3.6994,0.96082,0.78721,-0.28593,-1.3482,-0.28099,-0.28689,-287.69,-1.2687,4.6994,-0.28689,-0.29858,41.301,0.72355,-0.28599,-0.29858,-0.50682,0.6461,-1.2687,-300.71,6.5405,2.5494,0.22147,-0.29759,62.242,5.8642,5.8642,-0.28704,0.96082,,0.78721,-0.29874,2.1911,-0.02636,-0.29765,163.1,121.8,-2.6387,3.6979,31.801,-0.3029,-0.31525,4.2088,0.21279,0.17053,7.5405,7.5405,241.95,-0.29874,-0.36443,1.2977,0,8.8376,2.9967,80.836,4.5153,9.2036,0
0.36181,0.44035,0.45487,2.3109,16.788,0,0.36181,1.2709,3.6944,0.55965,0.36464,1.0427,0.099062,0.36181,439.18,0.8311,2.2709,0.36181,0.097934,32.528,1.1237,0,0.097934,0.64546,0.46247,0.8311,0,2.2957,2.7114,0.06392,0.21556,49.655,7.3507,5.7924,0.001182,3.6944,5.0628,0.653,0.00032,0.6083,3.5223,0,58.368,25.84,1.0989,1.362,47.114,-0.004167,-0.001128,1.821,0.347,0.13604,2.8246,3.2957,234.02,0.30958,0.64649,0.69122,0.1668,11.221,14.125,34.283,10.647,18.646,0
-0.042028,1.0213,-0.18231,0.75887,-75.631,-0.005321,-0.044004,-0.027767,1.0185,-0.028357,-0.044004,-0.058201,0.012366,-0.044004,26442,0.013804,0.97919,-0.044004,-0.038602,12.574,1.2161,0.00474,-0.036868,-0.005162,-0.028357,0.015739,0.042346,-0.42771,5.7604,0.56799,-0.038602,246.55,1.4804,0.004641,0.00474,1.1471,2.0155,0.23683,0.004158,0.49617,0.53429,0.004158,63.595,51.021,-1.0702,0.70693,12.806,-0.053361,-0.04681,0.56181,0.75607,0.67548,-0.066529,0.55562,-105010,0.018118,1.4821,0.98188,-9.3516,29.029,7.1539,242.08,1.5077,2.6744,0
0.014008,0.60388,0.19304,1.3514,-15.769,0.017097,0.022408,0.60378,1.051,0.36461,0.022408,0.040792,0.036053,0.022408,2756.2,0.13243,1.6559,0.022408,0.010102,45.379,1.3072,0.065749,0.006315,0.025306,0.36461,0.11852,0.31152,0.74934,4.2774,0.26535,0.010102,95.001,3.8421,0.10888,0.065749,2.236,8.5543,0.41916,0.029642,0.040949,0.16101,0.029642,118.46,73.08,0.050795,0.84941,47.691,0.008187,0.003691,1.2293,0.54934,0.26028,1.4153,1.6271,3656.5,0.048484,0.038418,0.95152,0.1496,8.0434,4.9945,90.395,4.0379,8.6102,0
-0.016134,1.0908,-0.62545,0.37177,-129.78,-0.38401,-0.016134,-0.22664,0.99051,-0.24722,-0.016134,-0.016206,0.033411,-0.016134,5168.8,0.070617,0.91676,-0.016134,-0.006998,26.824,1.4881,0.00062,-0.006998,-0.38401,-0.24722,0.070617,0.002663,-0.99297,4.2691,0.45968,-0.006998,156.12,2.3379,0.000568,0.00062,2.3535,2.1078,-0.152,0.000269,0.041853,0.38239,0.000269,52.002,25.178,-0.095228,0.20159,26.569,-0.092542,-0.040141,0.33932,0.99557,0.42774,-0.39248,-0.24131,-11623,-0.009583,0.065263,1.0096,-0.38516,13.607,14.497,157.62,2.3157,3.6602,0
-0.079103,0.79095,0.19294,1.3967,-46.025,-0.23544,-0.091408,0.26429,0.65098,0.20904,-0.004083,-0.18793,-0.12898,-0.091408,-3438.5,-0.10615,1.2643,-0.091408,-0.14042,155.42,0.75633,-0.0235,-0.12151,-0.35554,-0.14132,-0.090594,-0.26911,0.60167,5.0412,1.1461,-0.09159,270.91,1.4024,0.86237,-0.004339,0.67801,1.7454,0.43944,-0.006665,0.09635,-1.6425,-0.036099,354.62,199.2,-0.28538,0.66624,154.39,-0.030948,-0.04754,0.85887,0.48639,0.74222,0.6519,1.3704,21215,-0.006664,-0.3784,1.006,1.1021,2.3485,1.8323,272.71,1.3384,2.0301,1
0.085953,0.077757,0.58779,8.5594,57.822,0.26825,0.10688,11.21,1.0779,0.87168,0.10688,1.3745,0.10473,0.10688,205.02,1.7803,12.861,0.10688,0.080859,108.41,0.90154,0.089913,0.06503,0.33299,0.87168,1.5112,0.73323,1.7575,5.2915,-0.077241,0.080859,23.144,15.771,1.1563,0.089913,1.3437,,0.87168,0.068026,2.3557,0.021046,0.068026,133.21,24.797,0.068026,3.5106,116.85,0.058357,0.044151,8.5594,0.077757,0.063409,2.6063,2.6063,115020,0.072245,0.098606,0.92775,0,3.3668,14.719,21.472,16.999,3.952,0
0.11462,0.31275,0.40563,2.5128,31.376,0.33689,0.14253,1.7675,1.1135,0.5528,0.14253,0.53157,0.11231,0.14253,727.22,0.50191,3.1975,0.14253,0.10198,76.692,1.1585,0.14162,0.082013,0.41894,0.5528,0.4127,1.1283,1.2433,5.5848,0.1645,0.10198,77.968,4.6814,0.45283,0.14162,1.4214,8.5172,0.59742,0.10133,0.32322,0.065883,0.10133,153.32,76.629,0.39033,1.4176,85.395,0.12717,0.090993,2.1543,0.26812,0.21361,1.6944,1.8312,155910,0.10191,0.20735,0.89809,0.080728,4.7593,4.7632,70.022,5.2127,4.2839,0
0.006528,0.1491,0.32374,3.3146,90.886,0.14789,0.01018,5.6994,1.0143,0.84979,0.01018,0.072779,0.052973,0.01018,1336.2,0.27317,6.7068,0.01018,0.013239,38.882,0.8847,0.003814,0.00849,0.19208,0.84979,0.24868,0.050319,0.60357,4.3237,0.12094,0.013239,67.35,5.4194,0.025581,0.003814,0.80377,41.347,0.85902,0.004961,0.81715,0.14265,0.004961,165.83,126.95,0.079696,2.729,39.439,-0.026736,-0.034773,3.1094,0.13987,0.18452,1.5843,1.6015,6822.5,0.014133,0.007681,0.98587,0.010864,9.3874,2.8753,66.398,5.4971,1.4335,0
0.20248,0.40124,0.50565,2.2602,6.834,0.9834,0.25052,1.4824,1.0462,0.5948,0.25052,0.62435,0.044366,0.25052,527.09,0.69248,2.4923,0.25052,0.040001,21.725,0.96116,0.26085,0.032331,1.2156,0.5948,0.57276,0.43577,5.4309,3.6301,0.049353,0.040001,24.466,14.919,0.65011,0.26085,6.2705,,0.5948,0.041651,0.27897,0.045774,0.041651,46.331,24.606,0.5432,1.3312,22.729,0.23352,0.037286,2.2602,0.40124,0.06703,6.3884,6.3884,2157.7,0.044202,0.34042,0.9558,0,16.801,14.834,23.385,15.609,67.265,0
0.15043,0.0045,0.2604,58.862,312.25,0,0.15043,221.2,0.45065,0.9955,0.15043,33.425,0.3338,0.15043,10.92,33.425,222.2,0.15043,0.3338,0,0.14459,0.15043,0.3338,1.7618,-0.60142,33.425,,0.35424,1.8795,-0.48132,0.3338,5.4715,66.71,66.71,0.15043,0.45065,,0.9955,0.3338,49.196,0.000997,0.3338,35.232,35.232,,58.862,0,0.15043,0.3338,58.862,0.0045,0.01499,1.3542,1.3542,19.731,0.3338,0.15111,0.6662,0,,10.36,3.6451,100.13,0.61305,0
0.49581,0.44569,0.36839,1.8526,9.3032,0,0.49581,1.2437,3.023,0.55431,0.51057,1.1475,0.18398,0.49581,292.49,1.2479,2.2437,0.49581,0.16401,34.507,1.254,0.49616,0.16401,,0.49581,1.2479,33.627,1.8462,3.5644,0.085556,0.1667,51.55,7.0805,6.8642,-0.03628,3.023,,0.55431,-0.012001,0.4447,0.026695,0.16413,73.448,38.941,1.7348,1.1911,34.098,0.4358,0.14416,1.796,0.43207,0.14123,2.778,2.778,1351.3,-0.012001,0.89447,0.86888,0,10.577,9.3732,52.169,6.9965,15.15,0
-0.015222,0.32746,0.66557,3.2954,5091.2,-0.089867,-0.015222,2.0538,0.007943,0.67254,-0.015169,-0.052499,0.012481,-0.015222,1205600,0.000303,3.0538,-0.015222,-1.9164,9928.5,0.25504,-0.015169,-1.9164,1.0471,-0.081791,0.000303,-281.52,14.968,2.9675,-6.6218,-1.9164,2332.4,0.16241,0.14381,-0.037432,0.007943,,0.67254,-4.7125,1.3115,71.332,-1.9096,26434,16505,-0.070453,2.5503,1674.7,-0.03049,-3.8386,2.918,0.28996,6.1574,15.124,15.124,617.64,-4.7125,-0.022634,5.9353,0,0.036763,0.022114,13324,0.027394,0.17863,1
0.1179,0.61729,0.039818,1.0763,-37.827,0.15811,0.14949,0.60615,1.0986,0.37417,0.14949,0.28648,0.10037,0.14949,1161,0.31438,1.62,0.14949,0.077317,41.291,1.409,0.1745,0.060979,0.19796,0.37417,0.2632,0.99153,0.090834,4.4236,0.27791,0.077317,108.22,3.3726,0.28269,0.1745,1.9547,3.5918,0.46964,0.090254,0.15579,0.092638,0.090254,90.68,49.389,0.53904,0.65715,45.362,0.12993,0.0672,0.90984,0.52182,0.2965,0.85356,1.0714,1056,0.089758,0.3151,0.91024,0.25515,8.8398,7.3903,98.51,3.7052,4.4106,0
0.17172,0.25597,0.59003,3.3051,58.271,-0.069661,0.18438,2.6854,0.96852,0.68738,0.18438,0.72033,0.1669,0.18438,425.26,0.8583,3.9068,0.18438,0.14007,104.15,1.2444,0.18045,0.13045,-0.049018,0.68738,0.80883,1.3277,3.8313,4.176,0.16367,0.14007,68.742,5.3097,0.70496,0.18045,1.5505,,0.68738,0.13708,0.15891,0.039003,0.13708,223.31,119.16,0.45719,1.8377,100.87,0.14513,0.11025,3.3051,0.25597,0.18833,4.4634,4.4634,8848.9,-0.032504,0.24982,1.0325,0,3.5046,3.0632,70.976,5.1426,8.5473,0
0.065743,0.36541,0.2009,1.5568,17.715,0.15646,0.077945,1.3357,1.1005,0.48809,0.077945,0.21604,0.15079,0.077945,866.95,0.42102,2.7366,0.077945,0.076397,51.915,1.2007,0.090487,0.064436,0.19325,0.48809,0.38762,0.97606,0.45836,5.0284,0.10677,0.076397,142.05,2.5695,0.24763,0.090487,1.0545,90.321,0.4927,0.088689,0.74938,0.072203,0.088689,104.22,52.305,0.45304,1.1546,57.134,0.014589,0.014299,1.5372,0.3608,0.38918,1.1136,1.1241,21447,0.091355,0.13469,0.90865,0.00945,7.0308,6.9783,129.07,2.8278,2.3278,0
0.15837,0.55803,0.33208,1.9193,23.828,0.07502,0.19689,0.79201,2.054,0.44197,0.22935,0.54508,0.11561,0.19689,857.73,0.42554,1.792,0.19689,0.095858,36.623,1.1142,0.22932,0.077105,0.67229,0.42696,0.35652,7.0656,1.0827,3.8238,0.26635,0.10699,71.605,5.0974,3.2995,0.21274,2.054,2.9389,0.60775,0.10358,0.049185,0.068918,0.11165,120.04,83.421,0.76847,1.3488,40.854,0.18874,0.091892,1.2424,0.36121,0.19618,1.441,1.9815,2213.5,0.10358,0.35833,0.90496,0.37509,9.9665,4.3754,64.189,5.6864,6.6967,0
0.003968,0.56582,0.38358,2.3449,4.9727,0.060144,0.003968,0.76735,2.0016,0.43418,0.055238,0.013913,0.013551,0.003968,7614.1,0.047938,1.7673,0.003968,0.001982,62.878,1.2388,0.038259,0.001982,0.084445,0.064112,0.047938,0.74622,1.1581,3.5813,0.27841,0.021737,53.408,6.8341,3.4447,0.052507,2.0016,1.1635,0.71263,0.026232,0.072669,0.3071,0.019114,118.17,55.297,0.011508,1.1359,64.572,0.015103,0.007546,1.182,0.2852,0.14632,1.3108,2.1515,1462.7,0.026232,0.009139,0.99828,0.64132,5.8049,6.6007,52.007,7.0183,6.043,0
0.089201,0.12628,0.22244,2.796,38.585,0,0.11167,6.9188,1.2824,0.87372,0.11208,0.90164,0.10997,0.11167,326.85,1.1167,7.9188,0.11167,0.087084,27.021,1.1213,0.10864,0.069561,0.26752,0.79149,0.93879,263.93,0.34028,3.5969,0.0049,0.087084,38.514,9.4772,9.2949,0.10857,1.2824,,0.87372,0.084662,1.008,0.030505,0.084719,63.032,36.011,0.93964,2.0295,29.52,0.079289,0.061831,2.7422,0.12385,0.10552,1.3366,1.3366,879.22,0.084662,0.10209,0.91316,0,13.508,10.136,35.253,10.354,1.9617,0
0.043462,0.42905,0.259,1.6509,36.411,0,0.043462,1.3307,1.5511,0.57095,0.043943,0.10922,0.05163,0.043462,1955.6,0.18665,2.3307,0.043462,0.02802,37.971,0.90265,0,0.02802,0.17107,0.32957,0.18665,0,0.75493,5.2322,0.10285,0.058716,157.56,2.3166,2.1486,0.017455,1.5511,,0.57095,0.011254,0.69766,0.39055,0,89.259,51.288,0.26935,1.2454,63.888,-0.03662,-0.023609,1.5311,0.39793,0.43166,1.6642,1.6642,44205,0.40566,0.076122,0.59936,0,9.6125,7.1167,93.642,3.8978,4.5211,0
0.014054,0.2388,0.4789,3.0054,-6.2139,-0.042232,0.015348,3.0074,1.0277,0.71818,0.015348,0.06427,0.065252,0.015348,1978.1,0.18452,4.1875,0.015348,0.022727,263.87,1.0995,0.015338,0.020811,-0.034395,0.71818,0.17911,0.2334,1.6964,4.5667,0.22247,0.022727,132.64,2.7518,0.064228,0.015338,0.69487,,0.71818,0.022712,0.37736,0.17821,0.022712,339.21,75.34,0.028788,0.96107,271.16,-0.01338,-0.019812,3.0054,0.2388,0.3634,2.544,2.544,17660,0.026911,0.019569,0.97309,0,1.3833,4.8447,129.07,2.8279,2.3922,0
0.18867,0.23826,0.3998,2.678,45.557,0.23749,0.21197,2.2423,1.098,0.53424,0.21197,0.88967,0.1239,0.21197,350.09,1.0426,4.1971,0.21197,0.10573,31.484,1.2481,0.18408,0.094105,0.30014,0.53424,0.94481,1.0081,1.1046,4.44,0.057354,0.10573,47.624,7.6641,0.77259,0.18408,2.0554,,0.53424,0.091812,0.51902,0.035522,0.091812,93.648,62.164,1.091,1.9522,34.568,0.14764,0.073638,2.678,0.23826,0.13048,1.4761,1.4761,11012,0.089213,0.35316,0.91079,0,11.593,5.8716,43.376,8.4149,5.5394,0
0.24141,0.14689,0.38467,4.3007,71.284,0.402,0.29857,5.8078,1.5752,0.85311,0.30355,2.5619,0.21668,0.29857,157.08,2.3236,6.8078,0.29857,0.18954,31.732,1.2302,0.29478,0.15326,0.75031,0.66837,1.9345,59.23,0.77122,4.3567,0.012068,0.19182,33.25,10.978,8.7094,0.29589,1.5752,12.002,0.88346,0.18784,1.1219,0.014507,0.18713,85.842,54.11,1.7628,3.1256,39.071,0.25203,0.16,3.4121,0.11654,0.091095,1.7104,1.7712,8745.5,0.18784,0.28298,0.81208,0.035576,11.502,6.7456,27.004,13.516,3.1581,0
0.01114,0.49501,0.45176,1.9126,30.945,0.15683,0.020801,0.6243,1.0064,0.30903,0.020801,0.042021,0.008395,0.020801,5595.9,0.065227,2.0202,0.020801,0.005408,10.679,1.2262,0.017445,0.002896,0.20703,0.30903,0.045709,0.045649,8.4866,4.1182,0.12742,0.005408,47.279,7.7202,0.035241,0.017445,3.9171,,0.30903,0.004536,0.033627,0.56251,0.004536,88.269,77.59,0.098997,1.6853,10.747,0.005958,0.001549,1.9126,0.49501,0.12953,5.8053,5.8053,5931.1,0.006404,0.036047,0.9936,0,34.181,4.7042,46.976,7.7699,72.252,0
0.12366,0.10538,0.58182,6.5212,96.659,0.35072,0.1544,5.8605,1.0769,0.61758,0.1544,1.4652,0.092761,0.1544,216.51,1.6859,9.4895,0.1544,0.080619,12.118,1.4628,0.13699,0.064566,0.43655,0.61758,1.3941,0.77024,1.86,4.6056,-0.16801,0.080619,21.627,16.877,1.2999,0.13699,1.9393,,0.61758,0.071526,4.499,0.021621,0.071526,40.612,28.493,1.9447,5.9178,13.05,0.11373,0.059384,6.5212,0.10538,0.059252,1.9744,1.9744,23462,0.071375,0.20023,0.92862,0,30.12,12.81,20.083,18.174,6.1227,0
0.10373,0.49712,0.47697,1.9604,-34.909,0,0.13112,1.0116,1.8273,0.50288,0.13112,0.26402,0.078915,0.13112,1258.3,0.29008,2.0116,0.13112,0.071754,51.368,0.8521,0.10349,0.056765,0.59818,0.47008,0.23499,,18.059,3.9855,0.27204,0.071754,104.44,3.4949,3.4914,0.09172,1.8273,,0.50288,0.050193,0.77892,0.14215,0.056632,117.2,65.833,0.40334,1.4426,54.083,0.0904,0.049471,1.9585,0.49662,0.28613,19.04,19.04,4613,0.050193,0.20627,0.92976,0,7.1055,5.5443,99.196,3.6796,69.188,0
0.003991,0.7114,0.12448,1.175,17.789,-0.013219,0.003991,0.40569,3.4803,0.2886,0.004476,0.005611,0.78628,0.003991,94.887,3.8467,1.4057,0.003991,0.001147,26.6,1.0785,0,0.001147,-0.005098,-0.009228,3.8467,0,0.7584,3.515,0.18888,0.002294,122270,0.002985,0.002985,0.027483,3.4803,,0.2886,0.007897,0.084032,0.008678,0,81.393,54.793,0.015736,0.81845,43593,-2.7325,-0.78514,1.175,0.7114,334.99,1.7584,1.7584,407.49,0.99939,0.01383,0.001669,0,13.722,6.6614,74.608,4.8922,21.205,0
0.16954,0.13251,0.47904,4.6152,35.108,0,0.22508,6.5469,4.9628,0.86749,0.24191,1.6986,0.051497,0.22508,189.24,1.9287,7.5469,0.22508,0.045353,1.037,1.0339,0.24099,0.034162,0.21415,0.81869,1.5096,14.321,1.2332,3.0105,-0.057709,0.045353,10.22,35.714,35.714,0.23045,4.9628,,0.86749,0.046435,3.2097,0.01627,0.048559,13.697,12.66,12.024,4.5088,1.0875,0.2105,0.042415,4.6152,0.13251,0.028,2.2332,2.2332,490.75,0.046435,0.19544,0.95475,0,351.96,28.831,9.7454,37.454,12.776,0
0.0019,1.0456,0.18717,1.2588,-58.282,-0.1826,0.013072,-0.04357,1.6934,-0.045555,0.021691,0.018076,0.021139,0.013072,10661,0.034236,0.95643,0.013072,0.00772,96.57,0.87653,0.016899,0.001122,-0.16953,-0.058792,0.023551,1.9607,2.0879,3.5858,0.60319,0.012809,158.45,2.3036,1.5934,0.027434,1.6934,,-0.045555,0.016201,0.040516,0.87958,0.00998,189.91,93.338,0.004241,0.6393,98.16,-0.005825,-0.00344,0.87069,0.72319,0.4341,-0.50819,-0.50819,721.13,0.016201,-0.041705,0.99232,0,3.7796,3.9105,155.88,2.3415,18.89,0
0.051967,0.45889,0.12904,1.4113,17.229,0,0.051967,1.1792,1.5167,0.54111,0.094505,0.16566,0.095361,0.051967,1158.1,0.31517,2.1792,0.051967,0.034264,11.111,0.94158,0.064982,0.034264,0.22179,0.089452,0.31517,1.5276,0.23155,3.7783,0.20078,0.045288,77.652,4.7005,3.2132,0.042129,1.5167,4.2859,0.63363,0.027777,0.54546,0.097031,0.042846,65.369,54.258,1.1255,1.2642,11.429,-0.027681,-0.018251,0.96479,0.3137,0.21274,0.971,1.137,774.52,0.027777,0.096039,0.96713,0.171,32.849,6.7271,75.495,4.8348,2.7216,0
-0.024584,0.097043,0.44965,5.6335,50.152,0.039605,-0.02229,8.7123,0.894,0.84547,-0.02229,-0.2297,0.015221,-0.02229,2422.8,0.15065,10.305,-0.02229,-0.023207,115.63,1.005,-0.028302,-0.025595,0.057999,0.84547,0.12702,-0.26343,0.99191,4.1081,0.029685,-0.023207,32.969,11.071,-0.29164,-0.028302,1.2717,,0.84547,-0.029466,0.71471,0.37062,-0.029466,181.39,65.759,-0.080792,2.4979,103.38,-0.065212,-0.067895,5.6335,0.097043,0.090325,1.8651,1.8651,5767.6,-0.11857,-0.029078,1.1186,0,3.1565,5.5506,36.878,9.8976,2.1188,0
0.09491,0.68928,0.06655,1.149,-14.171,0,0.09491,0.45078,1.3598,0.31072,0.11817,0.21249,0.12467,0.09491,1484,0.24596,1.4508,0.09491,0.069794,30.231,1.0389,0.11559,0.069794,0.28205,0.28549,0.24596,4.9702,0.13671,4.4231,0.47798,0.086897,126.35,2.8888,1.8719,0.069573,1.3598,5.3342,0.38581,0.051163,0.091951,0.12079,0.085002,126.73,96.495,0.84267,0.89683,31.861,0.040962,0.030122,0.74454,0.44665,0.34617,0.63829,0.79255,1762.8,0.051163,0.30545,0.9327,0.24168,12.074,3.7826,119.89,3.0445,2.7934,0
0.023505,0.70056,-0.067306,0.88843,-87.837,-0.13661,0.02929,0.42743,1.764,0.29944,0.059736,0.048554,0.034324,0.02929,4223.2,0.086427,1.4274,0.02929,0.016604,73.047,1.5224,0.059311,0.013325,-0.43475,-0.1175,0.078169,1.9481,-0.14504,3.857,0.39464,0.02674,124.06,2.9421,2.5335,-0.01083,1.764,,0.29944,-0.006139,0.015734,0.25784,0.033623,108.93,35.884,0.066582,0.30322,72.601,0.028054,0.015904,0.76502,0.60325,0.33989,0.64527,0.64527,-484.28,-0.006139,0.078496,0.98406,0,4.9968,10.172,124.82,2.9242,3.8013,0
0.020229,0.26479,0.21398,1.9168,9.6079,0.22916,0.020229,2.7259,1.0051,0.72178,0.020229,0.086678,0.033937,0.020229,826.01,0.44188,3.7766,0.020229,0.005867,12.907,1.2444,0.02482,0.005867,0.22916,0.72178,0.44188,0.072358,0.38719,4.3401,0.057459,0.005867,24.834,14.697,0.093736,0.02482,3.4596,10.365,0.75318,0.007199,0.29898,0.071592,0.007199,39.974,27.067,0.16593,1.3945,12.973,-0.071955,-0.02087,1.6895,0.23339,0.068039,1.3061,1.3629,4682.6,0.00509,0.028027,0.99491,0.043504,28.279,13.485,24.708,14.773,6.2387,0
0.036908,0.4576,0.078442,1.2841,4.9611,0.12927,0.046656,0.99959,1.0135,0.45741,0.046656,0.16901,0.040472,0.046656,1682.7,0.21691,2.1853,0.046656,0.019024,6.3343,1.1654,0.051159,0.015049,0.15621,0.45741,0.19561,0.21141,0.12152,4.0476,0.15915,0.019024,41.638,8.7659,0.1118,0.051159,2.4778,1.7183,0.63895,0.02086,0.25548,0.14499,0.02086,42.263,35.929,0.86717,1.13,6.4196,-0.001442,-0.000588,0.7747,0.27606,0.11408,0.70861,0.98985,875.22,0.013281,0.080689,0.98672,0.39688,57.622,10.159,41.085,8.8839,3.7994,0
-0.006727,0.71556,0.10917,1.1527,0.026617,0.13542,-0.006572,0.38606,0.99929,0.27625,-0.006572,-0.009192,0.002503,-0.006572,13971,0.026126,1.3975,-0.006572,-0.00088,5.2414,1.2248,0.00851,-0.000901,0.16108,0.27625,0.025908,0.011385,0.62048,4.677,0.095457,-0.00088,34.909,10.456,0.011893,0.00851,7.4913,1050,0.27693,0.001139,0.005484,0.69651,0.001139,40.077,34.836,-0.062716,1.0027,5.2377,-0.016756,-0.002243,1.1516,0.71488,0.095641,1.5701,1.5739,5189.2,-0.000707,-0.024351,1.0007,0.002471,69.638,10.478,34.934,10.448,42.452,0
-0.085728,0.64935,-0.083725,0.8347,555.23,-0.019559,-0.13712,0.54001,1.3514,0.35065,0.015731,-0.27073,-0.075707,-0.13712,-2316.6,-0.15756,1.54,-0.13712,-0.10147,41.14,1.0756,0.005247,-0.063435,-0.14321,0.34275,-0.07841,0.034324,-0.14505,5.3546,0.4755,-0.10147,173.12,2.1387,1.6682,0.007209,1.3514,1.8932,0.49351,0.005335,0.02399,0.54032,0.003882,110.9,69.762,-0.56281,0.53396,51.325,-0.029566,-0.021878,0.65107,0.50649,0.46758,0.60748,0.85495,-18942,0.20983,-0.24448,0.91466,0.40739,8.8722,5.232,136.8,2.6682,2.3412,0
0.25585,0.25837,0.54998,3.933,65.144,0,0.30353,2.8704,2.4577,0.74163,0.30382,1.6187,0.1524,0.30353,251.77,1.4497,3.8704,0.30353,0.1235,18.839,1.1868,0.29777,0.1041,0.89351,0.72984,1.2652,1042.1,2.0951,3.6444,0.02351,0.1235,29.194,12.503,9.0739,0.11326,2.4577,,0.74163,0.046082,1.1324,0.023352,0.12116,77.994,59.155,2.0169,3.2565,19.749,0.22675,0.09226,2.8544,0.18751,0.079983,2.8252,2.8252,2425.1,0.046082,0.34499,0.88554,0,19.374,6.1703,27.848,13.107,9.3624,0
0.00593,0.54706,-0.17183,0.56913,-139.79,0.39995,0.007113,0.68081,1.0231,0.37245,0.007113,0.017837,0.028799,0.007113,10093,0.036162,1.8279,0.007113,0.010355,43.473,0.8793,0.031297,0.008632,0.49489,0.37245,0.033998,0.46614,-0.22228,5.0001,0.78073,0.010355,216.79,1.6836,0.05721,0.031297,0.7168,0.97893,0.52072,0.045561,0.032354,0.40907,0.045561,113.74,70.268,0.072473,0.36397,44.478,0.018628,0.027117,0.41488,0.39879,0.59395,0.4818,0.6736,-17185,0.022583,0.015921,0.97742,0.3981,8.3959,5.1944,211.9,1.7225,0.88862,0
0.030965,0.062228,0.58642,10.424,107.48,-0.038827,0.038565,14.424,0.94727,0.89755,0.038565,0.61974,0.1291,0.038565,359.72,1.0147,16.07,0.038565,0.078848,74.451,1.1813,-0.026443,0.063309,-0.024668,0.89755,0.89254,-0.51213,1.669,5.27,0.1157,0.078848,43.99,8.2974,-0.42494,-0.026443,0.56831,,0.89755,-0.054064,5.5519,-1.0962,-0.054064,226.24,151.79,0.31038,8.8206,70.525,-0.051019,-0.10431,10.424,0.062228,0.12052,2.5546,2.5546,109210,-0.055666,0.034499,1.0557,0,4.9026,2.4046,46.438,7.8599,1.3921,0
0.24207,0.45667,0.10339,1.2957,-33.339,0,0.27899,1.1897,1.4076,0.54333,0.29222,0.79801,0.21736,0.27899,544.83,0.66994,2.1897,0.27899,0.19821,52.076,1.2644,0.29222,0.17198,0.68446,0.53915,0.5891,22.089,0.18902,4.0784,0.31208,0.20465,114.39,3.1908,2.4428,0.29203,1.4076,2.4409,0.64664,0.20747,0.059453,0.047693,0.20761,112.08,60.003,1.2054,0.72131,65.709,0.26527,0.18846,0.99196,0.34961,0.3134,0.99329,1.1822,1238.4,0.20747,0.44554,0.80246,0.19015,7.009,6.083,90.658,4.0261,2.5733,0
0.000124,0.19907,0.4214,3.1169,97.8,-0.35071,0.000124,4.0235,1.0284,0.80093,0.000124,0.000625,0.12569,0.000124,562.12,0.64933,5.0235,0.000124,0.000121,59.898,0.9807,-0.002244,0.000121,-0.006902,-0.17996,0.64933,,1.1103,3.7073,-0.010702,0.000121,69.332,5.2646,5.2646,-0.01963,1.0284,,0.80093,-0.019089,1.0705,0.052293,-0.002182,144.59,84.693,0.000737,2.2692,58.777,-0.13138,-0.12775,3.1169,0.19907,0.18995,2.1103,2.1103,2148.1,-0.019089,0.000155,0.99988,0,6.0936,4.3097,70.655,5.1659,2.7096,0
0.064765,0.45192,-0.005443,0.98474,-32.089,0.1163,0.080621,1.0802,1.0562,0.48815,0.080621,0.22598,0.10341,0.080621,1162.1,0.31407,2.2128,0.080621,0.058738,26.653,1.2663,0.090695,0.047186,0.14267,0.48815,0.27899,0.6979,-0.00839,4.3522,0.31687,0.058738,100.2,3.6427,0.20069,0.090695,1.3916,2.6386,0.58331,0.066077,0.060817,0.097741,0.066077,87.654,61,0.64618,0.7038,28.151,0.029381,0.021406,0.77739,0.35676,0.27452,0.75251,0.89921,-122.47,0.0532,0.13268,0.9468,0.19494,13.694,5.9836,94.871,3.8473,2.1159,0
0.083529,0.51068,0.01908,1.0409,-55.325,0.38645,0.083529,0.95818,1.8945,0.48932,0.13983,0.179,0.068431,0.083529,1437.8,0.25387,1.9582,0.083529,0.044089,52.689,1.1069,0.13401,0.044089,0.34499,0.47262,0.25387,2.3801,0.037101,4.2544,0.24925,0.055846,96.4,3.7863,3.4598,0.12769,1.8945,,0.48932,0.067398,0.10395,0.094507,0.070732,84.234,31.545,0.30543,0.45483,56.497,0.08789,0.046391,0.95113,0.46664,0.26411,0.95147,0.95147,342.77,0.067398,0.1707,0.95629,0,6.9275,11.571,89.903,4.0599,3.6839,0
-0.003602,0.33204,-0.063999,0.80626,-189.56,-0.12708,-0.003602,1.8654,1.0441,0.61937,-0.003602,-0.010905,0.10145,-0.003602,1784.5,0.20454,3.0117,-0.003602,-0.005381,128.11,2.0276,0.035157,-0.005381,-0.12708,0.61937,0.20454,0.54833,-0.087232,5.452,0.47398,-0.005381,188.05,1.941,0.10588,0.035157,0.67702,18.374,0.62108,0.052517,0.047562,0.10233,0.052517,136.64,8.5307,-0.01533,0.094927,133.77,-0.036359,-0.054312,0.80211,0.33033,0.5152,0.84422,0.84654,-18122,0.042247,-0.005816,0.95775,0.002755,2.849,42.786,180.1,2.0266,0.91247,0
-0.16083,0.54096,0.64546,3.2546,103.41,-0.26163,-0.16083,0.84855,2.3283,0.45904,-0.16083,-0.56177,0.009751,-0.16083,8697.3,0.041967,1.8486,-0.16083,-0.069076,22.02,1.0062,0,-0.069076,-0.42246,0.31611,0.041967,,9.4572,3.1236,0.049355,-0.13815,55.726,6.5499,3.4663,0.019629,2.3283,,0.45904,0.008431,1.5547,0.09825,0,76.289,54.269,-1.145,2.7639,27.342,-0.18353,-0.078826,1.7224,0.28629,0.15267,6.7257,6.7257,858.02,0.19463,-0.35037,0.8065,0,16.576,6.7258,44.88,8.1327,34.114,0
0.044251,0.22281,0.16829,1.7553,-11.938,0.14694,0.058039,3.3961,1.0416,0.75669,0.058039,0.26048,0.073461,0.058039,578.99,0.63041,4.4881,0.058039,0.030354,42.456,1.054,0.072003,0.023143,0.15717,0.75669,0.56853,0.39224,0.27639,4.6001,0.11541,0.030354,44.304,8.2386,0.32315,0.072003,1.9358,,0.75669,0.037656,0.027615,0.047436,0.037656,73.483,31.027,0.19896,0.7571,44.224,-0.010422,-0.005451,1.7553,0.22281,0.12138,1.2427,1.2427,6701,0.039968,0.05848,0.96003,0,8.5971,11.764,42.533,8.5816,3.1403,0
0.1283,0.22461,0.6089,3.7109,63.562,0,0.16216,3.4521,1.5059,0.77539,0.16543,0.72193,0.14401,0.16216,378.05,0.96549,4.4521,0.16216,0.10768,56.028,0.91802,0.15352,0.085199,0.42308,0.69538,0.81476,46.92,3.6573,3.8831,0.14916,0.10986,59.762,6.1076,6.1076,0.13402,1.5059,,0.77539,0.088997,0.64641,0.035957,0.10195,166.84,110.81,0.55504,2.6818,61.501,0.098812,0.065618,3.7109,0.22461,0.16373,4.6573,4.6573,4652.5,0.088997,0.16546,0.89456,0,6.5146,3.2939,54.443,6.7042,9.0449,0
-0.18387,0.16847,0.46114,4.0121,103.34,-0.085303,-0.18279,3.433,0.85505,0.57836,-0.18279,-1.1939,-0.052697,-0.18279,-918.28,-0.39748,5.9357,-0.18279,-0.14384,17.865,0.56763,-0.18869,-0.14469,-0.066712,0.57836,-0.4039,-1.2696,1.1954,3.9636,-0.18177,-0.14384,37.601,9.7071,-1.12,-0.18869,1.3118,35.914,0.59373,-0.14849,2.6457,-0.076015,-0.14849,60.087,42.222,-2.9563,3.6058,15.275,-0.30451,-0.23963,3.646,0.1531,0.10302,1.4993,1.5391,4240.5,-0.16953,-0.31791,1.1695,0.026578,20.432,8.6447,43.976,8.3,3.2941,0
-0.19325,0.44967,0.049913,1.2313,-159.96,-0.000533,-0.19325,1.2238,0.16282,0.55033,-0.18155,-0.89556,-0.73397,-0.19325,-1373.4,-0.26576,2.2238,-0.19325,-1.1869,470.75,0.76586,-0.18105,-1.1869,-1.3389,0.39898,-0.26576,-15.469,0.067973,3.5337,2.7313,-1.1391,165.39,2.2815,1.0949,-0.31342,0.16282,0.38543,0.69488,-1.925,0.11001,-0.13969,-1.112,542.42,71.676,-0.9203,0.25818,155.68,-0.2548,-1.5649,0.59087,0.21579,0.4383,0.74946,0.94631,1.2313,-1.925,-0.35116,1.4019,0.26266,0.77536,5.0923,483.75,0.75453,0.22173,0
0.067438,0.079573,0.28427,4.7063,195.29,0.10843,0.085924,5.5009,1.0938,0.43773,0.085924,1.1203,0.21212,0.085924,260.68,1.4002,12.567,0.085924,0.16359,25.654,1.0639,0.05511,0.12839,0.13637,0.43773,1.1678,1.1476,0.44484,4.2921,-0.38934,0.16359,58.297,6.261,0.69257,0.05511,0.56651,112.68,0.4406,0.10492,3.7127,0.032457,0.10492,52.956,27.302,1.8267,4.225,28.061,0.029618,0.056389,4.5363,0.076698,0.15972,0.68498,0.68948,5570,0.085761,0.15406,0.91424,0.00657,14.228,13.369,53.297,6.8484,0.82195,0
0.043255,0.50418,0.08957,1.2288,-36.188,0.15668,0.043255,0.92469,1.0631,0.46621,0.043255,0.1105,0.043039,0.043255,2555.7,0.14282,1.9834,0.043255,0.025855,51.037,1.0755,0.1067,0.025855,0.15668,0.46621,0.14282,0.678,0.17258,4.2677,0.2928,0.025855,90.786,4.0205,0.21163,0.1067,1.684,2.1916,0.57895,0.063777,0.064526,0.12238,0.063777,99.431,48.393,0.1849,0.6312,54.256,0.077951,0.046593,0.95405,0.39144,0.24873,0.89829,1.1155,1659.1,0.059325,0.092781,0.94067,0.24182,7.1516,7.5423,85.4,4.274,3.2236,0
0.01939,0.89738,-0.10187,0.85724,-122.73,-0.093178,0.021579,0.10875,1.0251,0.097592,0.021579,0.030242,0.044044,0.021579,4646.1,0.07856,1.1144,0.021579,0.013482,92.332,1.4324,0.027286,0.012114,-0.10873,0.097592,0.07612,0.17475,-0.26234,4.5412,0.5534,0.013482,166.8,2.1883,0.030407,0.027286,1.6085,1.125,0.2814,0.017047,0.028669,0.38715,0.017047,134.82,42.491,0.047887,0.2898,94.647,-0.021632,-0.013515,0.68165,0.71357,0.45698,0.25133,0.7247,-3541.9,0.024457,0.19868,0.97554,1.8834,3.9531,8.59,162.72,2.2432,4.1221,0
0.22096,0.33363,0.50963,2.9579,86.293,0,0.22096,1.9973,1.8299,0.66637,0.22096,0.84887,0.14846,0.22096,448.25,0.81427,2.9973,0.22096,0.12075,18.621,0.92951,0.21519,0.12075,0.69465,0.66401,0.81427,31159,2.2151,3.4395,0.002379,0.12075,55.015,6.6346,5.1762,0.10294,1.8299,,0.66637,0.056254,1.3207,0.041824,0.1176,85.006,66.385,2.3669,2.5993,19.73,0.16448,0.089885,2.3077,0.26029,0.15073,2.8964,2.8964,1402.1,0.056254,0.33158,0.88657,0,19.602,5.4982,51.92,7.0301,7.9535,0
0.061704,0.56709,0.23657,1.4769,4.4641,0,0.08457,0.76338,5.014,0.43291,0.098689,0.17046,0.023761,0.08457,1737.4,0.21008,1.7634,0.08457,0.016867,12.804,1.1059,0.088222,0.012306,0.23918,0.36194,0.16976,6.2484,0.88502,2.8479,0.093838,0.019682,36.744,9.9337,8.6904,0.085786,5.014,7.8454,0.50388,0.017109,0.19468,0.15395,0.017595,46.306,33.502,0.35081,1.1223,13.027,0.053654,0.010701,1.292,0.49612,0.10067,1.6195,1.885,166.67,0.017109,0.14253,0.98318,0.16394,28.506,10.895,36.115,10.107,18.757,0
0.068651,0.30579,0.32569,3.1345,21.5,0,0.068651,2.2702,2.6929,0.69421,0.080212,0.44991,0.12056,0.068651,343.8,1.0617,3.2702,0.068651,0.025493,27.703,1.2925,0,0.025493,0.1592,0.55368,1.0617,0,0.62427,3.5054,0.097394,0.060525,30.262,12.061,6.0186,0.026434,2.6929,19.233,0.70845,0.009816,0.46003,0.039817,0,55.313,27.609,0.33588,1.795,40.535,-0.256,-0.095063,1.5641,0.15259,0.082909,1.3306,1.3579,1042.9,0.31657,0.098891,0.68781,0.020514,13.175,13.22,20.682,17.648,5.1616,0
-0.087641,0.79132,-0.21669,0.42756,-58.817,-0.10618,-0.097013,0.26371,1.6615,0.20868,-0.057176,-0.25628,-0.008994,-0.097013,-19329,-0.018884,1.2637,-0.097013,-0.05839,4.9056,0.81711,-0.075535,-0.052749,-0.20044,-0.15377,-0.007041,-1.8961,-0.25853,4.9321,0.44629,-0.03853,79.366,4.5989,2.1999,-0.079388,1.6615,0.48118,0.49863,-0.047782,0.21613,4.0365,-0.045463,17.582,12.677,-3.9248,0.36857,4.6819,-0.1576,-0.094858,0.20453,0.37854,0.21744,0.24898,0.59491,-18533,-0.047782,-0.41998,1.0552,1.3894,74.405,28.793,83.159,4.3892,1.9823,0
0.003884,0.65454,-0.010955,0.9768,-55.851,0.003884,0.003884,0.48906,1.0233,0.32011,0.003884,0.008226,0.049714,0.003884,3447.9,0.10586,1.5278,0.003884,0.002786,48.213,0.92791,0.022896,0.002786,0.003884,0.32011,0.10586,,-0.020331,5.5623,0.46719,0.002786,126.52,2.885,0.03498,0.022896,1.4203,1.5189,0.50253,0.016427,0.020094,0.2437,0.016427,118.29,70.072,0.021095,0.58684,49.335,-0.042511,-0.0305,0.70457,0.47213,0.34662,0.59409,0.93263,-3998.6,0.022743,0.012132,0.97726,0.56985,7.5705,5.2089,123.64,2.9521,2.5867,1
0.031929,0.19547,0.50691,3.9036,25.818,-0.56038,0.031929,4.1159,1.3691,0.80453,0.036679,0.18289,0.071888,0.031929,724.89,0.50352,5.1159,0.031929,0.023321,102.41,1.1109,0,0.023321,-0.030837,-0.43768,0.50352,0,1.5915,3.6462,0.08135,0.046218,69.456,5.2551,4.6936,0.012956,1.3691,,0.80453,0.009463,0.83545,0.097988,0,142.8,40.394,0.083123,1.7033,152.82,-0.066495,-0.048567,3.4864,0.17458,0.19029,2.526,2.526,2244.4,0.3299,0.039687,0.67361,0,3.5643,9.0361,46.543,7.8423,4.2986,0
0.18823,0.47309,-0.17202,0.39709,-60.562,0.042539,0.23505,1.1138,1.6671,0.52691,0.24645,0.82383,0.1706,0.23505,607.13,0.60119,2.1138,0.23505,0.14099,13.288,3.1894,0.24645,0.1129,0.3454,0.42608,0.50221,21.626,-0.194,3.3192,0.28048,0.14783,72.689,5.0214,3.0284,0.23446,1.6671,0.28013,0.71468,0.14064,0.019228,0.05331,0.14783,23.603,10.315,3.1012,0.18436,15.463,0.19708,0.11822,0.23948,0.28532,0.19915,0.59424,0.806,-358.77,0.14064,0.35722,0.86002,0.35636,27.468,35.385,62.466,5.8432,1.8802,0
0.096478,0.63376,0.095833,1.2847,-25.905,0,0.098401,0.57788,1.1055,0.36624,0.13899,0.29232,0.12259,0.098401,1706.9,0.21383,1.5779,0.098401,0.089012,51.861,1.2667,0.13898,0.087273,0.27275,0.32493,0.2108,3.4246,0.16885,4.7989,0.51527,0.11279,127.62,2.8601,1.5191,0.14272,1.1055,0.96404,0.65189,0.1291,0.20651,0.11996,0.12572,119.83,67.971,0.61423,0.81808,59.549,0.10187,0.092147,0.68236,0.33662,0.34964,0.6453,1.1486,6031.6,0.1291,0.26343,0.91138,0.77996,7.0381,5.3699,111.14,3.2841,1.9478,0
0.1584,0.6749,0.06477,1.3514,37.066,0,0.1584,0.4817,0.82722,0.3251,0.18426,0.8593,0.37211,0.1584,800.29,0.45609,1.4817,0.1584,0.19149,0.1458,1.1296,0.18413,0.19149,0.18769,0.1584,0.45609,7.1191,0.086257,4.1665,0.78234,0.22275,92.551,3.9438,1.0772,0.10024,0.82722,1.0245,0.56792,0.12117,0.17743,0.067448,0.22259,95.483,95.338,479.37,1.3496,0.1659,0.034715,0.041965,0.3691,0.18434,0.25356,0.43295,0.75633,950.27,0.12117,0.48724,0.82665,0.74693,2503.4,3.8285,81.336,4.4876,1.1016,0
0.010958,0.38498,0.15996,1.5814,89.256,0,0.015445,1.5976,0.68757,0.61502,0.032008,0.056136,0.063066,0.015445,3240.5,0.11264,2.5976,0.015445,0.022464,0.049383,0.7665,0.030249,0.015937,0.099984,0.49099,0.10098,1.8263,0.28318,4.5085,-0.00718,0.046457,152.85,2.388,1.7067,0.030515,0.68757,3.9608,0.72485,0.04438,1.4312,0.22062,0.043994,21.931,21.881,117.8,1.581,0.051676,0.002332,0.003391,1.1302,0.27515,0.41875,1.0887,1.2832,5158.7,0.04438,0.017817,0.97767,0.17858,7391.2,16.681,146.06,2.4989,1.2172,0
0.003961,0.69863,-0.000999,0.99768,-78.521,-0.019608,0.007031,0.43138,1.3046,0.30137,0.13627,0.016315,0.037091,0.007031,5269.9,0.069262,1.4314,0.007031,0.00539,73.554,1.1053,0.028823,0.003036,-0.012799,0.024741,0.064867,0.22302,-0.001753,4.1709,0.53541,0.020621,122.3,2.9883,1.8434,0.018343,1.4241,1.0609,0.45885,0.01406,0.018854,0.33183,0.022094,118.02,44.47,0.015068,0.38767,74.509,-0.012534,-0.009608,0.61544,0.43096,0.33464,0.52869,0.80495,-14.81,0.01406,0.013144,0.99506,0.52254,4.9624,8.2077,120.58,3.0271,2.2886,1
-0.13724,0.89163,0.001737,1.0019,-0.34856,-0.26424,-0.15351,-0.10115,0.97684,-0.090189,-0.15351,-0.17217,-0.025276,-0.15351,-2121.5,-0.17205,1.1215,-0.15351,-0.025293,0.41348,1.2307,-0.15429,-0.022613,-0.28416,-0.090189,-0.1538,-0.24834,0.01629,3.5354,0.1373,-0.025293,52.381,6.9682,-0.17305,-0.15429,6.0723,,-0.090189,-0.025423,0.066391,-0.19012,-0.025423,50.167,49.754,-19.961,0.99424,0.40391,-0.1544,-0.02544,1.0019,0.89163,0.14351,-0.84579,-0.84579,5.96,-0.023705,1.5217,1.0237,0,882.74,7.3361,53.623,6.8068,56.916,0
0.27796,0.55369,0.31545,1.5701,1.1917,-0.008195,0.27796,0.80606,3.924,0.44631,0.27796,0.50232,0.070837,0.27796,727.06,0.50202,1.8061,0.27796,0.070837,21.454,1.1215,0,0.070837,-0.75303,0.26977,0.50202,,2.4045,2.4521,0.06748,0.15826,71.673,5.0926,5.0895,0.015239,3.924,,0.44631,0.003884,0.65849,,0,46.921,25.467,1.2052,1.1533,29.874,0,0,1.5691,0.55336,0.19636,3.4019,3.4019,89.343,0.28185,0.62281,0.71815,0,17.013,14.332,51.472,7.0912,29.91,0
0.32226,0.35781,0.076114,1.2127,11.409,0,0.32226,1.7947,1.7067,0.64219,0.3288,0.90064,0.20975,0.32226,364.83,1.0005,2.7947,0.32226,0.18882,3.8981,1.012,0.32741,0.18882,0.73497,0.52252,1.0005,50.07,0.13446,3.5932,0.15904,0.1911,94.68,3.8551,3.8551,0.32732,1.7067,,0.64219,0.19178,0.28415,0.032846,0.19183,71.056,67.157,17.68,1.1618,4.8231,0.29169,0.1709,1.2127,0.35781,0.2594,1.1345,1.1345,298.3,0.19178,0.50182,0.81214,0,93.635,5.435,76.522,4.7699,3.0151,0
0.11322,0.48413,0.020111,1.07,-149.64,0.12071,0.037798,1.0655,0.37957,0.51587,0.063496,0.13158,0.22397,0.037798,2078.6,0.1756,2.0655,0.037798,0.099582,71.336,1.0767,0.014556,0.29828,0.20272,0.51036,0.33138,0.56641,0.029037,5.9419,1.2755,0.099582,347.47,1.1933,0.70805,0.077814,0.37957,1.7844,0.64655,0.20501,0.18008,0.26126,0.038348,245.83,174.5,1.5262,0.81177,78.99,-0.032658,-0.086038,0.6349,0.28727,0.83802,0.7448,0.93348,1.07,0.20501,0,0.81512,0.25333,5.1166,2.0917,276.24,1.3213,0.54802,0
0.10414,0.36449,0.14468,1.3969,-11.037,0.21205,0.13234,1.71,1.0955,0.62327,0.13234,0.36308,0.087667,0.13234,862.77,0.42306,2.7436,0.13234,0.07524,40.076,1.1977,0.14488,0.059204,0.26821,0.62327,0.34567,0.90228,0.29478,4.6026,0.20637,0.07524,82.857,4.4052,0.39747,0.14488,1.7635,,0.62327,0.082366,0.004454,0.07187,0.082366,105.32,65.247,0.53921,0.86709,43.902,0.12302,0.069938,1.3969,0.36449,0.227,1.2698,1.2698,5794.4,0.087139,0.16708,0.91286,0,9.1076,5.5941,75.637,4.8257,3.5836,0
0.003838,0.13789,0.61648,5.4709,55.819,0.15497,0.003838,5.9737,1.0018,0.82369,0.003838,0.027834,0.12264,0.003838,589.77,0.61889,7.2523,0.003838,0.005516,271.75,0.94138,0.008295,0.005516,0.15497,0.82369,0.61889,0.11943,2.5098,4.5184,0.12494,0.005516,72.464,5.037,0.060158,0.008295,0.71262,,0.82369,0.011921,0.39399,0.050485,0.011921,367.22,95.465,0.007409,1.7138,272.25,-0.073204,-0.10521,5.4709,0.13789,0.19853,3.3534,3.3534,20337,0.001831,0.00466,0.99817,0,1.3431,3.8234,72.331,5.0462,2.8328,0
0.015146,0.33858,0.41974,2.2441,31.593,0,0.015146,1.9535,1.2679,0.66142,0.01653,0.044891,0.84271,0.015146,115.66,3.1558,2.9535,0.015146,0.011945,147.05,0.79952,0,0.011945,0.045088,0.015146,3.1558,0,1.7282,4.1072,0.26558,0.023891,0,0,0,0.010987,1.2679,0,0.66142,0.008665,0.009481,0.010714,0,217.04,69.983,0.02965,0.73002,,-1.0533,-0.83076,2.2362,0.33739,,2.7233,2.7233,5372.9,1,0.022899,0.00113,0,2.4821,5.2156,97.126,3.758,5.2206,0
0.21492,0.41453,0.15974,1.5851,-24.605,0.083726,0.16887,1.4124,1.8422,0.58547,0.19086,0.61848,0.11846,0.16887,693.37,0.52642,2.4124,0.16887,0.091669,46.801,1.3644,0.18097,0.11666,-0.099392,0.083726,0.6375,8.2292,0.28163,6.1746,0.22502,0.091669,63.767,5.7753,3.804,0.2793,1.8422,1.3893,0.72696,0.15161,0.098837,0.059994,0.098239,80.403,33.603,0.90987,0.71997,54.674,0.13163,0.071452,1.044,0.27304,0.17315,1.0322,1.2816,1.5851,0.15161,0,0.86023,0.24167,7.7991,10.862,54.099,6.7469,3.2477,0
0.26571,0.38265,0.39358,2.0576,36.415,0.68225,0.33048,1.6091,1.1476,0.61573,0.33048,0.88801,0.14693,0.33048,365.03,0.99991,2.6133,0.33048,0.1269,23.641,1.1064,0.34457,0.10203,0.85412,0.61573,0.83066,1.5184,1.6801,4.297,-0.035374,0.1269,59.859,6.0976,0.90046,0.34457,2.6366,56.873,0.62623,0.13231,1.2775,0.031712,0.13231,40.691,17.05,1.5753,1.6043,27.13,0.29242,0.11229,2.0011,0.37216,0.164,2.6284,2.6732,7799.1,0.12861,0.43154,0.87139,0.01705,15.439,21.408,52.161,6.9975,11.116,0
-0.024269,0.85751,-0.11691,0.84462,-73.161,-0.055089,-0.024937,0.076594,0.98929,0.06568,-0.024937,-0.033142,-0.001913,-0.024937,-97182,-0.003756,1.1662,-0.024937,-0.014811,48.253,11.925,-0.016778,-0.014414,-0.055726,0.06568,-0.002977,-0.098583,-0.32076,5.1332,0.50863,-0.014811,161.37,2.2619,-0.019566,-0.016778,1.6897,3.9293,0.17077,-0.009965,0.004113,5.7089,-0.009965,137.1,88.845,-0.10903,0.54879,47.736,-0.038494,-0.022863,0.74111,0.75242,0.4421,0.18019,0.46851,-15887,-0.010824,-0.3695,1.0108,1.6,7.5643,4.1083,163.11,2.2377,4.6193,0
0.044153,0.41113,0.15156,1.5129,-17.995,0,0.050508,1.4323,1.3791,0.58887,0.071399,0.17093,0.092991,0.050508,1170.2,0.31192,2.4323,0.050508,0.036624,55.21,1.1912,0.070614,0.032016,0.10197,0.5725,0.29647,3.38,0.2741,4.0237,0.28659,0.050535,82.856,4.4053,3.1662,0.077364,1.3791,3.7699,0.65212,0.056098,0.06782,0.09238,0.051203,113.02,57.807,0.21166,0.80697,58.492,-0.007121,-0.005164,1.0874,0.29549,0.227,1.065,1.1794,1600.5,0.056098,0.07498,0.96354,0.10741,6.6111,6.3141,78.208,4.6671,2.4941,0
0.098961,0.37379,0.38886,2.0403,34.963,63.023,0.11604,1.649,1.0476,0.61638,0.11604,0.31045,0.084026,0.11604,828.61,0.4405,2.6753,0.11604,0.059219,39.456,1.1667,0.10972,0.050502,68.58,0.61638,0.3948,0.58655,1.6383,2.9743,0.031429,0.059219,72.937,5.0043,0.29353,0.10972,2.0033,,0.61638,0.055992,0.8355,0.077616,0.055992,83.887,44.431,0.46719,1.4736,41.332,0.061108,0.031185,2.0403,0.37379,0.19983,2.5968,2.5968,366.54,0.045402,0.16055,0.9546,0,9.2509,8.2149,69.625,5.2424,8.2557,0
0.091505,1.5214,-0.66632,0.56203,-55.937,-0.71521,0.090027,-0.40714,0.98798,-0.61941,0.090027,0.059175,0.015538,0.090027,4774.5,0.076447,0.6573,0.090027,0.012028,24.661,1.1485,0.092559,0.012225,-0.70391,-0.61941,0.077418,0.12217,-4.5971,4.1922,0.2022,0.012028,73.296,4.9798,0.060839,0.092559,7.7453,,-0.61941,0.012366,0.005895,0.4209,0.012366,41.258,16.598,0.18094,0.22962,24.365,0.066281,0.008855,0.56203,1.5214,0.20081,-4.2735,-4.2735,-10373,-0.012165,-0.14773,1.0122,0,14.801,21.991,74.188,4.9199,51.641,0
0.27095,0.71696,0.16584,1.2526,-14.576,-1.5689,0.21938,0.39479,3.1461,0.28304,0.30522,0.3341,0.075305,0.21938,1104.6,0.33045,1.3948,0.21938,0.069731,31.75,1.1656,0.21074,0.086125,-0.56712,0.17518,0.40238,2.4551,0.93413,5.0152,0.21466,0.076625,77.296,4.7221,4.3247,0.045454,3.1461,61.975,0.2919,0.014448,0.089283,0.10469,0.066984,88.619,56.868,0.99008,0.83579,32.216,0.1932,0.06141,1.1472,0.65662,0.21177,1.5943,1.6442,17174,0.014448,0.95729,0.93663,0.031285,11.496,6.4183,76.18,4.7913,17.721,0
0,1.0568,-0.7149,0.21807,-813.89,-0.65784,0.009333,-0.053757,0.55671,-0.056811,0.009333,0.010208,0.248,0.009333,2793.8,0.13065,0.94624,0.009333,0.016765,63.863,1.0845,0,0,-0.32076,-0.31495,0.12181,,-0.89294,5.0033,1.8918,0.002593,683.78,0.5338,0.46181,0.077517,0.55671,1.3027,0.021466,0.13924,0.00401,0.27364,0,128.32,64.453,0,0.11153,72.849,-0.12873,-0.23124,0.18866,0.91428,1.8734,-0.070959,0.026812,-72029,0.12335,0,0.88391,-1.3778,5.7154,5.663,599.43,0.60891,0.69535,0
0.089322,0.30462,0.47238,2.9812,-28.483,0.22695,0.11193,2.2272,1.122,0.67845,0.11193,0.46945,0.12134,0.11193,619.44,0.58924,3.2828,0.11193,0.075663,140.14,1.1544,0.13985,0.060381,0.28364,0.67845,0.51502,1.0607,1.6334,4.6802,0.18067,0.075663,66.004,5.53,0.4591,0.13985,1.5199,2.158,0.74465,0.094537,0.17087,0.048285,0.094537,165.33,25.193,0.15727,0.59912,157.23,0.072285,0.048864,2.3334,0.23842,0.18083,2.346,2.5749,22619,0.10872,0.13166,0.89128,0.097565,2.6046,14.488,58.828,6.2045,5.1152,0
0.12366,0.12519,0.60582,5.8393,92.271,0.32204,0.15549,6.7309,1.1201,0.84262,0.15549,1.2421,0.13826,0.15549,246.62,1.48,7.9881,0.15549,0.11602,83.201,1.1422,0.14611,0.092274,0.39758,0.84262,1.2258,1.2212,2.2521,4.2207,-0.13136,0.11602,38.191,9.5571,1.1671,0.14611,1.3586,,0.84262,0.10903,2.4168,0.023398,0.10903,116.69,33.493,0.4048,3.3991,93.194,0.11632,0.086796,5.8393,0.12519,0.10463,3.1324,3.1324,10071,0.10723,0.14676,0.89277,0,4.387,10.898,34.096,10.705,4.982,0
-0.48653,1.9372,-1.4535,0.24972,-366.23,-1.7686,-0.48653,-0.66355,0.81397,-1.2855,-0.48653,-0.25115,-0.26318,-0.48653,-1926.7,-0.18944,0.5162,-0.48653,-0.3489,42.926,0.84677,-0.37698,-0.3489,-1.7624,-1.2855,-0.18944,-2.2005,-2.8155,3.8937,1.386,-0.3489,412.75,0.88432,-0.1946,-0.37698,1.4218,,-1.2855,-0.27034,0.004223,-0.24739,-0.27034,124.49,81.56,-2.9668,0.16507,34.94,-0.49652,-0.35607,0.24972,1.9372,1.1308,-2.4901,-2.4901,-11378,-0.22855,0.37849,1.2285,0,8.5031,4.4752,507.08,0.71981,2.7012,0
-0.002687,0.31333,-0.025099,0.7832,-51.935,0.024291,-0.002687,2.1915,0.48842,0.68667,-0.002398,-0.023207,-0.005501,-0.002687,-42568,-0.008575,3.1915,-0.002687,-0.005501,0,0.69664,0,-0.005501,0.072679,0.39462,-0.008575,0,-0.027602,4.0057,0.6347,-0.008567,114.23,3.1954,1.1807,0.000692,0.48842,0.46083,0.88343,0.001416,0.27292,,0,44.147,44.147,,0.7832,0,0,0,0.28938,0.11577,0.31295,0.75514,0.97152,-254.31,0.24259,-0.003913,0.76261,0.28654,,8.2678,86.516,4.2189,0.53713,0
0.087362,0.1065,0.47378,5.4748,48.963,0,0.1081,8.3899,2.6198,0.8935,0.1185,1.021,0.077243,0.1081,192.09,1.9001,9.3899,0.1081,0.041263,20.182,1.0572,0.11779,0.033347,0.39142,0.30944,1.7054,11.334,1.1272,4.1366,-0.003924,0.04482,15.395,23.709,23.571,0.10957,2.6287,,0.8935,0.041822,1.1061,0.016741,0.044962,64.444,44.262,0.60308,4.1067,21.063,0.023533,0.008983,5.4429,0.10588,0.042178,2.1257,2.1257,6489.5,0.041822,0.097775,0.95888,0,18.085,8.2463,14.751,24.744,6.2326,0
0.088732,0.44385,0.12112,1.4234,-39.489,0.21228,0.088732,1.1608,1.0661,0.51521,0.088732,0.31019,0.092816,0.088732,1307.3,0.27921,2.253,0.088732,0.066455,68.766,1.6193,0.090745,0.066455,0.21228,0.51521,0.27921,0.72456,0.20432,5.1211,0.32851,0.066455,83.369,4.3781,0.20445,0.090745,1.3485,0.98626,0.673,0.067963,0.029074,0.11587,0.067963,109.04,40.27,0.35274,0.54404,73.312,0.055548,0.041603,0.91737,0.28606,0.22841,0.86908,1.1353,16006,0.062016,0.17223,0.93798,0.30628,5.3079,9.0639,78.198,4.6676,2.2523,0
-0.00443,0.37088,0.20028,1.8281,-4.2311,0,-0.00443,1.6963,1.0894,0.62912,-0.00443,-0.018315,0.059582,-0.00443,2085.6,0.17501,2.6963,-0.00443,-0.004066,67.768,0.65262,0,-0.004066,-0.003992,0.51008,0.17501,,0.35901,4.3388,0.31221,-0.008133,95.226,3.833,2.4996,0.018591,1.0894,2.0964,0.74354,0.017065,0.16067,0.17829,0,135.12,67.351,-0.021901,0.99179,79.634,-0.069339,-0.063649,1.1921,0.24187,0.26089,1.1277,1.3329,4369.3,0.14901,-0.007041,0.85442,0.18188,5.386,5.4194,81.036,4.5041,1.9528,0
0.005959,0.23877,0.088177,1.3821,-1.0541,0,0.009673,3.1882,1.7365,0.76123,0.011931,0.04191,0.048501,0.009673,1034.7,0.35274,4.1882,0.009673,0.00557,19.554,1.3173,0.011209,0.003432,0.54675,0.45682,0.33719,4.964,0.12948,3.8156,0.12849,0.005781,48.659,7.5012,7.2507,0.005292,1.7365,,0.76123,0.003047,0.067778,0.092804,0.006455,63.757,44.203,0.064058,0.97898,19.614,-0.063341,-0.036476,1.3359,0.23079,0.13331,1.1178,1.1178,576.71,0.003047,0.007828,0.99446,0,18.666,8.2573,48.511,7.5241,2.5498,0
0.26566,0.050076,0.014572,1.291,1.9916,0,0.33199,18.97,2.8249,0.94992,0.33552,6.6296,0.14005,0.33199,46.2,7.9004,19.97,0.33199,0.11752,0,1.2925,0.29573,0.094042,0.85494,0.94021,6.5759,83.813,0.015579,3.7118,-0.002222,0.11877,7.2082,50.637,50.637,0.28921,2.8249,,0.94992,0.10238,1.1432,0.004645,0.10468,0.9561,0.9561,,1.291,0,0.23209,0.082158,1.291,0.050076,0.019748,1.0156,1.0156,75.043,0.10238,0.27967,0.88439,0,,381.76,6.4702,56.412,3.0202,0
0.039099,0.53916,0.26333,1.6422,-17.797,-0.009135,0.039099,0.85474,1.9903,0.46084,0.052703,0.095355,0.019645,0.039099,5033.2,0.072519,1.8547,0.039099,0.019645,63.604,1.4399,0,0.019645,0.11891,0.4576,0.072519,0,0.80621,4.1887,0.26785,0.042386,85.977,4.2453,3.2286,0.006607,1.9903,2.6565,0.58376,0.003319,0.021036,,0,121.91,58.303,0.11273,0.79638,72.722,0,0,1.2489,0.41004,0.23555,1.4109,1.7872,4066.2,0.12539,0.084843,0.88191,0.26674,5.7387,6.2604,75.196,4.854,6.0935,0
0.019229,0.77923,-0.10147,0.83672,-109.99,0,0.011338,0.28332,1.7589,0.22077,0.061327,0.018244,0.018273,0.011338,8849.1,0.041247,1.2833,0.011338,0.006446,82.004,1.3824,0.061311,0.010932,,0.12122,0.051373,1.2265,-0.21141,4.249,0.44254,0.011258,133.07,2.743,2.1876,0.054204,1.7589,0.8051,0.37582,0.030817,0.030102,0.31632,0.034858,104.03,22.022,0.04866,0.20086,84.612,0.040508,0.023031,0.66732,0.62147,0.36457,0.45994,0.78296,-1800.5,0.030817,0.087098,0.99358,0.70232,4.451,16.574,128.97,2.8302,3.6643,0
0.012991,0.7864,0.081829,1.1282,-26.368,0,0.018152,0.27162,1.6806,0.2136,0.045221,0.028444,0.025592,0.018152,6673.5,0.054694,1.2716,0.018152,0.010801,41.926,1.1109,0.047192,0.00773,0.015434,0.18596,0.048131,1.7434,0.29224,4.5049,0.46263,0.025352,142.91,2.554,2.0726,0.050747,1.6806,3.6063,0.35972,0.030195,0.023862,0.36382,0.02808,153.06,111.13,0.067295,0.82572,43.232,0.022333,0.013288,0.91555,0.63816,0.39154,0.76283,1.2847,2616.8,0.030195,0.060821,0.98806,0.68408,8.7058,3.2843,138.6,2.6336,6.0021,0
-0.005366,0.61955,0.040138,1.1361,-11.512,0.040538,0.004037,0.61376,1.0137,0.38025,0.004037,0.013692,0.061214,0.004037,2774.6,0.13155,1.6141,0.004037,0.003032,20.068,1.2803,0.077862,-0.004031,0.10268,0.38025,0.11637,0.5928,0.060357,4.525,0.45308,0.003032,81.936,4.4547,0.12568,0.077862,1.4229,0.80623,0.70495,0.058481,0.077251,0.13114,0.058481,85.59,65.523,-0.073308,0.88787,20.342,0.000398,0.000299,0.54069,0.29485,0.22448,0.57179,1.0601,1344.4,0.013491,-0.014112,0.98651,0.85391,18.189,5.5706,80.831,4.5156,2.0021,0
-0.025024,0.32037,0.13116,1.5291,-20.972,-0.042306,-0.026746,2.1214,1.0155,0.67963,-0.026746,-0.1079,0.003096,-0.026746,45429,0.008035,3.1214,-0.026746,-0.032175,64.704,1.0765,-0.007699,-0.030103,-0.050366,0.67963,0.013411,-0.094049,0.21123,4.9198,0.37859,-0.032175,110.53,3.3022,-0.024031,-0.007699,0.86197,3.1965,0.75211,-0.009261,0.14295,0.48713,-0.009261,150.87,86.171,-0.16981,0.93465,65.708,-0.037019,-0.044533,1.1832,0.24789,0.30283,1.0945,1.2112,10906,0.015281,-0.03682,0.98472,0.10665,5.6411,4.2358,108.84,3.3535,1.3387,0
-0.22076,0.67844,0.1673,1.3326,1.9873,-0.15961,-0.22076,0.47397,2.9224,0.32156,-0.20651,-0.43883,-0.072437,-0.22076,-1169.8,-0.31203,1.474,-0.22076,-0.075541,18.241,0.78542,-0.20796,-0.075541,-0.38147,-0.36763,-0.31203,-14.591,0.50755,3.4947,0.22897,-0.072393,60.924,5.9911,4.4424,-0.091485,2.9224,3.1638,0.48729,-0.031304,0.027716,-0.11371,-0.071158,81.985,63.744,-1.5116,1.0422,17.687,-0.21703,-0.074262,0.98811,0.50307,0.16692,0.97552,1.4783,522.62,-0.031304,-0.68654,1.0755,0.51539,20.01,5.726,62.831,5.8092,8.8659,0
0.15904,0.6578,0.0223,1.0344,-43.328,0,0.15904,0.52022,1.7434,0.3422,0.19087,0.24527,0.10796,0.15904,1275.7,0.28613,1.5202,0.15904,0.091223,42.057,1.6289,0.18934,0.091223,,0.15904,0.28613,5.9494,0.067725,3.7823,0.3533,0.099474,153.44,2.3788,2.3449,0.20099,1.7434,50.114,0.35158,0.11528,0.069998,0.10034,0.1086,130.92,88.862,0.7917,0.72459,47.537,0.16016,0.091868,1.0196,0.64842,0.42039,1.0393,1.0677,135.08,0.11528,0.46476,0.90929,0.027397,8.6788,4.1075,135.75,2.6887,5.2947,0
-0.028198,0.88926,-0.094677,0.8446,-51.985,0,-0.026809,0.12453,2.2535,0.11074,0.01033,-0.044004,0.023592,-0.026809,6105,0.059787,1.1245,-0.026809,-0.011896,31.599,0.97732,-0.078085,-0.012513,0.112,-0.002874,0.058225,-2.1025,-0.19504,3.4631,0.39388,0.004584,97.416,3.7468,2.567,-0.029166,2.2535,1.1561,0.38709,-0.012942,0.049163,15.676,-0.03465,78.491,46.892,-0.14454,0.52438,31.195,-0.15806,-0.070138,0.57864,0.60924,0.26689,0.22813,0.7974,-274.99,-0.012942,-0.25463,1.011,2.4954,11.551,7.7838,98.677,3.6989,4.6423,0
0.1614,0.70808,0.55385,2.3117,266.4,0,0.1969,0.41227,0.8698,0.29192,0.1989,0.46634,0.23741,0.1969,1251.6,0.29163,1.4123,0.1969,0.22638,24.594,2.6556,0.19354,0.18556,0.21582,0.27757,0.24149,96.992,23.16,3.5421,0.70786,0.22867,227.89,1.6016,0.95506,0.19354,0.8698,12.439,0.36568,0.22251,0.22331,0.11619,0.22251,370.03,345.44,2.7539,2.1729,31.633,0.18395,0.21149,1.3785,0.42223,0.62437,12.207,15.291,1929.9,0.22251,0.55289,0.77501,0.25266,14.841,1.0566,177.19,2.06,36.371,0
0.27453,0.40951,0.28728,1.7015,-30.889,0,0.28155,1.4419,1.895,0.59049,0.30977,0.68752,0.17011,0.28155,463.7,0.78715,2.4419,0.28155,0.14858,80.47,1.128,0.30898,0.14487,0.14828,0.58115,0.77001,10.947,0.94747,3.7289,0.15232,0.14893,86.664,4.2117,4.2117,0.17022,1.895,,0.59049,0.089827,0.32931,0.039026,0.16305,108.24,27.768,0.65713,0.68135,88.412,0.26818,0.14152,1.7015,0.40951,0.23744,1.9475,1.9475,1538.8,0.089827,0.46492,0.86189,0,4.5359,13.144,78.879,4.6273,6.2497,0
,,,,3825.1,,,,0.83894,,,,0,,,,,,0,784.56,1.2822,,0,,,,8.2051,11.588,,-6.0095,0,0,,,,,,,0.97803,,0,0.97803,3213.8,2429.3,0,,658.2,,0.97803,,,0,1.1952,1.1952,12860,-0.19198,0,1.192,0,0.46523,0.15025,0,,3.7643,0
0.00812,1.0305,-0.099155,0.90378,-39.483,-0.13837,0.00812,-0.029571,2.6257,-0.030472,0.080559,0.00788,0.004563,0.00812,31392,0.011627,0.97043,0.00812,0.003093,18.633,1.0784,0.079423,0.003093,-0.056701,-0.0481,0.011627,1.0964,-1.4437,3.4781,0.39136,0.005715,144.81,2.5206,2.5206,0.02828,2.6257,,-0.030472,0.010771,0.052538,0.41243,0.030248,121.94,103.3,0.060577,0.7737,18.836,0.075561,0.028778,0.90378,1.0305,0.39673,-0.44367,-0.44367,-298.13,0.010771,-0.26647,0.99697,0,19.588,3.5332,143.25,2.548,38.229,0
0.11854,0.51946,0.37642,1.9615,-80.058,0,0.11854,0.92506,1.1781,0.48054,0.14253,0.30277,0.12781,0.11854,1259.3,0.28985,1.9251,0.11854,0.10062,185.99,0.3048,0.14069,0.10062,0.55921,0.29428,0.28985,5.8641,1.6233,3.7299,0.44006,0.12039,138.94,2.6778,2.0182,0.14961,1.1908,1.3454,0.60513,0.12699,0.008168,0.10025,0.11942,236.94,50.946,0.19746,1.5415,208.99,0.10866,0.092237,1.4783,0.39151,0.37344,2.0723,2.6096,2021,0.12696,0.24667,0.88039,0.25928,1.9625,7.1645,121.3,3.009,5.0803,1
0.068678,0.65734,0.50935,3.3283,726.85,-0.10425,0.088339,0.52127,1.4864,0.34266,0.10735,0.4038,0.069034,0.088339,2338.3,0.1561,1.5213,0.088339,0.059433,76.531,1.2618,0.095247,0.046206,0.18015,0.30124,0.12619,5.0107,1.8734,5.1676,0.43607,0.059433,66.717,5.5747,1.8553,0.11267,1.4864,0.94959,0.78123,0.075804,0.052488,0.20007,0.064081,175.98,99.451,0.22037,1.9037,93.272,0.080977,0.05448,1.1077,0.21877,0.17938,1.2603,2.8734,74921,0.19478,0.20043,0.83329,1.2799,4.7693,3.6702,53.722,6.7942,5.4669,0
-0.065825,0.45169,0.21182,1.4689,-39.184,-0.19698,-0.065206,1.165,1.0064,0.52621,-0.065206,-0.14436,-0.03863,-0.065206,-3385.2,-0.10782,2.2139,-0.065206,-0.051721,97.754,1.0677,-0.005731,-0.052212,-0.1899,0.52621,-0.10919,-0.045747,0.62949,4.4954,0.3227,-0.051721,131.61,2.7734,-0.012687,-0.005731,1.2971,,0.52621,-0.004546,0.11862,1.3785,-0.004546,176.58,78.829,-0.19495,0.72142,98.379,-0.022234,-0.017636,1.4689,0.45169,0.36057,1.5638,1.5638,6627.1,0.006346,-0.12509,0.99365,0,3.7338,4.6302,130.77,2.7911,3.7467,0
0.090243,0.55377,0.19679,1.5112,5.7945,0.19534,0.1163,0.7501,1.0486,0.41538,0.1163,0.30215,0.067264,0.1163,1086.1,0.33607,1.8058,0.1163,0.042035,18.203,1.1781,0.12636,0.032616,0.25139,0.41538,0.28901,0.4789,0.47044,4.5267,0.18768,0.042035,53.248,6.8547,0.22817,0.12636,2.7911,2.6277,0.58424,0.045668,0.13494,0.092813,0.045668,69.886,51.683,0.654,1.1528,19.089,0.056553,0.020439,1.0504,0.38491,0.14589,0.99303,1.3967,6617.4,0.046393,0.21725,0.95361,0.40651,20.051,7.0623,50.778,7.1882,6.6145,0
0.27617,0.88109,-0.043621,0.94952,-66.448,0,0.27617,0.13495,3.2741,0.11891,0.32196,0.31962,0.091138,0.27617,1077.8,0.33866,1.135,0.27617,0.084351,53.953,1.1404,0.31249,0.084351,0.70348,0.10321,0.33866,6.8254,-0.24293,3.5032,0.26025,0.094583,106.55,3.4257,3.3595,0.31408,3.2741,,0.11891,0.095928,0.050577,0.087746,0.095444,86.592,32.639,0.57065,0.38941,59.677,0.29027,0.088657,0.93116,0.86406,0.29191,0.6622,0.6622,-138.97,0.095928,2.3226,0.91599,0,6.7652,11.183,96.326,3.7892,18.234,0
0.001938,0.034184,0.21182,7.1964,149.69,-0.009531,0.002422,28.096,1.0157,0.96041,0.002422,0.070839,0.11421,0.002422,349.61,1.044,29.254,0.002422,0.007749,112.84,0.84993,0.000652,0.0062,-0.003857,0.96041,1.0299,0.021205,0.28092,4.5512,-0.055367,0.007749,40.555,9.0001,0.019085,0.000652,0.31625,,0.96041,0.002088,1.539,0.033133,0.002088,225.89,113.05,0.020056,4.3704,114.61,-0.032614,-0.10437,7.1964,0.034184,0.11111,1.2738,1.2738,7535.7,0.015467,0.002017,0.98453,0,3.2347,3.2286,39.928,9.1415,0.41444,0
0.059018,0.5459,0.1508,1.2777,-31.715,0.1616,0.069416,0.33895,1.0059,0.18504,0.069416,0.12785,0.070847,0.069416,1333.8,0.27366,1.8318,0.069416,0.032919,56.785,0.97186,0.078543,0.027988,0.20434,0.18504,0.25462,0.37466,0.49236,5.5465,0.095325,0.032919,94.532,3.8611,0.14388,0.078543,2.2106,123.34,0.188,0.037247,0.63592,0.11322,0.037247,60.318,3.5322,0.1799,0.67351,57.119,-0.001435,-0.000681,1.2708,0.54294,0.25899,0.60416,0.61384,53071,0.005844,0.31895,0.99416,0.016023,6.4277,103.33,93.98,3.8838,6.8851,0
-0.022915,0.041159,0.87624,22.289,83.722,0,-0.022915,23.296,1.4157,0.95884,-0.022619,-0.55675,0.033534,-0.022915,316.45,1.1534,24.296,-0.022915,-0.016187,142.98,0.7479,-0.023911,-0.016187,0.032915,0.31158,1.1534,-80.811,10.608,3.2771,-0.18671,-0.016187,10.374,35.185,35.185,-0.032477,1.4157,,0.95884,-0.022941,7.4522,0.029519,-0.01689,157.45,14.462,-0.04132,8.815,139.78,-0.094301,-0.066611,22.289,0.041159,0.028421,11.608,11.608,1658.4,-0.022941,-0.023899,1.0159,0,2.5527,25.239,10.612,34.396,17.138,0
0.20253,0.26261,0.35097,2.3364,38.264,0.30482,0.29239,2.4033,1.1006,0.63115,0.29239,1.1134,0.11957,0.29239,269.55,1.3541,3.8079,0.29239,0.098315,8.4186,1.4785,0.28498,0.068099,0.43099,0.63115,1.0119,1.0547,0.90825,4.2091,0.043181,0.098315,35.474,10.289,1.0852,0.28498,2.9992,,0.63115,0.095825,0.51821,0.024795,0.095825,58.603,50.184,2.9525,2.0752,9.2658,0.22176,0.074566,2.3364,0.26261,0.09719,1.6333,1.6333,5679.9,0.091439,0.32089,0.90856,0,43.356,7.2732,32.231,11.325,7.6963,0
0.041028,0.45454,0.35666,1.7847,-16.457,0.099829,0.051697,1.1885,1.0483,0.5402,0.051697,0.11374,0.034009,0.051697,2293.3,0.15916,2.2,0.051697,0.024304,76.818,1.4053,0.094252,0.019288,0.12552,0.5402,0.13568,0.46449,1.8891,4.5039,0.17258,0.024304,81.763,4.4641,0.20736,0.094252,2.1345,,0.5402,0.044309,0.1941,0.13006,0.044309,124.06,47.237,0.091646,0.79975,80.529,0.073606,0.034603,1.7847,0.45454,0.22401,2.8612,2.8612,11382,0.046081,0.07595,0.95392,0,4.7515,7.7269,77.995,4.6798,11.267,0
0.12014,0.11917,0.63546,6.3324,233.26,0.34051,0.14947,7.3781,1.1399,0.87925,0.14947,1.2542,0.18214,0.14947,235.78,1.548,8.3914,0.14947,0.14757,27.783,1.0689,0.12413,0.11862,0.42414,0.87925,1.302,1.397,2.5898,4.2515,-0.23822,0.14757,48.954,7.456,1.0416,0.12413,1.0418,,0.87925,0.12255,3.0694,0.024619,0.12255,140.13,112.35,1.5583,5.6854,31.671,0.089117,0.087985,6.3324,0.11917,0.13412,3.5833,3.5833,11340,0.12276,0.13664,0.87724,0,13.137,3.2489,42.945,8.4993,4.1279,0
0.088653,0.77868,0.14237,1.2553,-79.472,0,0.10937,0.28422,1.5406,0.22132,0.13122,0.19609,0.079412,0.10937,2323.2,0.15711,1.2842,0.10937,0.07099,106.88,1.3763,0.12529,0.057545,0.1664,0.21619,0.13051,5.7323,0.47474,4.0556,0.50355,0.084827,144.04,2.534,1.815,0.12726,1.5406,1.1657,0.43493,0.082602,0.005955,0.18773,0.081325,165.08,58.207,0.19652,0.44645,116.5,0.11231,0.072904,0.89909,0.55774,0.39463,0.73799,1.4503,1618.2,0.082602,0.40057,0.92958,0.96518,3.4151,6.2707,132.14,2.7622,5.1371,0
0.11056,0.26501,0.20593,1.8103,-91.278,0,0.11056,2.7734,1.2188,0.73499,0.12048,0.43503,0.57965,0.11056,136.92,2.6657,3.7734,0.11056,0.090712,35.565,1.3125,0,0.090712,0.18248,0.72559,2.6657,0,0.38139,4.0094,0.14316,0.20297,358.7,1.0176,0.97579,0.009623,1.2188,,0.73499,0.007895,0.36272,0.014824,0,110.17,74.608,0.93095,1.343,167.62,-0.5959,-0.48893,1.736,0.25414,0.98274,1.3612,1.3612,2104.2,0.78782,0.15042,0.22313,0,10.263,4.8922,76.109,4.7958,2.2572,0
0.10951,0.32509,0.1025,1.4331,6.5963,0.34602,0.10951,1.7695,1.0567,0.57526,0.10951,0.4627,0.17448,0.10951,497.43,0.73378,3.0761,0.10951,0.080102,21.273,1.1091,0.11831,0.080102,0.34602,0.57526,0.73378,0.91449,0.15511,4.2825,0.2208,0.080102,66.773,5.4663,0.36394,0.11831,1.4173,2.935,0.66368,0.086539,0.10439,0.04321,0.086539,83.957,62.684,1.3744,1.0964,22.48,-0.010721,-0.007842,1.0433,0.23668,0.18294,0.87053,1.0043,1964.3,0.05369,0.19037,0.94631,0.15369,17.158,5.8229,63.188,5.7764,2.0689,0
0.050474,0.68074,0.012667,1.0248,-32.956,0,0.062623,0.469,2.8675,0.31926,0.10976,0.12279,0.027286,0.062623,3175.6,0.11494,1.469,0.062623,0.021839,24.526,1.2293,0.07163,0.017603,-0.076825,0.30086,0.097091,1.5197,0.026537,3.491,0.20674,0.022829,66.583,5.4819,4.107,0.071688,2.8675,1.9328,0.49,0.025001,0.31845,0.26007,0.02498,45.858,21.332,0.26196,0.64704,25.155,0.056011,0.019534,0.7678,0.51,0.18242,0.66885,1.0265,39.231,0.025,0.1581,0.97847,0.53478,14.882,17.111,64.918,5.6225,6.0072,0
0.56125,0.34874,0.67881,3.2768,86.869,0,0.70725,1.8675,2.584,0.65126,0.71405,2.3722,0.28014,0.70725,175.84,2.0757,2.8675,0.70725,0.27371,29.713,1.1641,0.70518,0.21721,1.681,0.62267,1.6571,103.72,29.448,3.2427,0.040461,0.27383,56.605,6.4482,5.5127,0.66149,2.584,,0.65126,0.256,0.84777,0.016105,0.27291,102.3,72.583,2.6682,2.5713,39.937,0.68855,0.26647,2.8014,0.29814,0.15508,28.253,28.253,1187.1,0.256,0.86179,0.73196,0,12.284,5.0287,42.114,8.6669,112.1,0
0.02198,0.38858,0.34921,2.4929,7.8168,-0.41331,0.028456,1.5735,2.3927,0.61142,0.056723,0.12165,0.026014,0.028456,2278.6,0.16018,2.5735,0.028456,0.011893,43.11,1.1571,0.056227,0.009187,0.32379,0.37565,0.14352,1.9892,0.83767,4.0023,0.15633,0.017379,36.412,10.024,6.0343,0.04787,2.3927,2.0986,0.75462,0.020007,0.13232,0.14389,0.0235,84.232,41.122,0.077779,1.2847,43.99,0.022439,0.009378,1.5006,0.23392,0.099759,1.4667,1.8102,3510.2,0.020007,0.03595,0.98817,0.23421,8.4667,8.876,35.684,10.229,5.7396,0
-0.057801,0.033309,0.95077,29.543,771.19,0,-0.057801,29.022,0.3975,0.96669,-0.0578,-1.7353,-0.082861,-0.057801,-369.12,-0.98884,30.022,-0.057801,-0.14541,0,0.82812,-0.058704,-0.14541,-0.028562,0.89308,-0.98884,-47852,59.708,2.9112,-1.4771,-0.14541,26.65,13.696,13.696,-0.058705,0.3975,,0.96669,-0.14768,19.43,-0.03281,-0.14768,309.31,309.31,,29.543,0,-0.083567,-0.21023,29.543,0.033309,0.073014,60.708,60.708,775.01,-0.14768,-0.059792,1.1451,0,,1.18,30.586,11.934,24.963,0
0.041526,0.37735,0.35288,2.4093,-85.684,0,0.041526,1.6501,1.0607,0.62265,0.055887,0.16584,0.24463,0.041526,530.79,0.68766,2.6501,0.041526,0.039148,137.56,0.96896,0,0.039148,0.13659,0.54382,0.68766,0,0.88951,4.7077,0.33676,0.094597,169.38,2.1549,1.4299,0.045153,1.0607,1.6169,0.74852,0.042568,0.19892,0.057709,0,190.45,52.893,0.10388,0.8128,270.41,-0.21796,-0.20548,1.5987,0.2504,0.46405,1.5695,1.8868,18004,0.49131,0.066691,0.52288,0.20215,2.6534,6.9007,86.162,4.2362,2.6738,0
-0.056383,0.79678,0.075831,1.2822,-23.531,-0.086198,-0.056383,0.25505,2.1801,0.20322,-0.053804,-0.20985,-0.02138,-0.056383,-6239.4,-0.058499,1.2551,-0.056383,-0.025863,19.452,1.5686,0,-0.025863,-0.13365,0.02155,-0.058499,0,0.11569,4.3273,0.34804,-0.051713,55.687,6.5545,2.2102,0.008371,2.1801,0.54856,0.61945,0.00384,0.41738,2.7179,0,38.905,19.452,-0.48528,0.84981,24.081,-0.009772,-0.004482,0.43238,0.26868,0.15257,0.31003,0.94502,1611.2,0.1922,-0.27744,0.81289,2.0481,18.764,18.764,44.984,8.114,3.3259,0
0.18614,0.48569,-0.061903,0.82836,-43.396,0.001196,0.19443,1.0589,0.99922,0.51431,0.23153,0.53911,0.23209,0.19443,764.42,0.47749,2.0589,0.19443,0.19458,13.819,1.2778,0.23128,0.18629,0.32062,0.48198,0.46042,6.2345,-0.088275,4.0088,0.45933,0.20859,141.23,2.5844,1.9191,0.067157,0.99922,2.0868,0.63935,0.067209,0.096547,0.06024,0.23146,96.41,82.591,4.9205,0.72347,14.814,0.1938,0.19395,0.61511,0.36065,0.38694,0.73343,0.91173,-631.73,0.067209,0.36192,0.83292,0.2431,26.413,4.4194,131.74,2.7706,1.4249,0
0.17961,0.037157,0.68864,23.589,248.38,-0.14273,0.17961,25.913,0.89909,0.96284,0.21436,5.8916,0.22243,0.17961,67.815,5.3823,26.913,0.17961,0.19977,85.731,1.0025,0.209,0.19977,0.77788,-0.093919,5.3823,6.0133,2.4517,4.5067,-0.34592,0.20232,16.417,22.233,18.241,0.22131,0.89909,76.138,0.96951,0.24615,12.204,0.0054,0.23246,140.9,55.167,0.85051,16.662,113.72,0.18862,0.2098,19.354,0.030485,0.044978,3.428,3.4517,22116,0.24615,0.18654,0.80183,0.006929,4.2575,6.6162,12.376,29.492,3.201,0
-0.10371,0.6046,-0.27866,0.48309,-142.56,-0.042045,-0.10679,0.65146,0.97685,0.39387,-0.10679,-0.19809,-0.06257,-0.10679,-2902.8,-0.12574,1.654,-0.10679,-0.087893,59.473,0.5074,-0.042817,-0.085356,-0.019205,0.39387,-0.12064,-0.34425,-0.37679,4.2534,0.4893,-0.087893,158.21,2.3071,-0.070818,-0.042817,1.2172,0.95367,0.45937,-0.035241,0.025664,-1.6496,-0.035241,74.083,14.609,-0.52385,0.11587,58.097,-0.073584,-0.060564,0.43076,0.5391,0.43344,0.53257,0.62113,-4994.7,-0.023695,-0.2633,1.0237,0.1663,6.1372,24.984,161.95,2.2537,1.6428,0
0.14924,0.22025,0.38753,2.8381,34.384,0,0.18367,3.5402,3.3432,0.77975,0.18624,0.87117,0.08864,0.18367,271.28,1.3455,4.5402,0.18367,0.054938,9.8173,0.89963,0.17911,0.04464,1.2992,0.688,1.1891,69.662,0.96489,3.9917,-0.025431,0.055175,24.416,15.068,14.424,0.19143,3.3432,,0.77975,0.057261,1.4714,0.025162,0.053573,31.459,21.642,1.6597,2.4116,10.331,0.066433,0.019871,2.7167,0.21083,0.066364,1.9414,1.9414,3801.5,0.057261,0.1914,0.95103,0,37.179,16.865,23.018,15.857,8.324,0
0.11006,0.13751,0.36472,3.6815,221.13,0.28695,0.13871,5.6932,1.3217,0.78286,0.13871,1.0198,0.26266,0.13871,277.1,1.3172,7.2724,0.13871,0.20115,34.925,1.1705,0.14586,0.1596,0.37889,0.78286,1.1089,2.7956,0.73052,6.4109,-0.22584,0.20115,95.155,3.8359,1.0607,0.14586,0.75055,291.52,0.78435,0.21151,2.1877,0.024012,0.21151,107.54,72.617,1.668,3.1963,46.161,0.10344,0.15,3.6415,0.13602,0.2607,1.568,1.571,939370,0.24341,0.14059,0.75659,0.001905,10.451,5.0264,71.993,5.0699,1.3812,0
0.02088,0.43715,0.39323,3.6426,136,0.10353,0.02088,1.2875,1.0514,0.56285,0.02088,0.14032,0.097173,0.02088,1987.7,0.18363,2.2875,0.02088,0.025276,52.317,1.2192,0.042599,0.025276,0.10353,0.56285,0.18363,0.54217,0.85865,4.9289,0.49942,0.025276,69.126,5.2802,0.097447,0.042599,0.83508,1.4692,0.8512,0.051568,0.16825,0.14092,0.051568,228.44,176.12,0.17634,2.8469,55.004,-0.016793,-0.020329,1.2399,0.1488,0.18939,1.229,1.8586,33388,0.048861,0.037097,0.95114,0.5123,6.9767,2.0725,65.749,5.5514,1.8038,0
0.073918,0.10568,0.69585,7.6403,303.17,0.18277,0.093039,6.1535,1.0658,0.65031,0.093039,0.88784,0.14963,0.093039,309.36,1.1798,9.4623,0.093039,0.11165,13.487,0.86846,0.047492,0.088703,0.23752,0.65031,0.99892,0.60743,3.4906,5.391,-0.64079,0.11165,48.922,7.4609,0.44938,0.047492,0.89784,865,0.6512,0.056991,6.4218,0.043902,0.056991,55.929,42.443,2.4007,7.3465,14.375,0.015842,0.019011,7.576,0.10479,0.13403,3.2621,3.2666,171220,0.061775,0.11367,0.93823,0.001369,27.064,8.5999,45.9,7.9521,4.1801,0
0.20218,0.19442,0.46752,3.5528,42.665,0,0.2553,4.1435,2.8297,0.80558,0.25751,1.394,0.09822,0.2553,255.32,1.4296,5.1435,0.2553,0.090219,20.06,0.96055,0.23983,0.071447,0.72797,0.79552,1.1563,108.25,1.3383,3.6964,-0.01295,0.090969,25.826,14.133,13.313,0.24142,2.8297,43.889,0.81686,0.085315,1.305,0.024691,0.084755,53.099,33.039,1.3,2.7036,21.931,0.21719,0.076754,3.3466,0.18314,0.070756,2.306,2.3383,2323.9,0.085315,0.25097,0.91039,0.014004,18.196,11.047,23.623,15.451,8.1001,0
0.02805,0.59977,0.30553,1.5094,37.669,0,0.034848,0.66731,1.5127,0.40023,0.046262,0.058102,0.025748,0.034848,5620.4,0.064942,1.6673,0.034848,0.023036,36.355,1.6876,0.036762,0.018543,0.11968,0.39392,0.053608,3.2208,3.2264,3.8988,0.38181,0.030581,148.49,2.4582,2.4582,0.038408,1.5127,,0.40023,0.02539,0.038714,0.48924,0.024301,212.83,176.48,0.18617,1.2582,37.302,0.032659,0.02159,1.5094,0.59977,0.40681,4.2264,4.2264,2420.2,0.02539,0.070086,0.97712,0,10.04,2.0682,144.72,2.5222,15.974,0
0.048735,0.11456,0.30644,3.7368,8.9573,0,0.060791,7.7292,1.7439,0.88544,0.08079,0.54292,0.0785,0.060791,305.44,1.195,8.7292,0.060791,0.034859,52.974,1.1494,0.06197,0.027946,0.1364,0.089581,1.0898,3.0986,0.5269,3.4255,0.050121,0.035976,24.139,15.121,14.779,0.050786,1.7439,,0.88544,0.029122,0.35956,0.027656,0.035535,79.147,26.173,0.19255,1.4764,54.563,-0.014135,-0.008106,3.6524,0.11197,0.066133,1.5224,1.5224,816.28,0.029122,0.055041,0.96583,0,6.8902,13.945,23.436,15.575,2.9985,0
0.093466,0.42914,0.37124,1.8891,38.12,0.21329,0.11668,1.3297,1.0614,0.57062,0.11668,0.27944,0.063788,0.11668,1177.2,0.31006,2.3302,0.11668,0.055936,28.506,1.0661,0.11584,0.044807,0.26879,0.57062,0.25596,0.58939,1.7577,4.3455,0.16162,0.055936,77.547,4.7068,0.26992,0.11584,2.0976,54.004,0.58221,0.05553,0.22501,0.10671,0.05553,121.58,93.076,0.57373,1.4989,30.255,0.099457,0.047679,1.8381,0.41755,0.21246,2.7017,2.7565,8225.9,0.057837,0.1638,0.94216,0.02031,12.805,3.9215,73.062,4.9958,9.8763,0
0.15722,0.69197,0.42908,1.8078,-12.06,0.27273,0.19707,0.42702,1.0482,0.29548,0.19707,0.371,0.041003,0.19707,1235.9,0.29534,1.4451,0.19707,0.039539,43.047,1.3574,0.2324,0.031544,0.33556,0.29548,0.23775,0.48877,10.795,4.7962,0.13089,0.039539,40.776,8.9513,0.33585,0.2324,5.0395,2.3163,0.45628,0.046627,0.07507,0.094911,0.046627,67.401,24.354,0.26747,0.70116,45.124,0.2251,0.045163,1.3877,0.53118,0.11172,7.4343,11.48,26834,0.046027,0.53208,0.95397,0.54417,8.4791,14.987,38.899,9.3832,125.4,0
0.1006,0.53059,0.19459,1.7267,-15.087,0,0.1006,0.88469,1.482,0.46941,0.1006,0.37569,0.067881,0.1006,1925.1,0.1896,1.8847,0.1006,0.067878,56.465,1.1775,0,0.067878,0.24462,0.46307,0.1896,,0.36193,3.897,0.34097,0.15326,92.35,3.9523,1.9946,0.034309,1.482,1.0135,0.69939,0.02315,0.13049,3671.2,0,105.27,48.802,0.43877,0.8705,79.072,-0.000005,-0.000003,0.87139,0.26776,0.25301,0.87308,1.3008,1534.9,0.28591,0.2143,0.71671,0.48993,6.4642,7.4793,65.947,5.5348,2.7565,0
0.021281,0.34971,0.38311,3.8838,-23.49,0,0.021281,1.8595,0.5138,0.65029,0.031682,0.16019,0.085503,0.021281,2905.5,0.12562,2.8595,0.021281,0.041418,291.94,1.0949,0.024985,0.041418,0.000034,0.61231,0.12562,2.4022,0.7915,4.1298,0.67965,0.059336,99.2,3.6794,1.3977,0.024997,0.5138,0.48599,0.86635,0.04865,0.023172,0.24471,0.048627,364.35,72.406,0.051783,0.7904,306.87,0.002334,0.004543,1.4754,0.13285,0.27178,1.3435,1.7898,5165.2,0.04865,0.032725,0.95932,0.33225,1.2503,5.041,94.374,3.8676,1.0615,0
0.065084,0.78473,0.20113,1.4589,-6.4874,0,0.089265,0.27432,2.2437,0.21527,0.12726,0.20367,0.1241,0.089265,1028.7,0.35481,1.2743,0.089265,0.039785,38.003,1.5307,0.12322,0.029008,0.14177,0.18601,0.324,3.243,0.55778,4.5337,0.33916,0.054422,75.844,4.8125,2.6879,0.13441,2.2437,1.2147,0.54936,0.059906,0.059054,0.083735,0.05492,99.809,61.806,0.27861,0.92589,40.425,-0.065943,-0.029391,0.81482,0.43829,0.20779,0.597,1.5235,6874.1,0.059906,0.30234,0.96039,1.552,9.6044,5.9056,71.301,5.1192,6.2223,0
0.069634,0.58007,0.24123,1.4202,-66.638,0,0.069634,0.72394,1.4793,0.41993,0.096671,0.12129,0.056474,0.069634,2534.3,0.14402,1.7239,0.069634,0.047072,122.71,1.3097,0.074194,0.047072,0.12589,0.069759,0.14402,2.7442,1.3064,4.3098,0.38741,0.06122,148.39,2.4597,2.4345,0.067137,1.4793,198.85,0.42153,0.045384,0.016865,0.21947,0.050155,198.79,76.075,0.14001,0.5539,128.55,0.060286,0.040753,1.4056,0.57413,0.40656,2.2743,2.2829,4923,0.045384,0.16582,0.95393,0.003808,2.9744,4.7979,141.66,2.5766,8.0117,0
0.075275,0.34622,0.19618,1.6031,13.804,0.21408,0.075275,1.8426,1.0406,0.63794,0.075275,0.23141,0.070911,0.075275,1102.3,0.33112,2.8884,0.075275,0.046562,28.816,1.3713,0.088113,0.046562,0.21408,0.63794,0.33112,0.56716,0.40996,4.4409,0.14456,0.046562,76.424,4.776,0.2545,0.088113,1.6595,18.816,0.65887,0.054503,0.37814,0.08929,0.054503,89.962,61.146,0.58979,1.2107,29.986,0.048748,0.030153,1.5062,0.32529,0.20938,1.3331,1.3769,5414.7,0.03903,0.118,0.96097,0.03281,12.667,5.9693,73.441,4.97,3.3784,0
0.23763,0.32536,0.21926,1.7133,7.2216,0.70787,0.23763,2.0735,1.0838,0.67464,0.23763,0.77309,0.10031,0.23763,361.83,1.0088,3.0735,0.23763,0.072624,16.275,1.021,0.25544,0.072624,0.70787,0.67464,1.0088,0.84607,0.46321,4.2154,0.098815,0.072624,37.162,9.8219,0.78509,0.25544,3.2774,21.178,0.69262,0.078065,0.054139,0.030914,0.078065,56.89,40.615,1.6287,1.2387,17.639,0.16486,0.050384,1.6187,0.30738,0.10181,1.4252,1.4632,3600.8,0.077327,0.35224,0.92267,0.026648,22.426,8.9868,34.288,10.645,6.9125,0
0.041086,0.79926,0.10736,1.14,-1.5112,-0.014369,0.059121,0.25115,1.8193,0.20074,0.059647,0.077092,0.063548,0.059121,2523.4,0.14465,1.2512,0.059121,0.032497,16.126,1.46,0.059422,0.022584,0.048003,0.048547,0.12208,112.85,0.85369,3.5958,0.2792,0.0325,158.93,2.2967,2.2036,0.058001,1.8193,,0.20074,0.031882,0.42439,0.22984,0.032663,110.1,93.976,0.51118,1.0352,16.657,0.002931,0.001611,1.0938,0.76688,0.43541,1.5962,1.5962,423.26,0.031882,0.20468,0.96765,0,22.635,3.884,153.86,2.3723,14.466,0
0.33234,0.21415,0.73823,5.3184,86.558,0,0.41429,3.6697,2.2749,0.78585,0.42922,2.4235,0.19074,0.41429,180.13,2.0263,4.6697,0.41429,0.18211,47.682,1.1193,0.41642,0.14609,1.2233,0.7239,1.6437,27.887,8.128,3.81,0.036441,0.18211,33.878,10.774,8.6005,0.43316,2.2749,,0.78585,0.19041,0.78487,0.01637,0.18305,124.35,76.663,1.1183,3.58,58.896,0.39679,0.17442,4.2456,0.17095,0.092817,8.6523,8.6523,4766.2,0.19041,0.42291,0.81896,0,7.6548,4.7611,27.428,13.308,25.047,0
0.038491,0.71616,0.22875,1.3843,-25.96,0,0.038491,0.39634,1.7449,0.28384,0.04361,0.064655,0.068376,0.038491,2190.9,0.1666,1.3963,0.038491,0.022059,62.428,1.2248,0,0.022059,-0.069061,0.16083,0.1666,0,1.3004,4.007,0.39853,0.044639,165.68,2.203,1.8313,0.011613,1.7449,4.704,0.39558,0.006656,0.066861,0.29537,0,164.05,101.62,0.12897,0.88294,83.058,-0.080821,-0.046317,1.1507,0.59533,0.45392,1.6135,2.2487,2324.5,0.24838,0.13561,0.75508,0.39368,5.8467,3.5916,124.53,2.9311,9.9191,0
0.11235,1.7399,-0.51425,0.43445,-82.297,-0.32201,0.11235,-0.42524,3.4144,-0.73987,0.14262,0.12356,0.059388,0.11235,3131.9,0.11654,0.57476,0.11235,0.032906,28.145,1.2795,0.14252,0.032906,0.13402,-0.20994,0.11654,4.7096,-0.85005,3.3369,0.50184,0.041769,95.228,3.8399,2.0068,-0.071064,3.6344,0.15865,0.0907,-0.020813,0.029033,0.24897,0.041742,39.409,11.264,0.42675,0.31857,27.522,0.052104,0.01526,0.22705,0.9093,0.26042,-1.223,0.14992,-1117,-0.020766,-0.15185,0.96072,-1.1226,12.969,32.404,97.205,3.7549,5.6438,1
0.10586,0.4714,0.007933,1.0372,-30.848,0,0.13152,1.1213,0.53199,0.5286,0.16819,0.61688,0.29283,0.13152,1104.5,0.33046,2.1213,0.13152,0.24723,26.798,1.1871,0.14078,0.19899,0.29689,0.38342,0.27602,3.8397,0.010186,4.0731,0.88185,0.28874,197.05,1.8524,0.83778,0.13706,0.53199,0.70943,0.78525,0.25763,0.013631,0.095207,0.26464,149.73,122.93,2.7102,0.85401,36.098,0.11652,0.21903,0.46911,0.2132,0.53985,0.67868,1.0082,93.877,0.25763,0.20026,0.76644,0.48554,13.62,2.9691,146.28,2.4952,0.68303,0
0.094972,0.30153,0.27737,2.6833,7.5643,0,0.11372,2.3164,1.04,0.69847,0.13756,0.69018,0.13655,0.11372,775.05,0.47094,3.3164,0.11372,0.10935,55.14,1.073,0.097604,0.091323,0.13696,0.64498,0.40875,4.0944,0.49719,5.6474,0.28995,0.10935,93.304,5.7028,3.1163,0.13209,1.0772,2.0842,0.83523,0.12702,0.61364,0.079844,0.093855,119.69,64.552,0.60451,1.7299,61.026,0.069325,0.066661,1.4663,0.16477,0.17535,1.252,1.4972,2.6833,0.38019,0,0.65002,0.1958,6.6195,5.6543,57.831,6.3115,1.8642,0
0.04649,0.49377,-0.006511,0.97742,-41.041,0.1612,0.056654,1.0252,1.081,0.50623,0.056654,0.19648,0.10383,0.056654,1660.4,0.21983,2.0252,0.056654,0.054193,34.016,1.0908,0.086192,0.044471,0.20205,0.50623,0.19924,0.89125,-0.009066,4.4012,0.45458,0.054193,108.83,3.3538,0.17456,0.086192,1.0552,0.89776,0.71165,0.082447,0.065675,0.11756,0.082447,91.791,57.775,0.47718,0.63954,36.771,0.034302,0.032812,0.5708,0.28835,0.29816,0.7049,0.99093,-164,0.074928,0.091836,0.92507,0.40577,10.73,6.3177,100.68,3.6255,1.4557,0
0.25107,0.93175,-0.19558,0.78746,-23.601,0.89609,0.25107,0.072752,1.0647,0.067786,0.25107,0.27284,0.060378,0.25107,1008.1,0.36205,1.0733,0.25107,0.044936,8.244,1.0259,0.3235,0.044936,0.89609,0.067786,0.36205,0.61646,-0.71017,3.7849,0.15248,0.044936,64.002,5.703,0.3472,0.3235,5.6037,51.724,0.079356,0.057901,0.10478,0.074754,0.057901,41.039,32.795,1.9895,0.65032,8.7771,0.23723,0.042459,0.77768,0.92018,0.17535,0.24614,0.28815,-1192,0.06074,3.7038,0.93926,0.17067,44.275,11.13,60.114,6.0718,20.287,0
-0.014764,0.88534,-0.36658,0.53159,-232.24,-0.000309,-0.014764,0.12951,0.74127,0.11466,-0.008035,-0.018865,0.013891,-0.014764,31382,0.011631,1.1295,-0.014764,-0.019917,47.711,0.95837,-0.009252,-0.019917,0.002187,0.06262,0.011631,-1.3751,-0.62774,3.9826,1.13,-0.010844,382.74,0.95365,0.843,-0.00507,0.74127,3.1065,0.21739,-0.00684,0.063324,1.8668,-0.012482,180.45,132.74,-0.15237,0.40778,47.387,-0.034313,-0.04629,0.46991,0.78261,1.0486,0.19635,0.37226,-3522,-0.00684,-0.12876,1.0198,0.89594,7.6502,2.7498,385.36,0.94718,1.2694,0
0.051777,0.947,0.36493,1.7112,-126.24,0.050433,0.067684,0.051643,1.097,0.048906,0.067684,0.1319,0.067443,0.067684,4393.1,0.083086,1.056,0.067684,0.058016,229.5,1.7875,0.10574,0.044381,0.069228,0.048906,0.066289,0.99427,2.9928,5.3928,0.75122,0.058016,176.11,2.0725,0.11166,0.10574,1.1695,0.33313,0.48276,0.090636,0.13848,0.2667,0.090636,252.48,22.986,0.070586,0.28166,251.75,0.094743,0.081209,0.92721,0.51314,0.4825,0.40108,3.9592,90156,0.088415,1.0587,0.91158,8.8713,1.5904,15.879,160.54,2.2735,9.5677,0
0.070666,0.12555,0.44779,4.5666,64.158,0.28094,0.09176,6.8172,1.0602,0.8559,0.09176,0.73086,0.07945,0.09176,358.96,1.0168,7.9649,0.09176,0.057106,40.784,1.159,0.092427,0.043978,0.35612,0.8559,0.84882,0.60985,1.0495,4.6071,0.032506,0.057106,30.237,12.071,0.73617,0.092427,1.6185,,0.8559,0.057521,0.62015,0.032165,0.057521,112.55,71.766,0.39359,3.1365,43.24,0.056523,0.035177,4.5666,0.12555,0.082841,2.006,2.006,18119,0.056805,0.082563,0.94319,0,8.9496,5.086,28.519,12.798,3.7661,0
0.024728,0.18858,0.069706,1.4444,-98.899,-0.11368,0.014293,4.252,1.0801,0.80183,0.014293,0.091116,0.16575,0.014293,1356,0.26917,5.3029,0.014293,0.046671,142.51,1.2939,0.026291,0.080746,-0.095891,0.80183,0.32451,0.92721,0.090126,5.6005,0.58062,0.046671,201.93,1.8076,0.13942,0.026291,0.32499,3.3741,0.83355,0.085848,0.18345,0.098789,0.085848,235.74,93.23,0.20681,0.68212,153.92,-0.010177,-0.03323,1.2015,0.15686,0.55322,1.0367,1.0777,27780,0.074125,0.030839,0.92588,0.039549,2.5612,3.915,186.96,1.9523,0.39596,0
0.069979,0.47793,0.25359,1.5795,-0.97715,0,0.088393,1.0924,0.94116,0.52207,0.10026,0.20199,0.15595,0.088393,1188.5,0.3071,2.0924,0.088393,0.093919,98.806,1.1701,0.098591,0.074354,0.17924,0.46392,0.26857,8.3091,0.82121,3.9963,0.4253,0.093929,191.52,1.9058,1.745,0.10717,0.94116,10.821,0.5624,0.11387,0.17959,0.10149,0.10476,237.58,138.77,0.27467,0.99731,111.5,0.040211,0.042726,1.4462,0.4376,0.52471,1.6906,1.8212,2514.4,0.11387,0.13404,0.9069,0.077255,3.6941,2.6302,169.71,2.1507,3.0477,0
0.11814,0.068266,0.63871,10.356,230.86,0.27958,0.14684,13.119,1.1416,0.89559,0.14684,2.151,0.18172,0.14684,148.55,2.4571,14.649,0.14684,0.15908,26.215,1.1307,0.10681,0.12798,0.34705,0.89559,2.0367,1.321,2.1797,4.9904,-0.41004,0.15908,30.816,11.844,1.5647,0.10681,0.96904,,0.89559,0.11572,7.5301,0.017573,0.11572,76.288,50.072,1.7819,9.385,29.927,0.085914,0.093076,10.356,0.068266,0.084429,3.0564,3.0564,62474,0.12403,0.13191,0.87597,0,13.923,7.2895,26.994,13.521,3.1501,0
0.39182,0.59324,0.25989,1.5074,2.6637,0,0.48914,0.68567,3.7702,0.40676,0.50668,0.95491,0.14382,0.48914,399.34,0.91401,1.6857,0.48914,0.12974,17.544,0.93946,0.46997,0.10392,1.4478,0.39937,0.74995,26.805,1.1405,5.4068,0.11026,0.13036,57.085,6.394,5.521,0.49497,3.7702,101.72,0.41257,0.13128,0.4536,0.037806,0.12465,52.256,34.712,2.1621,1.1536,20.196,0.4169,0.11058,1.3016,0.51224,0.1564,1.7851,1.8106,66314,0.13128,0.96326,0.87215,0.014282,20.805,10.515,49.591,7.3603,16.545,0
0.1531,0.046541,0.4461,10.585,235.82,0.034937,0.18955,20.486,0.72115,0.95346,0.20405,4.0728,0.38635,0.18955,60.971,5.9865,21.486,0.18955,0.26285,27.977,1.2312,0.16824,0.2123,0.38706,0.87982,5.2033,11.606,0.87924,3.4339,-0.40501,0.26446,30.663,11.904,11.904,0.16715,0.72115,,0.95346,0.23178,9.1291,0.006029,0.23329,34.294,6.3166,2.7697,9.3973,36.419,0.079172,0.10979,10.585,0.046541,0.084009,1.8792,1.8792,1211.6,0.23178,0.16057,0.75035,0,13.046,57.784,23.556,15.495,1.4214,0
0.007459,0.43193,0.28831,1.6675,-73.648,0,0.007459,1.3152,2.6515,0.56807,0.007675,0.017268,0.53681,0.007459,110.76,3.2954,2.3152,0.007459,0.002813,16.798,0.82012,0,0.002813,0.057004,0.30689,3.2954,0,1.0305,4.0602,0.15412,0.006905,255.88,1.4264,1.4264,0.006973,2.6515,,0.56807,0.00263,0.060084,0.010169,0,95.574,78.776,0.061123,1.385,72.29,-1.4159,-0.534,1.6675,0.43193,0.70105,2.0305,2.0305,3311.5,0.76764,0.013129,0.23283,0,21.729,4.6334,59.458,6.1388,9.4776,0
0.13963,0.25081,0.25848,2.2523,32.04,0,0.18239,2.9871,1.546,0.74919,0.18931,0.88363,0.14648,0.18239,404.25,0.9029,3.9871,0.18239,0.11798,32.361,1.4354,0.18922,0.090316,0.40733,0.74391,0.7324,27.34,0.48304,3.9757,0.14906,0.1213,55.673,6.5561,5.3956,0.19274,1.546,9.8074,0.78262,0.12467,0.12237,0.035838,0.12239,103.8,71.434,1.0187,1.5882,36.97,0.14515,0.093891,1.8536,0.20641,0.15253,1.4001,1.4625,2443.9,0.12467,0.18637,0.88279,0.044616,11.279,5.1096,48.732,7.4899,2.8891,0
0.035986,0.72137,-0.053132,0.88788,-43.129,0.099458,0.045204,0.32344,1.0219,0.23332,0.045204,0.095392,0.05162,0.045204,2139.8,0.17058,1.3862,0.045204,0.018963,29.487,1.121,0.068075,0.015096,0.12829,0.23332,0.1578,0.29183,-0.091724,5.0019,0.29986,0.018963,74.148,4.9226,0.094368,0.068075,2.4157,0.9219,0.48081,0.028557,0.06541,0.16253,0.028557,59.678,30.19,0.18686,0.48149,30.133,-0.009772,-0.0041,0.58326,0.47388,0.20315,0.40279,0.83006,-5336.6,0.021433,0.15423,0.97857,1.0608,12.378,12.09,72.559,5.0304,4.1152,0
-0.21547,0.81323,-0.42446,0.4636,-156.63,-0.24249,-0.21547,0.22966,1.3383,0.18677,-0.020791,-0.2723,-0.16101,-0.21547,-1377.6,-0.26496,1.2297,-0.21547,-0.16101,70.785,1.0378,-0.14112,-0.16101,-0.82142,-0.2619,-0.26496,-1.3929,-0.67042,4.5697,0.58399,-0.1339,229.32,1.9925,1.9388,-0.1726,1.4626,8.9408,0.19877,-0.12897,0.04261,-0.19209,-0.10545,90.859,20.074,-0.83024,0.37059,60.081,-0.14112,-0.10545,0.4511,0.79131,0.50188,0.29499,0.31395,-15761,0.058882,-1.1537,0.90616,0.06427,5.1565,18.183,215.82,1.6912,2.1138,1
0.068254,0.37003,0.47344,2.2794,-82.485,0,0.068254,1.7025,1.0579,0.62997,0.068254,0.18445,0.064518,0.068254,1978.8,0.18445,2.7025,0.068254,0.064518,233.31,1.1941,0,0.064518,0.21691,0.60313,0.18445,,3.0246,3.2746,0.31415,0.14455,151.17,2.4146,2.4146,0.00391,1.0579,,0.62997,0.003696,0.10703,,0,277.35,44.034,0.10093,0.45194,276.26,0,0,2.2794,0.37003,0.41415,4.0246,4.0246,890.89,0.15544,0.10835,0.84458,0,1.5644,8.289,127.67,2.859,6.7586,0
0.001957,0.50186,0.3347,4.0299,56.216,0.027502,-0.000489,0.80587,1.0454,0.40444,-0.000489,-0.004428,0.094489,-0.000489,2176.9,0.16767,1.9926,-0.000489,-0.000549,85.41,0.97406,0.032,0.002197,0.033638,0.40444,0.17254,0.37565,0.60324,5.2377,0.48437,-0.000549,47.332,7.7115,0.063762,0.032,0.9088,0.60494,0.79583,0.035933,0.69717,0.14146,0.035933,150.89,65.479,0.009389,2.1434,89.291,-0.052637,-0.059106,0.88702,0.11046,0.12968,0.72893,1.4344,57852,0.043455,0.004838,0.95654,0.96776,4.2735,5.5743,45.275,8.0619,1.6051,0
0.059905,0.13632,0.18474,2.3747,0.17533,0.24229,0.074955,5.1647,1.109,0.70407,0.074955,0.55776,0.12879,0.074955,440.66,0.8283,7.3354,0.074955,0.085491,40.348,1.0789,0.079763,0.068325,0.30132,0.70407,0.7179,1.0089,0.27133,4.9884,0.1442,0.085491,62.042,5.8831,0.5851,0.079763,0.89375,114.6,0.70601,0.090974,0.7244,0.038071,0.090974,92.327,51.979,0.61809,1.6535,44.745,0.041801,0.047676,2.3409,0.13439,0.16998,1.0341,1.0369,17987,0.098265,0.085083,0.90173,0.002754,9.0463,7.0221,55.945,6.5242,1.2877,0
0.096486,0.4841,0.21194,2.4009,18.049,0.019997,0.10014,1.0436,1.1133,0.5052,0.10014,0.66188,0.11522,0.10014,1297.1,0.2814,2.0657,0.10014,0.084696,49.177,1.2764,0.13603,0.081606,0.036878,0.5052,0.27386,1.2808,0.33285,4.7636,0.39959,0.084696,51.997,7.0197,0.281,0.13603,1.2077,0.61279,0.838,0.11505,0.084996,0.092469,0.11505,108.17,58.989,0.60569,1.348,54.747,0.099942,0.084529,0.75034,0.1513,0.14246,0.79339,1.316,12297,0.10174,0.19099,0.89826,0.65876,7.4221,6.1876,46.707,7.8147,1.8568,0
0.066617,0.12257,0.22604,3.6567,86.418,0.34235,0.069626,6.786,1.1427,0.83175,0.069626,0.81833,0.31634,0.069626,378.48,0.96439,8.1587,0.069626,0.18633,99.302,0.77818,0.055694,0.17828,0.35275,0.83175,0.93984,1.7032,0.32813,5.211,0.080658,0.18633,94.969,3.8433,0.45439,0.055694,0.40734,5.5878,0.86924,0.14905,1.7627,0.038646,0.14905,157.41,58.108,0.6553,2.4619,113.47,0.007116,0.019043,2.5384,0.085082,0.26019,1.2074,1.2618,36744,0.12488,0.080093,0.87512,0.045069,3.6756,6.2814,83.109,4.3918,0.54243,0
0.062268,0.013664,0.20865,18.017,142.7,0.10974,0.071432,46.073,1.0425,0.62954,0.071432,5.8257,0.53106,0.071432,56.419,6.4694,73.184,0.071432,0.42913,0,1.0688,0.049972,0.37408,0.13394,0.62954,5.7988,3.1297,0.26782,4.4528,-0.090337,0.42913,28.03,13.022,3.6571,0.049972,0.26599,157.5,0.63095,0.30021,14.744,0.006711,0.30021,87.985,87.985,,18.017,0,0.033004,0.19827,16.167,0.012262,0.076794,0.80806,0.80986,5919,0.040792,0.09891,0.95921,0.002228,,4.1484,26.886,13.576,0.21366,0
0.15184,0.72775,0.25381,1.476,-12.629,0,0.15184,0.37411,3.6046,0.27226,0.20708,0.28479,0.052285,0.15184,1409.4,0.25897,1.3741,0.15184,0.042124,34.967,0.7207,0.18841,0.042124,0.35389,-0.51011,0.25897,3.4106,1.1922,3.1156,0.19676,0.052275,57.198,6.5878,4.8264,0.20234,3.7194,2.3965,0.45655,0.056135,0.091796,0.1078,0.052268,74.733,39.766,0.43971,0.73947,35.885,0.15178,0.042107,1.0814,0.53316,0.1518,1.2789,2.1446,331.22,0.056122,0.5577,0.94433,0.67689,10.438,9.1787,53.988,6.7608,16.932,1
0.13954,0.15815,0.38461,20.202,157.48,0,0.13954,5.3232,0.89054,0.84185,0.18573,6.9669,0.17353,0.13954,373.53,0.97715,6.3232,0.13954,0.1567,33.54,1.278,0.18573,0.1567,0.31895,0.83981,0.97715,4.0213,0.64601,4.3878,0.16304,0.17163,10.361,35.229,4.4619,0.18491,0.89054,,0.84185,0.20764,0.67966,0.026263,0.20856,160.27,126.73,1.7052,16.116,42.33,0.17074,0.19173,2.5586,0.02003,0.028385,1.414,1.414,9392.8,0.20764,0.16576,0.84368,0,10.882,2.8802,8.2094,44.461,1.4958,0
-0.20097,1.3318,-0.48012,0.61873,-1223.1,-0.17871,-0.22562,-0.24914,0.32792,-0.3318,-0.065699,-0.17917,-0.62006,-0.22562,-2390.7,-0.15267,0.75086,-0.22562,-0.68803,764.72,0.88076,-0.065701,-0.61287,-0.37437,-0.37969,-0.13417,-0.41084,-2.1739,3.4533,4.0577,-0.68728,1183.4,0.30843,0.29163,-0.060472,0.32792,,-0.3318,-0.18441,0.061815,-1.0226,-0.20036,780.6,15.88,-0.29252,0.073145,645.66,-0.08799,-0.26833,0.58503,1.2593,3.2422,-1.5024,-1.5024,-1363.5,-0.18441,0.6057,1.6703,0,0.4773,22.984,1401.7,0.26041,1.4848,0
0.03492,0.69461,0.25203,1.6687,-12.648,0,0.03492,0.43966,2.341,0.30539,0.066229,0.092661,0.024772,0.03492,4371.9,0.083488,1.4397,0.03492,0.014917,51.017,1.2165,0.060545,0.014917,0.12588,0.14879,0.083488,1.9338,0.67911,3.7736,0.25821,0.026707,59.705,6.1134,3.3169,0.03706,2.341,1.0017,0.60656,0.015831,0.25232,0.2769,0.025863,83.229,32.211,0.10672,0.80051,51.838,0.037474,0.016008,0.90539,0.37686,0.16357,0.82291,1.6345,1496.3,0.015831,0.11435,0.98527,0.98619,7.1545,11.331,58.759,6.2118,6.308,0
0.15081,0.24432,0.33162,2.3573,20.609,-0.19255,0.19836,3.0929,4.3472,0.75568,0.23614,0.81186,0.052932,0.19836,387.56,0.94179,4.0929,0.19836,0.045629,7.9936,1.4291,0.21255,0.034691,0.33263,0.68968,0.74718,5.626,0.782,2.8794,-0.035317,0.047494,21.43,17.032,17.032,0.18587,4.3472,,0.75568,0.042757,1.6284,0.033337,0.048894,14.952,6.9588,1.584,1.9676,8.3506,0.1808,0.041591,2.3573,0.24432,0.058713,1.782,1.782,251.24,0.042757,0.19957,0.9549,0,45.662,52.452,20.514,17.793,10.251,0
0.26015,0.44008,0.32066,1.827,16.537,0.42536,0.32023,1.2157,1.1982,0.53501,0.32023,0.82591,0.17414,0.32023,444.82,0.82056,2.2723,0.32023,0.15443,42.661,1.3681,0.33737,0.12546,0.52738,0.53501,0.68404,1.9494,1.0996,4.6904,0.20433,0.15443,81.775,4.4635,0.76662,0.33737,2.0846,8.9029,0.58736,0.1627,0.043952,0.038251,0.1627,121.69,79.03,1.0734,1.2019,51.116,0.2965,0.14298,1.6097,0.38773,0.22404,1.8347,2.0142,15721,0.16541,0.48626,0.83459,0.097839,8.5559,4.6185,68.248,5.3481,7.1111,0
0.057187,0.59409,-0.05086,0.83859,-93.594,-0.022728,0.071639,0.68325,0.7124,0.40591,0.090879,0.22737,0.18712,0.071639,1626.7,0.22438,1.6833,0.071639,0.10056,48.612,1.4153,0.087462,0.080273,0.16187,0.039272,0.20006,4.5459,-0.069124,4.864,0.81043,0.10483,184.66,1.9766,1.0483,0.089605,0.7124,0.62649,0.67622,0.12578,0.053561,0.13279,0.12277,126.73,78.117,0.60272,0.53746,55.606,0.025797,0.036211,0.44476,0.31509,0.50592,0.55168,0.91906,-3718.9,0.12578,0.14089,0.90014,0.66593,7.5084,4.6725,161.43,2.261,0.96824,0
0.035222,0.54634,0.16376,1.323,-55.508,0.10658,0.047763,0.71788,1.0144,0.3922,0.047763,0.094195,0.056997,0.047763,2194.4,0.16633,1.8304,0.047763,0.029958,86.082,1.0086,0.070184,0.022092,0.13685,0.3922,0.14337,0.44656,0.49751,4.1782,0.33932,0.029958,117.76,3.0995,0.12846,0.070184,1.6449,7.5085,0.43147,0.044021,0.056787,0.15854,0.044021,146.99,60.905,0.093674,0.58143,87.324,0.027076,0.016983,1.2279,0.50707,0.32264,1.1915,1.3108,2468.5,0.014224,0.089805,0.98578,0.10012,4.2402,5.993,116.09,3.1442,4.8435,0
0.086273,0.6369,0.18258,1.2954,-28.616,0,0.11228,0.5701,2.9627,0.3631,0.11555,0.18167,0.055079,0.11228,1424.6,0.25622,1.5701,0.11228,0.037898,48.626,1.0741,0.11254,0.029119,0.37729,0.3164,0.21538,34.384,0.91569,3.3308,0.20013,0.038925,79.209,4.6081,4.4715,0.11482,2.9627,21.505,0.38197,0.038753,0.087659,0.12989,0.037986,91.959,43.333,0.21858,0.65679,50.586,0.061637,0.020804,1.257,0.61803,0.21701,1.821,1.9157,391.04,0.038753,0.2376,0.96214,0.051983,7.5063,8.4231,76.139,4.7938,14.859,0
0.016102,0.75222,0.27623,1.3822,4.6196,-0.55233,0.016102,0.3294,2.5667,0.24778,0.047446,0.022278,0.006697,0.016102,15972,0.022852,1.3294,0.016102,0.006273,30.105,0.89601,0.04741,0.006273,-0.36158,0.15548,0.022852,1.5126,274.36,2.883,0.29207,0.006273,102.82,3.55,3.411,0.000851,2.5667,,0.24778,0.000332,0.047289,0.51701,0.018471,137.2,107.1,0.076058,1.0893,30.115,0.046322,0.018048,1.3281,0.72276,0.28169,246.1,246.1,210.98,0.000332,0.064982,0.99394,0,12.124,3.4081,102.78,3.5512,2549.3,0
0.01547,0.34029,0.27653,1.8142,13.707,0.081638,0.01547,1.8454,1.0066,0.62797,0.01547,0.045548,0.018242,0.01547,1747.2,0.20891,2.9386,0.01547,0.00397,11.636,1.0365,0.021405,0.00397,0.081638,0.62797,0.20891,0.055289,0.72048,4.8635,0.082465,0.00397,32.021,11.399,0.062903,0.021405,3.9155,765.78,0.62861,0.005493,0.076338,0.14525,0.005493,55.283,43.647,0.12452,1.4484,11.713,-0.034214,-0.00878,1.8107,0.33965,0.08773,1.6361,1.6378,20193,0.006546,0.024636,0.99345,0.001023,31.368,8.3625,31.812,11.474,10.153,0
0.084697,0.38328,0.16208,1.6679,2.6531,0.1782,0.10339,1.3467,1.0227,0.51617,0.10339,0.426,0.12592,0.10339,722.69,0.50506,2.6091,0.10339,0.067251,35.348,1.3944,0.11361,0.055094,0.22501,0.51617,0.45629,0.75578,0.27231,4.3611,0.21048,0.067251,58.928,6.194,0.29642,0.11361,1.6425,1.8202,0.65676,0.073902,0.25747,0.061829,0.073902,81.268,45.921,0.56889,1.0544,36.149,0.02342,0.015234,1.0561,0.24269,0.16145,0.8672,1.1034,3722.3,0.022174,0.16409,0.97783,0.27236,10.326,7.9485,57.622,6.3344,2.5828,0
-0.041848,0.95216,-0.21295,0.77635,-37.317,-0.023177,-0.03596,0.034373,0.98939,0.032729,-0.03596,-0.037767,0.001822,-0.03596,71221,0.005125,1.0502,-0.03596,-0.013429,8.0381,1.0049,-0.025639,-0.015627,-0.021709,0.032729,-0.001059,-0.094727,-0.81657,5.6755,0.27437,-0.013429,128.4,2.8426,-0.026927,-0.025639,2.7054,,0.032729,-0.009574,0.23297,2.0593,-0.009574,70.521,62.483,-0.70961,0.71441,7.9528,-0.066479,-0.024825,0.77635,0.95216,0.35179,0.1255,0.1255,-100870,-0.010726,-1.2786,1.0107,0,45.409,5.8416,129.78,2.8124,10.268,0
-0.010096,0.70825,-0.01467,0.97358,-378.74,-0.004301,-0.019444,0.41068,1.0934,0.29087,-0.019444,-0.035019,0.006663,-0.019444,83808,0.004355,1.4119,-0.019444,-0.041999,321.58,0.89841,0.041142,-0.021806,-0.003403,0.29087,0.017555,0.97166,-0.031933,4.7799,1.4756,-0.041999,478.64,0.76257,0.05809,0.041142,0.47068,0.86723,0.44386,0.088865,0.043737,0.36571,0.088865,407.04,85.457,-0.02475,0.23895,351.62,0.018613,0.040203,0.76327,0.55525,1.3114,0.63312,0.96614,-883.68,0.085431,-0.034709,0.91457,0.52599,1.135,4.2711,437.75,0.8338,1.0077,0
0.14154,0.48916,0.51844,2.0766,53.143,0,0.17606,1.0443,3.6195,0.51084,0.22847,0.36561,0.048643,0.17606,1014.1,0.35993,2.0443,0.17606,0.048643,1.8157,1.9354,0.22846,0.039104,0.38433,0.35769,0.28935,4.359,,2.5138,0.12458,0.052304,51.849,7.0396,6.9303,0.22947,3.6195,,0.51084,0.0634,0.079428,0.071371,0.063119,96.986,95.17,7.861,2.0392,1.9386,0.22846,0.063119,2.0443,0.48156,0.14205,,,169.25,0.063399,0.27707,0.95137,0,201.03,3.8352,48.562,7.5162,,0
0.14194,0.19154,0.49417,3.6486,107.29,0,0.17871,4.2208,1.5823,0.80846,0.17902,0.95781,0.16964,0.17871,260.46,1.4013,5.2208,0.17871,0.11294,11.743,2.098,0.17902,0.08971,0.27782,0.20095,1.2094,572.4,1.5479,2.9488,-0.001219,0.11297,48.411,7.5396,7.3442,0.17553,1.5823,,0.80846,0.11094,1.3089,0.023759,0.11314,100.7,88.958,2.7884,3.3758,13.208,0.089306,0.056443,3.554,0.18658,0.13263,2.5323,2.5323,439.26,0.11094,0.17557,0.88814,0,31.083,4.1031,43.04,8.4804,4.9561,0
-0.68428,1.0284,-0.18947,0.81576,-92.646,-0.21495,-0.68428,-0.027641,1.5835,-0.028427,-0.67808,-0.66536,-0.4129,-0.68428,-574.11,-0.63577,0.97236,-0.68428,-0.43212,90.791,0.68347,-0.68187,-0.43212,,-0.11801,-0.63577,-109.93,-1.1765,2.7467,0.50909,-0.42909,160.61,2.2726,2.2726,-0.75367,1.5835,,-0.028427,-0.47594,0.22612,-0.052623,-0.43061,139.77,48.984,-1.7372,0.43276,61.514,-0.71231,-0.44983,0.81576,1.0284,0.44003,-0.17651,-0.17651,-105.75,-0.47594,24.072,1.4118,0,4.0202,7.4514,237.05,1.5398,9.8327,0
-0.071893,0.33077,0.015291,1.0693,-49.681,0,-0.071893,2.0233,0.80824,0.66923,-0.063044,-0.32604,0.013804,-0.071893,10821,0.033729,3.0233,-0.071893,-0.08895,66.044,0.87377,-0.063091,-0.08895,-0.23635,0.50459,0.033729,-7.1298,0.020007,3.5611,0.39703,-0.078042,77.935,4.6874,3.1248,-0.22437,0.97045,17.421,0.67437,-0.2776,0.045775,0.55242,-0.078059,101.92,35.881,-0.49159,0.70902,51.689,-0.14614,-0.18081,0.71286,0.2205,0.21352,0.87563,0.88235,55.66,-0.2777,-0.10743,1.065,0.007681,5.5266,10.173,99.577,3.6655,1.0575,1
0.40303,0.23473,0.40651,3.3534,36.694,0,0.40303,3.2603,2.4757,0.76527,0.40695,2.3333,0.18825,0.40303,183.83,1.9856,4.2603,0.40303,0.16279,29.089,1.0775,0.38434,0.16279,1.165,0.40303,1.9856,98.043,0.96615,4.3396,0.045352,0.16327,29.974,12.177,8.9609,0.37238,2.4757,47.523,0.77331,0.15041,0.71608,0.017489,0.15524,67.163,38.074,2.0427,2.2112,34.238,0.3213,0.12978,2.4678,0.17273,0.082122,1.8188,1.8379,8884.8,0.15041,0.52664,0.83952,0.010502,12.548,9.5865,25.466,14.333,5.884,0
0.36335,0.47946,0.14613,1.3063,23.851,0,0.45485,1.0857,2.585,0.52054,0.47995,0.95333,0.18724,0.45485,361.57,1.0095,2.0857,0.45485,0.17596,0,2.3649,0.45903,0.14056,0.88674,0.51584,0.81865,18.285,0.38787,4.0272,0.16884,0.18354,82.376,4.4309,4.4092,0.47095,2.585,,0.52054,0.18219,0.10692,0.032737,0.17757,80.798,80.798,,1.3063,0,0.42987,0.16629,1.2999,0.47711,0.22569,1.3816,1.3816,1555.8,0.18219,0.69802,0.82604,0,,4.5174,67.368,5.418,6.8612,0
0.020569,0.634,0.24746,1.4471,-119.54,0,0.022018,0.57729,0.98903,0.366,0.046359,0.039785,0.029468,0.022018,7940.2,0.045969,1.5773,0.022018,0.022262,206.1,1.1299,0.041761,0.020798,0.20739,0.33653,0.043684,1.7157,1.2428,4.1327,0.61092,0.042296,212.73,1.7158,1.4977,0.039466,0.98903,3.0091,0.44657,0.039904,0.057326,0.43229,0.042225,283.86,77.762,0.036833,0.43806,214.66,0.034635,0.035019,1.2632,0.55343,0.58283,1.8382,2.2428,3358.8,0.039904,0.0562,0.9779,0.22013,1.771,4.6938,204.24,1.7871,4.9672,0
0.080367,0.21412,0.49954,3.333,142.02,-0.0055,0.090905,3.441,1.0638,0.73678,0.090905,0.42455,0.21437,0.090905,305.31,1.1955,4.6703,0.090905,0.076128,36.347,4.1858,0.068981,0.067303,0.00895,0.73678,1.1463,0.61455,1.7446,5.2048,-0.093143,0.076128,69.627,5.2422,0.32216,0.068981,1.2475,,0.73678,0.057768,1.5331,0.030076,0.057768,117.8,81.453,0.67586,2.7777,38.667,-0.096092,-0.080472,3.333,0.21412,0.19076,2.5731,2.5731,80056,0.060001,0.10908,0.94,0,10.042,4.4811,65.449,5.5768,4.1702,0
0.19694,0.198,0.62835,5.9188,70.306,-0.000099,0.24006,4.0505,1.7701,0.802,0.24501,1.8792,0.15665,0.24006,260.63,1.4005,5.0505,0.24006,0.13562,68.634,1.2657,0.23589,0.11126,0.61768,0.66428,1.1826,47.698,2.5762,4.0571,0.068092,0.13841,30.361,12.022,7.7562,0.23437,1.7701,16.202,0.82812,0.1324,0.62875,0.024166,0.13326,139.35,70.712,0.59167,3.3132,79.108,0.19866,0.11223,3.8186,0.12775,0.083181,3.2882,3.3953,7166.8,0.1324,0.24556,0.86583,0.032572,5.3181,5.1618,26.341,13.857,7.2574,0
0.055392,0.75571,0.078834,1.1077,-64.877,0,0.072237,0.32326,2.5995,0.24429,0.081453,0.098672,0.047588,0.072237,2229.8,0.16369,1.3233,0.072237,0.027789,72.264,1.1701,0.079984,0.021309,0.14685,0.24135,0.1414,8.6794,0.41695,4.2301,0.28234,0.029858,106.35,3.4321,3.3249,0.086851,2.5995,12.547,0.26791,0.033411,0.040275,0.19163,0.030769,109.72,37.461,0.10763,0.4047,74.762,0.028518,0.010971,1.0731,0.73209,0.29137,1.2921,1.417,1339.1,0.033411,0.22675,0.97231,0.09666,5.0509,9.7435,102.8,3.5507,13.749,0
0.040839,0.28971,0.32129,2.9615,446.93,0.011861,0.054492,2.4517,0.89756,0.71029,0.065419,0.33267,0.079276,0.054492,1486.1,0.2456,3.4517,0.054492,0.060711,131.39,1.2166,0.029684,0.045499,0.046266,0.49175,0.19848,2.7164,0.62397,5.0908,0.32278,0.060711,,0.20063,0.11344,0,0.89756,1.3415,0.83104,0,0.11525,0.20837,0.033072,189.59,58.198,0.1264,0.98896,3588.5,0.013021,0.014507,1.6744,0.1638,4.9842,1.3794,1.6139,2.9615,1,0.057496,0.044893,0.17001,2.778,6.2717,66.61,5.4796,1.7431,0
0.014266,0.26773,0.52468,3.7956,351.76,0,0.014266,2.7352,0.54352,0.73227,0.036643,0.076015,0.1729,0.014266,1039.9,0.351,3.7352,0.014266,0.026248,84.595,1.8906,0.004864,0.026248,0.073569,0.6317,0.351,0.21739,1.824,5.1214,0.39154,0.054918,178.5,2.0448,1.4334,0.081863,0.54352,9.0589,0.797,0.15062,0.83406,0.10552,0.00895,373.26,288.67,0.11325,3.1244,119.81,-0.074841,-0.1377,2.6608,0.18768,0.48905,2.5458,2.7708,69391,0.29393,0.019482,0.78682,0.088396,4.3147,1.2644,126.04,2.896,1.8895,0
-0.20007,1.2289,0.03201,1.0622,-90.55,-0.53367,-0.2024,-0.18624,1.35,-0.22886,-0.14131,-0.39326,-0.12262,-0.2024,-2709.6,-0.1347,0.81376,-0.2024,-0.14993,104.64,1.2053,-0.14151,-0.1482,-0.25331,-0.58391,-0.13281,-2.3165,0.070612,4.6889,0.89543,-0.12669,125.68,2.9042,1.2163,-0.14473,1.35,0.24228,0.43019,-0.10721,0.061675,-0.39143,-0.10483,139.23,34.59,-0.51698,0.31025,94.504,-0.17838,-0.13213,0.44487,0.51467,0.34433,-0.50486,0.94898,1563.9,-0.10721,0.8742,1.1492,-2.8797,3.4883,10.552,139.15,2.623,2.978,0
0.010279,0.56876,0.22499,1.5814,-7.3789,0,0.022516,0.75821,1.2313,0.43124,0.084012,0.058181,0.093579,0.022516,1801.8,0.20258,1.7582,0.022516,0.018287,72.591,1.0566,0.046651,0.008349,0.17123,0.36647,0.18107,0.75861,0.57986,4.3118,0.43965,0.032198,113.13,3.2264,2.1953,-0.017346,1.2313,2.6941,0.56751,-0.014088,0.080742,0.13605,0.037889,172.16,99.567,0.041979,0.94863,71.583,-0.046053,-0.037403,1.076,0.387,0.30994,1.1114,1.4626,4613.2,-0.014088,0.023837,0.98318,0.31599,5.0282,3.6659,114.72,3.1816,3.1733,0
-0.38958,0.74089,0.11798,1.2258,1.143,0,-0.38958,0.34973,2.4183,0.25911,-0.38837,-0.74546,0.70479,-0.38958,158.66,2.3005,1.3497,-0.38958,-0.16109,16.977,0.81686,0,-0.16109,-0.28571,-0.29424,2.3005,0,0.32823,3.6549,0.29764,-0.32219,2889,0.12634,0.089117,0.057036,2.4183,2.4941,0.47085,0.023585,0.063213,0.011794,0,91.696,74.719,-3.4634,1.0105,621.83,-2.094,-0.86589,0.8646,0.52259,7.915,0.7209,1.31,533,0.9727,-1.5035,0.028656,0.81716,21.499,4.885,78.876,4.6275,6.7282,0
0.080806,0.55827,-0.10391,0.81001,-39.304,0.2109,0.099034,0.78292,1.0527,0.43708,0.099034,0.18107,0.056105,0.099034,1352.3,0.26991,1.7913,0.099034,0.036875,22.461,1.3757,0.13817,0.030088,0.26167,0.43708,0.23726,0.54159,-0.18656,4.3214,0.20442,0.036875,78.251,4.6645,0.24749,0.13817,2.7219,24.486,0.44842,0.051445,0.023743,0.096695,0.051445,58.443,35.983,0.48895,0.50784,23.645,0.086518,0.032215,0.79355,0.54693,0.21439,0.78473,0.80509,-2178,0.050104,0.18488,0.9499,0.025952,16.251,10.144,74.33,4.9105,4.8218,0
0.18947,0.40094,0.57631,2.4374,101.68,0,0.23982,1.4941,1.8093,0.59906,0.2533,0.59816,0.13481,0.23982,599.99,0.60835,2.4941,0.23982,0.13255,25.864,1.3151,0.22084,0.10472,0.68968,0.50147,0.48276,16.386,25.327,3.7096,0.08596,0.13255,92.003,3.9672,3.9672,0.21864,1.8093,,0.59906,0.12085,0.6121,0.059419,0.12206,147.64,121.78,1.4779,2.1176,29.419,0.21675,0.1198,2.4374,0.40094,0.25206,26.327,26.327,2952.6,0.12085,0.31628,0.86994,0,14.112,2.9973,80.885,4.5126,79.512,0
0.11467,0.18638,0.6081,4.2627,64.086,0.074093,0.15005,4.3654,2.1125,0.81362,0.15252,0.80507,0.11238,0.15005,286.54,1.2738,5.3654,0.15005,0.071028,44.84,1.1077,0.14412,0.054283,,0.75058,1.084,58.347,2.9588,2.8993,-0.064405,0.072197,34.547,10.565,10.565,0.14336,2.1125,,0.81362,0.067862,1.8029,0.026838,0.068223,79.212,34.372,0.44187,2.8703,48.104,0.056758,0.026868,4.2627,0.18638,0.09465,3.9588,3.9588,482.28,0.067862,0.14094,0.92933,0,8.1401,10.619,32.203,11.334,10.279,0
0.12779,0.42956,0.17669,1.5255,2.457,0,0.15708,1.3279,1.1957,0.57044,0.17229,0.46718,0.16797,0.15708,780.64,0.46756,2.3279,0.15708,0.13137,51.402,1.1942,0.17176,0.10687,0.4138,0.1858,0.39936,11.294,0.36275,3.9832,0.31862,0.13451,119.54,3.0534,2.39,0.16909,1.1957,6.5174,0.6233,0.14141,0.14918,0.066436,0.14364,141.26,89.855,0.75886,1.0247,59.868,0.128,0.10704,1.1941,0.33623,0.32751,1.1711,1.2797,1699.6,0.14141,0.22401,0.8692,0.09267,7.1009,4.0621,102.64,3.5563,2.4549,0
0.015686,0.23767,0.71259,3.9982,68.241,0,0.022949,3.2075,2.4688,0.76233,0.087972,0.096557,0.043273,0.022949,812.01,0.4495,4.2075,0.022949,0.009295,38.176,1.1854,0.086938,0.006354,0.131,0.28562,0.41894,1.337,14.328,2.6228,-0.075235,0.032783,36.158,10.095,10.095,0.069631,2.4688,,0.76233,0.028204,1.8467,0.046378,0.035214,75.602,37.426,0.060747,2.9118,39.284,0.003053,0.001237,3.9982,0.23767,0.099062,15.328,15.328,298.96,0.028204,0.020577,0.99078,0,9.561,9.7527,35.138,10.388,49.64,0
0.063889,0.29633,0.26969,2.1231,-16.173,0.2342,0.079678,1.0572,1.0981,0.31328,0.079678,0.3318,0.10748,0.079678,1185.8,0.30782,3.3746,0.079678,0.093884,115.36,0.60198,0.084967,0.075279,0.29728,0.31328,0.25454,1.0994,0.5502,4.9916,0.34767,0.093884,113.41,3.2184,0.28673,0.084967,0.95351,4.2991,0.36948,0.10012,0.15379,0.10095,0.10012,203.38,88.021,0.23818,1.0061,126.68,0.073427,0.086518,1.7205,0.24014,0.31071,0.63913,0.75378,26451,0.089343,0.20393,0.91066,0.17938,3.164,4.1468,103.28,3.5342,1.7314,0
0.004654,0.14129,0.32888,3.3276,115.32,0.043894,0.004954,5.6441,1.0156,0.79747,0.004954,0.035058,0.043633,0.004954,2358.5,0.15476,7.0775,0.004954,0.009885,126.92,1.2678,-0.004871,0.009288,0.059644,0.79747,0.15264,-0.098721,0.62072,5.0912,0.20022,0.009885,104.52,3.4922,-0.034475,-0.004871,0.52347,,0.79747,-0.00972,0.30381,0.38577,-0.00972,311.18,184.26,0.026709,2.0943,128.91,-0.021784,-0.043469,3.3276,0.14129,0.28635,1.5052,1.5052,40569,0.015386,0.005836,0.98461,0,2.8758,1.9809,102.91,3.5468,0.94584,0
0.018704,0.64537,0.14816,1.4323,-48.118,0.2925,0.019718,0.54949,1.659,0.35463,0.051718,0.057532,0.02565,0.019718,5535.7,0.065935,1.5495,0.019718,0.011885,75.4,1.5056,0.036682,0.011274,0.094024,0.34673,0.064365,1.1463,0.29101,7.2162,0.38902,0.011885,79.47,4.5968,2.4411,0.084872,1.659,0.48959,0.65728,0.051159,0.037337,0.36145,0.022111,105.19,29.786,0.054577,0.43235,79.399,0.013846,0.008346,0.76061,0.34272,0.21754,0.69655,1.291,1.4323,0.051159,0.052742,0.96006,0.85344,4.8408,12.254,75.404,4.8406,3.2585,0
0.05167,0.41077,0.1865,1.4969,3.69,0.1494,0.064714,1.3605,1.0195,0.55885,0.064714,0.17243,0.042125,0.064714,1291.2,0.28269,2.4345,0.064714,0.023477,19.562,1.003,0.058978,0.018745,0.18843,0.55885,0.25093,0.21813,0.42561,5.9286,0.13467,0.023477,50.664,7.2043,0.14358,0.058978,2.7886,11.679,0.5943,0.021396,0.13618,0.12234,0.021396,67.623,48.062,0.34976,1.1033,19.943,0.007575,0.002748,1.3677,0.37531,0.13881,1.2754,1.3563,158210,0.019106,0.092459,0.98089,0.063442,18.659,7.5944,49.696,7.3446,6.2907,0
0.20014,0.40411,0.011405,1.0307,-31.956,0.32164,0.23802,1.4434,1.1654,0.58327,0.23802,0.64026,0.1747,0.23802,454.47,0.80313,2.4746,0.23802,0.12812,28.018,2.1648,0.26089,0.10773,0.38131,0.58327,0.70939,1.6366,0.018488,4.0614,0.1948,0.12812,85.119,4.2881,0.64559,0.26089,1.868,7.4337,0.61563,0.14043,0.1206,0.038241,0.14043,66.471,38.453,1.4034,0.64707,32.652,0.17435,0.093852,0.94815,0.37175,0.2332,0.94556,0.99802,131.35,0.14192,0.34313,0.85808,0.055479,13.027,9.4922,73.038,4.9974,3.0117,0
-0.001272,0.79603,-0.3322,0.55885,-170.47,-0.57337,-0.001272,0.093648,0.94354,0.074546,-0.001272,-0.00169,0.062734,-0.001272,4227.3,0.086343,1.2562,-0.001272,-0.001161,38.775,1.5727,0.015132,-0.001161,-0.57153,0.074546,0.086343,0.13032,-0.57359,4.9262,0.61908,-0.001161,236.71,1.542,0.01901,0.015132,1.2042,7.0821,0.11753,0.013812,0.24681,0.3074,0.013812,78.285,39.509,-0.010931,0.40429,36.586,-0.054871,-0.050083,0.52867,0.75304,0.64852,0.12871,0.20294,-28028,-0.059833,-0.017066,1.0598,0.57666,9.4132,9.2384,250.87,1.4549,1.8917,0
0.49074,0.10584,0.59641,6.6422,39.955,0.61699,0.49074,8.0694,1.1562,0.85405,0.49074,4.6425,0.14801,0.49074,71.099,5.1337,9.4484,0.49074,0.13368,24.41,1.4214,0.50392,0.13368,0.61699,0.85405,5.1337,1.5872,2.0022,4.8784,-0.033803,0.13368,12.152,30.036,4.7612,0.50392,3.7092,3450.9,0.85418,0.13727,2.2165,0.006253,0.13727,46.515,22.105,1.9989,4.3197,28.223,0.45132,0.12295,6.6339,0.10571,0.033293,2.867,2.8675,45073,0.1351,0.57461,0.8649,0.000155,14.953,16.512,10.51,34.728,12.323,0
0.44827,0.21062,0.46438,3.3874,121.09,0.006501,0.44827,3.7478,1.8159,0.78938,0.47554,2.3046,0.26263,0.44827,161.2,2.2643,4.7478,0.44827,0.24685,6.448,1.1085,0.45006,0.24685,0.83287,0.53191,2.2643,16.505,1.3614,3.3688,0.099104,0.24685,54.136,6.7423,6.2266,0.50447,1.8159,38.908,0.80549,0.2778,0.16168,0.014666,0.24784,126.11,119.67,13.973,3.2225,8.9283,0.4214,0.23206,3.1283,0.19451,0.14832,2.3142,2.3614,1085.7,0.2778,0.56788,0.75904,0.020409,56.607,3.0501,39.097,9.3358,5.3237,0
0.10508,0.18267,0.27031,2.4798,105.17,0.44197,0.13034,4.2148,1.1253,0.76991,0.13034,0.71352,0.17914,0.13034,355.46,1.0268,5.4744,0.13034,0.12448,5.147,0.9968,0.1165,0.10035,0.54697,0.76991,0.88857,1.2521,0.49415,5.1511,-0.066735,0.12448,71.655,5.0938,0.63779,0.1165,1.0636,,0.76991,0.11127,1.385,0.034566,0.11127,69.716,64.569,7.1167,2.399,5.7918,0.059268,0.056604,2.4798,0.18267,0.19632,1.4075,1.4075,38281,0.11134,0.13648,0.88866,0,70.916,5.6528,63.677,5.732,1.9141,0
0.000531,0.42729,0.10422,1.3501,0.49149,0.0064,0.000531,1.2927,0.99868,0.55234,0.000531,0.001784,0.015602,0.000531,4020.4,0.090787,2.3403,0.000531,0.000214,12.888,1.0404,0.001264,0.000214,0.014194,0.55234,0.090787,0.005076,0.17426,4.7429,0.15532,0.000214,43.645,8.363,0.002958,0.001264,2.5186,2.4242,0.68192,0.000508,0.18197,0.35542,0.000508,51.05,38.161,0.006049,1.0552,12.871,-0.036998,-0.01488,0.94065,0.29771,0.11957,0.92353,1.1402,5765.6,-0.001327,0.000962,1.0013,0.23461,28.32,9.5646,43.703,8.3519,4.1574,0
0,0.23389,0.56179,3.4019,104.5,0.005801,0.006828,3.2755,1.7435,0.76611,0.006828,0.029191,0.009032,0.006828,5421.4,0.067326,4.2755,0.006828,0.003916,10.71,1.1652,-0.006095,0,-0.27612,0.68652,0.038135,,2.7495,2.7981,-0.15489,0.003916,48.795,7.4803,7.4803,-0.006054,1.7435,,0.76611,-0.003472,2.1774,2.7607,-0.003496,59.957,49.247,0,3.1832,10.672,-0.015015,-0.008612,3.4019,0.23389,0.13368,3.7495,3.7495,352.91,-0.003472,0,0.99611,0,34.082,7.4116,48.964,7.4544,8.533,0
0.18839,0.092739,0.46803,6.0467,70.441,0.95236,0.18839,9.783,1.1385,0.90726,0.18839,2.0314,0.15191,0.18839,118.51,3.0798,10.783,0.18839,0.10019,30.89,0.7899,0.18905,0.10019,0.95236,0.90726,3.0798,1.1447,1.0656,3.9688,-0.053778,0.10019,20.497,17.808,2.0385,0.18905,1.8884,,0.90726,0.10055,2.1419,0.01065,0.10055,70.298,39.408,1.1839,4.3309,35.169,0.091813,0.048831,6.0467,0.092739,0.056155,2.0656,2.0656,4355.9,0.12166,0.20764,0.87834,0,11.816,9.2621,18.003,20.274,4.2807,0
-0.11195,0.015597,0.9844,64.113,977.6,-0.82451,-0.11195,63.113,0.35167,0.9844,-0.11195,-7.1773,-0.030588,-0.11195,-529.25,-0.68966,64.113,-0.11195,-0.31833,0,1.2788,-0.11195,-0.31833,-0.43657,-0.93646,-0.68966,,,1.1144,-2.7789,-0.31833,12.278,29.729,29.729,-0.11202,0.35167,,0.9844,-0.31855,63.655,-0.048333,-0.31833,7.4164,7.4164,,64.113,0,-0.21314,-0.60607,64.113,0.015597,0.033637,,,12.812,-0.31855,-0.11372,1.3182,0,,49.215,16.189,22.547,,0
-0.072764,0.1239,0.50436,8.565,89.182,-0.58032,-0.072764,7.0707,0.73381,0.8761,-0.072764,-1.0914,0.061266,-0.072764,1006,0.36284,8.0707,-0.072764,-0.099159,168.99,0.68729,0,-0.099159,-0.84888,-0.65309,0.36284,,1.1757,3.6132,0.024874,-0.19832,34.632,10.539,5.671,0.038615,0.73381,,0.8761,0.052622,1.8801,0.035084,0,221.68,52.687,-0.21417,3.4689,176.49,-0.11772,-0.16042,4.6086,0.06667,0.094881,2.0423,2.0423,2070,0.042445,-0.083055,0.96085,0,2.1598,6.9277,33.162,11.007,1.7106,0
0.027561,0.91205,0.065359,1.5525,-23.237,0,0.03179,0.096428,0.79599,0.087948,0.076355,0.26874,0.10007,0.03179,4179.3,0.087336,1.0964,0.03179,0.039937,6.5328,1.0386,0.070909,0.034625,0.042342,0.05756,0.082699,1.5911,0.080062,4.0305,1.1289,0.08829,55.734,6.5489,0.84938,0.021312,0.79599,0.25265,0.75845,0.026774,0.94224,0.25596,0.089083,33.103,26.57,1.9346,1.4321,6.7125,0.023044,0.02895,0.20136,0.11829,0.1527,0.10773,0.92907,701.17,0.026774,0.31338,0.96446,7.6238,55.872,13.737,54.242,6.7291,0.97506,0
0.004344,0.1241,0.89995,19.331,226.25,0,0.005507,7.0583,1.4151,0.87591,0.007352,0.11217,0.019322,0.005507,1656.6,0.22033,8.0583,0.005507,0.003892,0,1.0183,0.00658,0.00307,0.012101,0.80915,0.21096,3.5666,17.66,2.8745,-0.44996,0.003892,12.42,29.388,11.626,-0.027659,1.4151,,0.87591,-0.019545,15.638,0.14557,0.00465,46.76,46.76,,19.331,0,-0.015255,-0.01078,7.6476,0.049094,0.034027,17.188,17.188,674.11,-0.019545,0.00496,0.99621,0,,7.8058,12.663,28.825,27.77,0
0.10352,0.090261,0.6283,7.961,90.76,0,0.12461,10.079,1.1802,0.90974,0.13808,1.3806,0.16426,0.12461,169.95,2.1477,11.079,0.12461,0.10559,95.962,1.0506,0.085899,0.087709,0.39832,0.64558,1.914,6.3809,2.2325,3.8157,-0.14646,0.10563,24.956,14.626,14.626,-0.13995,1.1802,,0.90974,-0.11858,2.9443,0.019393,0.072783,140.04,44.077,0.33361,4.5233,85.789,0.016656,0.014113,7.961,0.090261,0.068371,3.2325,3.2325,4110.1,-0.11858,0.11379,0.93264,0,3.8036,8.2809,27.915,13.076,4.1935,0
0.087569,0.46743,0.16717,1.5224,-23.342,0.14993,0.10956,1.0796,1.1144,0.50463,0.10956,0.34237,0.11839,0.10956,1158.8,0.31498,2.1394,0.10956,0.0881,69.501,1.3419,0.11962,0.070416,0.19215,0.50463,0.26793,1.0719,0.32598,4.5477,0.28062,0.0881,104.67,3.4873,0.25592,0.11962,1.2487,1.6983,0.65205,0.096193,0.37108,0.097699,0.096193,108.14,38.635,0.36981,0.78243,77.449,0.081953,0.0659,1.0422,0.32,0.28675,0.98402,1.2715,5899.8,0.10263,0.17353,0.89737,0.29215,5.2518,9.4474,93.924,3.8861,2.425,0
0.067989,0.81274,-0.07775,0.88598,-73.229,0.13521,0.074189,0.2304,1.084,0.18726,0.074189,0.1088,0.090112,0.074189,3290.2,0.11094,1.2304,0.074189,0.074148,33.928,1.1746,0.082545,0.067952,0.15864,0.18726,0.10331,0.89427,-0.1964,5.359,0.79115,0.074148,269.63,1.3537,0.10156,0.082545,1.0414,3.9054,0.31813,0.0825,0.051202,0.27122,0.0825,207.65,173.72,0.73102,0.74958,36.778,0.066572,0.066535,0.74331,0.68187,0.73872,0.47302,0.8036,-17771,0.077467,0.36308,0.92253,0.69889,10.758,2.1011,248.74,1.4674,2.5274,0
0.094884,0.59648,0.264,1.7288,-187.82,0.30849,0.11908,0.67652,1.1244,0.40352,0.12948,0.32873,0.12559,0.11908,1541.6,0.23676,1.6765,0.11908,0.1059,162.62,1.0398,0.12911,0.084383,0.32821,0.39937,0.19619,12.416,0.70635,5.9655,0.53047,0.1059,246.3,1.5224,0.92459,0.5876,1.1244,0.53483,0.63775,0.52258,0.087103,0.13146,0.11482,193.04,30.422,0.1894,0.34582,331.56,0.10697,0.095129,1.0499,0.36225,0.65684,1.0797,1.7063,1.7288,0.52258,0.23514,0.49492,0.58046,2.2445,11.998,117.59,3.1041,3.0085,0
0.064526,0.38713,0.030718,1.09,-37.559,0.15865,0.079316,1.541,1.0975,0.59657,0.079316,0.23228,0.1183,0.079316,1269.2,0.28757,2.5831,0.079316,0.084281,44.86,1.0262,0.096541,0.068565,0.19548,0.59657,0.24937,1.1258,0.048928,5.2036,0.41012,0.084281,145.34,2.5113,0.24938,0.096541,0.96084,5.617,0.64224,0.10258,0.006893,0.099006,0.10258,143.44,98.577,0.55788,0.75123,49.232,0.064529,0.068569,0.96138,0.34146,0.3982,0.95023,1.023,4909.4,0.088807,0.10816,0.91119,0.07655,8.1365,3.7027,132.44,2.7561,1.499,0
0.022582,0.65079,0.23448,1.7299,-9.7238,0.043027,0.030912,0.50948,1.052,0.33157,0.030912,0.096224,0.050918,0.030912,3737.4,0.097661,1.5366,0.030912,0.024765,76.219,0.88769,0.055348,0.018091,0.055244,0.33157,0.08486,0.4665,0.5278,5.3958,0.52109,0.024765,98.829,3.6932,0.085048,0.055348,1.2607,0.89546,0.6611,0.044342,0.016703,0.24315,0.044342,160.94,84.72,0.086637,0.91856,80.185,0.022704,0.018189,0.85394,0.32125,0.27076,0.74632,1.4881,58333,0.049471,0.068107,0.95053,0.99388,4.7889,4.3083,93.94,3.8855,2.8096,0
0.11376,0.56156,0.089818,1.1735,-27.827,0.27779,0.14475,0.77605,1.0852,0.43579,0.14475,0.27956,0.094662,0.14475,1144.7,0.31886,1.7808,0.14475,0.076527,41.6,1.1194,0.17205,0.060144,0.35072,0.43579,0.26367,0.98708,0.2289,4.3185,0.29541,0.076527,108.43,3.3663,0.30638,0.17205,1.9229,8.9576,0.47956,0.090958,0.017563,0.089468,0.090958,115.49,73.892,0.5277,0.75711,45.145,0.13775,0.072823,1.082,0.51779,0.29706,1.1106,1.2222,1870.1,0.078512,0.26105,0.92149,0.10042,8.7739,4.9397,99.916,3.6531,4.8206,0
0.1351,0.2712,0.48148,2.7785,65.887,0,0.16755,2.6873,2.4473,0.7288,0.16905,0.61887,0.072158,0.16755,560.55,0.65115,3.6873,0.16755,0.068461,9.1038,2.2241,0.1646,0.055203,0.59724,0.72545,0.5315,109.36,1.9431,4.1744,0.063606,0.068476,43.337,8.4355,8.4207,0.16712,2.4528,,0.7288,0.068288,0.44203,0.05206,0.067258,94.339,85.235,2.2133,2.553,9.756,0.15556,0.063561,2.7736,0.27073,0.11855,2.9412,2.9412,7193.5,0.068288,0.18537,0.93169,0,40.093,4.2823,40.377,9.0397,9.8767,0
0.11403,0.47273,0.41479,1.8774,21.264,0,0.12804,1.1154,2.3894,0.52727,0.14571,0.27085,0.068268,0.12804,1057.8,0.34506,2.1154,0.12804,0.053586,43.32,1.0902,0.14476,0.047722,,0.48576,0.31542,8.1913,3.688,3.9925,0.194,0.060758,76.868,4.7484,4.7484,0.14469,2.3894,,0.52727,0.060555,0.020891,0.08762,0.060584,134.07,90.748,0.40209,1.2776,46.112,0.10968,0.045902,1.8774,0.47273,0.2106,4.688,4.688,4076.9,0.060555,0.21626,0.94644,0,8.4258,4.0221,72.213,5.0545,21.244,0
0.16035,0.364,0.15653,1.7296,26.768,0,0.16035,1.7473,1.6242,0.636,0.16911,0.74739,0.14125,0.16035,579.09,0.6303,2.7473,0.16035,0.098722,10.57,1.2075,0.16868,0.098722,0.15337,0.12257,0.6303,19.247,0.24888,4.2884,0.21915,0.10178,53.074,6.8772,4.0535,0.14877,1.6242,2.1681,0.78546,0.091594,0.060456,0.051031,0.10385,80.473,69.903,3.4091,1.5104,11.636,0.099595,0.061319,1.0194,0.21454,0.14541,1.0112,1.2489,3041.1,0.091594,0.25211,0.90277,0.23499,34.532,5.2215,48.212,7.5707,2.5825,0
0.024788,0.56037,0.41612,6.9497,14.281,0.21351,0.030721,0.78454,1.2576,0.43963,0.078042,0.43925,0.058252,0.030721,2792,0.13073,1.7845,0.030721,0.024428,107.5,1.1194,0.074066,0.01971,0.10599,0.24346,0.12014,1.5652,0.80965,3.8835,0.42966,0.061223,21.353,17.094,2.1334,0.062105,1.2576,0.23587,0.93006,0.049383,0.28636,0.16019,0.058894,135.26,27.76,0.066925,1.654,113.08,0.031528,0.02507,0.86738,0.069939,0.058502,0.8554,1.8097,3181.8,0.049383,0.056383,0.97616,1.1156,3.3955,13.148,20.299,17.982,2.447,0
-0.29821,0.95849,-0.24481,0.65565,-54.627,0,-0.29413,0.043294,2.0902,0.041496,-0.25645,-0.41372,-0.1187,-0.29413,-1410.1,-0.25885,1.0433,-0.29413,-0.14072,18.076,,-0.2669,-0.14267,-0.24406,-0.11816,-0.26311,-7.0843,-0.45862,4.0521,0.3947,-0.12484,120.03,3.3183,2.4612,-0.071614,2.1026,1.4887,0.28507,-0.034262,0.19152,-0.14465,-0.12769,57.619,39.544,-2.8809,0.33712,16.016,-0.31292,-0.14971,0.4863,0.71093,0.30136,0.077738,0.53404,-2760,-0.034246,-7.1864,1.122,5.8697,20.193,9.2303,124.14,2.9401,3.9158,1
-0.012103,0.62799,0.043233,1.1135,-175.08,-0.08831,-0.015257,0.56397,1.0324,0.35417,-0.015257,-0.040068,0.056767,-0.015257,6486.3,0.056272,1.5924,-0.015257,-0.024508,129.58,0.97953,0.024181,-0.019442,-0.10704,0.35417,0.061294,0.40104,0.075059,4.8865,0.99962,-0.024508,230.5,1.5835,0.038505,0.024181,0.63245,0.82115,0.60138,0.038844,0.25363,0.27611,0.038844,191.98,62.402,-0.054764,0.53313,133.78,-0.026414,-0.042432,0.67518,0.38077,0.63151,0.61488,1.0441,3329.3,0.031421,-0.034173,0.96858,0.69803,2.8168,5.8492,223.26,1.6349,1.0808,0
-0.24513,0.98118,-0.41377,0.47728,-219.22,-0.38008,-0.24513,-0.10276,0.73395,-0.10083,-0.24513,-0.30968,-0.25554,-0.24513,-1918.3,-0.19027,1.0192,-0.24513,-0.33553,77.997,0.44519,-0.19402,-0.33553,-0.37975,-0.10083,-0.19027,-1.9492,-0.66502,3.9176,1.3139,-0.33553,290.26,1.2575,-0.19775,-0.19402,0.83626,1.1692,0.088777,-0.26558,0.027696,-0.23792,-0.26558,177.8,99.804,-1.5702,0.28006,57.245,-0.25246,-0.34557,0.38505,0.79158,0.79523,-0.16205,0.14268,-3422.5,-0.3625,2.4312,1.3625,-1.8805,4.6797,3.6572,395.48,0.92294,1.1742,0
0.26236,0.14722,0.49898,4.3894,68.106,0.38522,0.26236,5.7926,1.6434,0.85278,0.26574,1.7821,0.16773,0.26236,194.94,1.8724,6.7926,0.26236,0.15965,69.382,1.1876,0,0.15965,0.65324,0.69269,1.8724,0,1.4103,3.8914,-0.047186,0.31929,56.641,6.4441,6.4441,0.000977,1.6434,,0.85278,0.000594,1.5921,0.3693,0,91.462,22.08,0.83985,2.2674,120.19,-0.013288,-0.008086,4.3894,0.14722,0.15518,2.4103,2.4103,3885.9,0.42274,0.30766,0.58432,0,5.2607,16.531,32.697,11.163,4.645,0
0.17088,0.032501,0.54422,17.745,123.9,0.46591,0.21373,29.552,1.1594,0.96048,0.21373,6.5761,0.19894,0.21373,49.714,7.342,30.768,0.21373,0.17818,58.919,1.0807,0.18018,0.14246,0.58029,0.96048,6.0236,1.7416,1.2857,4.1906,-0.23812,0.17818,11.467,31.831,5.5438,0.18018,1.2589,,0.96048,0.15021,9.8835,0.005211,0.15021,77.747,18.829,0.88255,11.787,68.311,0.15528,0.12946,17.745,0.032501,0.031416,2.2691,2.2691,8440.6,0.1375,0.17791,0.8625,0,6.195,19.386,9.89,36.906,2.8337,0
-0.014277,0.19532,0.53119,3.7556,39.249,0,-0.015055,4.1197,1.6226,0.80468,-0.001278,-0.078098,0.006608,-0.015055,6649.4,0.054892,5.1197,-0.015055,-0.009278,85.302,0.98221,-0.001667,-0.008799,0.050386,0.49031,0.058874,-0.12097,1.9243,4.2553,0.10172,-0.009244,52.274,7.0576,6.9653,0.2766,1.6226,,0.80468,0.17047,0.19885,0.27005,-0.001027,154.23,68.931,-0.03765,1.7885,101.73,-0.027443,-0.016913,3.7065,0.19277,0.14169,2.9151,2.9151,3.7556,0.17047,-0.017742,0.84324,0,4.2789,5.2951,43.363,8.4173,5.878,0
0.10171,0.30783,0.69217,3.2485,39.084,0,0.12361,2.2485,2.0771,0.69217,0.12368,0.40156,0.059511,0.12361,908.96,0.40156,3.2485,0.12361,0.059511,84.454,0.74745,0.097352,0.048969,0.66611,0.61688,0.33042,1405.6,,2.8223,0.050772,0.059545,57.659,6.3304,6.3304,0.12843,2.0771,,0.69217,0.061829,0.65741,0.1054,0.046869,140.16,55.709,0.21164,1.6873,90.02,0.097352,0.046869,3.2485,0.30783,0.15797,,,459.7,0.061829,0.14695,0.94123,0,4.3219,6.5519,54.094,6.7476,,0
-0.035275,0.070089,0.91896,16.164,354.38,0,-0.034905,13.268,0.73485,0.92991,-0.034864,-0.57597,-0.032874,-0.034905,-1059,-0.34467,14.268,-0.034905,-0.047499,58.28,0.92937,-0.080314,-0.048003,0.15919,0.057335,-0.34995,-1965.7,44.951,3.9886,-1.0491,-0.047499,27.016,13.511,11.682,-0.083916,0.73485,,0.92991,-0.11419,13.981,-0.033584,-0.10929,65.712,7.4328,-0.30064,14.228,52.307,-0.091061,-0.12392,13.976,0.060601,0.074015,45.487,45.487,8951.8,-0.11419,-0.037934,1.0444,0,6.2629,49.107,30.101,12.126,35.945,0
0.13978,0.81535,-0.027798,0.93865,-16.721,0.010362,0.14524,0.22647,4.5345,0.18465,0.27074,0.32053,0.050399,0.14524,1302.2,0.28029,1.2265,0.14524,0.032031,12.997,0.80815,0.27074,0.030825,0.20912,0.17521,0.27358,2.1573,-0.048372,3.7237,0.15811,0.037589,37.743,9.6706,5.3745,0.15246,4.5345,0.74338,0.53961,0.033623,0.24011,0.076768,0.059707,25.479,12.482,0.86565,0.58232,13.449,0.18745,0.041338,0.52166,0.45313,0.10341,0.32132,0.939,-147.13,0.033623,0.75697,0.96901,1.9223,28.083,29.243,36.474,10.007,7.8908,0
0.041595,0.71244,0.2103,1.4272,-11.449,0,0.055625,0.40362,2.431,0.28756,0.093765,0.11299,0.043851,0.055625,2439.4,0.14963,1.4036,0.055625,0.022882,40.821,1.1013,0.093649,0.01711,0.26122,0.18604,0.12993,2.4554,0.70713,3.8833,0.25929,0.035655,77.591,4.7042,3.2506,0.11508,2.431,5.15,0.37119,0.047341,0.18805,0.16421,0.038523,91.593,50.772,0.15299,0.87492,42.85,0.042673,0.017554,0.98619,0.4923,0.21258,0.96692,1.2481,1607.6,0.047341,0.14465,0.97749,0.29085,8.9415,7.189,73.918,4.9379,8.1741,0
0.075558,0.28322,0.31484,2.1116,-16.451,0.33832,0.09323,2.28,1.0494,0.64574,0.09323,0.32918,0.10196,0.09323,795.89,0.45861,3.5308,0.09323,0.073183,10.345,1.2146,0.087203,0.05931,0.36368,0.64574,0.39621,0.7183,0.78332,5.4874,0.2066,0.073183,85.153,4.2864,0.3079,0.087203,1.3291,,0.64574,0.068452,1.2448,0.075177,0.068452,70.339,59.994,2.0926,1.9841,10.856,0.050545,0.039677,2.1116,0.28322,0.23329,1.6066,1.6066,96712,0.047033,0.11701,0.95297,0,35.282,6.0839,81.148,4.498,3.1695,0
0.22184,0.36992,0.61621,2.6658,23.204,0.37656,0.26919,1.7033,3.6599,0.63008,0.37367,0.7277,0.073552,0.26919,501.58,0.7277,2.7033,0.26919,0.073552,38.916,0.89493,0.30886,0.060614,0.74858,0.5984,0.5997,2.9562,44.422,3.1982,0.082929,0.073552,40.184,9.0832,9.0832,0.29984,3.6599,,0.63008,0.081926,0.20498,0.039923,0.08439,90.784,51.868,0.56851,1.6109,42.389,0.30886,0.08439,2.6658,0.36992,0.11009,45.422,45.422,972.67,0.081926,0.35209,0.9279,0,9.3792,7.0371,36.892,9.8938,263.84,0
0.049828,0.18419,0.24621,2.4924,23.928,0.057152,0.062455,3.2264,1.0384,0.59429,0.062455,0.37856,0.089574,0.062455,536.33,0.68056,5.4291,0.062455,0.044629,41.062,1.1368,0.073817,0.035605,0.075714,0.59429,0.612,0.54775,0.41815,4.5947,0.092954,0.044629,44.684,8.1685,0.40076,0.073817,1.4318,13.207,0.6135,0.052747,0.34847,0.044294,0.052747,92.252,51.189,0.31649,1.5381,42.64,0.010918,0.007802,2.2324,0.16498,0.12242,1.0093,1.0419,9683,0.037015,0.083844,0.96298,0.03233,8.889,7.1304,43.03,8.4825,2.3767,0
0,0.50391,0.41424,1.8221,46.726,0.48446,0.48446,0.98449,2.3579,0.49609,0.49498,0.96141,0.20994,0.48446,371.54,0.98239,1.9845,0.48446,0.20546,26.493,1.2647,0.4766,0,1.6434,0.48446,0.020986,45.299,5.0611,3.8376,0.07015,0.20546,97.745,3.7342,3.7342,0.47624,2.3579,,0.49609,0.20197,0.6722,0.034479,0.20212,89.692,63.199,0,1.4824,33.198,0.46602,0.19764,1.8221,0.50391,0.26779,6.0611,6.0611,2849.8,0.20197,0,0.79621,0,13.777,5.7754,78.003,4.6793,28.809,0
0.020208,0.65602,-0.055924,0.91474,-42.153,0.007305,0.018137,0.50044,1.0327,0.3283,0.018137,0.027651,0.038818,0.018137,3185.5,0.11458,1.5243,0.018137,0.009366,29.52,1.3379,0.054096,0.010436,-0.002869,0.3283,0.11774,0.28848,-0.13981,4.5203,0.25039,0.009366,127.67,2.8589,0.082461,0.054096,1.9486,4576.8,0.32839,0.027936,0.26148,0.19408,0.027936,80.766,51.246,0.12903,0.67597,30.484,-0.002936,-0.001516,0.9146,0.65592,0.34979,0.82074,0.82098,-1853.1,0.031628,0.061553,0.96837,0.000295,12.364,7.1225,123.64,2.9522,4.841,0
0.097174,0.21013,0.19972,2.2155,2.6225,0.14354,0.12856,3.216,1.1394,0.67578,0.12856,0.78237,0.18672,0.12856,402.9,0.90593,4.7589,0.12856,0.1261,67.394,1.2708,0.14397,0.095312,0.20052,0.67578,0.75657,1.6089,0.31405,4.3642,0.18343,0.1261,67.026,5.4457,0.68512,0.14397,1.0517,3.8372,0.72159,0.14121,0.17359,0.033574,0.14121,120.12,52.724,0.14121,1.0698,76.787,0.082161,0.080586,1.7325,0.16432,0.18363,1.0626,1.1347,4620.2,0.12232,0.14379,0.87768,0.067792,5.4159,6.9229,58.827,6.2046,1.6032,0
0.10633,0.26717,0.2594,2.0565,16.649,0,0.13228,2.743,1.9343,0.73283,0.13407,0.53877,0.10461,0.13228,481.91,0.75741,3.743,0.13228,0.068386,32.282,1.162,0.12154,0.054971,0.42942,0.72648,0.66029,67.996,0.52395,4.6742,0.0824,0.06839,49.177,7.4221,6.8207,0.11203,1.9343,,0.73283,0.05792,0.46869,0.046476,0.062834,73.564,41.282,0.62154,1.3597,34.267,0.051462,0.026605,1.8899,0.24552,0.13473,1.4802,1.4802,12251,0.05792,0.14509,0.93262,0,11.307,8.8417,46.329,7.8784,3.907,0
0.053628,0.37795,0.4712,2.4532,19.405,0.24032,0.066597,1.6399,1.0388,0.61978,0.066597,0.20538,0.034934,0.066597,1630,0.22393,2.6459,0.066597,0.02749,51.991,1.2521,0.089301,0.022136,0.29907,0.61978,0.18962,0.3829,2.3038,4.8814,0.14981,0.02749,50.748,7.1923,0.23628,0.089301,2.4652,8.3893,0.67346,0.036861,0.050538,0.11576,0.036861,117.38,65.386,0.1554,1.3889,54.008,0.071264,0.029416,2.1047,0.32426,0.13904,3.0302,3.2926,35859,0.037333,0.086528,0.96267,0.086619,7.0204,5.5823,48.854,7.4713,11.845,0
0.051196,0.57839,0.16621,1.3346,0.55283,0,0.071694,0.72895,1.9468,0.42161,0.10861,0.14432,0.067779,0.071694,1599.9,0.22814,1.7289,0.071694,0.036826,26.783,1.0086,0.10138,0.026297,0.37028,0.39488,0.1927,2.7465,0.49317,4.05,0.29461,0.043063,98.739,3.6966,3.175,0.11046,1.9468,7.8078,0.48823,0.056738,0.05125,0.11928,0.052074,119.53,92.742,0.35838,1.047,28.394,0.041119,0.021121,1.1463,0.49677,0.27052,1.251,1.4487,1865,0.056738,0.12143,0.96358,0.158,13.628,3.9356,93.137,3.919,5.7766,0
0.080983,0.48004,0.29011,1.6298,-40.571,0,0.10318,1.0832,1.3671,0.51996,0.11841,0.22398,0.098658,0.10318,1299.1,0.28097,2.0832,0.10318,0.075473,113.99,1.1945,0.1182,0.059237,0,0.29453,0.23473,7.7629,1.164,4.5764,0.32288,0.080785,133.95,2.725,2.615,0.1118,1.3671,46.145,0.52698,0.081779,0.086171,0.10675,0.086458,189.85,75.859,0.18968,0.70295,124.14,0.0865,0.063273,1.564,0.46066,0.36697,2.0863,2.1144,10939,0.081779,0.15575,0.92526,0.013496,3.202,4.8116,122.99,2.9677,5.4854,0
0.006063,0.68278,-0.076479,0.88103,-118.75,0,0.007855,0.46459,1.1133,0.31722,0.04212,0.012218,0.014963,0.007855,14960,0.024398,1.4646,0.007855,0.007055,114.38,1.0675,0.040694,0.005446,0.058461,0.29307,0.021775,1.1876,-0.17637,4.404,0.58144,0.03509,180.73,2.0195,1.9015,-0.18496,1.1133,,0.31722,-0.16614,0.055158,0.4598,0.036552,174.06,59.682,0.017379,0.33833,98.084,0.03189,0.028644,0.82952,0.64286,0.49516,0.73155,0.73155,-1938.7,-0.16614,0.019114,0.99414,0,3.1911,6.1157,210.76,1.7318,2.5675,0
-0.10203,0.84121,0.057271,1.2854,2.6511,-0.065439,-0.1152,0.18241,1.0708,0.15344,-0.1152,-0.57401,-0.11376,-0.1152,-2911.7,-0.12536,1.1888,-0.1152,-0.12428,16.73,1.0955,0.065478,-0.11007,-0.068546,0.15344,-0.10971,0.75641,0.077181,5.4468,0.85726,-0.12428,84.621,4.3133,0.077837,0.065478,0.93654,0.3364,0.79397,0.070639,0.27437,0.36766,0.070639,79.895,63.165,-2.4014,1.0737,17.915,0.055733,0.060125,0.30665,0.20069,0.23184,0.20678,1.07,16022,0.06613,-0.66495,0.93387,4.1744,21.817,5.7786,79.025,4.6188,1.2492,0
0.16021,0.3655,0.20475,1.6196,9.3494,0,0.16021,1.736,2.2492,0.6345,0.1617,0.48484,0.15352,0.16021,386.37,0.9447,2.736,0.16021,0.07123,26.018,1.1598,0.001406,0.07123,0.36902,0.62779,0.9447,0.94187,0.4405,5.3516,0.16207,0.15373,64.77,5.6353,5.0947,0.011493,2.2492,,0.6345,0.00511,0.005624,0.065331,0.000625,86.549,60.531,0.99927,1.1344,31.426,-0.18367,-0.081662,1.4643,0.33043,0.17745,1.3651,1.3651,46008,0.17209,0.2525,0.85978,0,14.029,6.0299,53.623,6.8067,4.8389,0
0.002029,0.17017,0.46828,3.8521,71.047,-0.063571,0.002025,4.6766,0.97222,0.79584,0.002025,0.012333,0.036568,0.002025,1657.6,0.22019,5.8763,0.002025,0.001976,94.536,1.1239,-0.020502,0.00198,-0.066082,0.79584,0.22022,-0.19451,1.2741,4.7622,0.1276,0.001976,56.859,6.4194,-0.12047,-0.020502,1.0723,61.349,0.80182,-0.020007,0.25143,0.37436,-0.020007,210.58,116.04,0.007645,2.2356,91.91,-0.055948,-0.054598,3.7166,0.16419,0.15578,2.1654,2.1817,27082,-0.028576,0.00255,1.0286,0.007518,3.861,3.1454,58.484,6.241,2.7881,0
0.040988,0.22355,0.73692,4.2965,43.064,0.15045,0.053576,3.4361,1.0146,0.76813,0.053576,0.23967,0.01364,0.053576,1197.8,0.30473,4.4734,0.053576,0.010728,10.778,1.2088,0.048681,0.008207,0.19577,0.76813,0.24842,0.098898,18.641,4.1497,0.042733,0.010728,16.576,22.019,0.21777,0.048681,5.0131,,0.76813,0.009747,0.05596,0.11624,0.009747,69.281,58.503,0.27794,3.6368,10.935,0.034136,0.006835,4.2965,0.22355,0.045415,19.431,19.431,10403,0.014399,0.053361,0.9856,0,33.866,6.239,16.338,22.341,126.33,0
-0.1071,0.001666,0.89636,539.08,275.72,0,-0.1071,599.3,1.0513,0.99833,-0.1071,-64.29,-0.033403,-0.1071,-17.315,-21.08,600.3,-0.1071,-0.10187,0,3.0947,-0.1071,-0.10187,-0.88694,0.74126,-21.08,,8.7903,2.2889,-0.000553,-0.10187,0.52489,695.38,695.38,-0.10709,1.0513,,0.99833,-0.10186,39.941,-0.001581,-0.10187,288.68,288.68,,539.08,0,-0.17908,-0.17034,539.08,0.001666,0.001438,9.7903,9.7903,174.34,-0.10186,-0.10728,1.1019,0,,1.2644,0.57836,631.1,10.31,0
0.10817,0.17535,0.51856,4.7357,87.946,0,0.13407,4.703,1.8442,0.82465,0.13443,0.96583,0.092754,0.13407,374.15,0.97553,5.703,0.13407,0.072697,20.097,1.1307,0.11476,0.058656,0.38219,0.71126,0.82786,316.23,1.5135,3.8271,-0.041019,0.072697,29.284,12.464,9.8672,0.11401,1.8442,,0.82465,0.06182,1.8325,0.038516,0.062229,79.761,59.664,1.0653,4.0042,21.421,0.077773,0.042172,3.749,0.13881,0.080229,2.4068,2.4068,3482.3,0.06182,0.13117,0.92849,0,18.162,6.1176,27.473,13.286,5.3824,0
0.009117,0.06131,0.099444,2.8257,-72.925,0.037116,0.009239,3.1129,1.0661,0.19085,0.009239,0.16962,0.22838,0.009239,432.02,0.84487,16.311,0.009239,0.040734,122.2,1.0448,0.013347,0.040195,0.037349,0.19085,0.84288,0.62736,0.11753,5.4507,0.25386,0.040734,93.446,3.906,0.2177,0.013347,0.31809,11.397,0.19769,0.058846,1.1331,0.036054,0.058846,148.37,26.169,0.12006,1.4316,130.28,-0.029213,-0.1288,2.5104,0.054468,0.25602,0.22557,0.23365,28074,0.062001,0.047769,0.938,0.03585,2.9869,13.948,87.652,4.1642,0.26807,0
0.50049,0.20019,0.32851,2.8896,45.072,0,0.50049,3.9954,2.6469,0.79981,0.51953,2.8789,0.20662,0.50049,133.6,2.732,4.9954,0.50049,0.18908,6.7404,0.90119,0.50732,0.18908,2.2965,0.012651,2.732,26.646,0.66012,3.7983,0.015132,0.18933,29.479,12.449,10.811,0.49438,2.6469,25.445,0.81764,0.18678,1.0043,0.012051,0.19166,45.196,38.455,10.239,2.6085,8.2436,0.4609,0.17413,2.5094,0.17385,0.080326,1.6072,1.643,2064.5,0.18678,0.62575,0.82485,0.022282,54.151,9.4916,23.973,15.226,5.3189,0
-0.19846,0.90648,0.016908,1.0208,-118.04,0.000113,-0.20149,0.10305,1.4665,0.093415,-0.14649,-0.24735,-0.13739,-0.20149,-1642.1,-0.22228,1.1032,-0.20149,-0.13739,130.57,0.5113,-0.14261,-0.13533,0.26123,0.003047,-0.21893,-2.421,0.10042,3.9333,0.61097,-0.10179,200.49,1.9929,1.7909,-0.14634,1.4807,6.6005,0.13991,-0.099785,0.043086,-0.21188,-0.097241,198.21,67.648,-0.37831,0.68709,117.95,-0.14261,-0.097241,0.91729,0.8146,0.50178,0.5548,0.83095,145,-0.011211,-2.1245,1.0086,0.49775,2.7955,5.3955,202.74,1.8003,8.7098,1
-0.099136,0.54606,0.092217,5.6558,131.55,-0.52597,-0.099136,0.83129,1.1096,0.45393,-0.099136,-5.0051,-0.18701,-0.099136,-3429.4,-0.10643,1.8313,-0.099136,-0.319,0,0.92512,-0.064619,-0.319,-0.52597,0.45393,-0.10643,-2.3072,0.10385,3.2237,1.6127,-0.319,25.813,14.14,-0.11834,-0.064619,0.3112,0.21287,0.98019,-0.20793,2.5122,-0.76068,-0.20793,73.131,73.131,,5.6558,0,-0.10564,-0.33992,0.20515,0.019807,0.07072,0.5112,1.1038,154.34,0.098766,-0.21839,0.90123,1.1593,,4.9911,23.263,15.69,0.34997,0
0.045341,0.55274,0.22442,1.5679,-4.783,0,0.045341,0.80917,2.4265,0.44726,0.059967,0.11474,0.038281,0.045341,2171.9,0.16805,1.8092,0.045341,0.018686,37.632,1.1354,0.059967,0.018686,0.15985,0.21492,0.16805,4.1001,0.58991,3.6196,0.22582,0.024397,58.125,6.2795,4.4893,-0.054888,2.4265,2.3441,0.60485,-0.02262,0.028753,0.17137,0.024713,91.489,53.857,0.18124,0.93482,36.8,0.012418,0.005118,1.1209,0.39515,0.15925,1.1757,1.5899,934.63,-0.02262,0.10137,0.98218,0.35233,9.6992,6.7773,59.44,6.1406,6.3783,0
0.10592,0.44452,0.28313,2.7116,26.044,0.06394,0.13195,1.2496,1.4558,0.55548,0.17408,0.79765,0.099085,0.13195,1124.8,0.3245,2.2496,0.13195,0.090636,47.018,1.326,0.15439,0.072756,0.41193,0.50972,0.26594,3.6643,0.51343,5.2709,0.3011,0.0951,46.196,7.9011,2.9403,0.14879,1.4558,1.167,0.77915,0.1022,0.049045,0.088894,0.10605,110.43,63.408,0.5648,1.5779,52.371,0.14209,0.0976,1.0091,0.16542,0.12656,1.0073,1.4129,52827,0.1022,0.19068,0.91113,0.40266,7.7629,5.7563,41.475,8.8006,2.64,0
0.019634,1.0484,-0.092434,0.91183,90.7,-0.09029,0.019634,-0.046148,3.4363,-0.048381,0.083646,0.018728,0.72378,0.019634,153.86,2.3723,0.95385,0.019634,0.005714,56.193,1.2166,0,0.005714,0.033413,-0.070655,2.3723,0,-2.0982,3.3512,0.30494,0.012392,,0,0,0.071713,3.4363,,-0.048381,0.020869,0.000717,0.014163,0,101.46,45.268,0.037114,0.40722,,-2.4675,-0.71807,0.91183,1.0484,,-1.0982,-1.0982,-207.48,1,-0.40582,0.027008,0,6.4955,8.0631,111.36,3.2777,78.003,0
0.030811,0.50768,-0.066137,0.86973,-17.554,0.020955,0.049768,0.96974,2.4174,0.49232,0.065519,0.09803,0.054525,0.049768,1405.9,0.25962,1.9697,0.049768,0.020588,6.3979,0.99677,0.054225,0.012746,0.14715,0.43281,0.22228,3.4427,-0.11843,3.3046,0.19863,0.025575,76.862,4.7488,4.7488,0.006504,2.4174,,0.49232,0.002691,0.064124,0.12419,0.022431,61.754,55.356,0.72714,0.78627,6.4151,-0.027814,-0.011506,0.86973,0.50768,0.21058,0.88157,0.88157,-133.36,0.002691,0.062584,0.9799,0,57.05,6.5937,76.655,4.7616,4.3287,0
-0.199,0.98625,-0.69069,0.29968,-625.87,0,-0.199,0.013942,0.24518,0.013751,-0.16498,-0.20178,-0.76094,-0.199,-1929.5,-0.18917,1.0139,-0.199,-0.81168,0,0.65715,-0.16498,-0.81168,0.64981,-0.179,-0.18917,-4.849,-0.98047,2.414,4.018,-0.67291,891.5,0.41588,0.41588,-0.15862,0.24518,,0.013751,-0.64695,0.001915,-0.21552,-0.67291,437.2,437.2,,0.29968,0,-0.17742,-0.72365,0.29968,0.98625,2.4045,0.01952,0.01952,-179.17,-0.64695,-14.472,1.8117,0,,0.83486,1468.3,0.24859,0.34804,1
0.05602,0.45806,0.23512,2.0577,24.869,0,0.068829,1.1831,0.92019,0.54194,0.10114,0.30963,0.1388,0.068829,1309.1,0.27882,2.1831,0.068829,0.074799,69.52,1.2949,0.096195,0.060879,0.20602,0.52619,0.25086,2.9773,0.43332,4.821,0.41997,0.082022,96.992,3.8086,1.8482,0.08366,0.92019,1.2943,0.75992,0.090916,0.34975,0.098455,0.10454,150.6,81.076,0.31963,1.2693,0.090916,0.037305,0.040541,0.99857,0.22229,0.26256,0.99879,1.4005,2.0577,0.090916,0.10337,0.92738,0.40224,5.2503,4.5019,88.174,4.1396,1.6959,0
0.025622,0.60187,0.10785,1.2212,-71.459,0,0.024617,0.66148,1.3338,0.39813,0.047286,0.050479,0.041381,0.024617,3980.2,0.091703,1.6615,0.024617,0.018456,91.47,1.9046,0.039273,0.01921,-0.01779,0.36507,0.093373,1.7325,0.26664,5.5627,0.43829,0.028525,151.45,2.4291,1.9682,0.15851,1.3338,2.798,0.4915,0.11884,0.037114,0.28722,0.029445,158.01,66.545,0.076654,0.53575,102.99,0.008697,0.00652,0.98945,0.48768,0.41167,0.98431,1.2152,1.2212,0.11884,0.064356,0.88965,0.23454,3.9904,5.485,133.45,2.735,3.2976,0
0.045391,0.64481,0.36813,1.5985,0.2872,0.24208,0.065397,0.55084,3.5258,0.35519,0.1038,0.10632,0.025314,0.065397,2637,0.13842,1.5508,0.065397,0.018549,15.27,1.9447,0.1038,0.012874,0.093726,0.28747,0.10739,2.7029,21.949,2.8683,0.17751,0.027674,65.211,5.5972,5.3392,0.082949,3.5258,,0.35519,0.023527,0.38511,0.16837,0.029441,77.265,61.996,0.30774,1.3587,15.637,0.079947,0.022675,1.5248,0.61509,0.17866,21.178,21.178,271.82,0.023527,0.12779,0.98158,0,23.904,5.8875,63.677,5.7321,210.22,0
-0.070403,0.8495,0.1505,1.1772,13.336,-0.24108,-0.019671,0.17717,1.9426,0.1505,0.035041,-0.023156,-0.010126,-0.019671,-15763,-0.023156,1.1772,-0.019671,-0.010126,12.97,1,-0.0043,-0.036242,-0.039341,-0.078225,-0.082876,-0.078595,,2.3397,0.26311,-0.000212,154.15,2.5904,2.5904,-0.068893,2.2356,,0.1505,-0.035465,0.39828,-6.5851,-0.002214,124.32,111.35,-1.0199,0.47954,11.45,-0.0043,-0.002214,1.1772,0.8495,0.38604,,,32.9,-0.035465,-0.46778,0.98431,0,28.141,3.2779,159.61,2.2868,,1
0.12644,0.36617,0.14989,1.4716,9.7404,0,0.12644,1.731,1.5211,0.63383,0.12907,0.39784,0.098302,0.12644,893.82,0.40836,2.731,0.12644,0.083127,28.527,1.0104,0,0.083127,0.42256,0.32878,0.40836,0,0.28159,4.2552,0.23446,0.1872,107.15,3.4063,2.9566,0.008538,1.5211,9.4261,0.67084,0.005613,0.037331,0.52877,0,109.38,80.858,1.0636,1.0976,40.081,-0.023083,-0.015175,1.2773,0.31783,0.29357,1.1908,1.2603,2697.5,0.28826,0.19949,0.71385,0.058385,12.795,4.5141,76.265,4.7859,2.8577,0
0.30484,0.33281,0.46083,2.4271,29.45,0.42018,0.30484,2.0047,1.8296,0.66719,0.31027,0.94405,0.19204,0.30484,345.73,1.0557,3.0047,0.30484,0.16661,67.555,1.2113,0.30985,0.16661,0.61304,0.66483,1.0557,56.997,2.1308,3.6271,0.13343,0.16958,77.655,4.7003,4.5603,0.31187,1.8296,,0.66719,0.17046,0.28041,0.03113,0.16935,138.29,70.734,0.90022,1.3785,81.436,0.26332,0.14392,2.3549,0.3229,0.21275,3.085,3.085,1952.8,0.17046,0.4569,0.83345,0,5.403,5.1602,64.418,5.6661,8.4599,0
0.063882,0.35035,0.64965,2.8543,-0.90158,0,0.063882,1.8543,14.437,0.64965,0.063882,0.18234,0.89399,0.063882,9.9077,36.84,2.8543,0.063882,0.004425,15.27,1.2667,0,0.004425,0.34065,0.60288,36.84,,,3.0376,0.019506,0.00989,,0,0,0.000001,14.437,,0.64965,0,0.23464,0.000909,0,23.203,7.933,0.10576,1.1303,,-12.843,-0.88957,2.8543,0.35035,,,,708.35,1,0.098333,0.000001,0,23.903,46.011,8.8574,41.209,,0
0.029813,0.66523,-0.46778,0.29683,-167.07,0.083423,0.029411,0.45571,1.0711,0.30316,0.029411,0.044212,0.078308,0.029411,2119,0.17225,1.5032,0.029411,0.020099,30.406,1.5201,0.078285,0.020373,0.085773,0.30316,0.17286,0.573,-0.58287,4.0457,0.44643,0.020099,177.72,2.0538,0.11768,0.078285,1.4687,,0.30316,0.053498,0.025261,0.1338,0.053498,45.061,14.655,0.24457,0.11358,32.566,-0.006894,-0.004711,0.29683,0.66523,0.48691,0.37775,0.37775,-5196.6,0.06634,0.098341,0.93366,0,12.004,24.905,165.93,2.1997,1.8233,0
0.1137,0.68767,0.22769,1.3311,-34.166,0,0.1137,0.45419,3.4081,0.31233,0.16966,0.16535,0.034586,0.1137,2129.4,0.17141,1.4542,0.1137,0.033361,56.78,1.1939,0.16957,0.033361,0.28508,0.065494,0.17141,3.0298,2.6884,4.0565,0.1974,0.036033,77.564,4.7058,4.7055,0.17231,3.4081,,0.31233,0.050559,0.027829,0.13193,0.049754,95.978,39.198,0.21445,0.5601,59.804,0.16539,0.048528,1.331,0.68762,0.2125,3.6878,3.6878,2593.1,0.050559,0.36403,0.96667,0,6.4283,9.3117,73.642,4.9564,40.241,0
0.058457,0.069277,0.70347,11.8,241.68,0,0.07483,13.435,1.137,0.93072,0.07483,1.1488,0.087664,0.07483,253.68,1.4388,14.435,0.07483,0.065811,2.1206,0.6847,0.068164,0.051412,0.85112,0.90032,1.2025,,3.0402,3.2161,-0.43618,0.065811,22.541,16.193,15.226,0.082246,1.137,,0.93072,0.072334,8.7608,0.024827,0.059949,63.541,61.421,8.8491,11.698,2.2859,0.043317,0.038097,11.095,0.065139,0.061756,4.0223,4.0223,1156.9,0.072334,0.062808,0.93457,0,172.12,5.9426,20.91,17.455,4.9139,0
0.068336,0.37331,0.5771,2.5459,1.3317,0,0.084273,1.6788,1.9221,0.62669,0.098882,0.22575,0.052563,0.084273,1348.7,0.27064,2.6788,0.084273,0.043844,106.77,1.0319,0.068216,0.035553,0.26084,0.45544,0.22795,4.6694,11.637,3.4329,0.18286,0.051445,73.475,4.9677,4.9677,0.067629,1.9221,,0.62669,0.035185,0.080098,0.14644,0.035491,174.8,68.033,0.12154,1.0398,110.66,0.051457,0.026771,2.5459,0.37331,0.2013,12.637,12.637,1563.6,0.035185,0.10904,0.95688,0,3.4186,5.365,70.89,5.1488,38.757,0
-0.035348,0.38943,0.001504,1.0083,-45.037,0.12295,-0.040561,1.5599,1.0028,0.60749,-0.040561,-0.22344,0.021358,-0.040561,5765,0.063313,2.5678,-0.040561,-0.035135,42.475,0.88821,-0.029808,-0.030619,0.15882,0.60749,0.076699,-0.25893,0.001841,4.0512,0.33216,-0.035135,57.557,6.3416,-0.076542,-0.029808,1.171,0.23421,0.81539,-0.02582,0.049529,0.36158,-0.02582,55.027,12.553,-0.26312,0.26824,42.595,-0.095025,-0.082313,0.47,0.18153,0.15769,0.74359,0.99807,16.92,0.002819,-0.058187,0.99718,0.34223,8.5934,29.078,57.394,6.3595,1.4131,0
0.016141,0.098863,0.5339,6.4004,60.102,0,0.016141,9.115,2.0387,0.90114,0.016184,0.16327,0.017455,0.016141,1014,0.35995,10.115,0.016141,0.007917,31.311,1.0535,0.012603,0.007917,0.03024,0.016141,0.35995,294.03,1.4538,3.6602,0.024586,0.007917,17.8,20.505,20.505,0.011514,2.0387,,0.90114,0.005648,0.73384,0.10283,0.006182,100.3,68.986,0.092294,4.6314,31.488,-0.006842,-0.003356,6.4004,0.098863,0.048768,2.4538,2.4538,2441.3,0.005648,0.017912,0.99236,0,11.657,5.291,17.7,20.622,5.5515,0
0.26493,0.30442,0.39378,2.2953,27.824,0.47277,0.26493,2.2849,2.6943,0.69558,0.28711,0.87146,0.10448,0.26493,394.72,0.92472,3.2849,0.26493,0.098329,26.909,1.1088,0.26886,0.098329,0.50651,0.69548,0.92472,12.121,1.303,4.3079,0.10917,0.10039,44.946,8.1209,8.1097,0.2255,2.6943,,0.69558,0.083696,0.05234,0.035551,0.099789,92.374,65.466,1.3338,1.6419,29.366,0.25228,0.093636,2.2922,0.30401,0.12314,2.3016,2.3016,8001.5,0.083696,0.38088,0.90438,0,13.564,5.5754,41.184,8.8627,8.9153,0
0.051666,0.65761,-0.047333,0.90281,-92.335,-0.037308,0.059684,0.52067,1.5792,0.34239,0.10712,0.12256,0.083206,0.059684,1826.7,0.19982,1.5207,0.059684,0.037793,70.926,1.1582,0.097947,0.032716,0.013377,0.31136,0.18762,2.0647,-0.08447,4.5689,0.40151,0.062832,117.67,3.1018,2.297,0.068673,1.5792,1.3172,0.4432,0.043486,0.078789,0.1292,0.062023,92.748,21.822,0.16836,0.27267,74.151,0.02623,0.01661,0.66857,0.48699,0.32239,0.61104,0.79094,-1753.9,0.043486,0.1509,0.96349,0.29442,5.1462,16.726,112.56,3.2428,2.8183,0
-0.12221,0.98011,0.082083,1.1265,-7.8127,-0.30601,-0.10252,0.015187,0.96415,0.014885,-0.10252,-0.15802,-0.031169,-0.10252,-5644.4,-0.064666,1.0203,-0.10252,-0.050415,21.568,1.6156,-0.078369,-0.0601,-0.31566,0.014885,-0.08476,-0.37158,0.30497,5.5937,0.47926,-0.050415,112.28,3.2509,-0.079959,-0.078369,2.0409,1.8431,0.34622,-0.03854,0.01912,-0.82132,-0.03854,128.96,107.39,-1.0171,0.94131,20.795,-0.11751,-0.057786,0.74569,0.64877,0.30761,0.055304,1.2864,32205,-0.037185,-8.2104,1.0372,22.26,16.923,3.3988,116.45,3.1343,7.5552,0
-0.071188,0.62399,0.24142,1.387,18.07,0,-0.076537,0.6026,3.3727,0.37601,-0.076536,-0.12268,-0.017869,-0.076537,-3779.2,-0.096582,1.6026,-0.076537,-0.022693,7.2495,0.97178,-0.07756,-0.021107,-0.10389,0.15653,-0.08801,-158130,1.7919,3.6104,0.18017,-0.022693,66.726,5.4701,5.469,-0.039818,3.3727,,0.37601,-0.011806,0.032523,-0.33937,-0.022996,91.445,84.195,-1.0627,1.2796,7.1649,-0.093831,-0.027821,1.3867,0.62385,0.18281,2.7909,2.7909,984.44,-0.011806,-0.18932,1.0226,0,50.348,4.3352,67.514,5.4063,25.034,0
0.28024,0.36134,0.1037,1.287,9.2646,1.0215,0.28024,1.7052,1.173,0.61615,0.28024,0.77555,0.16961,0.28024,398.46,0.91602,2.7674,0.28024,0.1436,8.9365,1.0361,0.25261,0.1436,1.0215,0.61615,0.91602,1.5183,0.19385,4.6503,0.036084,0.1436,79.274,4.6043,0.69909,0.25261,2.0779,,0.61615,0.12944,0.845,0.03916,0.12944,29.871,20.935,5.8652,1.1548,10.482,0.20185,0.10343,1.287,0.36134,0.21719,1.1518,1.1518,4635,0.14746,0.45482,0.85254,0,40.844,17.435,67.584,5.4007,3.648,0
0.16768,0.37938,0.37081,2.1654,-9.9019,0.29123,0.20872,1.4405,1.1962,0.54648,0.20872,0.65599,0.1746,0.20872,572.5,0.63756,2.6359,0.20872,0.15067,104.67,1.3811,0.21442,0.12104,0.36325,0.54648,0.52937,1.8516,1.1923,4.4649,0.23741,0.15067,100.28,3.6397,0.5652,0.21442,1.4081,4.7671,0.60768,0.15479,0.17285,0.050379,0.15479,167.05,62.379,0.4221,0.91692,125.2,0.18127,0.13085,1.8161,0.31818,0.27475,1.7571,1.9539,10817,0.16403,0.30683,0.83597,0.11199,3.4872,5.8513,83.834,4.3538,4.4542,0
0.12582,0.78928,0.19232,1.2496,-96.482,0,0.15301,0.26698,1.5513,0.21072,0.15913,0.19855,0.10607,0.15301,1750.8,0.20848,1.267,0.15301,0.098635,131.17,1.9312,0.15499,0.081106,0.22434,0.17135,0.17403,25.33,5.1978,4.4048,0.37233,0.10098,201.88,1.808,1.7654,0.15792,1.5513,,0.21072,0.10179,0.28139,0.15799,0.09991,175.55,44.386,0.22569,0.52617,146.03,0.14346,0.092476,1.2201,0.77067,0.55309,5.6949,5.6949,4884.8,0.10179,0.5971,0.90179,0,2.7827,8.2234,181.33,2.0129,41.926,0
0.010191,0.26598,0.29292,2.1013,16.146,0.1462,0.00839,2.743,1.0085,0.7296,0.00839,0.031543,0.025935,0.00839,2549.8,0.14315,3.7597,0.00839,0.005715,56.585,1.0763,0.009004,0.006942,0.18081,0.7296,0.14992,0.061854,0.66408,4.1758,0.12724,0.005715,66.69,5.4731,0.033853,0.009004,1.4714,,0.7296,0.006133,0.30288,0.22602,0.006133,118.93,62.343,0.044776,1.2456,57.064,-0.020681,-0.014087,2.1013,0.26598,0.18271,1.6541,1.6541,4390.4,0.008402,0.013967,0.9916,0,6.4505,5.8547,66.13,5.5195,3.3282,0
0.17244,0.60774,0.47305,2.1328,31.786,0,0.17244,0.64545,3.3063,0.39226,0.17849,0.41292,0.062043,0.17244,1081.4,0.33754,1.6454,0.17244,0.052155,22.083,1.057,0.17552,0.052155,0.60509,0.33772,0.33754,29.03,4.3267,3.6482,0.17995,0.052654,48.78,7.4825,5.1417,0.18152,3.3063,9.3388,0.46622,0.054901,0.0306,0.097292,0.053088,96.914,74.831,0.86204,1.6538,23.366,0.14283,0.043199,1.4655,0.41761,0.13364,3.5878,4.2642,2104.5,0.054901,0.43961,0.9481,0.18853,16.528,4.8777,46.102,7.9172,30.241,0
-0.061825,0.75434,0.19931,1.3144,0.14146,0,-0.061825,0.32565,3.6681,0.24566,0.034667,-0.097537,-0.003885,-0.061825,-19322,-0.01889,1.3257,-0.061825,-0.016855,19.472,1.571,-0.053684,-0.016855,0.19314,0.23544,-0.01889,-0.55636,1.1946,3.6898,0.16194,-0.013333,62.259,5.8626,4.9262,-0.04794,3.6681,5.4056,0.36358,-0.013069,0.2564,-4.1156,-0.014635,66.733,47.261,-0.31594,1.0057,19.221,-0.10126,-0.027605,1.1045,0.63385,0.17057,1.4724,2.1792,975.74,-0.013069,-0.25167,1.0164,0.48006,18.745,7.7231,63.073,5.787,21.986,0
0.060235,0.45712,0.18239,1.4078,-4.9126,0.25425,0.077018,1.1008,1.0495,0.5032,0.077018,0.17221,0.042698,0.077018,1735.2,0.21035,2.1876,0.077018,0.0342,32.292,1.0729,0.10144,0.026747,0.32338,0.5032,0.17364,0.47276,0.49243,5.0461,0.18313,0.0342,76.072,4.7981,0.22192,0.10144,2.2652,43.464,0.5131,0.045046,0.12721,0.12463,0.045046,92.825,60.533,0.30232,0.96233,33.89,0.082305,0.036548,1.3773,0.44722,0.20842,1.3586,1.3853,20280,0.047156,0.1197,0.95284,0.019678,11.303,6.0298,72.485,5.0356,6.0802,0
0.016496,0.30022,0.33903,2.1393,38.896,0,0.016496,2.3309,1.5882,0.69978,0.016635,0.055435,0.21419,0.016496,322.14,1.1331,3.3309,0.016496,0.010387,55.397,0.95216,0,0.010387,0.044733,0.62805,1.1331,0,0.93294,3.8706,0.16082,0.024445,88.259,4.1356,4.0991,0.005922,1.5882,,0.69978,0.003729,0.15056,0.030918,0,136.01,80.613,0.068436,1.3293,71.492,-0.32367,-0.2038,2.1205,0.29757,0.2418,1.9256,1.9256,2516.9,0.22513,0.023573,0.81848,0,6.5888,4.5278,68.389,5.3371,4.3703,0
0.12117,0.90461,0.029562,1.0327,-69.748,-0.41018,0.12117,0.10545,3.4379,0.095394,0.1932,0.13395,0.037859,0.12117,2536.8,0.14388,1.1055,0.12117,0.035246,69.621,2.3228,0.1932,0.035246,0.01498,-0.28901,0.14388,2.6824,0.44906,2.814,0.25012,0.035294,101.59,3.5928,3.5928,0.18779,3.4379,,0.095394,0.054623,0.051392,0.14914,0.056197,94.245,24.624,0.18479,0.30778,73.643,0.18422,0.053584,1.0327,0.90461,0.27833,1.4491,1.4491,19.263,0.054623,1.2702,0.96481,0,5.2427,14.823,96.042,3.8004,52.224,0
-0.015946,0.36899,0.63101,2.7101,-58.66,0,-0.009003,1.7101,0.88167,0.63101,-0.009003,-0.024398,-0.007262,-0.009003,-21035,-0.017352,2.7101,-0.009003,-0.010211,322.26,0.47383,-0.033695,-0.018086,0.34797,0.21803,-0.03617,,,2.5271,0.35538,-0.010211,148.44,2.459,2.459,-0.025659,0.88167,,0.63101,-0.029102,0.15084,-0.39554,-0.038218,390.95,68.685,-0.020485,0.60047,313.15,-0.036295,-0.041166,2.7101,0.36899,0.40668,,,212.38,-0.029102,-0.025271,1.0097,0,1.1326,5.3141,152.76,2.3894,,0
0.095594,0.22535,0.51864,3.3015,35.635,0.17526,0.12338,3.2053,1.0659,0.7223,0.12338,0.54752,0.077349,0.12338,464.65,0.78554,4.4376,0.12338,0.053912,48.443,1.3472,0.11157,0.041771,0.23609,0.7223,0.66223,0.51967,2.0258,4.1311,0.05332,0.053912,38.31,9.5275,0.49512,0.11157,2.3069,,0.7223,0.048752,0.49258,0.044844,0.048752,100.95,52.51,0.31472,1.9536,51.638,0.057936,0.025316,3.3015,0.22535,0.10496,2.8213,2.8213,7014.8,0.061864,0.13235,0.93814,0,7.5346,6.951,35.94,10.156,8.9391,0
0.024477,0.92786,0.21864,1.3228,-81.262,-0.008849,0.024477,0.077743,1.9023,0.072135,0.05975,0.036142,0.023203,0.024477,7672.8,0.047571,1.0777,0.024477,0.012867,120.78,0.67035,0.057302,0.012867,-0.14993,0.015628,0.047571,1.6245,2.0996,3.4423,0.48015,0.030811,130.34,2.8005,2.044,0.005717,1.9023,1.0629,0.32277,0.003005,0.040365,0.40186,0.030123,166.65,45.872,0.038885,0.39338,121.14,0.03764,0.019787,0.96551,0.67723,0.35708,0.69272,3.0996,605.4,0.003005,0.33931,0.98763,3.4745,3.0221,7.957,129.94,2.8089,18.268,0
0.036238,0.43785,0.33605,2.5405,17.78,0,0.049045,1.2839,0.71529,0.56216,0.070762,0.22483,0.10521,0.049045,2123.6,0.17188,2.2839,0.049045,0.068567,152.98,1.1654,0.070194,0.050662,0.11676,0.35523,0.14263,3.2322,0.7538,4.2175,0.54178,0.078451,115.89,3.3014,1.6448,0.028221,0.71529,3.9647,0.62632,0.039454,0.24725,0.15139,0.098133,255.27,102.3,0.12088,1.1662,151.94,0.043984,0.061491,1.2657,0.21814,0.3029,1.261,1.4049,2.5405,0.039454,0.064464,0.93799,0.11414,2.386,3.5681,111.31,3.279,1.6045,0
0.12823,0.35257,0.2994,1.8492,39.244,0.33519,0.15889,1.7706,1.0568,0.62426,0.15889,0.45065,0.086391,0.15889,574.92,0.63487,2.8363,0.15889,0.061323,5.2855,1.2441,0.15097,0.049492,0.41592,0.62426,0.54792,0.6158,0.86027,4.9066,-0.081492,0.061323,52.491,6.9536,0.42821,0.15097,2.6156,,0.62426,0.058269,1.6037,0.053683,0.058269,12.193,6.9072,3.4177,1.7428,5.5859,0.086022,0.0332,1.8492,0.35257,0.14381,1.7937,1.7937,24146,0.053776,0.20541,0.94622,0,69.057,52.843,49.668,7.3488,7.4447,0
0.21199,0.20585,0.1417,1.7941,72.981,0,0.26531,3.8579,0.9842,0.79415,0.27279,1.4869,0.28999,0.26531,263.25,1.3865,4.8579,0.26531,0.26957,0,1.1471,0.26748,0.2154,0.64678,0.79031,1.1275,35.734,0.20841,4.1152,0.16895,0.27717,90.571,4.03,3.4931,0.26514,0.9842,18.239,0.8117,0.2694,0.22178,0.02386,0.27177,104.05,104.05,,1.7941,0,0.24738,0.25135,1.5551,0.17843,0.24814,1.1681,1.1939,1847.3,0.2694,0.26694,0.73275,0.022101,,3.5081,66.171,5.516,1.4476,0
0.14396,0.0363,0.56896,26.451,-2859.9,-0.005448,0.14396,26.548,0.91262,0.9637,0.14445,6.4397,0.61167,0.14396,23.735,15.378,27.548,0.14396,0.15775,25.33,0.13913,0.000144,0.15775,2.2569,0.7903,15.378,0.29188,1.3922,4.3766,0.036652,0.31549,23.148,15.768,9.7107,0.018863,0.91262,43.295,0.97589,0.020669,0.7962,0.00292,0.000157,229.38,204.05,2.2731,23.617,65.58,-0.41412,-0.45377,16.29,0.022355,0.06342,2.358,2.3879,13542,0.61375,0.14938,0.42081,0.012654,14.41,1.7888,8.941,40.823,2.2331,0
-0.069415,1.0604,-0.55289,0.35951,-276.17,-0.37605,-0.067604,-0.064504,0.95667,-0.068398,-0.067604,-0.078315,0.008188,-0.067604,54595,0.006686,0.94307,-0.067604,-0.078083,34.362,1.0317,-0.045488,-0.080176,-0.37556,-0.068398,0.004977,-0.50263,-0.80169,4.9237,1.2115,-0.078083,348.15,1.0484,-0.042899,-0.045488,0.9139,1.1608,0.12874,-0.05254,0.016254,1.1937,-0.05254,124.92,90.556,-0.85165,0.26509,32.873,-0.12018,-0.13881,0.29267,0.86323,0.95384,-0.099176,0.18667,-46386,-0.045296,1.0149,1.0453,-2.8822,10.622,4.0306,363.92,1.003,1.2554,0
0.092949,0.4811,0.050934,1.1064,-14.147,0.25775,0.092024,1.0786,1.0257,0.5189,0.092024,0.19223,0.037542,0.092024,1201.1,0.30389,2.0786,0.092024,0.02363,18.558,1.1898,0.097484,0.023868,0.22828,0.5189,0.30581,0.25676,0.10829,6.0595,0.12351,0.02363,46.021,7.9312,0.20263,0.097484,3.9087,138.94,0.52129,0.025032,0.000226,0.10429,0.025032,49.631,31.073,0.46942,0.69277,19.035,0.043309,0.011121,1.1009,0.47871,0.12608,1.1032,1.1083,58417,0.025058,0.17913,0.97494,0.0046,19.668,11.747,44.868,8.135,8.2795,0
0.042569,0.69267,0.056709,1.0874,-33.483,0,0.042569,0.4437,2.7615,0.30733,0.069117,0.065585,0.1534,0.042569,596.85,0.61155,1.4437,0.042569,0.015415,34.212,1.0527,0.063674,0.015415,0.090801,0.037512,0.61155,2.3984,0.19274,3.9256,0.24591,0.02277,86.263,4.2313,3.9649,0.015114,2.7615,25.104,0.32514,0.005473,0.048466,0.05192,0.023058,89.128,54.916,0.16446,0.68858,34.4,-0.31736,-0.11492,1.0189,0.64906,0.23634,1.0445,1.1051,477.79,0.005473,0.13851,0.98494,0.057929,10.669,6.6465,85.791,4.2545,9.3855,0
0.058237,0.30238,0.22941,1.9373,12.435,0.09362,0.058237,2.3071,2.4473,0.69762,0.084199,0.23794,0.063337,0.058237,712.04,0.51261,3.3071,0.058237,0.023797,21.965,1.1687,0.084172,0.023797,0.17661,0.1316,0.51261,3.2421,0.43627,3.9688,0.018469,0.024022,36.928,9.884,8.0005,0.028089,2.4473,,0.69762,0.011478,1.0586,0.055706,0.034394,32.076,10.111,0.39544,1.3356,22.22,-0.012594,-0.005146,1.5681,0.24476,0.10117,1.3267,1.3267,2135,0.011478,0.083479,0.97674,0,16.618,36.098,36.504,9.9988,4.654,0
0.050207,0.69735,0.079522,1.2003,-26.204,0,0.066885,0.43399,3.6428,0.30265,0.10142,0.16848,0.024791,0.066885,2818.5,0.1295,1.434,0.066885,0.018361,18.945,1.0056,0.099834,0.013782,0.25931,0.18299,0.10558,2.8907,0.15191,3.2231,0.19143,0.023925,40.568,8.9973,5.1219,0.071055,3.6428,0.9569,0.60302,0.019506,0.37463,0.18859,0.027406,32.843,13.898,0.26553,0.72403,19.322,0.076411,0.020976,0.6833,0.39698,0.11114,0.57813,1.1519,132.91,0.019506,0.16589,0.98218,0.99248,19.266,26.263,39.776,9.1763,6.9586,0
0.33121,0.21483,0.55909,3.7473,45.479,1.0018,0.33121,3.6519,1.1478,0.78456,0.33121,1.6275,0.16432,0.33121,173.6,2.1026,4.6548,0.33121,0.12049,36.094,1.0461,0.35032,0.12049,1.0018,0.78456,2.1026,1.4628,2.355,4.2052,0.028068,0.12049,31.016,11.768,1.6307,0.35032,2.8639,43.321,0.79588,0.12744,0.6762,0.015002,0.12744,82.986,46.892,1.2184,2.4116,41.43,0.22984,0.083611,3.5497,0.2035,0.084976,3.3047,3.3524,8967.9,0.12879,0.42217,0.87121,0.014439,10.112,7.7838,27.022,13.508,11.579,0
0.029015,0.70016,0.10527,1.152,-26.1,0,0.02816,0.42825,3.0084,0.29984,0.070402,0.040661,0.009361,0.02816,9075.2,0.04022,1.4282,0.02816,0.009361,38.487,0.71364,0.044093,0.009645,0.016942,0.23975,0.041441,2.721,0.52127,3.6995,0.16169,0.014745,92.14,4.2887,4.2422,0.054966,3.0147,,0.29984,0.018271,0.31353,0.5293,0.014657,70.455,31.968,0.091467,0.77156,38.982,0.044093,0.014657,1.1395,0.69257,0.23317,1.4847,1.4847,527,0.088048,0.096769,0.91565,0,9.4836,11.418,84.028,4.3438,14.896,1
0.022675,0.86531,0.073278,1.2269,-21.012,-1.6935,0.022675,0.15566,1.6188,0.13469,0.12129,0.070221,0.051663,0.022675,3776.6,0.096649,1.1557,0.022675,0.014007,35.681,1.7475,0.11869,0.014007,-0.35082,-1.2648,0.096649,1.2036,0.12136,3.7444,0.49217,0.038451,77.398,4.7159,1.7598,0.095979,1.6188,0.50922,0.60196,0.059291,0.21349,0.16056,0.073319,73.787,38.106,0.14329,0.73687,37.93,0.057732,0.035664,0.45786,0.32291,0.21205,0.22307,0.99694,406.78,0.059291,0.16835,0.98724,3.4691,10.23,9.5785,72.809,5.0131,2.6809,0
0.21946,0.45677,0.022655,1.0648,-32.903,0.21946,0.27496,1.0923,1.1596,0.49894,0.27496,0.78623,0.15759,0.27496,557.51,0.6547,2.1893,0.27496,0.1449,27.771,1.3431,0.26523,0.11565,0.27496,0.49894,0.53321,,0.036096,4.7776,0.23284,0.1449,78.004,4.6792,0.58066,0.26523,1.9345,2.1297,0.60599,0.13977,0.11602,0.051905,0.13977,63.82,36.049,1.52,0.65193,32.204,0.24114,0.12707,0.81523,0.34971,0.21371,0.79495,0.96552,1357.7,0.13765,0.43986,0.86235,0.21456,13.143,10.125,67.267,5.4261,3.0234,1
0.18105,0.15977,0.33418,3.0916,76.994,0.46516,0.22754,5.1102,1.2184,0.81649,0.22754,1.4241,0.20317,0.22754,218.48,1.6707,6.2588,0.22754,0.17319,28.319,1.3333,0.22385,0.1378,0.5584,0.81649,1.3797,2.0759,0.66037,5.5871,-0.014383,0.17319,54.081,6.7491,1.401,0.22385,1.3343,,0.81649,0.17038,1.1811,0.019955,0.17038,84.8,56.481,1.7761,2.4536,34.504,0.18446,0.1404,3.0916,0.15977,0.14817,1.6135,1.6135,129160,0.17924,0.22174,0.82076,0,12.889,6.4624,44.388,8.223,2.5963,0
0.15172,0.28491,0.17415,1.6112,-28.201,0.45794,0.15172,2.5099,1.125,0.71509,0.15172,0.53254,0.16115,0.15172,456.79,0.79906,3.5099,0.15172,0.1074,68.757,1.1212,0.17168,0.1074,0.45794,0.71509,0.79906,1.3671,0.32193,4.3997,0.1459,0.1074,82.809,4.4077,0.60259,0.17168,1.4291,,0.71509,0.12152,0.2781,0.037828,0.12152,98.133,29.376,0.57012,0.67717,77.35,0.095747,0.067775,1.6112,0.28491,0.22687,1.3219,1.3219,4371.8,0.11109,0.21217,0.88891,0,5.3085,12.425,73.61,4.9586,2.6116,0
0.14593,0.58953,0.16499,1.2799,-15.394,0.51054,0.14593,0.60542,1.1084,0.35691,0.14593,0.24754,0.13046,0.14593,1127.1,0.32384,1.6963,0.14593,0.099719,53.901,0.99857,0.154,0.099719,0.51054,0.35691,0.32384,1.1664,0.67212,4.1917,0.39727,0.099719,162.97,2.2396,0.26122,0.154,1.4773,,0.35691,0.10523,0.019618,0.097405,0.10523,185.3,131.4,0.67527,0.91328,59.744,0.10902,0.074494,1.2799,0.58953,0.4465,1.454,1.454,2565.3,0.097799,0.40888,0.9022,0,6.7717,2.7778,147.04,2.4824,5.9617,0
0.032528,0.69646,0.23983,1.4298,-5.6352,0.074394,0.043245,0.41708,1.011,0.29048,0.043245,0.077499,0.013586,0.043245,3801.7,0.096009,1.4358,0.043245,0.008786,22.863,0.95548,0.073032,0.006609,0.098931,0.29048,0.080622,0.15002,1.1862,4.3351,0.13886,0.008786,41.837,8.7244,0.10486,0.073032,4.9519,3.5355,0.42894,0.014838,0.036542,0.2369,0.014838,57.655,34.791,0.10551,0.87729,23.115,0.04941,0.010039,1.1455,0.558,0.11462,1.4368,2.1216,5187.8,0.010885,0.11198,0.98912,0.47666,15.964,10.491,41.381,8.8204,24.344,0
0.02144,0.62496,0.19222,1.3835,-5.4803,0,0.02144,0.60011,5.0165,0.37504,0.022746,0.042779,0.72274,0.02144,62.915,5.8015,1.6001,0.02144,0.004274,11.356,1.22,0,0.004274,0.1711,0.32098,5.8015,0,0.62695,4.5681,0.12328,0.008548,140.3,2.6016,2.0863,0.011221,5.0165,4.3412,0.49882,0.002237,0.015277,0.00578,0,49.895,38.539,0.13737,1.0721,43.692,-3.6042,-0.71847,1.1095,0.50118,0.38438,1.2233,1.627,7111.1,0.74009,0.057167,0.26108,0.33002,32.141,9.471,36.466,10.009,16.362,0
-0.006558,0.66233,0.14768,1.4874,-12.677,0,0.01157,0.50982,1.8818,0.33767,0.10448,0.038188,0.017466,0.01157,7355.2,0.049625,1.5098,0.01157,0.006148,40.453,1.0979,0.10013,-0.003485,0.042769,0.15353,0.022254,1.0778,0.26882,4.5478,0.34714,0.026537,58.977,6.1888,2.831,0.00676,1.8818,0.73899,0.66527,0.003592,0.044448,0.18181,0.053211,84.797,44.344,-0.031446,0.79904,40.598,0.078836,0.041893,0.68041,0.30298,0.16158,0.61468,1.211,5212.7,0.003592,-0.019423,0.99417,0.97018,9.0229,8.2311,58.766,6.2111,3.4256,0
0.055153,0.088529,0.39525,5.4646,46.674,-0.001952,0.056255,10.248,1.0648,0.90724,0.056255,0.63543,0.15127,0.056255,288.44,1.2654,11.296,0.056255,0.075959,152.11,1.5807,0.045745,0.074471,-0.007068,0.90724,1.253,0.65773,0.76566,5.1972,0.013236,0.075959,46.46,7.8562,0.51673,0.045745,0.7996,,0.90724,0.061768,0.93065,0.028671,0.061768,197.82,45.709,0.17869,1.9783,161.98,-0.010026,-0.013538,5.4646,0.088529,0.12729,1.7575,1.7575,62235,0.060888,0.060792,0.93911,0,2.3995,7.9854,43.631,8.3655,1.4346,0
0.015259,0.16944,0.19306,2.1394,25.834,0.001116,0.019534,4.9003,1.0031,0.8303,0.019534,0.11528,0.084749,0.019534,531.27,0.68704,5.9018,0.019534,0.014221,25.176,1.1521,0.01411,0.011108,0.010491,0.8303,0.66181,0.10304,0.30284,4.2033,0.10204,0.014221,45.164,8.0816,0.083273,0.01411,1.3935,,0.8303,0.010272,0.21413,0.050192,0.010272,86.684,61.507,0.16105,1.5802,25.255,-0.082768,-0.060256,2.1394,0.16944,0.12374,1.3024,1.3024,3083.4,0.0031,0.018377,0.9969,0,14.498,5.9342,45.024,8.1067,2.1547,0
-0.058092,0.16061,0.31081,2.9588,17.472,0,-0.058092,5.2262,0.57565,0.83939,-0.057971,-0.36611,-0.061136,-0.058092,-1665.8,-0.21912,6.2262,-0.058092,-0.10092,178.45,1.1072,-0.059646,-0.10092,-0.12793,0.83222,-0.21912,-489.48,0.58587,3.8436,0.15543,-0.10092,92.18,3.9596,3.9119,-0.052648,0.57565,,0.83939,-0.091458,0.44835,-0.1457,-0.10362,252.58,74.132,-0.20642,1.1852,163.49,-0.082545,-0.1434,2.9231,0.15867,0.25255,1.5822,1.5822,2168.1,-0.091458,-0.069208,1.1006,0,2.0454,4.9236,100.61,3.6278,1.0851,0
0.047955,0.56812,0.43186,1.7602,23.662,0,0.061841,0.7602,3.1479,0.43188,0.096369,0.10885,0.021662,0.061841,3041,0.12003,1.7602,0.061841,0.019645,26.354,0.89289,0.096173,0.015234,0.28584,0.40544,0.095583,2.7854,21701,3.2809,0.1284,0.020457,67.871,5.3779,5.3779,0.092605,3.1479,,0.43188,0.029418,0.29591,0.18472,0.030552,96.456,70.102,0.21099,1.3601,27.153,0.089826,0.028535,1.7602,0.56812,0.18595,21702,21702,824.63,0.029418,0.11104,0.98043,0,13.85,5.2067,65.874,5.5409,158180,0
0.021327,0.4979,0.05176,1.147,-11.882,0.029334,0.021327,0.94068,1.012,0.46836,0.021327,0.060557,0.045552,0.021327,1975.2,0.18479,2.0084,0.021327,0.010559,18.074,1.0458,0.026261,0.010559,0.030328,0.46836,0.18479,0.13157,0.086836,5.2838,0.23903,0.010559,64.403,5.6675,0.052743,0.026261,2.0387,2.0856,0.61408,0.013002,0.086299,0.16886,0.013002,67.503,49.429,0.21324,0.86298,18.29,-0.044418,-0.021991,0.81128,0.35217,0.17645,0.78575,1.0302,9948.6,0.011815,0.045535,0.98819,0.31113,20.195,7.3843,63.642,5.7352,3.3886,0
0.54104,0.43732,0.40358,2.0387,1.7298,0,0.54104,1.2866,2.1048,0.56268,0.54106,1.3925,0.28645,0.54104,264.76,1.3786,2.2866,0.54104,0.25705,63.508,0.94586,0.53904,0.25705,1.4125,0.54104,1.3786,42544,1.9414,3.51,0.093185,0.25706,89.953,4.0577,3.605,0.52822,2.1048,,0.56268,0.25096,0.69819,0.024259,0.2561,90.323,26.814,1.4774,1.0962,84.787,0.47717,0.22671,1.8113,0.38854,0.24645,2.7067,2.7067,1306,0.25096,0.96156,0.74382,0,5.7473,13.612,67.378,5.4172,10.125,0
0.032165,0.42359,0.33422,2.3976,27.168,0.12266,0.036172,1.0486,1.0103,0.44417,0.036172,0.15126,0.029,0.036172,2153,0.16953,2.3608,0.036172,0.014607,22.336,1.0452,0.033848,0.012989,0.12759,0.44417,0.16008,0.13809,0.78336,4.08,0.10363,0.014607,35.61,10.25,0.079909,0.033848,2.4897,2.2868,0.62862,0.013669,0.69987,0.20041,0.013669,59.842,37.505,0.21225,1.7639,22.566,-0.001793,-0.000724,1.3536,0.23913,0.097561,1.0411,1.4734,4018.1,0.010173,0.072416,0.98983,0.41528,16.341,9.7319,35.247,10.355,5.8041,0
0.017847,0.6343,0.082506,2.0573,-91.599,0,0.017847,0.57654,0.1999,0.3657,0.01802,0.22872,0.08928,0.017847,12972,0.028137,1.5765,0.017847,0.08928,199.25,1.0092,0,0.08928,0.073582,0.029538,0.028137,0,0.098284,5.1853,3.0912,0.21159,243.41,1.4995,0.18447,0.000725,0.1999,0.09286,0.91933,0.003627,0.24992,,0,257.51,58.261,0.16355,0.65884,340.41,0,0,0.25309,0.078032,0.66688,0.43563,1.0951,12640,0.41466,0.048804,0.60246,1.5139,1.8318,6.2649,142.48,2.5618,0.23813,0
0.14536,0.5284,0.23069,1.5005,-24.408,0.25221,0.18079,0.84215,1.1373,0.44499,0.18079,0.39221,0.1529,0.18079,748.78,0.48746,1.8925,0.18079,0.10732,69.925,1.3682,0.20316,0.08629,0.30673,0.44499,0.42041,1.3716,0.74814,4.6477,0.20859,0.10732,113.59,3.2134,0.38448,0.20316,1.7023,5.4701,0.51244,0.1206,0.39093,0.062056,0.1206,110.82,40.891,0.45043,0.80035,79.525,0.12638,0.07502,1.309,0.46095,0.3112,1.4431,1.6618,10249,0.12072,0.32667,0.87928,0.15156,5.2199,8.9262,99.875,3.6546,5.4632,0
0.03536,0.61582,0.38549,1.629,50.779,0,0.046139,0.62385,2.2514,0.38418,0.11497,0.075283,0.021099,0.046139,4731.9,0.077136,1.6238,0.046139,0.020493,13.483,1.3103,0.10669,0.015706,0.19606,0.32996,0.059633,1.55,235.74,3.771,0.25083,0.020493,104.3,3.4995,3.4827,0.10669,2.2514,,0.38418,0.047387,0.08337,0.18998,0.047387,153.57,140.09,0.42519,1.4933,14.153,0.10533,0.046782,1.6212,0.61287,0.28576,234.94,234.94,2275.4,0.047387,0.092042,0.97958,0,27.072,2.6055,99.359,3.6735,1376.8,0
0.021528,0.54015,-0.10007,0.78609,-127.72,-0.097036,0.021528,0.85132,1.1077,0.45985,0.053461,0.046019,0.1551,0.021528,1147.6,0.31806,1.8513,0.021528,0.019435,44.046,1.5472,0,0.019435,0.03505,-0.072389,0.31806,0,-0.15828,4.4887,0.44186,0.035211,209.57,1.7416,1.5084,0.000235,1.1077,4.2637,0.51475,0.000212,0.11268,0.11981,0,103.81,59.759,0.16105,0.50035,59.882,-0.15028,-0.13566,0.68082,0.46782,0.57417,0.72732,0.81415,-3083.6,0.26446,0.046817,0.76439,0.11939,8.2868,6.1078,154.15,2.3678,1.752,0
0.010656,0.21952,0.30418,2.3857,46.049,0.053961,0.015341,3.2903,0.99558,0.72228,0.015341,0.069887,0.038015,0.015341,1174.8,0.31068,4.5555,0.015341,0.008551,15.754,1.0272,0.004505,0.00594,0.07063,0.72228,0.28934,0.024999,0.63862,4.1398,0.030855,0.008551,44.465,8.2088,0.020521,0.004505,1.8473,,0.72228,0.002511,0.76157,0.12581,0.002511,72.536,56.782,0.13762,2.0329,15.685,-0.048353,-0.026953,2.3857,0.21952,0.12182,1.5164,1.5164,4196.7,-0.004442,0.014753,1.0044,0,23.168,6.4281,44.662,8.1725,3.7664,0
0.081442,0.70127,0.38696,1.6555,38.305,0,0.1029,0.42599,1.9797,0.29873,0.11496,0.1743,0.05227,0.1029,2473.6,0.14756,1.426,0.1029,0.051977,34.883,1.357,0.10609,0.041138,,0.24598,0.11696,8.7967,17.063,5.2778,0.1251,0.051978,116.16,3.1422,2.6453,0.12464,1.9797,,0.29873,0.06296,0.76908,0.21914,0.053588,96.478,61.595,0.43046,1.335,37.226,0.10551,0.053295,1.3937,0.59037,0.31824,13.173,13.173,73355,0.06296,0.27262,0.94841,0,10.464,5.9258,108.85,3.3534,87.295,0
-0.096329,0.38445,0.068558,1.1783,-23.893,0.14312,-0.096329,1.501,0.95461,0.57706,-0.096329,-0.25056,-0.019515,-0.096329,-3682.4,-0.09912,2.6011,-0.096329,-0.049331,29.68,0.82549,-0.088923,-0.049331,0.20875,0.57706,-0.09912,-0.43471,0.12534,3.7645,0.17209,-0.049331,68.6,5.3207,-0.2313,-0.088923,1.9663,,0.57706,-0.045538,0.23432,-0.4117,-0.045538,67.838,38.158,-0.60667,0.76531,28.333,-0.14715,-0.075354,1.1783,0.38445,0.18794,1.055,1.055,398.59,-0.047553,-0.16693,1.0476,0,12.298,9.5656,71.862,5.0792,3.5699,0
0.020699,0.66587,0.24985,1.3894,256.13,0,0.020699,0.5018,1.1148,0.33413,0.031647,0.03226,0.79629,0.020699,273.79,1.3331,1.5018,0.020699,0.018568,281.61,0.95154,0,0.018568,0.050228,0.12945,1.3331,0,2.3024,3.835,0.59196,0.041516,138460,0.002636,0.00254,0.008556,1.1148,1.2948,0.35837,0.007675,0.017701,0.025601,0,288.17,6.5569,0.024066,0.048912,185610,-0.867,-0.77772,1.3388,0.64163,379.35,3.079,3.3024,1708.9,0.99848,0.061949,0.011382,0.07254,1.2961,55.666,210.08,1.7374,10.273,0
0.024397,0.58993,0.003356,1.0061,-92.984,0.17354,0.034588,0.69119,1.0497,0.40776,0.034588,0.062521,0.038075,0.034588,3180.7,0.11476,1.6951,0.034588,0.019453,88.14,1.0022,0.083495,0.013722,0.21998,0.40776,0.097481,0.49292,0.007569,4.6351,0.31501,0.019453,119.21,3.0618,0.14153,0.083495,1.7875,3.4654,0.44447,0.046959,0.059267,0.16633,0.046959,107.53,19.386,0.056823,0.22996,92.519,0.050385,0.028338,0.94346,0.55322,0.3266,0.91957,1.0024,144.86,0.047325,0.059833,0.95267,0.090032,4.1411,18.828,113.57,3.2139,4.0098,0
0.081599,0.32345,0.28832,1.9597,36.061,0,0.10632,2.0917,1.3005,0.67655,0.11657,0.3539,0.1231,0.10632,737.45,0.49495,3.0917,0.10632,0.081755,33.59,1.2125,0.11031,0.062745,0.27794,0.14612,0.41852,10.759,0.70108,4.9512,0.24779,0.087947,88.338,4.1319,3.8379,0.059141,1.3005,,0.67655,0.045476,0.16933,0.06571,0.084822,150.96,117.37,0.68181,1.5613,35.19,0.05654,0.043476,1.8202,0.30043,0.24202,1.6451,1.6451,25765,0.045476,0.12061,0.92746,0,10.866,3.1097,84.32,4.3287,3.1623,0
0.13465,0.51883,0.4827,1.9331,31.372,0,0.1667,0.9274,5.6281,0.48117,0.17202,0.32225,0.02962,0.1667,1136,0.3213,1.9274,0.1667,0.02962,0.40609,2.5,0.16639,0.023925,0.45037,0.44384,0.25953,31.293,,3.1269,0.087734,0.02962,34.571,10.558,10.527,0.16639,5.6281,,0.48117,0.029564,0.049373,0.10394,0.029564,63.197,62.791,21.504,1.921,0.41846,0.16639,0.029564,1.9274,0.5173,0.094714,,,646.53,0.029565,0.27985,0.97041,0,898.82,5.813,33.549,10.88,,0
0.25316,0.35772,0.56142,2.6008,-0.80959,0.031221,0.25316,1.7955,3.257,0.64228,0.25801,0.72187,0.082021,0.25316,488.75,0.7468,2.7955,0.25316,0.077728,59.724,1.1435,0.2536,0.077728,,0.28438,0.7468,52.327,6.3887,3.4549,0.060952,0.078521,43.18,8.453,8.2872,0.29254,3.257,,0.64228,0.089817,0.55405,0.044562,0.077862,80.442,20.718,0.47503,1.0812,65.618,0.23962,0.073568,2.5498,0.3507,0.1183,7.3089,7.3089,1600.2,0.089817,0.39416,0.92395,0,6.1114,17.618,39.302,9.2871,37.064,0
0.075229,0.20366,0.73902,4.6288,137.19,0.21273,0.089974,3.3558,1.0473,0.68343,0.089974,0.44179,0.058167,0.089974,623.93,0.585,4.9102,0.089974,0.043928,0,1.114,0.092455,0.036729,0.26473,0.68343,0.5126,0.47275,12.893,4.1349,0.090312,0.043928,38.009,9.6029,0.45398,0.092455,2.0496,,0.68343,0.045139,0.11543,0.055053,0.045139,163.8,163.8,,4.6288,0,0.06329,0.0309,4.6288,0.20366,0.10413,11.923,11.923,10083,0.045174,0.11008,0.95483,0,,2.2283,36.292,10.057,35.734,0
-0.1008,0.32727,0.45907,6.2761,14.214,0,-0.1008,2.0556,1.8447,0.67273,-0.075893,-1.1585,-0.007302,-0.1008,-8868.2,-0.041159,3.0556,-0.1008,-0.054644,74.951,0.70924,-0.075968,-0.054644,0.090342,0.10312,-0.041159,-3.0499,1.0113,2.8677,0.11986,-0.041144,16.189,22.547,5.9944,-0.11706,1.8447,0.71708,0.906,-0.063458,1.292,0.95998,-0.041182,85.805,10.854,-0.26611,1.9225,70.479,-0.1633,-0.088524,1.6686,0.087009,0.044352,1.482,1.9959,338.49,-0.063458,-0.14984,1.0535,0.34675,4.8698,33.629,17.216,21.201,4.0639,0
-0.058603,0.6452,-0.0576,0.85936,-33.841,-0.043867,-0.059488,0.39797,1.0041,0.25677,-0.059488,-0.14525,0.003272,-0.059488,35704,0.010223,1.5499,-0.059488,-0.029509,21.521,0.96792,-0.033835,-0.02907,-0.04423,0.25677,0.011595,-0.16853,-0.088885,5.4186,0.3152,-0.029509,74.46,4.9019,-0.052441,-0.033835,2.0359,0.98929,0.4924,-0.016784,0.03866,0.65776,-0.016784,60.86,39.339,-0.49303,0.56915,21.609,-0.099919,-0.049564,0.54552,0.40957,0.204,0.39623,0.75984,-15101,0.004091,-0.22823,0.99591,0.91766,16.96,9.2784,74.156,4.9221,3.1109,0
0.001995,0.45941,0.11366,1.5912,-57.198,0.29316,0.002012,1.1039,1.013,0.50715,0.002012,0.010467,0.049295,0.002012,3304.2,0.11047,2.1767,0.002012,0.001955,92.979,0.88409,0.01934,0.001938,0.29317,0.50715,0.11043,0.19029,0.16374,4.4541,0.43944,0.001955,69.038,5.287,0.042096,0.01934,1.0421,0.16329,0.77433,0.018785,0.063086,0.22186,0.018785,104.15,11.168,0.007607,0.22696,94.187,-0.029398,-0.028555,0.66582,0.19223,0.18914,0.73065,1.1156,3233.7,0.012823,0.003934,0.98718,0.52683,3.9256,32.682,68.152,5.3557,1.4832,0
-0.27581,0.43848,0.50385,2.1805,20.697,0,-0.27581,1.2806,2.8213,0.56152,-0.16635,-0.64623,-0.095535,-0.27581,-593.78,-0.6147,2.2806,-0.27581,-0.09776,42.604,0.5484,-0.26317,-0.09776,-0.13955,0.52003,-0.6147,-2.4043,7.2658,3.4649,0.098538,-0.093487,52.15,6.999,6.8126,-0.16588,2.8213,,0.56152,-0.058795,0.3834,-0.056895,-0.093279,99.231,56.627,-0.83754,1.4089,40.238,-0.26945,-0.095503,2.1224,0.4268,0.14288,8.0974,8.0974,1469.6,-0.058795,-0.49119,1.0943,0,8.5673,6.4457,55.216,6.6104,40.685,0
-0.58083,1.2384,-0.2608,0.7894,-95.669,-0.78569,-0.58083,-0.19249,1.8906,-0.23837,-0.58083,-0.46903,-0.30722,-0.58083,-778.2,-0.46903,0.80751,-0.58083,-0.30722,76.182,,-0.56805,-0.30722,-0.58083,-0.76874,-0.46903,-37.989,-11.628,2.7648,0.62075,-0.29931,297.53,1.9915,1.9915,-0.55148,1.8991,,-0.23837,-0.29169,0.05231,-0.072669,-0.30045,176.22,100.04,-1.4719,0.37096,58.4,-0.56805,-0.30045,0.7894,1.2384,0.50212,-10.628,-10.628,-151.74,0.19646,2.4367,0.81201,0,4.7911,3.6485,239.08,1.5267,84.291,1
0.037559,0.4176,0.27793,1.6655,-42.538,0,0.051242,1.3946,2.1129,0.5824,0.06934,0.12271,0.03583,0.051242,2013.3,0.18129,2.3946,0.051242,0.024251,91.018,0.91179,0.06934,0.017776,0.10012,0.18394,0.14852,3.8314,0.91286,2.0986,0.19216,0.032817,71.516,5.1038,5.1038,-0.018401,2.1129,,0.5824,-0.008709,0.02769,0.14839,0.032817,118.15,27.135,0.071284,0.40384,90.232,0.044875,0.021238,1.6655,0.4176,0.19593,1.9129,1.9129,34.876,-0.008709,0.06449,0.97672,0,4.0102,13.451,72.139,5.0597,6.9399,0
-0.099482,0.79288,-0.10789,0.56844,-238.01,-0.12868,-0.099482,0.26123,0.26068,0.20712,-0.09948,-0.39794,-0.38163,-0.099482,-2909.1,-0.12547,1.2612,-0.099482,-0.38163,123.62,1.121,0,-0.38163,-0.19041,0.037308,-0.12547,0,-0.12576,4.469,3.0361,-0.76326,305.72,1.1939,0.37643,0.024003,0.26068,0.17849,0.50863,0.092077,0.010316,,0,195.36,71.745,-1.1268,0.21528,107.97,0,0,0.17923,0.24999,0.83759,0.24143,0.59288,-3176.7,-0.14496,-0.48031,1.2766,1.4557,2.9526,5.0875,350.04,1.0427,0.30386,0
0.29048,0.16061,0.2382,2.6765,61.574,0,0.36687,5.2263,1.789,0.83939,0.3697,2.5821,0.24475,0.36687,133.88,2.7263,6.2263,0.36687,0.20507,0.9875,1.2183,0.36751,0.16237,0.78078,0.83323,2.2507,129.71,0.38437,3.9179,-0.051166,0.20665,36.572,9.9804,8.8292,0.37098,1.789,20.266,0.85792,0.20736,1.7955,0.012209,0.20543,25.539,24.551,60.015,2.6424,1.2458,0.29652,0.16575,2.3678,0.14208,0.1002,1.3545,1.3844,1971.6,0.20736,0.34606,0.79542,0.02207,369.62,14.867,28.988,12.591,2.8868,0
0.061391,0.39717,0.33171,1.9066,-40.177,0.23336,0.061391,1.4693,1.0693,0.58354,0.061391,0.16778,0.11846,0.061391,1098.9,0.33216,2.5178,0.061391,0.055126,143.7,1.1487,0.080309,0.055126,0.23336,0.58354,0.33216,0.77109,1.0969,4.402,0.33381,0.055126,128.23,2.8465,0.2022,0.080309,1.1276,8.2859,0.61481,0.072114,0.073914,0.086566,0.072114,219.78,76.074,0.14002,0.70827,153.66,0.009778,0.00878,1.7564,0.36589,0.35131,1.9297,2.0331,8371.1,0.064777,0.1052,0.93522,0.053597,2.5399,4.798,119.92,3.0436,3.6827,0
-0.16146,0.50393,0.14234,1.2825,-2.9696,-0.21633,-0.15906,0.86144,0.90747,0.43411,-0.15906,-0.31564,-0.077228,-0.15906,-1417,-0.25759,1.9844,-0.15906,-0.094634,32.424,0.89401,-0.15955,-0.096061,-0.22345,0.43411,-0.26235,-0.86138,0.4024,5.0052,0.28236,-0.094634,99.306,3.6755,-0.3166,-0.15955,1.7491,,0.43411,-0.094921,0.074226,-0.12716,-0.094921,132.22,99.796,-1.0814,0.98617,29.423,-0.1888,-0.11233,1.2825,0.50393,0.27207,1.2272,1.2272,14404,-0.10197,-0.37194,1.102,0,11.257,3.6575,109.43,3.3354,4.7517,0
0.057514,0.20097,0.33853,2.7198,130.75,0,0.057514,3.976,0.82925,0.79903,0.057982,0.29219,0.10794,0.057514,819.51,0.44539,4.976,0.057514,0.069357,48.509,0.90496,0,0.069357,0.30705,0.79079,0.44539,0,0.72861,3.7915,-0.086299,0.15445,109.87,3.3221,3.2539,0.005224,0.82925,,0.79903,0.0063,1.3969,0.20938,0,114.62,66.111,0.52187,2.16,61.515,-0.031994,-0.038582,2.664,0.19684,0.30101,1.7197,1.7197,2094.4,0.21143,0.07198,0.79269,0,7.5244,5.521,86.641,4.2128,1.7848,0
0.031237,0.75103,-0.090644,0.81846,-31.56,0.45983,0.031237,0.31194,1.0197,0.23427,0.031237,0.06256,0.023584,0.031237,3765.8,0.096924,1.3315,0.031237,0.01012,17.742,1.0261,0.057574,0.01012,0.45983,0.23427,0.096924,0.1902,-0.15329,3.8784,0.23055,0.01012,60.209,6.0623,0.07666,0.057574,3.0884,1.0275,0.48599,0.018653,0.1211,0.24908,0.018653,41.177,23.435,0.20821,0.51799,18.091,0.016018,0.00519,0.54415,0.49932,0.16496,0.39618,0.82185,-685.05,0.019304,0.13334,0.9807,1.0744,20.573,15.575,59.046,6.1816,5.2197,0
0.025417,0.41769,0.0568,1.1605,-126.39,0.41355,0.025417,1.2395,1.165,0.51773,0.025417,0.071822,0.042589,0.025417,4553.6,0.080156,2.3941,0.025417,0.032332,64.985,1.0935,0.11386,0.032332,0.41355,0.51773,0.080156,1.6874,0.096384,4.8078,0.51397,0.032332,191.43,1.9067,0.27259,0.11386,0.79532,4.2437,0.58152,0.14483,0.46499,0.11263,0.14483,114.28,49.297,0.1816,0.76501,75.71,0.10579,0.13458,0.98325,0.35389,0.52447,0.87853,0.98679,3649,0.14165,0.049094,0.85835,0.12322,5.6167,7.4042,164.31,2.2214,1.334,0
0.10756,0.53784,0.14653,1.2856,-7.6017,0,0.13741,0.85928,2.6591,0.46216,0.16797,0.26784,0.061431,0.13741,1201.8,0.30372,1.8593,0.13741,0.051674,25.754,1.0555,0.16762,0.040451,0.39385,0.22797,0.24823,5.4843,0.43038,3.9315,0.159,0.051683,75.013,4.8658,4.6412,0.16291,2.6591,,0.46216,0.061264,0.24583,0.092618,0.063037,73.22,47.466,0.5733,0.91989,27.434,0.14168,0.053279,1.2263,0.51301,0.20552,1.3574,1.3574,1251.4,0.061264,0.23274,0.94848,0,14.173,7.6897,70.418,5.1833,7.8104,0
0.18207,0.44283,0.10867,1.2482,-3.7643,0.12821,0.18207,1.2582,2.1819,0.55717,0.18364,0.41585,0.10025,0.18207,738.93,0.49396,2.2582,0.18207,0.083449,21.59,1.2799,0.17887,0.083449,0.31044,0.3502,0.49396,114.39,0.23963,4.7589,0.14812,0.083453,79.878,4.5695,4.518,0.18118,2.1819,,0.55717,0.083041,0.27364,0.068486,0.08198,71.381,49.791,1.4108,0.95343,23.545,0.1422,0.065176,1.2341,0.43783,0.21884,1.2286,1.2286,6236.7,0.083041,0.32678,0.91685,0,16.906,7.3306,73.245,4.9833,4.8112,0
0.19822,0.17073,0.13948,1.9077,30.987,0.46143,0.24588,4.6763,1.2748,0.79839,0.24588,1.6,0.28714,0.24588,189.88,1.9223,5.8572,0.24588,0.21513,19.714,1.3285,0.24475,0.17343,0.5707,0.79839,1.6431,2.7299,0.19733,5.3929,0.097087,0.21513,62.562,5.8342,1.4335,0.24475,1.1529,13.567,0.81545,0.21414,0.43878,0.017162,0.21414,72.086,52.372,3.2109,1.5059,25.132,0.16244,0.14212,1.7171,0.15367,0.1714,1.1295,1.1536,34471,0.21557,0.24827,0.78443,0.021365,18.514,6.9694,49.076,7.4375,1.617,0
0.12422,0.57105,0.42225,1.7394,98.682,0,0.12422,0.75115,1.5862,0.42895,0.1274,0.21753,0.1766,0.12422,744.06,0.49055,1.7511,0.12422,0.078314,51.02,0.617,0,0.078314,0.4834,0.27874,0.49055,0,63.036,3.7426,0.29168,0.175,238.41,1.531,1.531,0.000001,1.5862,,0.42895,0.000001,0.19611,0.12209,0,202.79,151.77,0.56026,1.3511,92.566,-0.15591,-0.098289,1.7394,0.57105,0.65317,64.036,64.036,2334.1,0.44883,0.2896,0.55738,0,7.1541,2.4049,131.4,2.7777,236.81,0
0.41064,0.57958,0.33113,2.112,48.678,-0.57517,0.38391,0.72539,1.8392,0.42042,0.3894,1.2892,0.23007,0.38391,499.94,0.73009,1.7254,0.38391,0.20874,27.675,,0.38928,0.22327,0.38391,0.21372,0.77621,70.855,0.89231,3.8608,0.28743,0.20876,74.963,4.8739,2.5041,0.38914,1.8408,,0.42042,0.21158,0.17353,0.045084,0.21166,114.56,86.881,2.9447,0.64183,35.071,0.35004,0.19032,1.0851,0.29778,0.20518,1.1329,1.1329,2403,0.21166,0.97673,0.78845,0,13.189,4.2011,59.097,6.1763,4.9562,1
0.00403,0.50642,-0.11019,0.78095,-155.34,0.23942,0.000323,0.97466,0.70122,0.49358,0.028586,0.000642,0.012074,0.000323,21832,0.016719,1.9747,0.000323,0.000461,63.789,0.82958,-0.037256,0.005748,0.15523,0.27725,0.024039,-1.3182,-0.18149,5.5734,0.72219,0.000461,331.68,1.1245,1.117,0.14765,0.70122,80.131,0.49696,0.21056,0.005193,-0.57984,-0.053129,203.13,139.34,0.032887,0.53734,79.077,-0.045399,-0.064742,0.77575,0.50304,0.88931,0.81296,0.81851,0.78095,0.21056,0,0.77253,0.006834,5.722,2.6195,261.84,1.394,1.1549,0
0.0166,0.31753,0.37048,2.1668,32.389,0,0.023634,2.1493,1.7634,0.68247,0.023717,0.074431,0.068345,0.023634,961.67,0.37955,3.1493,0.023634,0.013403,45.268,0.99724,0.020278,0.009414,0.15255,0.19187,0.35739,244.44,1.1875,3.4013,0.12648,0.01345,66.46,5.492,5.492,0.019489,1.7634,,0.68247,0.011052,0.30896,0.09034,0.0115,122.1,76.837,0.075903,1.478,45.773,-0.076605,-0.043442,2.1668,0.31753,0.18208,2.1875,2.1875,933.36,0.011052,0.024323,0.98664,0,8.0632,4.7503,65.725,5.5534,5.6519,0
0.1503,0.19505,0.68948,5.2974,172.37,0,0.18588,4.127,1.4267,0.80495,0.18902,1.1585,0.14011,0.18588,356.16,1.0248,5.127,0.18588,0.13028,25.198,1.125,0.18044,0.10535,0.54822,0.78923,0.84242,57.384,4.5944,3.5024,-0.22432,0.13032,47.03,7.7611,6.3842,0.18148,1.4267,,0.80495,0.1272,3.2197,0.033434,0.12648,85.281,60.083,1.526,4.6835,28.87,0.16643,0.11665,4.3576,0.16044,0.12885,5.3638,5.3638,2192.4,0.1272,0.18672,0.88784,0,14.485,6.0749,41.047,8.8921,9.5067,0
0.076905,0.47228,0.04652,1.1206,-20.126,-0.000842,0.076905,1.1174,0.93099,0.52772,0.077655,0.19929,0.088037,0.076905,2103.2,0.17354,2.1174,0.076905,0.082605,33.229,1.1247,0,0.082605,0.030276,0.28359,0.17354,0,0.081962,4.7291,0.49061,0.17143,199.64,1.8283,1.4939,0.025769,0.93099,9.7866,0.56325,0.027679,0.042624,3.1133,0,163.08,129.85,0.90736,0.90092,43.847,-0.005057,-0.005431,0.9156,0.3859,0.54695,0.92977,0.99236,2493.1,0.24215,0.14573,0.7784,0.067316,10.984,2.8108,151.29,2.4125,1.6403,0
0.030486,0.15488,0.55598,4.7513,76.835,0,0.030486,5.4568,2.0073,0.84512,0.030663,0.2057,0.031229,0.030486,901.8,0.40474,6.4568,0.030486,0.015188,24.508,1.0817,0.022708,0.015188,0.44466,0.72201,0.40474,128.2,1.8795,3.7021,0.059397,0.015276,27.106,13.465,12.886,0.011539,2.0073,,0.84512,0.005749,0.25489,0.094023,0.011313,121.18,96.672,0.22619,3.8419,24.65,-0.009491,-0.004728,4.5468,0.14821,0.074264,2.857,2.857,2799.9,0.005749,0.036073,0.98496,0,14.893,3.7756,26.951,13.543,6.7856,0
0.43915,0.15826,0.27889,3.6053,20.009,0,0.54963,5.3188,1.9733,0.84174,0.55627,5.1345,0.30219,0.54963,96.866,3.7681,6.3188,0.54963,0.27853,35.606,1.3264,0.55611,0.22254,0.84456,0.78057,3.07,83.733,0.45417,3.2134,0.071391,0.28096,27.566,13.241,8.9565,0.55591,1.9733,3.7942,0.89272,0.28171,0.25765,0.008751,0.28181,66.283,30.677,2.2813,1.807,49.571,0.50941,0.25815,2.4387,0.10705,0.075522,1.3708,1.4538,455.91,0.28171,0.52172,0.72223,0.060566,10.251,11.898,19.8,18.434,3.2136,0
0.21261,0.20756,0.45038,3.6237,66.981,0,0.21261,3.8179,2.5463,0.79244,0.21608,1.2386,0.0835,0.21261,356.33,1.0243,4.8179,0.21261,0.0835,1.6657,0.97954,0.26036,0.0835,0.59971,0.78579,1.0243,75.107,1.1916,3.876,-0.029988,0.084833,31.461,13.358,11.047,0.25479,2.5634,,0.79244,0.10006,1.7247,0.026574,0.10225,46.729,45.064,18.297,3.556,1.8497,0,0,2.9969,0.17166,0.086194,2.0966,2.0966,3384.9,0.21785,0.2683,0.89584,0,219.13,8.0997,24.607,14.833,6.7368,0
0.00705,0.27188,0.61209,3.3105,8.7307,0.002182,0.00705,2.6781,1.5227,0.72812,0.009514,0.026611,0.088315,0.00705,737.94,0.49462,3.6781,0.00705,0.00463,140.07,1.0139,0,0.00463,0.034066,0.66046,0.49462,0,4.9768,3.889,0.17089,0.00922,93.664,3.8969,3.7971,0.005839,1.5227,,0.72812,0.003835,0.065994,0.07112,0,206.03,65.968,0.012065,1.1048,206.59,-0.12743,-0.083685,3.2257,0.26492,0.25661,5.9202,5.9202,4740.4,0.32202,0.009682,0.68474,0,2.6059,5.533,63.502,5.7478,12.381,0
0.047856,0.26413,0.3196,2.2777,20.529,0.15379,0.062277,2.7387,1.0303,0.72337,0.062277,0.24897,0.057266,0.062277,735.9,0.49599,3.786,0.062277,0.027223,28.571,1.1264,0.066723,0.020919,0.19875,0.72337,0.44139,0.3005,0.74279,4.0705,0.11437,0.027223,41.119,8.8768,0.25262,0.066723,2.291,27.918,0.73736,0.029167,0.081233,0.064109,0.029167,87.66,59.089,0.26725,1.5618,29.436,-0.002006,-0.000877,2.157,0.25014,0.11265,1.6812,1.7137,3759.3,0.029404,0.066157,0.9706,0.019345,12.775,6.1771,39.91,9.1457,5.3168,0
0.15891,0.16398,0.70702,5.4195,32.102,0,0.19755,5.0984,3.3602,0.83602,0.19755,1.2349,0.10958,0.19755,162.55,2.2454,6.0984,0.19755,0.058792,46.905,1.0293,0.19414,0.047292,1.1577,0.80494,2.0098,,5.3155,3.2065,0.017441,0.058792,18.467,19.765,19.283,0.19821,3.3602,,0.83602,0.058988,0.71162,0.014984,0.057777,81.811,34.907,0.36801,2.7204,49.845,0.023488,0.00699,5.2873,0.15998,0.050594,6.2855,6.2855,1137.3,0.058988,0.19008,0.94128,0,7.7817,10.456,17.377,21.004,25.263,0
0.56043,0.37379,0.58769,2.5836,19.304,0,0.69279,1.6753,6.6788,0.62621,0.77651,1.8668,0.1071,0.69279,190.75,1.9135,2.6753,0.69279,0.10373,13.645,1.0577,0.72501,0.083912,1.2993,0.59132,1.5595,8.6599,14.264,3.4573,-0.012607,0.10399,22.366,16.319,16.202,0.62254,6.6788,,0.62621,0.093213,1.2731,0.016669,0.10855,26.579,12.934,2.2446,1.9108,15.048,0.70253,0.10519,2.5651,0.37111,0.061278,15.199,15.199,1684.4,0.093213,0.89496,0.89879,0,26.75,28.22,20.281,17.997,162.1,0
0.020625,0.38264,0.23252,2.2008,-7.704,0,0.027961,1.6134,1.0451,0.61736,0.03427,0.1444,0.085045,0.027961,1571.4,0.23228,2.6134,0.027961,0.026755,87.596,1.0309,0.029392,0.019736,0.11615,0.57635,0.2131,4.6591,0.4052,4.9892,0.36451,0.032792,69.155,5.278,2.6709,0.023078,1.0451,2.8343,0.67922,0.022083,0.020587,0.14123,0.028125,147.45,59.849,0.082236,0.90557,89.574,-0.031525,-0.030165,1.1137,0.19363,0.18947,1.0758,1.1836,22680,0.022083,0.033409,0.97355,0.10021,4.1668,6.0986,67.628,5.3972,1.8212,0
0.041766,0.61155,0.41222,1.7038,47.472,0,0.052561,0.63518,2.2472,0.38845,0.054976,0.089739,0.037089,0.052561,2678.2,0.13629,1.6352,0.052561,0.02339,18.519,1.0189,0.053453,0.018586,0.18742,0.25345,0.11863,22.141,199.79,2.9488,0.27123,0.024364,97.129,3.7579,3.5991,0.04612,2.2472,,0.38845,0.020523,0.024029,0.24199,0.023787,159.81,141.29,0.36632,1.5091,18.907,0.022669,0.010088,1.6318,0.58571,0.26611,188.27,188.27,366.42,0.020523,0.10752,0.97672,0,19.71,2.5834,95.136,3.8366,1089.1,0
0.20102,0.27986,0.092852,1.3803,-31.791,0.57456,0.24416,2.4385,1.2779,0.68242,0.24416,1.0001,0.26568,0.24416,355.92,1.0255,3.5733,0.24416,0.22602,54.849,0.98955,0.24029,0.18609,0.70677,0.68242,0.8714,2.8426,0.14004,5.2027,0.20333,0.22602,105.41,3.4626,0.85863,0.24029,1.1018,4.8884,0.71815,0.22244,0.25229,0.032496,0.22244,93.05,38.2,1.2383,0.71539,70.093,0.19745,0.18278,1.2041,0.24413,0.2888,1.0293,1.0832,14807,0.21748,0.29457,0.78252,0.052354,6.6546,9.5549,82.487,4.4249,1.6293,0
0.19794,0.45892,0.49668,2.0842,34.955,0,0.24983,1.1791,4.1817,0.54108,0.26997,0.54534,0.061581,0.24983,650.46,0.56114,2.1791,0.24983,0.059743,8.5073,1.0726,0.26993,0.047334,0.58212,0.53096,0.44807,13.403,10.986,3.6936,0.10095,0.061594,42.858,8.5166,8.5017,0.28017,4.1817,,0.54108,0.066998,0.12637,0.055102,0.06455,78.285,69.778,2.0309,1.8714,9.1181,0.26224,0.062712,2.0805,0.45811,0.11742,11.969,11.969,2453.1,0.066998,0.36582,0.94046,0,42.905,5.2309,39.986,9.1281,92.499,0
0.051618,0.68496,-0.036382,0.90967,-144.52,0,0.051618,0.45993,1.2052,0.31504,0.057576,0.12815,0.085726,0.051618,2419.8,0.15084,1.4599,0.051618,0.042829,64.275,1.2648,0,0.042829,0.16013,0.30079,0.15084,0,-0.057422,4.4483,0.56112,0.092071,212.58,1.717,1.0097,0.010803,1.2052,0.62675,0.56103,0.008964,0.0421,0.44163,0,105.83,41.557,0.24322,0.38277,112.01,-0.0517,-0.042897,0.53493,0.40279,0.58241,0.49722,0.88547,-1021.5,0.42617,0.16385,0.5788,0.78084,5.6788,8.7831,121.99,2.9922,1.9022,0
0.14763,0.48662,0.47299,1.972,62.153,0,0.14763,1.055,5.9443,0.51338,0.33831,0.30337,0.26602,0.14763,112.32,3.2495,2.055,0.14763,0.024835,3.9643,1.0161,0,0.024835,0.3482,0.44996,3.2495,0,11.712,2.9759,-0.017559,0.04967,48.295,7.5577,7.5577,0.062697,5.9443,,0.51338,0.010547,1.2576,0.011314,0,21.345,17.381,2.2866,1.8393,6.4075,-1.4337,-0.24119,1.972,0.48662,0.13231,12.712,12.712,447.5,0.38129,0.28756,0.68634,0,92.071,21,29.88,12.215,147.19,0
0.16263,0.46453,0.22737,1.4895,18.045,0.59098,0.20196,1.0145,1.0874,0.47126,0.20196,0.43476,0.098554,0.20196,628.17,0.58105,2.1527,0.20196,0.073741,13.568,1.2068,0.21013,0.059381,0.73212,0.47126,0.49639,0.83429,0.73798,4.8908,0.12555,0.073741,67.32,5.4218,0.45234,0.21013,2.7491,,0.47126,0.076723,0.26567,0.05492,0.076723,75.763,62.195,1.5974,1.2703,14.754,0.14217,0.05191,1.4895,0.46453,0.18444,1.5296,1.5296,17681,0.080389,0.3451,0.91961,0,26.901,5.8686,61.909,5.8958,8.8893,0
0.006274,0.91313,0.050402,1.0552,-25.869,0,0.007491,0.095131,2.8621,0.086868,0.066768,0.008204,0.006468,0.007491,18005,0.020272,1.0951,0.007491,0.002617,31.431,1.0777,0.064502,0.002192,0.19562,0.060577,0.018939,1.0881,1.3821,3.7563,0.31587,0.004635,119.45,3.0558,3.0558,0.071752,2.8621,,0.086868,0.02507,0.013957,0.40303,0.022537,121.25,89.824,0.025458,0.78529,32.239,0.053482,0.018687,1.0552,0.91313,0.32725,2.3821,2.3821,287.56,0.02507,0.072227,0.99739,0,11.613,4.0635,116.45,3.1343,78.486,0
-0.001102,0.80235,-0.031304,0.9581,-36.057,0.15901,0.004315,0.23557,1.0105,0.18901,0.004315,0.005776,0.008388,0.004315,9489.3,0.038465,1.2463,0.004315,0.001173,30.831,1.1885,0.003628,-0.000299,0.17235,0.18901,0.031714,0.009964,-0.11016,4.7481,0.2116,0.001173,74.893,4.8736,0.004522,0.003628,3.7223,7.3335,0.24424,0.000986,0.058472,0.87419,0.000986,66.674,35.844,-0.003544,0.54211,31.155,-0.022919,-0.006229,0.89215,0.74712,0.20519,0.66511,0.85946,-1752.7,0.010416,-0.005828,0.98958,0.2922,11.839,10.183,74.113,4.9249,12.948,0
0.013853,0.30529,0.52748,2.9321,78.376,0,0.013853,2.2756,1.7076,0.69471,0.018514,0.050742,0.023998,0.013853,2719.2,0.13423,3.2756,0.013853,0.008113,44.369,1.2328,0,0.008113,0.13788,0.67491,0.13423,0,2.6439,3.5371,0.02046,0.01798,67.469,5.4099,4.8378,0.001332,1.7076,,0.69471,0.00078,1.0059,0.37515,0,112.41,68.037,0.066738,2.1718,51.297,-0.027126,-0.015886,2.6221,0.273,0.18485,3.4821,3.4821,1817,0.13507,0.01994,0.87248,0,8.2266,5.3648,58.356,6.2547,8.5587,0
0.057354,0.42671,0.45361,2.063,35.242,0.55014,0.075622,1.343,1.0153,0.57308,0.075622,0.17722,0.04146,0.075622,1416.6,0.25766,2.3435,0.075622,0.028516,27.266,0.91342,0.079307,0.021627,0.69932,0.57308,0.21485,0.30363,3.7901,3.9405,0.13597,0.028516,59.628,6.1213,0.18586,0.079307,2.6948,,0.57308,0.029906,0.1624,0.12346,0.029906,111.63,84.36,0.28951,1.5988,27.683,0.044983,0.016963,2.063,0.42671,0.16336,4.7883,4.7883,3954.9,0.015038,0.10008,0.98496,0,13.386,4.3267,58.731,6.2148,22.158,0
0.046938,0.34658,0.33966,3.06,21.426,0,0.056965,1.8854,1.1299,0.65342,0.069128,0.34548,0.076566,0.056965,1462.2,0.24963,2.8854,0.056965,0.050414,76.562,1.1559,0.051904,0.04154,0.25022,0.60219,0.2207,4.2675,0.68556,5.6661,0.30672,0.050414,77.018,4.8047,2.2859,0.34851,1.1299,1.4725,0.83511,0.30844,0.35113,0.14183,0.045935,144.28,67.718,0.19804,1.6225,109.2,0.022354,0.019783,1.4558,0.16489,0.20813,1.3188,1.6856,3.06,0.30844,0,0.6958,0.27806,4.7674,5.39,53.263,6.8528,2.2806,0
0.010695,0.66729,0.088628,1.2776,1.1264,0.022969,0.015178,0.35397,1.1252,0.2362,0.015178,0.047542,0.080425,0.015178,6259.4,0.058313,1.4986,0.015178,0.03137,59.238,0.9589,0.060319,0.022106,0.034571,0.2362,0.051596,1.4028,0.14968,4.5255,1.3718,0.03137,270.99,1.3469,0.090394,0.060319,0.49944,0.94627,0.58425,0.12467,0.038825,0.26101,0.12467,298.35,239.11,0.13621,1.0317,66.653,0.036585,0.075616,0.61123,0.31924,0.74243,0.3989,0.98669,2972.1,0.11124,0.045281,0.88876,1.4735,6.1616,1.5265,240.84,1.5155,0.81709,0
0.35438,0.46978,0.46871,1.9977,64.664,0,0.35438,1.1287,2.9096,0.53022,0.35438,0.75436,0.1218,0.35438,483.85,0.75436,2.1287,0.35438,0.1218,20.011,1.2929,0,0.1218,0.78632,0.00192,0.75436,,7.62,3.2591,0.046084,0.2436,100.88,3.6183,3.6183,0.001403,2.9096,,0.53022,0.000482,0.72283,,0,75.133,55.122,2.2216,1.6582,34.253,0,0,1.9977,0.46978,0.27638,8.62,8.62,851.07,0.4158,0.66837,0.58637,0,18.24,6.6217,58.933,6.1935,47.302,0
0.23491,0.44137,0.15279,1.6026,-104.92,0,0.23491,1.2657,0.80188,0.55863,0.25544,0.92645,0.31348,0.23491,640.89,0.56952,2.2657,0.23491,0.29295,139.96,1.2707,0.25308,0.29295,0.46905,0.15604,0.56952,12.33,0.25738,4.1019,0.50341,0.29295,164.05,2.225,1.2782,0.23771,0.80188,0.52645,0.74644,0.29644,0.16813,0.054584,0.31561,165.56,25.602,0.76399,0.38995,198.93,0.23662,0.29508,0.92066,0.25356,0.44944,0.94101,1.2574,1932.1,0.29644,0.42052,0.71395,0.33621,2.6079,14.257,115.42,3.1625,1.3508,0
0.070623,0.58737,-0.02816,0.92508,-65.34,0,0.095137,0.70251,1.2315,0.41263,0.13771,0.2531,0.11767,0.095137,1479.5,0.2467,1.7025,0.095137,0.077254,47.907,1.287,0.13316,0.057348,0.22707,0.19199,0.20497,3.1277,-0.043172,4.1244,0.4762,0.10571,125,2.9199,1.8686,0.13394,1.2315,0.90544,0.61816,0.10876,0.003474,0.10703,0.10813,102.68,54.769,0.43693,0.49507,53.753,0.083389,0.067714,0.59201,0.37589,0.34248,0.63261,0.9477,-374.97,0.10876,0.17115,0.92041,0.49809,7.6189,6.6644,111.41,3.2762,1.888,0
-0.016918,0.32349,0.1882,1.5818,-5.9798,0.01847,-0.01927,2.0294,0.98827,0.65648,-0.01927,-0.059568,0.038329,-0.01927,2973.4,0.12276,3.0913,-0.01927,-0.018599,70.648,0.987,-0.017229,-0.016329,0.026425,0.65648,0.13003,-0.16435,0.38541,4.845,0.24939,-0.018599,112.63,3.2408,-0.053261,-0.017229,1.0559,,0.65648,-0.01663,0.21393,0.25473,-0.01663,155.89,85.238,-0.084364,0.96187,69.82,-0.076209,-0.073557,1.5818,0.32349,0.30857,1.3444,1.3444,13172,-0.011872,-0.025771,1.0119,0,5.1664,4.2821,113.97,3.2027,2.1217,0
0.095912,0.41582,0.086442,1.2532,-4.67,0.25387,0.11967,1.1863,1.0488,0.49328,0.11967,0.35052,0.058241,0.11967,946.25,0.38573,2.4049,0.11967,0.043452,14.914,1.1551,0.12483,0.034826,0.32066,0.49328,0.3286,0.47537,0.15108,5.2264,0.14153,0.043452,47.456,7.6914,0.30019,0.12483,2.7691,4.2371,0.56769,0.045325,0.098092,0.082577,0.045325,52.266,37.351,0.8523,0.92358,15.642,0.084098,0.030536,1.0289,0.3414,0.13002,0.86214,0.9922,14560,0.046531,0.19444,0.95347,0.15086,24.473,9.7721,45.248,8.0667,4.8134,0
0.044491,0.54235,0.23537,1.5193,2.6774,0,0.061346,0.84381,1.9205,0.45765,0.093912,0.13535,0.05375,0.061346,1917.7,0.19034,1.8438,0.061346,0.031942,41.958,1.2788,0.087435,0.023166,0.36526,0.4313,0.15926,2.6849,0.75587,4.5815,0.25386,0.037771,90.821,4.0189,3.3585,0.099056,1.9205,5.7361,0.5392,0.051577,0.12393,0.1398,0.045526,120.19,78.237,0.20152,1.0322,44.24,0.045552,0.023718,1.2697,0.45323,0.24882,1.4697,1.7316,8979,0.051577,0.097216,0.96839,0.17821,8.6992,4.6653,86.137,4.2374,6.1676,0
0.074015,0.6591,0.10759,1.1737,-84.574,0,0.074015,0.51721,1.6671,0.3409,0.11257,0.11947,0.068111,0.074015,2118.7,0.17228,1.5172,0.074015,0.044397,101.12,0.97406,0.11191,0.044397,0.42515,0.076877,0.17228,2.9027,0.39425,4.2316,0.38723,0.054846,144.24,2.5305,2.3785,0.099451,1.6671,6.6984,0.38049,0.059654,0.02948,0.14507,0.067128,155.19,54.07,0.16025,0.42812,107.54,0.072377,0.043415,1.1032,0.61951,0.39518,1.2492,1.3942,1833.8,0.059654,0.21712,0.95644,0.11615,3.6095,6.7505,135.64,2.691,6.1089,0
0.00748,0.46937,0.14152,1.3684,-3.0803,0.083362,0.007415,0.94105,0.99908,0.4417,0.007415,0.019302,0.022391,0.007415,2248.6,0.16232,2.1305,0.007415,0.002179,15.436,1.1707,0.00957,0.002198,0.10274,0.4417,0.16246,0.0281,0.29838,4.493,0.11574,0.002179,41.171,8.8654,0.02039,0.00957,3.4287,4.4813,0.52689,0.002813,0.26477,0.19697,0.002813,45.479,30.043,0.051982,0.99381,15.422,-0.059203,-0.017399,1.12,0.38417,0.1128,0.93124,1.1109,4403.7,-0.000923,0.016936,1.0009,0.19289,23.646,12.149,41.209,8.8572,7.1739,0
0.22993,0.12329,0.70236,6.7061,123.23,0,0.28455,7.1108,1.8078,0.87671,0.30274,2.3118,0.16124,0.28455,154.38,2.3642,8.1108,0.28455,0.1574,37.675,1.3277,0.28855,0.12719,,0.86869,1.9212,15.866,4.0238,4.0961,-0.048965,0.1574,29.782,12.256,12.236,0.29928,1.8078,,0.87671,0.16555,1.7352,0.013908,0.15961,123.54,85.861,1.2322,5.1901,45.149,0.28161,0.15577,6.695,0.12309,0.081593,5.0226,5.0226,8763.3,0.16555,0.26227,0.84404,0,9.6882,4.2511,24.851,14.687,10.357,0
0.078399,0.33278,0.57017,2.7133,53.866,0.012657,0.095174,2.005,1.4615,0.66722,0.14568,0.28599,0.06904,0.095174,1203.8,0.3032,3.005,0.095174,0.065121,90.471,1.1844,0.13693,0.053643,0.17662,0.13967,0.2528,2.7114,5.8753,3.4819,0.16453,0.065168,91.81,3.9756,3.9756,0.13848,1.4615,,0.66722,0.094751,0.30993,0.077756,0.093694,199.75,109.28,0.21642,1.6248,99.941,0.13121,0.089776,2.7133,0.33278,0.25153,6.8753,6.8753,1729.3,0.094751,0.1175,0.93567,0,4.0344,3.3401,83.111,4.3917,15.06,0
0.030715,0.65932,-0.20144,0.66778,-77.843,0.12229,0.042257,0.51671,1.3378,0.34068,0.042257,0.069691,0.082949,0.042257,2168.7,0.1683,1.5167,0.042257,0.031587,17.58,1.1059,0.042257,0.02296,0.12016,0.26232,0.1508,,-0.33849,4.8983,0.48346,0.031587,170.47,2.1411,1.9691,0.039505,1.3378,,0.34068,0.02953,0.02072,0.19805,0.031587,107.05,89.468,0.47671,0.56152,18.115,-0.026453,-0.019774,0.61412,0.60634,0.46704,0.57248,0.57248,-15939,0.02953,0.090159,0.96909,0,20.763,4.0797,165.44,2.2063,2.248,0
-0.029314,0.89582,0.024423,1.0459,-74.655,0,-0.034399,0.11629,1.2632,0.10418,0.043386,-0.064661,0.011436,-0.034399,22635,0.016126,1.1163,-0.034399,-0.027232,74.69,1.2049,0.043386,-0.023206,0.088491,0.10082,0.021801,0.55776,0.055059,4.9213,0.68403,-0.003435,159.46,2.289,1.3593,0.045474,1.2632,0.83213,0.4622,0.035999,0.07534,0.32376,0.034346,149.19,74.503,-0.11341,0.56002,77.479,-0.005459,-0.004322,0.62112,0.53199,0.43687,0.23485,1.042,2037.3,0.035999,-0.2814,1.0272,3.4367,4.8869,4.8991,153.72,2.3745,2.8477,0
0.10058,0.37345,0.4324,3.1135,15.598,0,0.12425,1.6777,2.0926,0.62655,0.12922,0.60732,0.097514,0.12425,667.99,0.54641,2.6777,0.12425,0.059374,59.568,1.0954,0.12339,0.048062,0.51127,0.60839,0.48303,24.816,1.1911,4.3703,0.14699,0.061506,36.82,9.9132,5.4306,0.064542,2.0926,3.8505,0.70328,0.030842,0.35357,0.061262,0.058963,98.487,38.92,0.2945,1.4442,61.463,0.043575,0.020823,1.7057,0.20459,0.10088,1.726,1.9373,10143,0.030842,0.16052,0.94296,0.12247,6.1275,9.3783,35.684,10.229,5.7646,0
0.29165,0.20399,0.39722,3.4509,12.352,0.73923,0.29165,3.8984,1.356,0.79525,0.29165,1.7995,0.29159,0.29165,222.15,1.643,4.9021,0.29165,0.25373,110.9,1.2418,0.29689,0.25373,0.73923,0.79525,1.643,3.5026,0.90134,4.5326,0.10932,0.25373,69.79,5.23,1.4554,0.29689,1.1645,5.0112,0.83717,0.2583,0.6092,0.019702,0.2583,146.25,35.351,0.8351,1.2961,150.38,0.25338,0.22044,2.7418,0.16207,0.1912,1.8045,1.8996,13541,0.26256,0.36674,0.73744,0.052711,3.2913,10.325,51.466,7.0921,2.6082,0
0.001307,0.078507,0.38013,5.9631,91.842,0,0.002137,11.738,0.57067,0.92149,0.002657,0.027904,0.088739,0.002137,565.86,0.64504,12.738,0.002137,0.003745,150.5,0.818,0.000455,0.002291,0.14651,0.88109,0.63447,0.87594,0.69971,4.9833,-0.010672,0.003812,48.993,7.5113,7.328,0.000057,0.57796,115.6,0.92341,0.0001,1.2407,0.053452,0.000798,231.34,80.839,0.005556,2.8909,149.29,-0.048048,-0.084196,5.8176,0.076592,0.13313,1.6962,1.6997,36575,0.0001,0.001419,0.9963,0.002079,2.4252,4.5151,48.988,7.4508,1.0504,0
0.005651,0.46824,0.090423,1.4628,-1.1971,0,0.009755,1.1356,2.8105,0.53176,0.05757,0.049927,0.068442,0.009755,888.49,0.41081,2.1356,0.009755,0.003471,12.314,1.7843,0.056863,0.002011,0.10452,0.1433,0.40204,1.1892,0.12661,3.5853,0.15052,0.020484,25.909,14.088,5.8784,0.058016,2.8105,0.70133,0.80408,0.020643,0.25263,0.065179,0.020232,30.707,18.393,0.059596,0.97751,12.573,-0.12574,-0.044739,0.61037,0.19538,0.070982,0.74455,1.1258,348,0.020643,0.010627,0.99653,0.51211,29.641,19.845,25.374,14.385,3.9352,0
-0.033674,0.7596,0.02903,1.2403,-57.267,0,-0.033674,0.31649,0.57193,0.2404,0.013681,-0.27876,0.067478,-0.033674,7184,0.050807,1.3165,-0.033674,-0.058877,68.154,1.0429,0.013639,-0.058877,0.039977,0.23535,0.050807,0.28802,0.034146,4.2965,1.3209,0.02392,77.837,4.6893,0.74573,0.005481,0.57193,0.071715,0.84047,0.009583,0.04118,0.29474,0.023847,92.443,24.289,-0.31532,0.35625,68.814,-0.058628,-0.10251,0.19725,0.1208,0.21325,0.28277,0.98859,574.55,0.009583,-0.14007,1.0579,2.4961,5.3555,15.027,77.092,4.7346,0.67273,0
-0.048608,0.9601,-0.63399,0.31165,-349.91,-0.70338,-0.063378,0.041537,0.76875,0.03988,-0.023677,-0.068813,-0.005502,-0.063378,-82851,-0.004406,1.0416,-0.063378,-0.082443,78.746,0.81695,-0.10655,-0.06323,-0.40952,-0.045162,0.010979,-2.6838,-0.88926,4.6502,1.2478,-0.0462,377.66,0.96857,0.92915,-0.12136,0.86837,4.284,0.068168,-0.15787,0.011469,-0.67518,-0.1386,131.27,52.522,-0.29308,0.19154,68.008,-0.1657,-0.21554,0.29897,0.92102,1.0347,0.055937,0.095615,-28329,-0.1579,-1.2189,1.0273,0.70932,4.6351,6.9494,437.3,0.83467,1.0783,1
-0.014277,0.19532,0.53119,3.7556,39.249,0,-0.015055,4.1197,1.6226,0.80468,-0.001278,-0.078098,0.006608,-0.015055,6649.4,0.054892,5.1197,-0.015055,-0.009278,85.302,0.98221,-0.001667,-0.008799,0.050386,0.49031,0.058874,-0.12097,1.9243,4.2553,0.10172,-0.009244,52.274,7.0576,6.9653,0.2766,1.6226,,0.80468,0.17047,0.19885,0.27005,-0.001027,154.23,68.931,-0.03765,1.7885,101.73,-0.027443,-0.016913,3.7065,0.19277,0.14169,2.9151,2.9151,3.7556,0.17047,-0.017742,0.84324,0,4.2789,5.2951,43.363,8.4173,5.878,0
-0.43912,0.72654,0.20101,1.2767,-37.357,-0.095632,-0.43912,0.37638,6.1314,0.27346,-0.39808,-0.6044,-0.064864,-0.43912,-666.79,-0.5474,1.3764,-0.43912,-0.071619,52.044,0.44149,-0.3983,-0.071619,-0.30045,-0.14341,-0.5474,-9.7051,2.7749,2.5962,0.11787,-0.064925,40.615,8.9868,8.9868,-0.3979,6.1314,,0.27346,-0.064895,0.005295,-0.067859,-0.064961,54.988,2.9443,-0.50229,0.073369,48.872,-0.43972,-0.071716,1.2767,0.72654,0.11127,3.7749,3.7749,79.322,-0.064895,-1.6058,1.0716,0,7.0133,123.97,43.251,8.4391,84.639,0
0.033849,0.21327,0.23141,2.3602,32.619,0.068686,0.042225,3.6888,1.0317,0.78673,0.042225,0.2482,0.044684,0.042225,1171.9,0.31145,4.6888,0.042225,0.028405,24.454,1.2821,0.041827,0.022771,0.087373,0.78673,0.27218,0.2903,0.38667,4.2507,0.12521,0.028405,43.099,8.4689,0.19612,0.041827,1.4896,6.9978,0.82987,0.028137,0.17994,0.1062,0.028137,91.076,66.622,0.33987,1.7748,25.23,0.017627,0.011858,1.8827,0.17013,0.11808,1.3146,1.3867,4122.1,0.030765,0.043025,0.96923,0.054846,14.926,5.4787,41.773,8.7378,2.4839,0
0.57995,0.19356,0.79415,5.1028,9.7967,0,0.78329,4.1663,13.33,0.80644,1.156,4.0467,0.059174,0.78329,89.566,4.0752,5.1663,0.78329,0.058761,12.452,1.4709,0.85376,0.043507,2.0792,0.57995,3.0247,2.2904,64.598,3.7556,0.006606,0.058761,5.6625,64.459,64.459,0.85331,13.33,,0.80644,0.064014,0.54505,0.007509,0.064047,24.156,11.704,1.2753,2.7534,13.304,0.84825,0.063634,5.1028,0.19356,0.015514,65.598,65.598,4524,0.064014,0.71915,0.94255,0,29.312,31.186,5.3,68.868,1084.3,0
-0.060977,0.26741,0.25887,2.5348,49.049,-0.026845,-0.070128,2.7395,0.95803,0.73259,-0.070128,-0.41579,-0.00934,-0.070128,-6778.9,-0.053844,3.7395,-0.070128,-0.045492,11.183,1.1244,-0.070041,-0.039555,-0.046101,0.73259,-0.019624,-0.43529,0.4522,4.3628,0.17204,-0.045492,38.259,9.5402,-0.26192,-0.070041,1.5441,3.8511,0.83134,-0.045435,0.013114,-0.6143,-0.045435,100.7,89.522,-1.2911,2.2548,10.713,-0.12577,-0.081587,1.5988,0.16866,0.10482,1.2797,1.4522,5969,-0.043804,-0.083235,1.0438,0.1348,32.64,4.0772,39.935,9.1399,2.6928,0
0.30934,0.2134,0.6919,4.2422,90.007,0,0.38823,3.6859,2.7561,0.7866,0.38831,1.8192,0.1537,0.38823,183.87,1.9851,4.6859,0.38823,0.14086,12.761,1.329,0.35202,0.11223,0.84426,0.77369,1.6153,4801.1,7.3068,3.5881,0.072332,0.14089,32.392,11.268,11.268,0.35144,2.7561,,0.7866,0.12751,0.080658,0.018362,0.12772,117.61,104.85,3.2102,3.7907,14.626,0.31663,0.11488,4.2422,0.2134,0.088745,8.3068,8.3068,2680,0.12751,0.39326,0.86108,0,28.603,3.4811,28.261,12.915,29.106,0
0.06214,0.24411,0.64379,6.128,26.088,0.1723,0.078073,2.9665,1.0935,0.72414,0.078073,0.62187,0.10882,0.078073,739.83,0.49336,4.0966,0.078073,0.070544,188.12,1.0559,0.091002,0.056148,0.21677,0.72414,0.42808,0.89913,2.791,4.5579,0.15424,0.070544,45.276,8.0617,0.3728,0.091002,1.1123,1.6779,0.8427,0.082226,0.60946,0.060179,0.082226,228.49,40.374,0.10894,1.5846,205.7,0.048644,0.043953,3.1517,0.12555,0.12404,3.1394,3.6534,23263,0.085492,0.085812,0.91451,0.16372,1.9403,9.0404,41.405,8.8154,4.798,0
0.10395,0.64564,0.014098,1.0286,-15.992,0,0.10395,0.54884,1.9244,0.35436,0.10395,0.21113,0.054016,0.10395,2267.1,0.161,1.5488,0.10395,0.054016,15.238,1.1525,0,0.054016,0.29634,0.10395,0.161,0,0.028565,4.3087,0.29891,0.10803,112.02,3.2585,2.4849,0.0068,1.9244,4.502,0.44901,0.003534,0.15323,,0,81.749,66.512,1.2939,0.86546,18.278,0,0,0.78442,0.49236,0.30689,0.71799,0.90977,286.96,0.16633,0.29335,0.83402,0.26711,23.954,5.4878,93.384,3.9086,3.8992,0
0.015725,0.25834,0.74033,4.4895,49.825,0,0.015725,2.8708,2.52,0.74166,0.016172,0.07412,0.010266,0.015725,3645,0.10014,3.8708,0.015725,0.00624,56.786,0.95585,0.011949,0.00624,-0.25296,0.63903,0.10014,26.727,15.582,2.692,0.004155,0.00624,30.87,11.824,9.71,0.011449,2.52,,0.74166,0.004544,1.1801,0.38976,0.004742,101.7,44.911,0.04011,2.6416,57.046,0.001805,0.000716,3.6869,0.21216,0.084575,15.61,15.61,364.3,0.004544,0.021203,0.99382,0,6.4276,8.1271,30.73,11.878,53.037,0
-0.023331,0.82528,-0.10127,0.87729,-113.55,-0.023331,-0.017118,0.19814,0.9621,0.16353,-0.017118,-0.020742,-0.006916,-0.017118,-55503,-0.006576,1.2117,-0.017118,-0.021813,70.031,0.71026,0.058142,-0.029729,-0.017118,0.16353,-0.014103,,-0.36693,4.1833,1.0504,-0.021813,369.29,0.98838,0.07045,0.058142,0.87844,,0.16353,0.074087,0.003283,0.38854,0.074087,335.48,265.45,-0.15494,0.69484,67.377,0.046451,0.059189,0.87729,0.82528,1.0118,0.59252,0.59252,-1544.4,-0.039393,-0.14267,1.0394,0,5.212,1.375,383.84,0.95092,2.8436,1
-0.20115,0.13881,0.51086,4.9151,84.763,-0.35903,-0.20115,6.2043,1.8003,0.8612,-0.19759,-1.5416,-0.10699,-0.20115,-263.05,-1.3876,7.2043,-0.20115,-0.11174,3.7747,0.6783,-0.19832,-0.11174,-0.13237,-0.51103,-1.3876,-55.607,1.4243,3.2193,-0.023821,-0.11174,22.826,15.99,15.032,-0.28621,1.8003,,0.8612,-0.15899,1.4153,-0.024381,-0.11016,92.588,88.813,-10.804,4.7724,3.2569,-0.20687,-0.11491,4.6204,0.13048,0.062537,2.4011,2.4011,846.38,-0.15898,-0.23357,1.1043,0,96.695,4.1097,26.455,13.797,5.0194,0
0.16168,0.14041,0.76226,6.4288,21.921,0,0.16168,6.122,1.7694,0.85959,0.16168,1.1515,0.21919,0.16168,132.14,2.7621,7.122,0.16168,0.091378,8.5507,0.88175,0,0.091378,0.69567,0.81966,2.7621,,7.8313,3.2738,0.079355,0.20362,51.011,7.1552,7.1552,0.005014,1.7694,,0.85959,0.002834,4.796,0.020696,0,47.294,38.744,3.9006,6.1336,15.059,-0.22615,-0.12781,6.4288,0.14041,0.13976,8.8313,8.8313,1431.8,0.4322,0.18809,0.57725,0,42.686,9.4209,28.964,12.602,18.178,0
0.02663,0.62485,0.076965,1.1465,-36.534,0.085352,0.033932,0.59482,1.0222,0.37168,0.033932,0.064603,0.036039,0.033932,2420,0.15083,1.6004,0.033932,0.012976,45.596,1.0744,0.056115,0.010183,0.10874,0.37168,0.13914,0.21935,0.19348,4.3468,0.22315,0.012976,74.94,4.8706,0.089806,0.056115,2.6821,2.7662,0.47128,0.021458,0.085816,0.17644,0.021458,77.761,32.166,0.081518,0.52458,46.609,-0.004198,-0.001605,0.96377,0.52524,0.20531,0.93435,1.1847,1710.3,0.021744,0.071649,0.97826,0.26799,8.0052,11.347,73.31,4.9788,6.5741,0
0.2693,0.21672,0.4663,3.6245,95.973,0,0.33446,3.6143,1.9571,0.78328,0.33746,1.8824,0.23925,0.33446,168.94,2.1605,4.6143,0.33446,0.1709,12.516,1.4894,0.3366,0.1376,0.26365,0.73714,1.8598,112.44,1.3098,3.0349,-0.04187,0.17184,40.045,9.1148,7.4727,0.33757,1.9571,14.775,0.82232,0.17249,1.6985,0.015358,0.17199,63.822,51.307,4.013,3.2468,15.124,0.20284,0.10365,2.9715,0.17768,0.10971,2.2001,2.3098,505.32,0.17249,0.34381,0.82918,0.049846,29.164,7.1141,33.137,11.015,5.497,0
0.088577,0.39282,0.30665,2.0395,29.372,0.4289,0.10871,1.5073,1.0577,0.59209,0.10871,0.36854,0.078532,0.10871,782.88,0.46623,2.5457,0.10871,0.046616,19.66,1.1838,0.1262,0.037981,0.53809,0.59209,0.41496,0.57235,0.76977,4.2578,0.16654,0.046616,48.831,7.4747,0.32127,0.1262,2.3391,4.8657,0.68992,0.054115,0.039436,0.06437,0.054115,92.342,72.682,0.70513,1.6137,20.794,0.051771,0.022199,1.5316,0.29499,0.13378,1.4863,1.7319,5551.6,0.054518,0.1496,0.94548,0.16523,18.565,5.0219,46.169,7.9057,5.8543,0
-0.095584,0.65166,0.24415,2.6277,61.588,-1.089,-0.095584,0.53453,0.55494,0.34834,-0.085112,-0.63725,-0.015417,-0.095584,-27803,-0.013128,1.5345,-0.095584,-0.17224,67.588,1.4764,-0.1303,-0.17224,-0.83644,-0.11266,-0.013128,-12.443,0.40299,3.5357,1.0124,-0.15337,79.736,4.582,1.0546,-0.13168,0.60217,0.58712,0.84463,-0.23728,0.85717,-0.50203,-0.2348,174.68,107.09,-0.93018,1.9427,54.573,-0.21733,-0.39162,0.60483,0.14999,0.21824,0.57495,1.3941,838.17,-0.23728,-0.2744,1.1587,1.4248,5.4004,3.4084,98.656,3.6997,0.91596,1
0.082204,0.47577,-0.093808,0.79559,-38.105,0,0.082204,1.1019,1.9044,0.52423,0.11502,0.17912,0.064351,0.082204,1417,0.25758,2.1019,0.082204,0.043166,16.872,1.5288,0.10741,0.043166,0.25929,0.48859,0.25758,3.2729,-0.14776,4.0443,0.24804,0.048209,93.006,3.9245,3.7855,0.10332,1.9044,26.717,0.5346,0.054256,0.017292,0.10733,0.056403,68.46,51.587,0.93382,0.60377,17.84,0.067068,0.035218,0.76743,0.45893,0.25481,0.82572,0.84205,-1038.8,0.054256,0.15681,0.96082,0.019784,21.633,7.0754,87.96,4.1496,2.9995,0
0.006337,0.49522,0.064964,1.1324,-24.678,0.037302,0.006337,1.0193,4.8536,0.50478,0.006337,0.012914,0.012009,0.006337,3101.1,0.1177,2.0193,0.006337,0.001306,27.107,0.99713,0,0.001306,0.15464,0.45043,0.1177,,0.14622,3.2648,0.10095,0.003349,39.477,9.2458,9.1624,0.001406,4.8536,,0.50478,0.00029,0.035066,0.31775,0,40.497,13.39,0.017582,0.39788,28.996,-0.05195,-0.010704,1.1222,0.49075,0.10816,1.1362,1.1362,119.53,0.065151,0.012555,0.93579,0,13.465,27.26,36.905,9.8901,10.924,0
0.072263,0.72406,0.16209,2.0889,14.774,0.22219,0.071191,0.35435,1.069,0.25657,0.071191,0.47823,0.0885,0.071191,3079.7,0.11852,1.3811,0.071191,0.073419,37.134,0.57506,0.06395,0.074524,0.23692,0.25657,0.12,0.70501,0.23524,5.0806,0.73632,0.073419,59.9,6.0935,0.088321,0.06395,1.0977,0.36909,0.83177,0.065952,0.24792,0.30296,0.065952,103.16,66.024,0.73252,1.4262,39.695,0.049327,0.050871,0.42946,0.14886,0.16411,0.37235,1.2071,19513,0.064523,0.28165,0.93548,2.2419,9.8292,5.5283,56.035,6.5138,1.4072,0
-0.18375,0.19052,0.30018,2.7264,-12.16,-0.18375,-0.21968,3.2275,0.87818,0.61492,-0.21968,-1.2634,-0.13681,-0.21968,-385.83,-0.94601,5.2487,-0.21968,-0.16675,90.324,0.86862,-0.18042,-0.13947,-0.21968,0.61492,-0.75743,,0.57074,4.4115,0.1385,-0.16675,42.303,8.6282,-0.94695,-0.18042,1.3309,8.8901,0.63157,-0.13694,0.18152,-0.044432,-0.13694,122.59,32.268,-0.56361,0.85138,79.321,-0.21986,-0.16688,2.4882,0.17387,0.1159,1.1692,1.2008,7743.1,-0.13872,-0.29882,1.1387,0.027079,4.041,11.312,48.171,7.5771,2.5049,1
0.046101,0.56835,0.087353,1.7721,-101.24,0.36149,0.060351,0.75947,0.54746,0.43165,0.12228,0.53342,0.16579,0.060351,2285.6,0.15969,1.7595,0.060351,0.11024,38.787,1.1195,0.08864,0.08421,0.20369,0.39387,0.13462,1.4312,0.10926,5.4814,1.0382,0.11024,,0,0,0,0.54746,0.31264,0.88686,0,0.18229,0.15913,0.16191,119.92,81.135,0.79244,1.2579,,0.058229,0.10636,0.35276,0.11314,,0.53989,1.1093,1.7721,1,0,0.10624,1.0546,9.4103,4.4987,75.433,4.8387,0.68474,0
0.2128,0.11783,0.52615,8.7097,156.54,-0.002853,0.26746,7.4871,0.86038,0.88217,0.27007,3.9191,0.32438,0.26746,154.09,2.3687,8.4871,0.26746,0.31087,121.32,2.1589,0.25255,0.24733,0.30932,0.84993,1.9047,96.964,1.2972,4.5085,-0.082601,0.3139,48.045,7.9387,4.5982,0.34191,0.86038,47.142,0.88872,0.3974,3.0577,0.014867,0.29353,163.64,42.317,0.74412,4.5193,192.66,0.24092,0.28002,5.0447,0.068246,0.12597,2.175,2.1911,8.7097,0.3974,0.24122,0.60793,0.007416,3.0086,8.6254,28.952,12.607,2.1212,0
0.22076,0.31093,0.647,3.0809,100.31,0.01134,0.28086,2.2162,2.5827,0.68907,0.3205,0.90329,0.12535,0.28086,350.56,1.0412,3.2162,0.28086,0.10875,1.9316,1.2068,0.26692,0.085476,0.32379,0.25218,0.84791,6.7333,15.376,3.1378,-0.002284,0.11073,49.007,7.4479,7.4479,0.26692,2.5827,,0.68907,0.10335,1.019,0.033454,0.10335,90.604,88.673,16.152,3.0369,2.1542,0.22404,0.086747,3.0809,0.31093,0.13427,16.376,16.376,888.53,0.10335,0.32037,0.89346,0,188.96,4.1163,43.942,8.3063,61.379,0
0.020756,0.10198,0.83275,9.1657,56.606,0,0.025625,8.8058,1.786,0.89802,0.025641,0.25127,0.022436,0.025625,928.91,0.39293,9.8057,0.025625,0.014348,114.08,0.9652,0.025641,0.011621,0.8545,0.77966,0.34519,1666.5,12.758,2.9268,-0.039258,0.014356,21.145,17.262,17.262,0.025641,1.786,,0.89802,0.014356,1.6875,0.0848,0.014356,155.86,41.775,0.037183,3.692,115.74,0.011194,0.006268,9.1657,0.10198,0.057931,13.758,13.758,703.6,0.014356,0.023113,0.98565,0,3.1995,8.7373,20.841,17.513,27.362,0
0.1686,0.06887,0.36921,6.3609,136.83,0.40436,0.21096,11.635,1.2504,0.80131,0.21096,3.0631,0.27628,0.21096,86.795,4.2053,14.52,0.21096,0.20124,27.928,1.1451,0.20369,0.16083,0.52774,0.80131,3.5903,2.4295,0.65704,5.7542,-0.13553,0.20124,29.983,12.173,2.9576,0.20369,1.0995,,0.80131,0.1943,3.0664,0.008019,0.1943,79.001,51.074,2.102,5.1963,34.92,0.12502,0.11926,6.3609,0.06887,0.082147,1.426,1.426,209630,0.20024,0.2104,0.79976,0,13.069,7.1466,23.979,15.221,1.8655,0
0.056357,0.5669,0.045941,1.1646,-5.8441,0.14548,0.072274,0.72902,1.0223,0.41328,0.072274,0.25892,0.037495,0.072274,1343,0.27178,1.764,0.072274,0.017588,9.0142,1.2131,0.068622,0.013715,0.18298,0.41328,0.2437,0.17072,0.068069,4.7009,0.13246,0.017588,25.347,14.4,0.12105,0.068622,4.1988,0.777,0.70105,0.0167,0.11091,0.1239,0.0167,26.125,17.111,0.55533,0.80102,9.2151,-0.013178,-0.003207,0.57343,0.27913,0.069443,0.61234,1.0387,2307.1,0.021801,0.13636,0.9782,0.69629,40.491,21.332,24.794,14.721,6.0884,0
0.015396,0.42659,0.61115,2.5717,18.943,-0.53583,0.015396,1.3442,1.9288,0.57342,0.067146,0.039594,0.007982,0.015396,10113,0.036091,2.3442,0.015396,0.007982,95.481,0.85253,0.048658,0.007982,0.24135,-0.52043,0.036091,0.94024,,2.6423,0.12485,0.008067,73.564,4.9617,4.5227,-0.000499,1.9288,,0.57342,-0.000259,0.49076,0.29223,0.025227,153.12,57.642,0.030513,1.2741,95.456,0.048658,0.025227,2.3442,0.38885,0.20155,,,268.18,-0.000259,0.026849,0.9923,0,3.8228,6.3322,73.583,4.9604,,0
0.067488,0.65029,0.33736,1.525,-19.91,-0.080922,0.093013,0.53778,2.7652,0.34971,0.14995,0.14475,0.033968,0.093013,2526.9,0.14444,1.5378,0.093013,0.033637,11.749,1.3239,0.14972,0.024406,-0.000578,0.34228,0.10519,2.6295,16.807,3.8277,0.21765,0.035604,89.609,4.0732,4.0249,0.14787,2.7652,,0.34971,0.053475,0.68705,0.1439,0.054144,71.074,59.325,0.75824,1.3865,12.412,0.1488,0.053813,1.5069,0.64257,0.24551,17.422,17.422,2268.7,0.053475,0.19298,0.96641,0,31.068,6.1525,84.818,4.3034,137.76,0
0.03453,0.2248,0.44945,3.0503,99.117,0,0.042828,3.4483,1.1539,0.7752,0.076615,0.19537,0.067463,0.042828,1054,0.34629,4.4483,0.042828,0.037115,47.347,1.0429,0.028003,0.029924,0.20047,0.46424,0.30938,0.82882,1.3565,3.5642,0.15264,0.037115,71.199,5.1264,4.999,0.030124,1.1539,,0.7752,0.026106,0.22203,0.1189,0.024268,196.11,148.77,0.23069,2.3675,48.616,-0.007017,-0.006081,2.9744,0.21922,0.19507,2.3396,2.3396,1647.7,0.026106,0.044544,0.96439,0,7.709,2.4535,69.341,5.2639,3.4827,0
0.063966,0.67528,0.06619,1.249,-67.527,0,0.084193,0.48086,1.3215,0.32472,0.12606,0.31674,0.086953,0.084193,2145,0.17016,1.4809,0.084193,0.063711,77.512,1.5789,0.093606,0.048405,0.30676,0.31421,0.14021,2.2357,0.099088,3.6775,0.49412,0.063722,79.704,4.5795,1.8026,0.10421,1.3215,0.14776,0.67238,0.078856,0.11451,0.18106,0.070835,83.293,5.7815,0.22793,0.19326,84.147,0.062893,0.047593,0.49165,0.26581,0.21837,0.48611,1.0066,314.99,0.078856,0.19699,0.93797,1.0707,4.709,63.132,73.419,4.9715,1.9783,0
-0.068324,0.53317,0.018629,1.057,-52.729,0.20608,-0.084351,0.87557,1.0676,0.46683,0.047348,-0.25819,-0.052072,-0.084351,-3500.7,-0.10427,1.8756,-0.084351,-0.07901,38.725,1.009,0.039466,-0.063998,0.011574,0.39959,-0.074208,0.29967,0.028456,5.5464,0.49941,-0.07901,127.41,2.8841,1.7672,0.13164,1.0676,1.124,0.6733,0.1233,0.11704,0.2605,0.036967,104.99,66.267,-0.60322,0.71033,43.877,0.010707,0.010029,0.64769,0.3267,0.34673,0.71307,1.0285,1.057,0.1233,0,0.99281,0.44228,9.4256,5.508,111.7,3.2678,1.6307,0
0.031879,0.57715,-0.049026,0.90716,-13.521,-0.21279,0.055416,0.73266,3.6163,0.42285,0.065081,0.10494,0.03183,0.055416,1830.1,0.19944,1.7327,0.055416,0.015324,7.0898,1.1368,0.048442,0.008815,0.088239,-0.077153,0.15866,5.0121,-0.094109,3.4706,0.15023,0.017997,53.332,6.8439,6.2621,0.002163,3.6163,,0.42285,0.000598,0.09111,0.17792,0.013396,43.496,36.406,0.45384,0.77415,7.094,-0.011247,-0.00311,0.83003,0.52808,0.14611,0.8117,0.8117,-144.87,0.000598,0.075391,0.98494,0,51.483,10.026,53.3,6.848,6.9418,0
0.14162,0.17401,0.76818,5.4209,221.74,0,0.1733,4.7467,1.2656,0.82599,0.1733,0.99737,0.18195,0.1733,275.83,1.3233,5.7467,0.1733,0.13694,35.619,1.4174,0.167,0.1119,0.26584,0.75204,1.1412,,13.229,3.4635,-0.15628,0.13694,57.544,6.3429,6.3337,0.16342,1.2656,,0.82599,0.12913,2.1449,0.025899,0.13196,164.17,128.56,1.1467,4.7102,40.901,0.11003,0.086945,5.413,0.17376,0.15766,14.225,14.225,2233.3,0.12913,0.17146,0.86413,0,10.247,2.8393,50.114,7.2834,21.795,0
0.012898,0.70621,0.038857,1.1722,-18.907,0,0.013981,0.416,1.6768,0.29379,0.041583,0.061959,0.023622,0.013981,6507.6,0.056089,1.416,0.013981,0.008338,27.092,1.033,0.040401,0.007692,0.90184,0.083706,0.054556,1.4637,0.052831,4.9667,0.41853,0.024762,50.128,7.4,2.3644,0.033819,1.6768,0.3785,0.66377,0.020169,0.022858,0.35651,0.024093,56.452,29.36,0.10363,0.62061,27.207,0.014771,0.008809,0.37454,0.22564,0.13514,0.39944,0.90248,3599.1,0.020169,0.043904,1.0122,1.2594,13.472,12.432,49.117,7.4313,2.2799,1
0.004513,0.59322,0.050671,1.0854,-233.82,0.00903,0.008017,0.62108,1.0181,0.36844,0.008017,0.013514,0.050148,0.008017,5500.8,0.066355,1.6857,0.008017,0.010214,245.86,1.0261,0.036506,0.00575,0.015166,0.36844,0.060448,0.47352,0.14229,5.0591,0.74144,0.010214,280.86,1.2996,0.061539,0.036506,0.83489,,0.36844,0.046508,0.022862,0.28744,0.046508,293.11,47.247,0.008536,0.19414,250.32,0.00516,0.006574,1.0854,0.59322,0.76947,1.0346,1.0346,5805.7,0.017824,0.01225,0.98218,0,1.4846,7.7253,275.85,1.3232,2.2043,0
0.092965,0.11583,0.61498,6.3093,241.52,0.24886,0.11943,7.1137,1.1578,0.82398,0.11943,1.0311,0.18265,0.11943,270.24,1.3506,8.6333,0.11943,0.13943,60.163,1.301,0.10177,0.10854,0.31575,0.82398,1.1222,1.3757,2.2846,4.758,-0.30053,0.13943,57.149,6.3868,0.87864,0.10177,0.89378,,0.82398,0.11882,3.2424,0.027438,0.11882,151.38,91.218,0.65846,5.0904,69.658,0.064755,0.075601,6.3093,0.11583,0.15657,3.061,3.061,35226,0.1363,0.11282,0.8637,0,6.0668,4.0014,49.359,7.3947,3.1819,0
0.000784,0.76527,-0.016543,0.97838,-81.704,-0.74621,0.000784,0.30673,1.8068,0.23473,0.02229,0.001025,0.010233,0.000784,15108,0.02416,1.3067,0.000784,0.000434,88.37,1.0532,0.014969,0.000434,-1.0306,-0.46538,0.02416,0.69607,-0.065836,3.3309,0.41627,0.009563,137.81,2.6485,2.6485,-0.22,1.8068,,0.23473,-0.12176,0.019752,0.78072,0.008285,148.2,59.826,0.001793,0.40675,78.778,-0.002735,-0.001514,0.97838,0.76527,0.37757,0.93416,0.93416,-35.443,-0.12176,0.003341,0.99963,0,4.1304,6.101,154.59,2.3611,7.1908,0
-0.012143,0.70557,0.042897,1.0611,-32.284,-0.028633,-0.011064,0.41538,1.0277,0.29308,-0.011064,-0.015766,0.006981,-0.011064,19206,0.019005,1.4173,-0.011064,-0.00576,39.394,1.1881,0.05039,-0.006322,-0.025782,0.29308,0.017474,0.26963,0.16799,4.3467,0.35382,-0.00576,137.06,2.6632,0.071417,0.05039,1.9341,140.46,0.29691,0.026235,0.038444,0.30986,0.026235,136.38,96.986,-0.058579,0.76572,40.487,0.025917,0.013493,1.0554,0.70175,0.37549,1.1477,1.1627,953.01,0.026999,-0.041434,0.973,0.013053,9.2655,3.7634,133.35,2.7371,7.5219,0
0.033174,0.70632,-0.16554,0.76564,-190.05,0,0.039228,0.41564,1.0674,0.29358,0.066792,0.055539,0.048751,0.039228,4954.4,0.073671,1.4158,0.039228,0.036752,121.96,0.73812,0.066522,0.03108,0.17453,0.17264,0.0651,2.4134,-0.36056,3.9811,0.6601,0.046672,256.57,1.4284,1.4284,0.062561,1.0757,,0.29358,0.058613,0.007689,0.29679,0.062324,183.07,61.107,0.093013,0.51264,129.56,0.053715,0.050325,0.76564,0.70632,0.70294,0.63944,0.63944,-1585,0.058611,0.113,0.93791,0,2.9927,5.9731,241.54,1.5112,2.3248,1
-0.26063,1.0559,0.19961,1.287,-63.176,-0.58712,-0.25717,-0.052947,1.015,-0.055907,-0.21281,-0.36975,-0.25106,-0.25717,-1512.4,-0.24134,0.94705,-0.25717,-0.25337,137.97,1.3175,-0.21281,-0.25678,-0.58803,-0.25894,-0.24462,-4.7972,1.9035,3.3914,0.90203,-0.24603,206.25,1.7697,1.1657,-0.21587,1.015,1.4259,0.3028,-0.21268,0.24711,-0.16723,-0.20967,260.09,122.12,-0.67931,0.73537,113.77,-0.21516,-0.21198,0.84774,0.69553,0.56507,-0.53315,2.8876,491.56,-0.21268,4.6619,1.25,-6.4161,2.6455,2.9889,250.12,1.4593,9.6793,0
0.34933,0.17111,0.74751,5.4312,124.3,0,0.43742,4.8441,2.5765,0.82889,0.46369,2.593,0.17408,0.43742,139.25,2.6212,5.8441,0.43742,0.16977,0,1.3379,0.41137,0.13558,0.90318,0.81782,2.1064,15.657,8.9198,3.6552,-0.03892,0.16977,28.489,12.812,12.631,0.41523,2.5765,,0.82889,0.16116,1.6392,0.013501,0.15966,90.619,90.619,,5.4312,0,0.40026,0.15535,5.3543,0.16869,0.078052,9.8909,9.8909,3378.9,0.16116,0.42145,0.83388,0,,4.0278,23.898,15.273,30.745,0
-0.000974,0.85341,0.12666,1.416,-21.414,-0.042626,-0.000974,0.17177,0.99335,0.14659,0.013224,-0.003199,0.031292,-0.000974,10021,0.036424,1.1718,-0.000974,-0.00098,66.799,1.2373,0.011761,-0.00098,-0.009996,-0.006025,0.036424,0.82839,0.22264,3.893,0.84784,0.013313,112.13,3.2552,1.1613,0.002329,0.99335,0.45421,0.69547,0.002344,0.043063,0.64919,0.01184,153.59,86.789,-0.005357,0.8189,66.956,-0.020297,-0.020432,0.50515,0.30444,0.3072,0.25768,1.2225,990.09,0.002344,-0.006643,1.001,3.7442,5.4642,4.2056,111.86,3.2629,1.7461,0
0.034885,0.19685,0.51435,4.2995,51.486,0,0.051682,4.0799,1.4063,0.80315,0.092745,0.33154,0.063868,0.051682,799.97,0.45627,5.0799,0.051682,0.03675,83.084,1.2603,0.065315,0.024806,0.053819,0.27502,0.37094,1.5906,1.5597,4.2107,0.046662,0.065949,43.616,8.3684,6.6268,0.1018,1.4063,39.158,0.81209,0.072386,0.926,0.06343,0.046444,136.49,53.405,0.10897,2.246,89.568,0.027179,0.019327,3.4047,0.15589,0.1195,2.4355,2.4626,8354.7,0.072386,0.043435,0.96409,0.011132,4.3931,6.8345,40.459,9.0214,4.2645,0
0.12844,0.41354,0.25632,2.9183,23.142,0,0.12844,1.4182,0.97501,0.58646,0.13444,0.96122,0.17326,0.12844,893.51,0.4085,2.4182,0.12844,0.13173,69.679,0.96345,0.13199,0.13173,0.42409,0.12844,0.4085,22.015,0.42016,3.9616,0.38371,0.13788,46.645,7.8251,2.5285,-0.0706,0.97501,4.9754,0.62743,-0.072409,0.33672,0.07992,0.13537,129.13,59.455,0.69006,1.5253,64.975,0.091499,0.093844,0.94295,0.13362,0.12779,0.96133,1.0285,2346.5,-0.072409,0.21901,0.89183,0.069849,5.2383,6.1391,50.022,7.2967,1.5982,0
0.071258,0.90906,0.26221,1.3879,-28.74,-0.10074,0.077869,0.10004,3.1546,0.090945,0.085092,0.11521,0.030843,0.077869,3410.2,0.10703,1.1,0.077869,0.024684,56.568,1.3336,0.085092,0.022588,-0.015797,0.087403,0.099758,11.78,4.238,4.1497,0.28551,0.026364,81.24,4.4929,3.3406,0.11783,3.1546,1.9268,0.32408,0.037351,0.033413,0.28991,0.026974,105.93,49.363,0.14575,0.66461,58.763,0.065665,0.020815,1.032,0.67592,0.22258,1.4699,5.238,3701.5,0.037351,0.78353,0.97545,2.5635,6.4524,7.3942,78.206,4.6672,50.987,0
-0.5353,1.1332,-0.75872,0.29564,-240.82,-2.9658,-0.53754,-0.1175,0.69847,-0.13315,-0.46988,-0.49903,-0.47308,-0.53754,-1251.7,-0.29161,0.8825,-0.53754,-0.76959,0,0.76316,-0.47013,-0.76638,0.63828,-2.6338,-0.28963,-6.9486,-1.1132,2.9684,1.6197,-0.68825,344.49,1.251,1.1892,-0.44285,0.69847,,-0.13315,-0.63402,0.005584,-0.14361,-0.67307,163.27,163.27,,0.29564,0,-0.67723,-0.96959,0.28104,1.0772,0.79934,-0.19537,-0.19537,-705.49,-0.63402,4.0202,2.0262,0,,2.2355,562.9,0.64843,1.0248,1
0.16966,0.27473,0.53574,2.95,18.726,0.5556,0.16966,2.6399,2.1677,0.72527,0.17533,0.61756,0.10492,0.16966,440.89,0.82788,3.6399,0.16966,0.078268,72.346,0.86251,0.17529,0.078268,0.64606,0.72527,0.82788,30.938,2.8267,3.344,0.10312,0.079298,49.584,7.3612,7.3612,0.14536,2.1677,,0.72527,0.067055,0.20051,0.039291,0.080864,127.19,54.845,0.39488,1.3861,77.546,0.11751,0.054208,2.95,0.27473,0.13585,3.8267,3.8267,1182.9,0.067055,0.23393,0.92327,0,5.0452,6.6551,46.259,7.8903,11.437,0
0.06288,0.5516,0.17282,1.9177,-36.591,0,0.079772,0.81292,1.1868,0.4484,0.13773,0.4236,0.093009,0.079772,1824,0.20011,1.8129,0.079772,0.067216,84.898,1.4716,0.12182,0.052983,0.27379,0.29825,0.16949,2.1016,0.27051,3.8057,0.46352,0.089418,64.832,5.6299,1.9221,0.12659,1.1868,0.24834,0.79103,0.10667,0.015459,0.12062,0.10264,110.17,25.274,0.22779,0.45184,95.035,0.091206,0.076851,0.65471,0.18832,0.17762,0.70188,1.2382,1104.9,0.10667,0.14023,0.93618,0.76409,4.2993,14.442,57.917,6.3021,1.8577,0
-0.022526,0.73162,-0.23723,0.67574,-125.24,-0.36819,-0.022526,0.33052,1.0026,0.24182,-0.022526,-0.030789,-0.010868,-0.022526,-23793,-0.01534,1.3668,-0.022526,-0.021813,40.363,1.1001,-0.008557,-0.021813,-0.32042,0.24182,-0.01534,-0.083068,-0.4692,4.8183,0.58108,-0.021813,259.25,1.4079,-0.011695,-0.008557,1.088,,0.24182,-0.008286,0.18389,8.7585,-0.008286,127.19,86.827,-0.19726,0.51966,40.466,-0.019859,-0.019231,0.67574,0.73162,0.71028,0.47827,0.47827,-15611,0.002548,-0.093153,0.99745,0,9.043,4.2038,258.59,1.4115,2.0425,0
0.001368,0.34189,0.15419,1.633,-17.551,-0.006963,0.001434,1.9249,1.0275,0.65811,0.017661,0.005885,0.035623,0.001434,3409.4,0.10706,2.9249,0.001434,0.001395,69.383,1.1121,0.016096,0.001331,-0.001479,0.049682,0.10686,0.9919,0.25604,3.5857,0.32932,0.01421,84.762,4.3062,3.0681,-0.021494,1.0275,2.4766,0.73987,-0.02092,0.048563,0.22231,0.015666,137.11,67.726,0.007004,0.83121,67.961,-0.019071,-0.018562,1.1635,0.24359,0.23222,1.0928,1.2286,593.91,-0.02092,0.002079,0.99866,0.12423,5.2607,5.3893,86.535,4.2179,1.7061,0
-0.012381,0.82531,-0.087798,0.84561,-47.069,0,-0.012381,0.21167,1.852,0.17469,0.035217,-0.021771,0.044154,-0.012381,3683.8,0.099081,1.2117,-0.012381,-0.006685,27.595,1.3196,0.035217,-0.006685,0.036569,-0.019644,0.099081,0.73989,-0.16913,4.1684,0.43847,0.007168,111.83,3.264,2.249,-0.00415,1.852,2.4927,0.31143,-0.002241,0.027834,0.21265,0.019016,91.653,64.058,-0.088422,0.59939,27.534,-0.058936,-0.031823,0.58265,0.56867,0.30637,0.33651,0.59991,-1293.9,-0.002241,-0.070871,1.0065,0.78276,13.227,5.698,112.08,3.2567,3.5675,0
0.054284,0.027848,0.1521,6.4618,325.53,0,0.055003,34.91,0.20018,0.97215,0.05803,1.9751,0.32148,0.055003,157.94,2.311,35.91,0.055003,0.27476,0,0.91478,0.022871,0.27117,0.20714,0.88196,2.2852,7.5552,0.18547,4.2107,0.13519,0.28978,57.325,6.3672,6.3672,0.022872,0.20018,,0.97215,0.11425,0.036227,0.028807,0.11425,326.26,326.26,,6.4618,0,0.013518,0.06753,6.4618,0.027848,0.15706,1.1855,1.1855,2470.6,0.11426,0.055839,0.76629,0,,1.1187,50.775,7.1885,0.24411,0
0.019695,0.73172,0.10668,1.3258,-115.87,0.085452,0.024772,0.20942,1.1296,0.15324,0.024772,0.075653,0.066215,0.024772,4923.9,0.074128,1.3666,0.024772,0.030241,145.81,1.5036,0.097781,0.024043,0.10611,0.15324,0.06719,1.3483,0.18853,5.3097,0.86248,0.030241,164.8,2.2148,0.13363,0.097781,0.82549,0.26438,0.55751,0.11937,0.087281,0.18905,0.11937,180.7,34.89,0.060185,0.32641,164.7,0.068312,0.083393,0.59329,0.32744,0.45152,0.27079,0.98522,21766,0.1147,0.12853,0.8853,2.6383,2.5032,10.462,145.9,2.5017,1.4476,0
0.038954,0.838,0.04046,1.0519,-49.961,0,0.050173,0.19332,1.766,0.162,0.066784,0.064327,0.047072,0.050173,3679.4,0.0992,1.1933,0.050173,0.028411,56.341,0.97867,0.064277,0.022058,0.04082,0.15625,0.085812,3.8695,0.22532,3.9879,0.47398,0.033121,165.85,2.2007,2.0484,0.049473,1.766,18.207,0.19209,0.028014,0.003147,0.28728,0.036397,169.06,112.72,0.1429,0.70238,57.965,0.031321,0.017736,0.97904,0.77997,0.45439,0.9022,1.0698,393.47,0.028014,0.24045,0.97192,0.18574,6.4784,3.2381,161.21,2.2642,9.8348,0
0.056463,0.26368,0.33026,2.3016,12.097,0.10585,0.072551,2.719,1.0472,0.71697,0.072551,0.28594,0.080881,0.072551,825.91,0.44194,3.7924,0.072551,0.050355,72.11,1.2529,0.076975,0.039189,0.13523,0.71697,0.38093,0.55947,0.79389,4.3249,0.17125,0.050355,67.312,5.4225,0.29192,0.076975,1.4559,30.075,0.72692,0.053426,0.070189,0.071671,0.053426,143.43,71.324,0.19836,1.1798,75.513,0.032994,0.0229,2.2147,0.25373,0.18442,1.7235,1.7474,6978,0.045066,0.078752,0.95493,0.013883,5.0617,5.1175,64.278,5.6784,3.4634,0
0.030331,0.6717,0.17992,1.2855,11.509,0,0.041266,0.48876,3.322,0.3283,0.045066,0.065488,0.018489,0.041266,3991.6,0.091443,1.4888,0.041266,0.012422,7.6127,1.2346,0.038031,0.00913,0.17944,0.19507,0.075163,10.008,0.9472,5.57,0.20167,0.013566,70.369,5.1869,4.8659,0.053587,3.322,47.144,0.34401,0.016131,0.013556,0.38479,0.011448,88.064,80.451,0.43776,1.1756,7.7375,0.017875,0.005381,1.206,0.63013,0.19279,1.7283,1.8111,66844,0.016131,0.092388,0.98762,0.04786,47.946,4.5369,69.234,5.272,17.489,0
0.004164,0.24805,0.28625,2.2203,63.694,0.069349,0.001287,2.8105,1.0512,0.69714,0.001287,0.005485,0.041226,0.001287,2404.1,0.15182,4.0315,0.001287,0.001409,52.477,0.98312,0.013477,0.004558,0.073621,0.69714,0.16342,0.15509,0.59739,4.3583,0.27079,0.001409,98.535,3.7043,0.054331,0.013477,0.97091,28.931,0.7106,0.014753,0.035355,0.16359,0.014753,204.8,152.32,0.031705,1.6604,55.165,-0.022896,-0.025064,2.0997,0.23458,0.26996,1.4549,1.483,6532.1,0.048727,0.005973,0.95127,0.019312,6.9554,2.3963,93.733,3.894,1.9064,0
0.012753,0.75691,0.11494,1.1619,-41.713,0,0.012753,0.32116,2.5127,0.24309,0.052801,0.017967,0.049806,0.012753,2207.6,0.16534,1.3212,0.012753,0.005075,56.831,0.88206,0.040349,0.005075,0.030382,0.19034,0.16534,1.0075,0.65573,3.7549,0.29468,0.009267,103.52,3.5259,3.3063,0.010121,2.5127,10.386,0.28483,0.004028,0.024133,0.16518,0.016058,117.31,60.481,0.032596,0.61073,57.061,-0.072046,-0.028673,1.0896,0.70978,0.28362,1.3869,1.625,653.61,0.004028,0.05246,0.99505,0.17169,6.4226,6.035,103.1,3.5401,14.335,0
0.12641,0.70442,0.28179,2.0185,35.434,0,0.12641,0.41961,1.9423,0.29558,0.12641,0.45689,0.066078,0.12641,2003.3,0.1822,1.4196,0.12641,0.06508,22.026,1.7018,0,0.06508,0.25346,0.27225,0.1822,0,0.63819,4.3311,0.32348,0.14356,64.102,5.694,2.2364,0.046455,1.9423,4.3156,0.39782,0.023918,0.31028,12.124,0,88.814,66.788,1.0785,1.5949,27.156,-0.001937,-0.000997,0.79278,0.27666,0.17562,0.66942,0.90098,6039.4,0.18893,0.42765,0.82158,0.34591,16.572,5.465,51.991,7.0204,4.3988,0
0.10012,0.67114,0.25012,1.62,10.047,0.17565,0.12534,0.49,1.1452,0.32886,0.12534,0.31071,0.13473,0.12534,1679.7,0.21731,1.49,0.12534,0.11579,74.192,1.3739,0.12977,0.092495,0.2196,0.32886,0.17974,1.3729,0.72186,5.3352,0.61131,0.11579,155.77,2.3432,0.19335,0.12977,1.1018,1.619,0.59661,0.11988,0.033991,0.14683,0.11988,215.74,141.55,0.45505,1.0746,84.962,0.10926,0.10094,0.97373,0.40339,0.42677,0.94911,1.7219,54114,0.12677,0.30445,0.87323,0.81418,4.9197,2.5786,136.02,2.6834,3.124,0
0.1285,0.24586,0.57699,3.6241,247.43,0,0.15947,3.0673,0.77211,0.75414,0.16324,0.72525,0.27217,0.15947,427.05,0.8547,4.0673,0.15947,0.20654,84.317,1.6964,0.1576,0.16643,,0.71668,0.72875,41.746,2.8405,4.1254,0.11415,0.21101,128.27,2.8457,2.5449,0.1464,0.77211,39.668,0.76973,0.18961,0.7328,0.039349,0.20412,300.54,216.22,0.72045,2.8129,104.05,0.10693,0.13849,3.2411,0.21988,0.35141,3.7126,3.7893,7701.8,0.18961,0.17039,0.79789,0.020676,4.3289,1.6881,103.94,3.5115,3.801,0
-0.046153,0.46383,-0.2648,0.39035,-232.18,0,-0.041039,1.156,0.57357,0.53618,-0.007803,-0.094484,0.077404,-0.041039,3813.3,0.095717,2.156,-0.041039,-0.07155,30.628,1.0781,-0.008002,-0.080467,-0.14488,0.35588,0.08469,-0.24078,-0.31886,4.6874,0.80556,-0.071544,276.87,1.3183,1.2345,0.000962,0.57357,600.02,0.53638,0.001678,0.007038,0.19967,-0.013952,105.95,75.322,-0.95895,0.27954,30.679,-0.093437,-0.16291,0.36554,0.43434,0.75854,0.64564,0.64589,-12892,0.001678,-0.086079,1.0712,0.000377,11.917,4.8459,276.4,1.3205,0.69067,0
0.030433,0.58141,0.060936,1.1062,-61.015,0.013893,0.037391,0.55831,1.0285,0.32461,0.037391,0.065157,0.046241,0.037391,2589,0.14098,1.72,0.037391,0.021094,69.825,1.435,0.05468,0.017168,0.019912,0.32461,0.12901,0.31726,0.16685,4.5926,0.31778,0.021094,121.53,3.0034,0.094047,0.05468,1.8056,39.186,0.33215,0.030847,0.042677,0.19258,0.030847,125.67,55.843,0.089744,0.51527,71.814,0.010103,0.005699,1.0918,0.57386,0.33296,0.88883,0.90949,2384.8,0.027695,0.093753,0.97231,0.023246,5.2273,6.5361,118.16,3.0889,4.8537,0
0.1706,0.22161,0.51347,3.6576,172.82,0,0.20314,3.5124,0.95794,0.77839,0.20314,1.0514,0.24185,0.20314,349.14,1.0454,4.5124,0.20314,0.21206,0.25964,0.97536,0.18526,0.17809,0.71087,0.57249,0.89855,565940,1.7506,3.9621,-0.35876,0.21206,64.347,5.6723,4.9453,-0.13801,0.95794,,0.77839,-0.14407,2.9277,0.034553,0.19339,53.736,53.477,250.35,3.6541,0.22694,0.15672,0.1636,3.1888,0.19321,0.17629,2.6537,2.6537,4705.8,-0.14407,0.21917,0.84688,0,1405.8,6.8254,73.618,4.958,3.2659,0
0.20249,0.1384,0.59667,5.3111,199.46,0.40457,0.20249,5.8378,1.1966,0.80795,0.20249,1.4631,0.24372,0.20249,206.54,1.7672,7.2254,0.20249,0.20178,56.12,0.97773,0.1826,0.20178,0.40457,0.80795,1.7672,2.1773,2.2522,4.3847,-0.27254,0.20178,60.234,6.0597,1.3194,0.1826,1.0435,,0.80795,0.18197,2.9835,0.020251,0.18197,117.17,61.05,1.3124,4.1963,67.151,0.14051,0.14002,5.3111,0.1384,0.16502,3.0497,3.0497,14469,0.16427,0.25062,0.83573,0,6.5039,5.9787,50.34,7.2507,3.7878,0
0.16438,0.69438,0.57005,2.4032,40.481,-0.058212,0.18548,0.44014,2.9732,0.30562,0.36362,0.45658,0.066829,0.18548,1275.6,0.28615,1.4401,0.18548,0.062386,26.876,1.2312,0.208,0.055288,0.50521,0.24513,0.25575,1.1676,24.048,3.5215,0.15535,0.067797,53.308,6.847,4.0058,0.19159,2.9732,3.9719,0.4963,0.064442,0.67037,0.10463,0.069959,86.422,59.545,0.75084,1.8643,28.728,0.19479,0.065516,1.406,0.40625,0.14605,12.893,20.937,1894.2,0.064442,0.53785,0.9413,0.62391,13.581,6.1298,49.873,7.3186,125.42,0
-0.023597,0.439,0.017888,1.0407,-31.25,-0.22634,-0.057433,0.9952,1.019,0.43689,-0.057433,-0.13083,-0.01087,-0.057433,-8741.8,-0.041753,2.2779,-0.057433,-0.034058,33.195,1.2194,-0.047176,-0.013993,-0.2335,0.43689,0.035322,-0.28507,0.032936,4.688,0.24963,-0.034058,96.826,3.7696,-0.10746,-0.047176,1.7185,,0.43689,-0.027976,0.052002,-1.7879,-0.027976,93.952,60.757,-0.15386,0.6914,33.826,-0.086279,-0.051164,1.0407,0.439,0.26528,0.80442,0.80442,872,0.01864,-0.05401,0.98136,0,10.996,6.0076,95.021,3.8412,3.1049,0
0.090575,0.31444,0.40515,2.2885,49.497,0.37062,0.117,2.1476,1.053,0.67528,0.117,0.37209,0.078108,0.117,668.6,0.54592,3.1803,0.117,0.053237,20.736,0.88165,0.11749,0.041213,0.45996,0.67528,0.46188,0.56292,1.4449,5.399,0.14028,0.053237,54.99,6.6376,0.37364,0.11749,2.2252,,0.67528,0.053459,0.022247,0.060052,0.053459,118.35,97.614,0.72546,1.8914,21.835,0.062829,0.028588,2.2885,0.31444,0.15066,2.4082,2.4082,101530,0.050321,0.13413,0.94968,0,17.602,3.7392,52.223,6.9893,7.8376,0
0.019857,0.47554,0.17639,1.3709,-21.533,-0.1208,0.020575,1.0929,1.0406,0.5197,0.020575,0.043266,0.039724,0.020575,2570.5,0.142,2.1029,0.020575,0.012104,57.954,0.73772,0.050103,0.011682,-0.1155,0.5197,0.14049,0.30671,0.50677,4.5142,0.27933,0.012104,106.25,3.4352,0.10536,0.050103,1.723,,0.5197,0.029475,0.004435,0.16109,0.029475,139.53,81.58,0.073574,0.80337,60.305,0.003154,0.001855,1.3709,0.47554,0.29111,1.4931,1.4931,5763,0.038992,0.038209,0.96101,0,6.2981,4.4741,102.11,3.5746,4.8836,0
-0.18559,0.61498,-0.057729,0.905,-341.94,-0.41625,-0.18905,0.32248,0.83224,0.19832,-0.18905,-0.31109,-0.56799,-0.18905,-1283.9,-0.28429,1.6261,-0.18905,-0.61417,225.81,1.3209,-0.15977,-0.60295,-0.4149,0.19832,-0.27867,-4.3199,-0.12827,5.1381,1.9725,-0.61417,599.71,0.60863,-0.2598,-0.15977,0.32438,49.294,0.20561,-0.51907,0.1604,-0.1389,-0.51907,536.56,310.75,-0.97462,0.59164,187.93,-0.17399,-0.56525,0.89427,0.60769,1.643,0.44066,0.45686,-7933.5,-0.20158,-0.93584,1.2016,0.036778,1.6164,1.1746,720.6,0.50652,0.68395,0
-0.027832,0.43593,0.44503,2.1733,18.222,-0.010313,-0.016087,1.2904,1.0189,0.56254,-0.016087,-0.042411,0.008027,-0.016087,12012,0.030385,2.294,-0.016087,-0.009748,80.461,1.3524,-0.037318,-0.016866,0.029135,0.56254,0.003441,-0.23042,2.5334,4.227,0.24871,-0.009748,85.482,4.2699,-0.085606,-0.037318,1.7181,8.1335,0.61916,-0.022614,0.069274,-1.7947,-0.022614,176.52,96.058,-0.07651,1.2142,81.982,-0.06665,-0.040389,1.891,0.3793,0.2342,3.2023,3.5247,7505.8,0.018546,-0.049476,0.98145,0.10066,4.5363,3.7998,83.896,4.3506,9.394,0
0.23156,0.51047,0.47291,1.9393,15.079,0,0.28769,0.95899,1.7915,0.48953,0.33362,0.57139,0.16689,0.28769,623.17,0.58572,1.959,0.28769,0.16059,79.225,1.2748,0.32983,0.12926,0.65177,0.48616,0.47576,7.1814,20.047,4.1709,0.1731,0.16679,125.72,2.9076,2.8679,0.32968,1.7976,84.275,0.4965,0.18403,0.44404,0.04988,0.18411,153.38,74.157,0.5955,1.167,96.95,0.31854,0.1778,1.9128,0.5035,0.34392,20.751,21.047,7008.8,0.18403,0.47303,0.83996,0.014242,4.6071,4.922,102.58,3.5581,75.941,0
0.18003,0.17167,0.15679,1.9133,-123.79,0,0.22227,4.8252,0.65199,0.82833,0.22284,1.2947,0.3409,0.22227,281.91,1.2947,5.8252,0.22227,0.3409,0,1.3669,0.22276,0.27613,0.3285,0.79313,1.0487,386.76,0.23347,3.1524,0.2633,0.3409,141.19,2.5852,2.5852,0.20819,0.65199,,0.82833,0.31932,1.8023,0.025689,0.34166,10.67,10.67,,1.9133,0,0.22276,0.34166,1.9133,0.17167,0.38682,1.2335,1.2335,222.68,0.31932,0.21734,0.6666,0,,34.207,96.104,3.798,0.97088,0
0.0401,0.35937,0.012528,1.036,-28.931,0.0293,0.037001,1.7827,0.90997,0.64063,0.043446,0.10629,0.050798,0.037001,2837.7,0.12863,2.7827,0.037001,0.040662,0.20141,1.1783,0.021435,0.044067,-0.002852,0.30137,0.13725,3.3257,0.019595,5.3855,0.39492,0.040662,148.93,2.4527,2.3758,0.056835,0.90997,31.969,0.6519,0.062458,0.22937,0.39072,0.023556,112.63,112.43,79.861,1.0345,0.21466,0.012211,0.01342,1.0035,0.3481,0.40771,1.002,1.0196,1.036,0.062458,0,0.91863,0.017584,1812.2,3.2466,139.63,2.6141,1.4232,0
0.51233,0.16558,0.7041,5.306,121.79,-0.09962,0.64524,5.0393,2.7228,0.83442,0.66262,3.946,0.2569,0.64524,86.401,4.2245,6.0393,0.64524,0.23697,2.8004,1.9526,0.66251,0.18816,1.0006,0.41271,3.4218,38.109,5.3185,3.3684,0.005331,0.23699,28.968,12.6,12.443,0.66252,2.7228,,0.83442,0.24332,0.95153,0.0077,0.24332,95.448,92.647,24.525,5.1782,3.7009,0.60825,0.22339,5.2398,0.16352,0.079365,6.3029,6.3029,1644.6,0.24332,0.61399,0.76304,0,130.34,3.9397,21.92,16.652,20.567,0
0.022736,0.36743,0.15004,1.6274,16.479,0,0.025259,1.7216,1.0768,0.63257,0.032107,0.10563,0.047404,0.025259,2627.4,0.13892,2.7216,0.025259,0.023458,26.532,1.1808,0.024853,0.021115,0.14764,0.62492,0.13205,3.6295,0.24563,3.8153,0.32131,0.02911,72.392,5.042,3.2814,-0.12889,1.0768,3.5155,0.72101,-0.1197,0.16393,0.24187,0.023081,118.63,92.096,0.29047,1.3001,23.696,-0.000931,-0.000865,1.0592,0.23913,0.19834,1.0356,1.1804,980.64,-0.1197,0.035942,0.97965,0.1398,13.757,3.9633,81.058,4.503,1.7628,0
0.003557,0.42785,0.2957,1.6911,-48.94,0.11312,-0.000456,1.2979,1.0023,0.55529,-0.000456,-0.001067,0.010811,-0.000456,8284.2,0.04406,2.3373,-0.000456,-0.000262,110.75,0.95223,0.055514,0.00204,0.10715,0.55529,0.05344,0.3191,1.0696,4.7303,0.21869,-0.000262,89.766,4.0661,0.12975,0.055514,1.7974,,0.55529,0.031838,0.1099,0.188,0.031838,141.62,30.865,0.006723,0.45451,111.01,0.036207,0.020765,1.6911,0.42785,0.24593,2.0086,2.0086,15890,0.002263,0.006406,0.99774,0,3.2956,11.826,89.563,4.0754,6.3071,0
0.17847,0.39318,0.16618,1.6253,-3.9188,0.35845,0.17847,1.5269,1.1289,0.60034,0.17847,0.67161,0.16232,0.17847,653.46,0.55857,2.5434,0.17847,0.13191,45.961,1.0539,0.19029,0.13191,0.35845,0.60034,0.55857,1.5877,0.29253,4.0491,0.2873,0.13191,80.93,4.5101,0.48399,0.19029,1.3955,2.0525,0.72777,0.14065,0.048441,0.055853,0.14065,113.05,67.088,1.0476,0.98425,51.884,0.14915,0.11024,1.0985,0.26574,0.22173,1.0568,1.2811,1860.8,0.11417,0.29729,0.88583,0.21227,7.9415,5.4406,71.69,5.0913,2.3817,0
0.01297,0.78531,0.12421,1.1628,20.532,-0.047754,0.02016,0.27338,1.2585,0.21469,0.079604,0.026426,0.059371,0.02016,3836.2,0.095147,1.2734,0.02016,0.016019,13.844,1.0864,0.079604,0.010306,0.066453,-0.034784,0.085992,1.3391,1.1001,3.0858,0.62166,0.063016,237.97,1.5338,1.49,0.088421,1.2585,38.681,0.23639,0.070257,0.020686,0.19511,0.063252,252.7,238.85,0.27171,1.1002,14.891,0.025044,0.0199,1.1296,0.76288,0.65198,1.9015,2.0937,151.36,0.070257,0.060413,0.9841,0.10107,26.365,1.5281,221.25,1.6497,11.147,0
0.075023,0.34675,0.19015,1.6062,3.9113,0.23485,0.099814,1.5629,1.0598,0.54192,0.099814,0.31821,0.093129,0.099814,795.14,0.45904,2.8839,0.099814,0.0584,30.898,1.1785,0.10066,0.043895,0.30772,0.54192,0.38754,0.62419,0.38324,4.425,0.17711,0.0584,70.995,5.1412,0.29029,0.10066,1.7279,10.858,0.57499,0.058895,0.23154,0.071242,0.058895,92.085,61.187,0.51853,1.145,32.747,0.041302,0.024165,1.453,0.31367,0.19451,1.0922,1.1589,5059.6,0.056458,0.13844,0.94354,0.061034,11.813,5.9653,66.987,5.4488,3.4446,0
0.097768,0.25275,0.40729,2.6308,47.906,0,0.097768,2.9565,2.0654,0.74725,0.10679,0.39146,0.047336,0.097768,943.59,0.38682,3.9565,0.097768,0.047336,25.787,1.2931,0.13174,0.047336,0.21876,0.48895,0.38682,14.603,1.1876,3.8889,0.033412,0.051704,55.216,7.777,7.6848,0.13232,2.0762,,0.74725,0.064063,0.74731,0.063952,0.063783,83.129,57.342,0.67001,2.0465,27.421,0,0,2.5996,0.24975,0.15128,2.1789,2.1789,3153.6,0.20066,0.13084,0.93988,0,14.154,6.3653,44.136,8.2698,6.0223,0
0.007371,0.52506,0.029834,1.078,-15.373,0.14607,0.010119,0.90056,0.9996,0.47285,0.010119,0.026442,0.039718,0.010119,2621.6,0.13923,1.9046,0.010119,0.005498,20.76,1.1202,0.021677,0.004005,0.18437,0.47285,0.13399,0.11773,0.050783,4.3603,0.22632,0.005498,75.864,4.8113,0.041286,0.021677,1.8738,2.1624,0.61521,0.011778,0.28641,0.2039,0.011778,60.074,39.314,0.070417,0.80442,20.751,-0.041305,-0.022442,0.78568,0.38269,0.20785,0.80489,1.0472,684,-0.000403,0.015589,1.0004,0.30108,17.582,9.2843,75.894,4.8093,3.1329,0
-0.21279,1.3092,-0.02954,0.96312,-99.316,-0.34003,-0.21279,-0.23616,1.5788,-0.30917,-0.082864,-0.26565,-0.11737,-0.21279,-2578.7,-0.14154,0.76384,-0.21279,-0.13478,97.57,1.0476,-0.09049,-0.13478,-0.2307,-0.55282,-0.14154,-0.69649,-0.12926,3.6058,0.7557,-0.12217,174.85,2.0875,1.2772,-0.093341,1.5788,0.77355,0.14257,-0.059123,0.14763,-0.6926,-0.057317,151.02,53.449,-0.50421,0.43626,92.123,-0.11797,-0.074725,0.58928,0.80101,0.47904,-1.3529,0.62384,-119.18,-0.059123,0.68824,1.1379,-1.4611,3.7409,6.8289,185.19,1.971,6.9083,0
-0.024306,0.16879,0.62424,4.6984,29.891,-0.13412,-0.024306,4.6836,0.98851,0.79053,-0.024306,-0.144,0.005947,-0.024306,6365.7,0.057338,5.9246,-0.024306,-0.014936,109.99,1.1685,-0.019537,-0.014936,-0.13412,0.79053,0.057338,-0.11868,3.0161,3.821,0.1025,-0.014936,37.423,9.7533,-0.11575,-0.019537,1.6391,,0.79053,-0.012006,0.011756,0.38411,-0.012006,177.43,67.439,-0.049567,1.7931,108.72,-0.053521,-0.032889,4.6984,0.16879,0.10253,3.8195,3.8195,4133.9,-0.011626,-0.030747,1.0116,0,3.3186,5.4123,37.858,9.6413,7.8626,0
-0.002368,0.98184,-0.054133,0.94486,-81.163,-0.00002,-0.00566,0.018493,2.7128,0.018157,0.031932,-0.005764,0.006883,-0.00566,19192,0.019019,1.0185,-0.00566,-0.002086,70.698,1.2283,0.031931,-0.000873,-0.045449,0.006694,0.022371,0.84941,-0.74842,3.6396,0.36088,0.011771,135.41,2.6954,2.6953,0.066459,2.7128,,0.018157,0.024498,0.014659,0.58169,0.01177,122.88,52.178,-0.004507,0.40966,72.474,0.007598,0.002801,0.94483,0.9818,0.371,0.25103,0.25103,-236.1,0.024498,-0.13043,1.0021,0,5.1628,6.9952,132.1,2.7631,37.506,0
0.16789,0.64313,0.54846,3.74,18.498,0,0.16789,0.55489,1.9617,0.35687,0.16921,0.83873,0.84847,0.16789,141.03,2.588,1.5549,0.16789,0.085584,115.99,1.0074,0,0.085584,0.67779,0.17036,2.588,0,2.1819,3.651,0.28685,0.17117,,0,0,0.005508,1.9617,0.28273,0.79983,0.002808,0.41156,0.014325,0,123.97,7.9741,0.26931,0.62566,,-1.4965,-0.76289,1.164,0.20017,,1.4197,3.1819,2455.4,1,0.47045,0.000676,1.2412,3.1468,45.773,37.245,9.8,7.8041,0
-0.055689,1.1726,-0.154,0.86536,-89.237,-0.14812,-0.053062,-0.14717,1.4021,-0.17256,0.034775,-0.046391,-0.037177,-0.053062,-8210.5,-0.044455,0.85283,-0.053062,-0.037844,46.674,1.1488,0.030684,-0.039718,-0.010383,-0.20381,-0.046696,0.34933,-15.105,3.8063,0.70044,-0.030744,307.11,1.1885,1.1593,0.042707,1.4021,,-0.17256,0.030459,0.16953,1.2361,0.021884,207.19,160.51,-0.3106,0.70861,48.14,0.029749,0.021217,0.84414,1.1438,0.8414,-16.925,-16.925,-985.77,0.030459,0.32272,1.037,0,7.8202,2.2739,297.76,1.2258,137.52,0
-0.060716,0.95303,-0.011647,0.98758,-91.369,0,-0.06364,0.049284,1.8971,0.046969,0.001849,-0.067845,-0.026614,-0.06364,-6889.8,-0.052977,1.0493,-0.06364,-0.033547,89.19,0.93829,-0.00447,-0.032006,0.014507,-0.016646,-0.049909,-0.068261,-0.15819,4.3061,0.49806,-0.029272,181.31,2.0132,1.9815,0.008664,1.8971,638.05,0.047694,0.004567,0.009514,3.6596,-0.002357,176.52,87.331,-0.13098,0.4934,89.599,-0.017621,-0.009289,0.97202,0.93802,0.49673,0.6379,0.64775,-235.65,0.004567,-1.2927,1.0329,0.015444,4.0924,4.1795,180.48,2.0224,25.764,0
0.021739,0.74243,0.034953,1.0491,-26.956,0,0.032153,0.34693,2.1311,0.25757,0.060229,0.045174,0.032588,0.032153,3902,0.093542,1.3469,0.032153,0.015087,27.606,0.76323,0.060229,0.010201,0.10817,0.21899,0.079515,2.1452,0.138,3.4928,0.34388,0.020636,124.9,2.9224,2.8017,0.051036,2.1311,20.497,0.28614,0.023948,0.051029,0.25376,0.028262,121.67,94.065,0.13487,0.82266,28.283,0.022933,0.010761,1.0058,0.71176,0.34218,1.0169,1.1297,108.71,0.023948,0.084398,0.98506,0.11091,13.222,3.8803,121.91,2.9941,8.4139,0
-0.20768,1.5534,-0.46572,0.61135,-438.51,-1.3744,-0.20022,-0.35623,0.89962,-0.55336,-0.042436,-0.16709,-0.17681,-0.20022,-3564.5,-0.1024,0.64377,-0.20022,-0.22257,258.67,1.2031,-0.050101,-0.23085,-0.42107,-1.582,-0.1072,-0.31752,-1.7416,4.4379,1.7181,-0.14151,460.2,0.79314,0.61185,-0.050812,0.89962,0.34133,-0.27486,-0.056482,0.010018,-5.7932,-0.055692,292.36,33.698,-0.32575,0.079328,244.84,-0.091264,-0.10145,0.47162,1.1983,1.2608,-2.0694,-1.0279,-12765,-0.056482,0.3753,1.2072,-0.50329,1.4111,10.832,486.19,0.75073,3.3642,0
-0.22986,1.6368,-0.72856,0.54734,-90.397,-0.46161,-0.22986,-0.38906,4.6805,-0.63681,-0.19296,-0.14281,-0.043607,-0.22986,-2927.1,-0.12469,0.61094,-0.22986,-0.04911,37.75,2.4805,-0.19306,-0.04911,-0.69147,-0.69143,-0.12469,-5.2324,-6.1123,3.2627,0.3348,-0.045964,122.81,3.0385,2.9879,-0.10306,4.6974,,-0.63681,-0.02202,0.048877,-0.32611,-0.041249,62.564,24.813,-0.47483,0.34964,36.129,-0.21882,-0.046751,0.5382,1.6095,0.3291,-5.3425,-5.3425,-1334,-0.022054,0.36095,1.0411,0,9.6688,14.71,125.51,2.908,39.267,1
-0.037317,0.46699,-0.10414,0.777,-160.97,-0.084343,-0.037317,1.1379,0.99077,0.5314,-0.037317,-0.07991,0.047723,-0.037317,5251.7,0.069502,2.1414,-0.037317,-0.054869,91.715,1.2509,-0.005327,-0.054869,-0.084343,0.5314,0.069502,-0.077602,-0.16344,5.0992,0.55143,-0.054869,248.31,1.4699,-0.011407,-0.005327,0.68953,,0.5314,-0.007832,0.1984,0.23823,-0.007832,145.01,53.295,-0.21836,0.41105,90.868,-0.0751,-0.11042,0.777,0.46699,0.6803,0.83402,0.83402,-13085,-0.009319,-0.070223,1.0093,0,3.9797,6.8487,250.62,1.4564,1.0674,0
0.069826,0.2978,0.16775,1.5772,-1.9232,0,0.085769,2.3579,1.9402,0.7022,0.095506,0.29511,0.062635,0.085769,894.47,0.40806,3.3579,0.085769,0.044207,25.022,1.7287,0.08531,0.035989,0.08552,0.55526,0.35453,8.7616,0.30973,3.5878,0.15297,0.049226,57.082,6.3943,6.2404,0.081747,1.9402,,0.7022,0.042134,0.15659,0.081996,0.04397,77.674,52.652,0.52499,1.1196,26.122,0.049556,0.025542,1.5392,0.29064,0.15639,1.2965,1.2965,649.26,0.042134,0.099439,0.9562,0,14.587,6.9323,54.677,6.6756,3.5822,0
0.11004,0.46364,0.34789,3.595,60.88,0.25723,0.13686,1.1112,1.1084,0.5152,0.13686,1.0209,0.11375,0.13686,919.33,0.39703,2.1569,0.13686,0.084576,23.999,1.1892,0.15034,0.068001,0.31879,0.5152,0.33917,1.0297,0.67155,5.8256,0.23799,0.084576,33.516,10.89,0.32426,0.15034,1.6294,1.1395,0.84478,0.092903,0.60496,0.077159,0.092903,90.416,66.417,1.0342,2.8014,26.6,0.10312,0.063726,1.0395,0.13406,0.091826,0.99451,1.6307,232820,0.097795,0.21359,0.9022,0.6397,15.209,5.4956,30.239,12.071,3.1237,0
0.00423,0.54761,0.051233,1.1005,-68.686,0.24652,0.007287,0.80444,1.0093,0.44052,0.007287,0.014292,0.022547,0.007287,7603.2,0.048006,1.8261,0.007287,0.00625,62.013,1.1387,0.015202,0.003628,0.25613,0.44052,0.042424,0.13159,0.11674,5.6162,0.46898,0.00625,161.11,2.2655,0.02776,0.015202,1.1905,9.6293,0.47822,0.013038,0.13869,0.52637,0.013038,153.52,91.512,0.021355,0.71198,62.59,-0.0038,-0.003259,1.0247,0.50991,0.4414,1.0038,1.0897,21171,0.009223,0.009603,0.99078,0.085586,5.8859,3.9885,159.62,2.2866,2.6568,0
0.004565,0.78386,0.18144,1.2368,-126.63,0.01469,0.004979,0.19792,1.0006,0.15514,0.004979,0.006498,0.004225,0.004979,57465,0.006352,1.2757,0.004979,0.004225,93.333,0.94015,0.030552,0.003874,0.021571,0.15514,0.005824,0.25941,3.4637,3.9069,0.65996,0.004225,237.44,1.5372,0.038977,0.030552,1.2259,36.539,0.17283,0.025926,0.39226,0.8435,0.025926,200.42,107.09,0.015149,0.84352,93.387,0.030552,0.025926,1.2089,0.76617,0.65053,2.9617,3.2993,1464.3,0.000573,0.029424,0.99943,0.11401,3.9107,3.4084,237.31,1.5381,22.496,0
0.002487,0.4647,0.22901,1.4928,-50.842,0,0.002487,1.1519,1.6101,0.5353,0.044443,0.005352,0.028,0.002487,3762.4,0.097013,2.1519,0.002487,0.001545,101.62,0.9362,0.040927,0.001545,0.006675,0.5073,0.097013,0.97546,0.74763,3.2517,0.28236,0.019981,105.79,3.4502,3.45,0.006852,1.6101,,0.5353,0.004256,0.02416,0.18546,0.025419,154.71,53.091,0.005548,0.52815,102.06,-0.001669,-0.001036,1.4928,0.46467,0.28984,1.7475,1.7475,408.88,0.004256,0.004646,0.9985,0,3.5917,6.8749,105.34,3.4649,5.2562,0
0.061106,0.64481,0.045396,1.089,-26.485,0.1364,0.075146,0.5095,1.0483,0.32853,0.075146,0.14725,0.047285,0.075146,2177.2,0.16764,1.5508,0.075146,0.032871,32.279,1.2097,0.10786,0.026729,0.16783,0.32853,0.14587,0.49459,0.10218,5.6622,0.27684,0.032871,85.413,4.2734,0.16728,0.10786,2.2959,2.6292,0.463,0.047182,0.025785,0.15055,0.047182,86.627,54.348,0.30224,0.69279,33.837,0.074911,0.032768,0.86186,0.51034,0.23401,0.73949,1.0422,20853,0.046037,0.186,0.95396,0.40931,11.308,6.716,81.481,4.4796,5.1458,0
0.33945,0.3437,0.65509,2.906,91.818,0,0.42309,1.9095,2.9829,0.6563,0.42899,1.231,0.14333,0.42309,293.43,1.2439,2.9095,0.42309,0.14184,0.10098,0.98195,0.41883,0.1138,1.101,0.62073,1.0006,70.914,543.91,3.1479,0.002638,0.142,48.919,7.4613,7.4613,0.41847,2.9829,,0.6563,0.14029,0.981,0.027067,0.14041,80.958,80.857,411.34,2.9036,0.11746,0.41438,0.13892,2.906,0.3437,0.13402,544.91,544.91,920.84,0.14029,0.51722,0.85872,0,3614.6,4.5141,42.056,8.6789,2476.7,0
0.045711,0.49807,0.22359,2.1454,8.3442,0.17645,0.071983,0.95464,1.099,0.47548,0.071983,0.36874,0.08996,0.071983,1435.8,0.25422,2.0078,0.071983,0.051143,50.378,1.2115,0.1265,0.032477,0.22973,0.47548,0.20147,0.98776,0.38471,4.3491,0.34025,0.051143,55.639,6.5602,0.25398,0.1265,1.4112,0.74142,0.77833,0.089875,0.10283,0.090402,0.089875,103.4,53.024,0.2353,1.1502,55.368,0.071863,0.051058,0.84086,0.19521,0.15243,0.8181,1.3392,4995.2,0.090121,0.096138,0.90988,0.63694,7.2452,6.8837,50.625,7.2099,2.4217,0
-0.22435,1.4256,-0.7497,0.47412,-209.95,-2.2223,-0.22435,-0.29854,2.0605,-0.42559,-0.22435,-0.15737,-0.068816,-0.22435,-3669.7,-0.099464,0.70146,-0.22435,-0.10888,94.714,1.1203,-0.22435,-0.10888,-2.0781,-0.96895,-0.099464,,-2.3132,2.3102,0.68895,-0.10888,227.74,1.6027,1.6027,-0.22435,2.0605,,-0.42559,-0.10888,0.00421,-0.33513,-0.10888,118.67,23.951,-0.41959,0.099055,85.414,-0.3069,-0.14894,0.47412,1.4256,0.62393,-1.3131,-1.3131,-153.15,-0.10888,0.52714,1.1089,0,3.8537,15.239,252.53,1.4454,6.3576,0
0.17648,0.49954,0.08518,1.1856,-35.85,0,0.17648,1.0018,2.2149,0.50046,0.2114,0.38444,0.11812,0.17648,696.88,0.52376,2.0018,0.17648,0.079677,42.015,0.76572,0.2114,0.079677,1.0692,0.13689,0.52376,6.0538,0.1869,3.0953,0.21166,0.095442,83.528,4.3698,4.0157,0.20894,2.2149,7.7509,0.53778,0.09433,0.11375,0.056148,0.095442,81.081,39.066,0.69219,0.63016,46.391,0.12624,0.056994,1.0895,0.45906,0.22884,1.0981,1.18,106.08,0.09433,0.35263,0.92189,0.074576,8.6874,9.3432,75.649,4.8249,4.8599,0
-0.13144,0.54333,-0.17571,0.67661,-125.37,-0.22591,-0.13144,0.79583,0.92243,0.4324,-0.13144,-0.24192,-0.095517,-0.13144,-2510.8,-0.14537,1.8405,-0.13144,-0.15895,51.537,1.3682,-0.0925,-0.15895,-0.22591,0.4324,-0.14537,-1.0318,-0.27785,4.7374,0.59153,-0.15895,221.22,1.65,-0.17025,-0.0925,0.82961,,0.4324,-0.11186,0.10241,-0.4461,-0.11186,137.71,86.17,-1.1258,0.46172,47.539,-0.14496,-0.1753,0.67661,0.54333,0.60608,0.68376,0.68376,-9599.1,-0.084092,-0.30399,1.0841,0,7.0823,4.2358,239.82,1.522,1.3077,0
-0.067462,0.86135,-0.034539,0.95976,-28.418,-0.57223,-0.067462,0.16097,2.1165,0.13865,-0.051004,-0.078588,-0.013732,-0.067462,-10817,-0.033743,1.161,-0.067462,-0.031874,17.074,1.4199,-0.052556,-0.031874,-0.45321,-0.008511,-0.033743,-3.1932,-0.19613,3.541,0.22958,-0.024138,144.39,2.5279,2.5194,-0.053527,2.1165,,0.13865,-0.02529,0.4778,-2.0278,-0.024831,71.35,54.275,-0.68137,0.84443,16.653,-0.090954,-0.042973,0.95652,0.85844,0.39558,0.78735,0.78735,-120.05,-0.02529,-0.48655,1.0318,0,21.377,6.725,148.04,2.4656,12.019,0
0.13057,0.36271,0.39649,4.6018,112.8,0,0.16159,1.757,1.3891,0.63729,0.16893,1.4679,0.19563,0.16159,487.18,0.74921,2.757,0.16159,0.11632,12.417,1.1234,0.16337,0.093992,0.56459,0.58972,0.66369,22.24,0.80355,3.3439,0.11517,0.11632,32.924,11.086,3.3646,0.16875,1.3891,1.8181,0.88992,0.12148,1.8541,0.044201,0.11761,79.477,67.06,2.7629,4.1725,14.134,0.053207,0.038302,1.3966,0.11008,0.090204,1.2916,1.8035,875.27,0.12148,0.20488,0.88414,0.39642,29.395,5.4429,28.925,12.619,2.8153,0
0.052306,0.62541,0.11001,1.1779,-123.36,-0.017377,0.0565,0.53788,1.0681,0.3364,0.0565,0.091378,0.078694,0.0565,2630.5,0.13876,1.5989,0.0565,0.051235,149.77,0.92931,0.082313,0.047432,-0.015547,0.3364,0.13205,0.79723,0.40495,5.1042,0.48571,0.051235,218.58,1.6698,0.13161,0.082313,1.1946,38.827,0.3435,0.074643,0.14674,0.18262,0.074643,211.04,61.265,0.11559,0.4461,159.97,0.052033,0.047184,1.1645,0.61831,0.59886,1.2382,1.2644,13984,0.063727,0.15549,0.93627,0.021118,2.4371,5.9577,204.65,1.7835,4.0591,0
0.087556,0.31315,0.15915,1.8656,-58.276,0.23526,0.088165,2.1934,1.2605,0.68685,0.088165,0.47952,0.15369,0.088165,1296.4,0.28154,3.1934,0.088165,0.15369,148.13,1.3581,0.11023,0.15262,0.23771,0.68685,0.2796,2.422,0.24223,5.7468,0.53877,0.15369,147.45,2.4754,0.35202,0.11023,0.57663,0.85225,0.81614,0.19216,0.022118,0.093395,0.19216,215.65,67.517,0.37606,0.59928,186.72,0.11023,0.19216,1.0954,0.18386,0.40397,1.0454,1.2422,88836,0.20663,0.12747,0.79337,0.18823,2.464,5.406,116.98,3.1201,0.87317,0
-0.003381,0.77878,-0.49715,0.065099,-473.31,0,-0.006366,0.28405,0.4502,0.22122,0.052619,-0.011971,0.042008,-0.006366,15030,0.024284,1.2841,-0.006366,-0.01414,0,0.89198,0.052619,-0.00751,0.075283,0.19847,0.028117,0.89208,-0.51498,4.4212,1.7295,0.054438,475.56,0.76751,0.52407,0.04206,0.4502,0.14664,0.4573,0.093426,0.011972,0.33325,0.11688,22.905,22.905,,0.065099,0,0.027342,0.060733,0.044451,0.53177,1.3029,0.22915,0.4737,-13113,0.093426,-0.015283,1.0138,1.0672,,15.936,431.13,0.8466,0.46634,0
0.001816,0.37885,0.24137,2.0407,-0.007524,0.008045,0.004134,1.4975,1.0023,0.56732,0.004134,0.017823,0.028234,0.004134,3925.7,0.092978,2.6395,0.004134,0.003313,70.409,1.2139,0.009357,0.001455,0.015258,0.56732,0.08686,0.075173,0.45827,4.9954,0.28163,0.003313,68.01,5.3668,0.024697,0.009357,1.2745,1.5833,0.71425,0.0075,0.12168,0.30794,0.0075,130.21,59.802,0.007545,1.0031,70.574,-0.021735,-0.017421,1.2493,0.23192,0.18633,1.0771,1.3561,23885,0.00234,0.003201,0.99766,0.25899,5.184,6.1035,67.851,5.3794,2.3687,0
-0.013188,0.84427,-0.44137,0.37639,-162.49,0.15643,-0.013188,0.11961,1.0769,0.10098,-0.013188,-0.018634,0.048082,-0.013188,4302,0.084845,1.1844,-0.013188,-0.008852,34.81,1.1734,0.091517,-0.008852,0.15649,0.10098,0.084845,0.66152,-0.60164,4.8854,0.55231,-0.008852,186.73,1.9547,0.1084,0.091517,1.5066,0.91056,0.2375,0.061429,0.034106,0.15741,0.061429,59.351,24.541,-0.09282,0.17564,37.487,0.006697,0.004495,0.31553,0.70776,0.51159,0.13765,0.32374,-33898,0.071405,-0.1306,0.92859,1.3519,10.485,14.873,173.4,2.105,2.0308,0
0.16792,0.087374,0.75757,9.6704,193.17,0,0.20349,10.445,1.4224,0.91263,0.20349,2.3289,0.18028,0.20349,124.37,2.9348,11.445,0.20349,0.14306,32.519,1.6444,0.19015,0.11805,0.23473,0.89259,2.5278,,4.8859,3.4424,-0.32313,0.14306,26.009,14.034,14.034,0.19623,1.4224,,0.91263,0.13796,6.2755,0.011981,0.13368,76.117,43.598,1.325,8.22,37.723,0.13721,0.09646,9.6704,0.087374,0.071257,5.8859,5.8859,2098.1,0.13796,0.18399,0.85864,0,11.224,8.3719,22.421,16.28,9.1738,0
0.064806,0.3279,0.64273,3.6432,117.75,0,0.08452,2.0497,1.806,0.6721,0.11265,0.34758,0.071993,0.08452,920.5,0.39652,3.0497,0.08452,0.046799,17.497,1.0316,0.099439,0.035883,0.37496,0.38372,0.3364,3.5347,5.6329,4.9665,0.086816,0.046985,51.516,7.0851,5.2543,0.083142,1.806,,0.6721,0.046036,0.73455,0.075411,0.05506,142.94,125.45,0.74857,3.2871,18.341,0.053938,0.029866,2.7017,0.24317,0.14114,5.8903,5.8903,59501,0.046036,0.096423,0.95437,0,20.861,2.9096,49.145,7.427,15.828,0
0.070792,0.36519,0.012301,1.0337,-34.549,0.16193,0.0737,1.7383,1.3366,0.63481,0.085697,0.20181,0.071128,0.0737,1402,0.26034,2.7383,0.0737,0.055139,35.606,1.3571,0.085505,0.052963,-0.031482,0.4217,0.25237,7.1276,0.019761,3.7896,0.27308,0.063971,106.09,3.4404,3.4404,0.080229,1.3366,,0.63481,0.060023,0.001677,0.1139,0.063971,102.92,67.31,0.54293,0.67664,37.88,0.064133,0.047981,1.0337,0.36519,0.29066,1.0198,1.0198,75.77,0.060023,0.11152,0.94545,0,10.251,5.4227,99.724,3.6601,2.1472,0
-0.045392,0.25297,0.24627,1.9735,19.944,0.19387,-0.043599,2.8852,0.99617,0.72989,-0.043599,-0.17235,0.001324,-0.043599,39527,0.009234,3.953,-0.043599,-0.024711,29.857,0.77303,-0.023041,-0.025728,0.24327,0.72989,0.002144,-0.13009,0.49179,4.2847,0.068853,-0.024711,52.134,7.0012,-0.091081,-0.023041,1.8239,,0.72989,-0.013059,0.54498,0.36328,-0.013059,74.761,44.904,-0.31452,1.403,29.743,-0.068976,-0.039095,1.9735,0.25297,0.14283,1.4576,1.4576,4744.1,-0.003849,-0.062191,1.0038,0,12.225,8.1284,52.335,6.9743,3.5233,0
